1.570796326794896558e+00 1.475162505386017756e+03
1.567865736632965801e+00 1.474630205510672340e+03
1.564935146471035043e+00 1.473488713172217331e+03
1.562004556309104286e+00 1.471286782578821658e+03
1.559073966147173529e+00 1.468481309806349373e+03
1.556143375985242772e+00 1.464627823597278848e+03
1.553212785823311792e+00 1.460181985811696904e+03
1.550282195661381035e+00 1.454708596256451756e+03
1.547351605499450278e+00 1.448659376700278926e+03
1.544421015337519520e+00 1.441610747920177118e+03
1.541490425175588763e+00 1.434007831777664705e+03
1.538559835013658006e+00 1.425440850629421675e+03
1.535629244851727249e+00 1.416345745568627990e+03
1.532698654689796491e+00 1.406328521501991645e+03
1.529768064527865734e+00 1.395813484977418284e+03
1.526837474365934977e+00 1.384424193612592717e+03
1.523906884204004220e+00 1.372571015087308524e+03
1.520976294042073240e+00 1.359896593509385411e+03
1.518045703880142483e+00 1.346795244973934587e+03
1.515115113718211726e+00 1.332929995006685431e+03
1.512184523556280968e+00 1.318677204230903726e+03
1.509253933394350211e+00 1.303721328139741672e+03
1.506323343232419454e+00 1.288419103337440674e+03
1.503392753070488697e+00 1.272477221535996023e+03
1.500462162908557939e+00 1.256231368823876892e+03
1.497531572746627182e+00 1.239411044085787580e+03
1.494600982584696425e+00 1.222329710872578971e+03
1.491670392422765667e+00 1.204740017747467164e+03
1.488739802260834910e+00 1.186932288390225494e+03
1.485809212098903931e+00 1.168682452558212390e+03
1.482878621936973174e+00 1.150257034860734848e+03
1.479948031775042416e+00 1.131455165597177256e+03
1.477017441613111659e+00 1.112519172557212414e+03
1.474086851451180902e+00 1.093271125588667701e+03
1.471156261289250144e+00 1.073928988805777863e+03
1.468225671127319387e+00 1.054337342728985277e+03
1.465295080965388630e+00 1.034689845941445128e+03
1.462364490803457873e+00 1.014853027113591338e+03
1.459433900641527115e+00 9.949965004583640393e+02
1.456503310479596358e+00 9.750080433252464900e+02
1.453572720317665379e+00 9.550336806155725071e+02
1.450642130155734622e+00 9.349816409061057811e+02
1.447711539993803864e+00 9.149749755568213914e+02
1.444780949831873107e+00 8.949414728047431709e+02
1.441850359669942350e+00 8.749819794668322857e+02
1.438919769508011592e+00 8.550428836497601424e+02
1.435989179346080835e+00 8.352037070776390237e+02
1.433058589184150078e+00 8.154284319950137387e+02
1.430127999022219321e+00 7.957762494203997221e+02
1.427197408860288563e+00 7.762276837462228514e+02
1.424266818698357806e+00 7.568226497623372779e+02
1.421336228536426827e+00 7.375571684959616050e+02
1.418405638374496069e+00 7.184529998182524650e+02
1.415475048212565312e+00 6.995205419743241464e+02
1.412544458050634555e+00 6.807646034206851482e+02
1.409613867888703798e+00 6.622089009664704236e+02
1.406683277726773040e+00 6.438424481370168451e+02
1.403752687564842283e+00 6.257012229144872890e+02
1.400822097402911526e+00 6.077596452477743014e+02
1.397891507240980769e+00 5.900649109687381042e+02
1.394960917079050011e+00 5.725780355088598981e+02
1.392030326917119254e+00 5.553564192855525334e+02
1.389099736755188275e+00 5.383488450579585560e+02
1.386169146593257517e+00 5.216219383166583157e+02
1.383238556431326760e+00 5.051133924881337407e+02
1.380307966269396003e+00 4.888981177176896722e+02
1.377377376107465246e+00 4.729038259997998352e+02
1.374446785945534488e+00 4.572128120880749975e+02
1.371516195783603731e+00 4.417438723927045885e+02
1.368585605621672974e+00 4.265858326353295524e+02
1.365655015459742216e+00 4.116495892935853362e+02
1.362724425297811459e+00 3.970296939564452146e+02
1.359793835135880702e+00 3.826301054200128533e+02
1.356863244973949723e+00 3.685503432914967448e+02
1.353932654812018965e+00 3.546883387579176770e+02
1.351002064650088208e+00 3.411478666476512558e+02
1.348071474488157451e+00 3.278216856832535768e+02
1.345140884326226693e+00 3.148171624063402874e+02
1.342210294164295936e+00 3.020226794316993733e+02
1.339279704002365179e+00 2.895485789669862697e+02
1.336349113840434422e+00 2.772796074147525474e+02
1.333418523678503664e+00 2.653285137499806865e+02
1.330487933516572907e+00 2.535770906237241320e+02
1.327557343354642150e+00 2.421399696382773641e+02
1.324626753192711170e+00 2.308966185627585048e+02
1.321696163030780635e+00 2.199630697543669271e+02
1.318765572868849656e+00 2.092170427946491884e+02
1.315834982706918899e+00 1.987755283316354848e+02
1.312904392544988141e+00 1.885150255848587335e+02
1.309973802383057384e+00 1.785530813866157018e+02
1.307043212221126627e+00 1.687654500804495967e+02
1.304112622059195870e+00 1.592698738632005870e+02
1.301182031897265112e+00 1.499417902297228409e+02
1.298251441735334355e+00 1.408988090687867327e+02
1.295320851573403598e+00 1.320164395450427435e+02
1.292390261411472618e+00 1.234118624766638277e+02
1.289459671249542083e+00 1.149610047912011055e+02
1.286529081087611104e+00 1.067803560431843266e+02
1.283598490925680347e+00 9.874656891322734964e+01
1.280667900763749589e+00 9.097520474615031105e+01
1.277737310601818832e+00 8.334391600149379542e+01
1.274806720439888075e+00 7.596712801686608429e+01
1.271876130277957317e+00 6.872373326185284270e+01
1.268945540116026560e+00 6.172683756285341161e+01
1.266014949954095803e+00 5.485678274366124185e+01
1.263084359792165046e+00 4.822519593965575524e+01
1.260153769630234066e+00 4.171405043016306280e+01
1.257223179468303531e+00 3.543335446824018220e+01
1.254292589306372552e+00 2.926687050928129352e+01
1.251361999144441794e+00 2.332286882735031952e+01
1.248431408982511037e+00 1.748703335093093614e+01
1.245500818820580280e+00 1.186579634737427291e+01
1.242570228658649523e+00 6.346873984749201725e+00
1.239639638496718765e+00 1.034775103507749705e+00
1.236709048334788008e+00 -4.180656956562469162e+00
1.233778458172857251e+00 -9.196909078288109995e+00
1.230847868010926494e+00 -1.412193508099311146e+01
1.227917277848995514e+00 -1.885527289426104147e+01
1.224986687687064979e+00 -2.350261490948302878e+01
1.222056097525134000e+00 -2.796559412258983457e+01
1.219125507363203242e+00 -3.234759570022627173e+01
1.216194917201272485e+00 -3.655238306726217701e+01
1.213264327039341728e+00 -4.068099887775533574e+01
1.210333736877410971e+00 -4.463936033697401484e+01
1.207403146715480213e+00 -4.852614768140158219e+01
1.204472556553549456e+00 -5.224944627461816538e+01
1.201541966391618699e+00 -5.590556037177898219e+01
1.198611376229687941e+00 -5.940475206170271605e+01
1.195680786067756962e+00 -6.284094650960977901e+01
1.192750195905826427e+00 -6.612658092322139680e+01
1.189819605743895448e+00 -6.935320711281892159e+01
1.186889015581964912e+00 -7.243543202702413453e+01
1.183958425420033933e+00 -7.546244409922223895e+01
1.181027835258103176e+00 -7.835100861299294195e+01
1.178097245096172418e+00 -8.118796849907033675e+01
1.175166654934241661e+00 -8.389222993921973170e+01
1.172236064772310904e+00 -8.654831401151929526e+01
1.169305474610380147e+00 -8.907724645790713680e+01
1.166374884448449389e+00 -9.156125360962514037e+01
1.163444294286518410e+00 -9.392345638927154994e+01
1.160513704124587875e+00 -9.624381772477718755e+01
1.157583113962656896e+00 -9.844752450992217518e+01
1.154652523800726138e+00 -1.006123113068429262e+02
1.151721933638795381e+00 -1.026654016477072275e+02
1.148791343476864624e+00 -1.046823379031396826e+02
1.145860753314933866e+00 -1.065923471603286430e+02
1.142930163153003109e+00 -1.084688216689546465e+02
1.139999572991072352e+00 -1.102429437990781196e+02
1.137068982829141373e+00 -1.119860144705920959e+02
1.134138392667210837e+00 -1.136311485087293391e+02
1.131207802505280080e+00 -1.152475599661678700e+02
1.128277212343349323e+00 -1.167702676452323800e+02
1.125346622181418343e+00 -1.182664594534281690e+02
1.122416032019487586e+00 -1.196730153644954555e+02
1.119485441857556829e+00 -1.210551395854690782e+02
1.116554851695626072e+00 -1.223515292038453737e+02
1.113624261533695314e+00 -1.236254543109468358e+02
1.110693671371764557e+00 -1.248173873094924886e+02
1.107763081209833800e+00 -1.259887110168164810e+02
1.104832491047903043e+00 -1.270816331952411815e+02
1.101901900885972285e+00 -1.281556954097796677e+02
1.098971310724041306e+00 -1.291547989322671981e+02
1.096040720562110771e+00 -1.301366909090802437e+02
1.093110130400179791e+00 -1.310469251418659837e+02
1.090179540238249034e+00 -1.319414998188958634e+02
1.087248950076318277e+00 -1.327675817599466654e+02
1.084318359914387520e+00 -1.335794653269948356e+02
1.081387769752456762e+00 -1.343258880059938463e+02
1.078457179590526005e+00 -1.350594885639265783e+02
1.075526589428595248e+00 -1.357305337779309582e+02
1.072595999266664490e+00 -1.363900504863907486e+02
1.069665409104733733e+00 -1.369897967007352122e+02
1.066734818942802754e+00 -1.375792306527578432e+02
1.063804228780872219e+00 -1.381115618015648181e+02
1.060873638618941239e+00 -1.386347235395073199e+02
1.057943048457010704e+00 -1.391033377342523636e+02
1.055012458295079725e+00 -1.395638563855112579e+02
1.052081868133149190e+00 -1.399722755466075625e+02
1.049151277971218210e+00 -1.403736076058629862e+02
1.046220687809287453e+00 -1.407251834952036802e+02
1.043290097647356696e+00 -1.410706195319130245e+02
1.040359507485425938e+00 -1.413685437225752253e+02
1.037428917323495181e+00 -1.416612163312828159e+02
1.034498327161564202e+00 -1.419085273477557791e+02
1.031567736999633667e+00 -1.421514200335429337e+02
1.028637146837702687e+00 -1.423510084662472650e+02
1.025706556675772152e+00 -1.425469591485898775e+02
1.022775966513841173e+00 -1.427015775043585677e+02
1.019845376351910415e+00 -1.428532878918908580e+02
1.016914786189979658e+00 -1.429655539506306070e+02
1.013984196028048901e+00 -1.430755968960305893e+02
1.011053605866118144e+00 -1.431480029639875511e+02
1.008123015704187386e+00 -1.432188257828910878e+02
1.005192425542256629e+00 -1.432537421073488133e+02
1.002261835380325650e+00 -1.432876743948293949e+02
9.993312452183951144e-01 -1.432873561803017139e+02
9.964006550564642462e-01 -1.432866137459955098e+02
9.934700648945334889e-01 -1.432532066610054642e+02
9.905394747326026206e-01 -1.432198983535713239e+02
9.876088845706719743e-01 -1.431554432808360389e+02
9.846782944087412170e-01 -1.430915743119649619e+02
9.817477042468103487e-01 -1.429980125644832754e+02
9.788171140848795915e-01 -1.429054911075318728e+02
9.758865239229487232e-01 -1.427846687440184894e+02
9.729559337610180769e-01 -1.426653097050575525e+02
9.700253435990873196e-01 -1.425189818066833993e+02
9.670947534371564513e-01 -1.423745104439063027e+02
9.641641632752256941e-01 -1.422043467852844856e+02
9.612335731132949368e-01 -1.420364050600937560e+02
9.583029829513641795e-01 -1.418439923245650505e+02
9.553723927894334222e-01 -1.416541412652902920e+02
9.524418026275025539e-01 -1.414409880590799276e+02
9.495112124655717967e-01 -1.412307118324403064e+02
9.465806223036410394e-01 -1.409982517655467973e+02
9.436500321417102821e-01 -1.407689602620097560e+02
9.407194419797794138e-01 -1.405185566172800975e+02
9.377888518178486565e-01 -1.402715904251634811e+02
9.348582616559178993e-01 -1.400045373489339227e+02
9.319276714939871420e-01 -1.397411702783526835e+02
9.289970813320563847e-01 -1.394586982033722506e+02
9.260664911701255164e-01 -1.391801402462401711e+02
9.231359010081947591e-01 -1.388834177199014448e+02
9.202053108462641129e-01 -1.385908199207260338e+02
9.172747206843332446e-01 -1.382809567974816503e+02
9.143441305224024873e-01 -1.379754108934546366e+02
9.114135403604716190e-01 -1.376534601294022764e+02
9.084829501985409728e-01 -1.373360032835297488e+02
9.055523600366102155e-01 -1.370029654688941605e+02
9.026217698746793472e-01 -1.366745820587835283e+02
8.996911797127485899e-01 -1.363314061041957359e+02
8.967605895508178326e-01 -1.359930316849716689e+02
8.938299993888870754e-01 -1.356406185712779973e+02
8.908994092269563181e-01 -1.352931393990061508e+02
8.879688190650254498e-01 -1.349323424219462595e+02
8.850382289030946925e-01 -1.345765997081347791e+02
8.821076387411639352e-01 -1.342082299775161971e+02
8.791770485792331780e-01 -1.338450208646127919e+02
8.762464584173024207e-01 -1.334698462924645526e+02
8.733158682553715524e-01 -1.330999283008648320e+02
8.703852780934407951e-01 -1.327186763478428304e+02
8.674546879315100378e-01 -1.323427653302382794e+02
8.645240977695792806e-01 -1.319561270262121582e+02
8.615935076076485233e-01 -1.315749044747038283e+02
8.586629174457176550e-01 -1.311835320037892245e+02
8.557323272837870087e-01 -1.307976419461807893e+02
8.528017371218561404e-01 -1.304021503231616634e+02
8.498711469599253832e-01 -1.300121976522860052e+02
8.469405567979946259e-01 -1.296131770359194206e+02
8.440099666360638686e-01 -1.292197401934761274e+02
8.410793764741331113e-01 -1.288177418011032955e+02
8.381487863122022430e-01 -1.284213657374233435e+02
8.352181961502714858e-01 -1.280169125948225997e+02
8.322876059883407285e-01 -1.276181128111147842e+02
8.293570158264099712e-01 -1.272116986167380048e+02
8.264264256644792139e-01 -1.268109629048795881e+02
8.234958355025483456e-01 -1.264030540115941079e+02
8.205652453406175884e-01 -1.260008419406972848e+02
8.176346551786868311e-01 -1.255918787904152367e+02
8.147040650167560738e-01 -1.251886243856655199e+02
8.117734748548253165e-01 -1.247790218753435170e+02
8.088428846928944482e-01 -1.243751339112886569e+02
8.059122945309636910e-01 -1.239652839670727502e+02
8.029817043690330447e-01 -1.235611484098266430e+02
8.000511142071021764e-01 -1.231514202297595801e+02
7.971205240451714191e-01 -1.227474015210287206e+02
7.941899338832405508e-01 -1.223381417213288103e+02
7.912593437213099046e-01 -1.219345820213768974e+02
7.883287535593791473e-01 -1.215261165015881346e+02
7.853981633974482790e-01 -1.211233367871620743e+02
7.824675732355174107e-01 -1.207159718693659869e+02
7.795369830735867644e-01 -1.203142745235526263e+02
7.766063929116560072e-01 -1.199082975465161667e+02
7.736758027497251389e-01 -1.195079668278650615e+02
7.707452125877944926e-01 -1.191036475589987162e+02
7.678146224258636243e-01 -1.187049488611290684e+02
7.648840322639328670e-01 -1.183025407189092846e+02
7.619534421020019987e-01 -1.179057231097012703e+02
7.590228519400713525e-01 -1.175054621426516661e+02
7.560922617781404842e-01 -1.171107582578448785e+02
7.531616716162097269e-01 -1.167128651312363559e+02
7.502310814542790807e-01 -1.163204932777990308e+02
7.473004912923482124e-01 -1.159251734712170929e+02
7.443699011304173441e-01 -1.155353364197742252e+02
7.414393109684866978e-01 -1.151427815050026879e+02
7.385087208065558295e-01 -1.147556688705251560e+02
7.355781306446250722e-01 -1.143660573035470804e+02
7.326475404826942039e-01 -1.139818449984416873e+02
7.297169503207635577e-01 -1.135953421461866526e+02
7.267863601588326894e-01 -1.132141935340915353e+02
7.238557699969019321e-01 -1.128309533021311069e+02
7.209251798349712859e-01 -1.124530195322740269e+02
7.179945896730404176e-01 -1.120731830711245607e+02
7.150639995111095493e-01 -1.116986038904536969e+02
7.121334093491789030e-01 -1.113223018125496111e+02
7.092028191872481457e-01 -1.109512057245567291e+02
7.062722290253172774e-01 -1.105785587113648205e+02
7.033416388633864091e-01 -1.102110648509060553e+02
7.004110487014557629e-01 -1.098421825549641682e+02
6.974804585395250056e-01 -1.094783995769812321e+02
6.945498683775941373e-01 -1.091133826311111505e+02
6.916192782156634911e-01 -1.087534095678629313e+02
6.886886880537326228e-01 -1.083923495963134656e+02
6.857580978918018655e-01 -1.080362772427423153e+02
6.828275077298712192e-01 -1.076792572039293532e+02
6.798969175679403509e-01 -1.073271675333757145e+02
6.769663274060094826e-01 -1.069742621424150713e+02
6.740357372440787254e-01 -1.066262289866213706e+02
6.711051470821480791e-01 -1.062775054024496058e+02
6.681745569202172108e-01 -1.059335942535521724e+02
6.652439667582863425e-01 -1.055891121387191021e+02
6.623133765963556963e-01 -1.052493824729816083e+02
6.593827864344249390e-01 -1.049091940004411612e+02
6.564521962724940707e-01 -1.045736975642767845e+02
6.535216061105634244e-01 -1.042378486099391353e+02
6.505910159486325561e-01 -1.039066307461441880e+02
6.476604257867017989e-01 -1.035751618969335084e+02
6.447298356247709306e-01 -1.032482623346769941e+02
6.417992454628402843e-01 -1.029212069333994179e+02
6.388686553009094160e-01 -1.025986592941710569e+02
6.359380651389786587e-01 -1.022760452894562917e+02
6.330074749770479015e-01 -1.019578762886396675e+02
6.300768848151171442e-01 -1.016397261855235570e+02
6.271462946531862759e-01 -1.013259588064211414e+02
6.242157044912556296e-01 -1.010122904241446804e+02
6.212851143293247613e-01 -1.007029421122268928e+02
6.183545241673940041e-01 -1.003937684086451014e+02
6.154239340054631358e-01 -1.000888519934310779e+02
6.124933438435324895e-01 -9.978418122345519237e+01
6.095627536816016212e-01 -9.948370499329696770e+01
6.066321635196708639e-01 -9.918354114083446404e+01
6.037015733577402177e-01 -9.888750882188352875e+01
6.007709831958093494e-01 -9.859185171662521441e+01
5.978403930338784811e-01 -9.830026392352685605e+01
5.949098028719478348e-01 -9.800910990599791717e+01
5.919792127100170775e-01 -9.772196213559855948e+01
5.890486225480862092e-01 -9.743530392818891528e+01
5.861180323861553410e-01 -9.715258975549254217e+01
5.831874422242246947e-01 -9.687041422280965719e+01
5.802568520622939374e-01 -9.659211398256741177e+01
5.773262619003630691e-01 -9.631441106259305229e+01
5.743956717384324229e-01 -9.604054786799812859e+01
5.714650815765015546e-01 -9.576728959330296220e+01
5.685344914145706863e-01 -9.549779775612088883e+01
5.656039012526399290e-01 -9.522898804659057248e+01
5.626733110907091717e-01 -9.496387403955164075e+01
5.597427209287784144e-01 -9.469947263034721630e+01
5.568121307668476572e-01 -9.443870671889585822e+01
5.538815406049168999e-01 -9.417869302412422883e+01
5.509509504429861426e-01 -9.392225412781502314e+01
5.480203602810553853e-01 -9.366660036812437795e+01
5.450897701191246281e-01 -9.341446147468759875e+01
5.421591799571938708e-01 -9.316313892510316919e+01
5.392285897952628915e-01 -9.291527087318864631e+01
5.362979996333321342e-01 -9.266824830997057916e+01
5.333674094714015990e-01 -9.242462060826890990e+01
5.304368193094706196e-01 -9.218186482656378189e+01
5.275062291475398624e-01 -9.194244519417631523e+01
5.245756389856091051e-01 -9.170392057702889588e+01
5.216450488236783478e-01 -9.146867462924012671e+01
5.187144586617475905e-01 -9.123434534916205507e+01
5.157838684998168333e-01 -9.100323642001981739e+01
5.128532783378860760e-01 -9.077306439040340535e+01
5.099226881759553187e-01 -9.054605576908797104e+01
5.069920980140243394e-01 -9.032000185580015739e+01
5.040615078520938042e-01 -9.009705434621052689e+01
5.011309176901628248e-01 -8.987507788086179517e+01
4.982003275282320676e-01 -8.965615151883856981e+01
4.952697373663013103e-01 -8.943821073771707120e+01
4.923391472043705530e-01 -8.922326434638200965e+01
4.894085570424397957e-01 -8.900931625682275694e+01
4.864779668805090385e-01 -8.879830793864371685e+01
4.835473767185782812e-01 -8.858830905452701643e+01
4.806167865566475239e-01 -8.838119576903821439e+01
4.776861963947165446e-01 -8.817510138405732789e+01
4.747556062327860094e-01 -8.797183917520361263e+01
4.718250160708550300e-01 -8.776960443521953437e+01
4.688944259089242728e-01 -8.757014861389974669e+01
4.659638357469937375e-01 -8.737172758997978406e+01
4.630332455850627582e-01 -8.717603323863956177e+01
4.601026554231320009e-01 -8.698137953134687450e+01
4.571720652612012437e-01 -8.678940025284499882e+01
4.542414750992704864e-01 -8.659846566060402040e+01
4.513108849373397291e-01 -8.641015473212630127e+01
4.483802947754087498e-01 -8.622289175017354523e+01
4.454497046134782146e-01 -8.603820179725458672e+01
4.425191144515474573e-01 -8.585456229220480395e+01
4.395885242896164780e-01 -8.567344642338622407e+01
4.366579341276859427e-01 -8.549338280545174484e+01
4.337273439657549634e-01 -8.531579311962208578e+01
4.307967538038242061e-01 -8.513925571739247289e+01
4.278661636418936709e-01 -8.496514429691320913e+01
4.249355734799626916e-01 -8.479208438658983482e+01
4.220049833180319343e-01 -8.462140234211028655e+01
4.190743931561011770e-01 -8.445176991535562649e+01
4.161438029941704198e-01 -8.428446876314359315e+01
4.132132128322396625e-01 -8.411821523207208884e+01
4.102826226703086832e-01 -8.395424620273220739e+01
4.073520325083781479e-01 -8.379132197212464916e+01
4.044214423464473906e-01 -8.363063725564946083e+01
4.014908521845164113e-01 -8.347099360006066604e+01
3.985602620225858761e-01 -8.331354408822693358e+01
3.956296718606548968e-01 -8.315713151220082011e+01
3.926990816987241395e-01 -8.300286891004556367e+01
3.897684915367933822e-01 -8.284963842920394939e+01
3.868379013748626249e-01 -8.269851366049786634e+01
3.839073112129318677e-01 -8.254841517691309605e+01
3.809767210510008884e-01 -8.240038002212118329e+01
3.780461308890703531e-01 -8.225336474031809075e+01
3.751155407271395958e-01 -8.210837030260100278e+01
3.721849505652086165e-01 -8.196438904374693379e+01
3.692543604032780813e-01 -8.182238735087373982e+01
3.663237702413471020e-01 -8.168139156701339232e+01
3.633931800794163447e-01 -8.154233416541238455e+01
3.604625899174855874e-01 -8.140427478066104072e+01
3.575319997555548301e-01 -8.126811373855450427e+01
3.546014095936240729e-01 -8.113294316929560068e+01
3.516708194316933156e-01 -8.099963104311899542e+01
3.487402292697625583e-01 -8.086730117167087428e+01
3.458096391078318010e-01 -8.073679071383121197e+01
3.428790489459008217e-01 -8.060725400029538434e+01
3.399484587839702865e-01 -8.047949826772621407e+01
3.370178686220395292e-01 -8.035270722662112064e+01
3.340872784601085499e-01 -8.022765979371092726e+01
3.311566882981777926e-01 -8.010356726532920391e+01
3.282260981362470353e-01 -7.998118128580871655e+01
3.252955079743162781e-01 -7.985974040934529228e+01
3.223649178123855208e-01 -7.973997018077874088e+01
3.194343276504547635e-01 -7.962113459784372083e+01
3.165037374885240062e-01 -7.950393370859731590e+01
3.135731473265932490e-01 -7.938765836979771962e+01
3.106425571646622696e-01 -7.927298164144188775e+01
3.077119670027317344e-01 -7.915922046986700877e+01
3.047813768408007551e-01 -7.904702429735145586e+01
3.018507866788699978e-01 -7.893573168111707616e+01
2.989201965169392405e-01 -7.882596880732975819e+01
2.959896063550084833e-01 -7.871710108941725537e+01
2.930590161930777260e-01 -7.860973911634835076e+01
2.901284260311469687e-01 -7.850324412543179164e+01
2.871978358692162114e-01 -7.839822038440240703e+01
2.842672457072854542e-01 -7.829406991397570437e+01
2.813366555453544748e-01 -7.819135312138737959e+01
2.784060653834239396e-01 -7.808949517292855091e+01
2.754754752214929603e-01 -7.798903967144612182e+01
2.725448850595622030e-01 -7.788943286314200520e+01
2.696142948976316678e-01 -7.779119786141683335e+01
2.666837047357006885e-01 -7.769379904555688654e+01
2.637531145737699312e-01 -7.759774235326025860e+01
2.608225244118391739e-01 -7.750251066452723592e+01
2.578919342499084166e-01 -7.740859045700388208e+01
2.549613440879776594e-01 -7.731548413440437173e+01
2.520307539260466800e-01 -7.722366061586886588e+01
2.491001637641161448e-01 -7.713263990673650028e+01
2.461695736021853875e-01 -7.704287315354419263e+01
2.432389834402544082e-01 -7.695389769651968948e+01
2.403083932783238730e-01 -7.686614755002335642e+01
2.373778031163928937e-01 -7.677917701059092792e+01
2.344472129544621364e-01 -7.669340428208103333e+01
2.315166227925316011e-01 -7.660839978396393235e+01
2.285860326306006218e-01 -7.652456603562097825e+01
2.256554424686698646e-01 -7.644149003692388078e+01
2.227248523067391073e-01 -7.635955800825287554e+01
2.197942621448083500e-01 -7.627837185352234428e+01
2.168636719828775927e-01 -7.619830394484007741e+01
2.139330818209466134e-01 -7.611896935408776699e+01
2.110024916590160782e-01 -7.604072811273681509e+01
2.080719014970853209e-01 -7.596320816692254141e+01
2.051413113351543416e-01 -7.588675699992009527e+01
2.022107211732238063e-01 -7.581101670586468799e+01
1.992801310112928270e-01 -7.573632087454650730e+01
1.963495408493620697e-01 -7.566232367515544865e+01
1.934189506874313125e-01 -7.558934669624623837e+01
1.904883605255005552e-01 -7.551705790026194620e+01
1.875577703635697979e-01 -7.544576531693361687e+01
1.846271802016388186e-01 -7.537514862854916942e+01
1.816965900397082834e-01 -7.530550541699510347e+01
1.787659998777775261e-01 -7.523652772577875680e+01
1.758354097158465468e-01 -7.516849978266938592e+01
1.729048195539160115e-01 -7.510112717157237228e+01
1.699742293919850322e-01 -7.503468282384100974e+01
1.670436392300542749e-01 -7.496888198294597316e+01
1.641130490681235177e-01 -7.490398826258829956e+01
1.611824589061927604e-01 -7.483972637869290168e+01
1.582518687442620031e-01 -7.477635126625864359e+01
1.553212785823312458e-01 -7.471359668092040351e+01
1.523906884204004886e-01 -7.465170815305529572e+01
1.494600982584697313e-01 -7.459042906441487730e+01
1.465295080965387520e-01 -7.452999557847104484e+01
1.435989179346082167e-01 -7.447016065499985871e+01
1.406683277726774595e-01 -7.441115176198920267e+01
1.377377376107464801e-01 -7.435273090363145343e+01
1.348071474488157229e-01 -7.429511669011833419e+01
1.318765572868849656e-01 -7.423807964451049202e+01
1.289459671249542083e-01 -7.418182960372335799e+01
1.260153769630234510e-01 -7.412614691805444522e+01
1.230847868010926938e-01 -7.407123242878310521e+01
1.201541966391619365e-01 -7.401687515336793410e+01
1.172236064772311792e-01 -7.396326802382088772e+01
1.142930163153004219e-01 -7.391020879911930308e+01
1.113624261533696647e-01 -7.385788035642865168e+01
1.084318359914386853e-01 -7.380608966088375666e+01
1.055012458295079281e-01 -7.375501252448349021e+01
1.025706556675771708e-01 -7.370446378202903759e+01
9.964006550564641351e-02 -7.365461146804960890e+01
9.670947534371565624e-02 -7.360527818152121426e+01
9.377888518178489896e-02 -7.355662508532336119e+01
9.084829501985414169e-02 -7.350847969459064757e+01
8.791770485792338441e-02 -7.346099977389256708e+01
8.498711469599262713e-02 -7.341401603819829802e+01
8.205652453406186986e-02 -7.336768192112123188e+01
7.912593437213089054e-02 -7.332183450343613629e+01
7.619534421020013326e-02 -7.327662101720585497e+01
7.326475404826959803e-02 -7.323188481635105518e+01
7.033416388633861871e-02 -7.318776725721042453e+01
6.740357372440786143e-02 -7.314411809025014577e+01
6.447298356247710416e-02 -7.310107219816947577e+01
6.154239340054634688e-02 -7.305848575562501424e+01
5.861180323861558961e-02 -7.301648715266890122e+01
5.568121307668461029e-02 -7.297493996545553330e+01
5.275062291475407505e-02 -7.293396699412792827e+01
4.982003275282331778e-02 -7.289343663994037570e+01
4.688944259089233846e-02 -7.285346591008526218e+01
4.395885242896180323e-02 -7.281392895042596081e+01
4.102826226703082391e-02 -7.277493804636988273e+01
3.809767210510006663e-02 -7.273637212143994191e+01
3.516708194316953140e-02 -7.269833843335334223e+01
3.223649178123855208e-02 -7.266072060003668298e+01
2.930590161930779480e-02 -7.262362287903684432e+01
2.637531145737703753e-02 -7.258693227842069007e+01
2.344472129544628025e-02 -7.255074938999118217e+01
2.051413113351552298e-02 -7.251496429231481500e+01
1.758354097158454366e-02 -7.247967646860871582e+01
1.465295080965400842e-02 -7.244477656791507059e+01
1.172236064772325115e-02 -7.241036118568432300e+01
8.791770485792271828e-03 -7.237632915106634357e+01
5.861180323861736596e-03 -7.234276687358743629e+01
2.930590161930757276e-03 -7.230957935484444477e+01
0.000000000000000000e+00 -7.227685092672220435e+01
-2.930590161930757276e-03 -7.224449006802730366e+01
-5.861180323861736596e-03 -7.221257661499333835e+01
-8.791770485792049783e-03 -7.218102304686929926e+01
-1.172236064772302910e-02 -7.214990609579628256e+01
-1.465295080965378638e-02 -7.211914094522327900e+01
-1.758354097158454366e-02 -7.208880162510624245e+01
-2.051413113351552298e-02 -7.205880671203495069e+01
-2.344472129544628025e-02 -7.202922679595100419e+01
-2.637531145737703753e-02 -7.199998468657148010e+01
-2.930590161930757276e-02 -7.197114721451497132e+01
-3.223649178123833003e-02 -7.194264006907893361e+01
-3.516708194316930935e-02 -7.191452752761279044e+01
-3.809767210510006663e-02 -7.188673840269211723e+01
-4.102826226703082391e-02 -7.185933378365959356e+01
-4.395885242896180323e-02 -7.183224549534006087e+01
-4.688944259089256050e-02 -7.180553210502513650e+01
-4.982003275282309573e-02 -7.177912820532694127e+01
-5.275062291475385301e-02 -7.175308995061261896e+01
-5.568121307668461029e-02 -7.172735461183972916e+01
-5.861180323861558961e-02 -7.170197548151558919e+01
-6.154239340054634688e-02 -7.167689241467599004e+01
-6.447298356247710416e-02 -7.165215677002190375e+01
-6.740357372440763939e-02 -7.162771081695863984e+01
-7.033416388633839667e-02 -7.160360363132457451e+01
-7.326475404826937599e-02 -7.157977965909424256e+01
-7.619534421020013326e-02 -7.155628583403175469e+01
-7.912593437213089054e-02 -7.153306933547879964e+01
-8.205652453406186986e-02 -7.151017432763360659e+01
-8.498711469599262713e-02 -7.148755067675520536e+01
-8.791770485792316236e-02 -7.146524020724446302e+01
-9.084829501985391964e-02 -7.144319506896312078e+01
-9.377888518178489896e-02 -7.142145518204502253e+01
-9.670947534371565624e-02 -7.139997526471260869e+01
-9.964006550564641351e-02 -7.137879254778262350e+01
-1.025706556675771708e-01 -7.135786402280045593e+01
-1.055012458295081501e-01 -7.133722501512229996e+01
-1.084318359914386853e-01 -7.131683429938314589e+01
-1.113624261533694426e-01 -7.129672568986039494e+01
-1.142930163153001999e-01 -7.127685992812953941e+01
-1.172236064772311792e-01 -7.125726902493791215e+01
-1.201541966391619365e-01 -7.123791555328392633e+01
-1.230847868010926938e-01 -7.121882984368485836e+01
-1.260153769630232290e-01 -7.119997633108110335e+01
-1.289459671249539863e-01 -7.118138369735326876e+01
-1.318765572868849656e-01 -7.116301786616476477e+01
-1.348071474488157229e-01 -7.114490659911845682e+01
-1.377377376107464801e-01 -7.112701653890501063e+01
-1.406683277726774595e-01 -7.110937478267572942e+01
-1.435989179346082167e-01 -7.109194887619386805e+01
-1.465295080965387520e-01 -7.107476499531659897e+01
-1.494600982584695092e-01 -7.105779237591293906e+01
-1.523906884204002665e-01 -7.104105506410243720e+01
-1.553212785823312458e-01 -7.102452427547331126e+01
-1.582518687442620031e-01 -7.100822275152954433e+01
-1.611824589061927604e-01 -7.099212325033407467e+01
-1.641130490681237397e-01 -7.097624683461947370e+01
-1.670436392300540529e-01 -7.096056771912576266e+01
-1.699742293919850322e-01 -7.094510593157120582e+01
-1.729048195539157895e-01 -7.092983678285764881e+01
-1.758354097158465468e-01 -7.091477926015591038e+01
-1.787659998777775261e-01 -7.089991004595850654e+01
-1.816965900397082834e-01 -7.088524695438381684e+01
-1.846271802016390406e-01 -7.087076801557392969e+01
-1.875577703635695759e-01 -7.085648982427855458e+01
-1.904883605255003332e-01 -7.084239106330537084e+01
-1.934189506874313125e-01 -7.082848821190070510e+01
-1.963495408493620697e-01 -7.081476066140810133e+01
-1.992801310112928270e-01 -7.080122338055522846e+01
-2.022107211732238063e-01 -7.078785748264022004e+01
-2.051413113351541195e-01 -7.077467697088347620e+01
-2.080719014970850989e-01 -7.076166379326426181e+01
-2.110024916590158561e-01 -7.074883117584816716e+01
-2.139330818209466134e-01 -7.073616186445194387e+01
-2.168636719828775927e-01 -7.072366860426775759e+01
-2.197942621448083500e-01 -7.071133481538245746e+01
-2.227248523067391073e-01 -7.069917230628524862e+01
-2.256554424686696425e-01 -7.068716534361327319e+01
-2.285860326306003998e-01 -7.067532531818453378e+01
-2.315166227925313791e-01 -7.066363682995655893e+01
-2.344472129544621364e-01 -7.065211103846687024e+01
-2.373778031163928937e-01 -7.064073342928459454e+01
-2.403083932783238730e-01 -7.062951371896514274e+01
-2.432389834402546303e-01 -7.061843904188262400e+01
-2.461695736021851655e-01 -7.060751790850015652e+01
-2.491001637641159228e-01 -7.059673822703361168e+01
-2.520307539260466800e-01 -7.058610822668892126e+01
-2.549613440879776594e-01 -7.057561671959618366e+01
-2.578919342499084166e-01 -7.056527060205289104e+01
-2.608225244118391739e-01 -7.055505817556739601e+01
-2.637531145737697091e-01 -7.054498993764866555e+01
-2.666837047357004664e-01 -7.053505031804441217e+01
-2.696142948976314457e-01 -7.052525433201957128e+01
-2.725448850595622030e-01 -7.051558046511929945e+01
-2.754754752214929603e-01 -7.050604422389567105e+01
-2.784060653834239396e-01 -7.049663270261427783e+01
-2.813366555453546969e-01 -7.048735202638279418e+01
-2.842672457072852321e-01 -7.047819299452378061e+01
-2.871978358692159894e-01 -7.046916132251062947e+01
-2.901284260311469687e-01 -7.046024903593948352e+01
-2.930590161930777260e-01 -7.045146053808517195e+01
-2.959896063550084833e-01 -7.044278865228423570e+01
-2.989201965169392405e-01 -7.043423712902266232e+01
-3.018507866788702199e-01 -7.042579923042332268e+01
-3.047813768408007551e-01 -7.041747857529939836e+01
-3.077119670027315124e-01 -7.040926848124894377e+01
-3.106425571646622696e-01 -7.040117251422212519e+01
-3.135731473265932490e-01 -7.039318489736994877e+01
-3.165037374885240062e-01 -7.038530804434330435e+01
-3.194343276504547635e-01 -7.037753666057881219e+01
-3.223649178123852987e-01 -7.036987353824142133e+01
-3.252955079743160560e-01 -7.036231290523373616e+01
-3.282260981362470353e-01 -7.035485750862973475e+01
-3.311566882981777926e-01 -7.034750217468335620e+01
-3.340872784601085499e-01 -7.034024923124748341e+01
-3.370178686220395292e-01 -7.033309434194764265e+01
-3.399484587839702865e-01 -7.032603874053943116e+01
-3.428790489459008217e-01 -7.031907869730362393e+01
-3.458096391078315790e-01 -7.031221548714393066e+01
-3.487402292697623363e-01 -7.030544528992506059e+01
-3.516708194316933156e-01 -7.029876947890841166e+01
-3.546014095936240729e-01 -7.029218403579206154e+01
-3.575319997555548301e-01 -7.028569091277043412e+01
-3.604625899174858095e-01 -7.027928539187850276e+01
-3.633931800794161227e-01 -7.027296940939655201e+01
-3.663237702413471020e-01 -7.026673953894322722e+01
-3.692543604032778592e-01 -7.026059593840142270e+01
-3.721849505652086165e-01 -7.025453759404621223e+01
-3.751155407271395958e-01 -7.024856235012258310e+01
-3.780461308890703531e-01 -7.024266963195564983e+01
-3.809767210510008884e-01 -7.023685884110392408e+01
-3.839073112129316456e-01 -7.023112789095785047e+01
-3.868379013748624029e-01 -7.022547682135702019e+01
-3.897684915367933822e-01 -7.021990348459061693e+01
-3.926990816987241395e-01 -7.021440799198100535e+01
-3.956296718606548968e-01 -7.020898842798220585e+01
-3.985602620225858761e-01 -7.020364419248902266e+01
-4.014908521845161893e-01 -7.019837412222466355e+01
-4.044214423464471686e-01 -7.019317740682647866e+01
-4.073520325083779259e-01 -7.018805343386580375e+01
-4.102826226703086832e-01 -7.018300008481475061e+01
-4.132132128322396625e-01 -7.017801797375888384e+01
-4.161438029941704198e-01 -7.017310487076602499e+01
-4.190743931561011770e-01 -7.016826039204474341e+01
-4.220049833180317123e-01 -7.016348322451806041e+01
-4.249355734799624695e-01 -7.015877296123299800e+01
-4.278661636418934489e-01 -7.015412826981257410e+01
-4.307967538038242061e-01 -7.014954884654690659e+01
-4.337273439657551855e-01 -7.014503307523267495e+01
-4.366579341276857207e-01 -7.014058101737062145e+01
-4.395885242896167000e-01 -7.013619050989848347e+01
-4.425191144515472352e-01 -7.013186270249903487e+01
-4.454497046134782146e-01 -7.012759423053796581e+01
-4.483802947754087498e-01 -7.012338694738600964e+01
-4.513108849373397291e-01 -7.011923787232188943e+01
-4.542414750992707084e-01 -7.011514775542018185e+01
-4.571720652612012437e-01 -7.011111472724829241e+01
-4.601026554231317789e-01 -7.010713853182932098e+01
-4.630332455850627582e-01 -7.010321823921998430e+01
-4.659638357469932934e-01 -7.009935313850667171e+01
-4.688944259089242728e-01 -7.009554233992318473e+01
-4.718250160708552521e-01 -7.009178527753540777e+01
-4.747556062327857873e-01 -7.008808077387531910e+01
-4.776861963947167666e-01 -7.008442946095321702e+01
-4.806167865566473019e-01 -7.008082862034723348e+01
-4.835473767185782812e-01 -7.007727971758738761e+01
-4.864779668805088164e-01 -7.007378017858309249e+01
-4.894085570424397957e-01 -7.007033123696841415e+01
-4.923391472043707751e-01 -7.006693013484384380e+01
-4.952697373663013103e-01 -7.006357842667458158e+01
-4.982003275282322896e-01 -7.006027316368519564e+01
-5.011309176901628248e-01 -7.005701559435050285e+01
-5.040615078520933601e-01 -7.005380365524187880e+01
-5.069920980140243394e-01 -7.005063760828072361e+01
-5.099226881759553187e-01 -7.004751610467583589e+01
-5.128532783378858539e-01 -7.004443941445352095e+01
-5.157838684998168333e-01 -7.004140589468954659e+01
-5.187144586617473685e-01 -7.003841667629608025e+01
-5.216450488236783478e-01 -7.003546886862541498e+01
-5.245756389856088830e-01 -7.003256459169045911e+01
-5.275062291475398624e-01 -7.002970033669065231e+01
-5.304368193094708417e-01 -7.002687770820267588e+01
-5.333674094714013769e-01 -7.002409412123664367e+01
-5.362979996333323562e-01 -7.002135228259953692e+01
-5.392285897952628915e-01 -7.001864806324597623e+01
-5.421591799571934267e-01 -7.001598245470893289e+01
-5.450897701191244060e-01 -7.001334826499613939e+01
-5.480203602810553853e-01 -7.001076557024251201e+01
-5.509509504429859206e-01 -7.000821717280574319e+01
-5.538815406049168999e-01 -7.000569980210686083e+01
-5.568121307668478792e-01 -7.000321952899749078e+01
-5.597427209287784144e-01 -7.000077648975435807e+01
-5.626733110907089497e-01 -6.999836751320047767e+01
-5.656039012526399290e-01 -6.999599343578444177e+01
-5.685344914145709083e-01 -6.999365264510244344e+01
-5.714650815765014435e-01 -6.999134654147495382e+01
-5.743956717384324229e-01 -6.998907244389421578e+01
-5.773262619003629581e-01 -6.998683251205565625e+01
-5.802568520622939374e-01 -6.998462426030005190e+01
-5.831874422242244727e-01 -6.998244843930629600e+01
-5.861180323861554520e-01 -6.998030308984643000e+01
-5.890486225480859872e-01 -6.997818954653946832e+01
-5.919792127100169665e-01 -6.997610573032338266e+01
-5.949098028719479458e-01 -6.997405302179970477e+01
-5.978403930338784811e-01 -6.997202881543725539e+01
-6.007709831958090163e-01 -6.997003501180699914e+01
-6.037015733577399956e-01 -6.996806981668358105e+01
-6.066321635196709749e-01 -6.996613333498397935e+01
-6.095627536816015102e-01 -6.996422437315456477e+01
-6.124933438435324895e-01 -6.996234353071949386e+01
-6.154239340054634688e-01 -6.996048901401958631e+01
-6.183545241673940041e-01 -6.995866279976031876e+01
-6.212851143293245393e-01 -6.995686117512089197e+01
-6.242157044912555186e-01 -6.995508815811727743e+01
-6.271462946531864979e-01 -6.995333934206570348e+01
-6.300768848151170332e-01 -6.995161737210072772e+01
-6.330074749770480125e-01 -6.994991920276811470e+01
-6.359380651389785477e-01 -6.994824679215685137e+01
-6.388686553009090829e-01 -6.994659743664416851e+01
-6.417992454628400623e-01 -6.994497329966144150e+01
-6.447298356247710416e-01 -6.994337190744994359e+01
-6.476604257867015768e-01 -6.994179448941824262e+01
-6.505910159486325561e-01 -6.994023948584857919e+01
-6.535216061105635355e-01 -6.993870811761601658e+01
-6.564521962724940707e-01 -6.993719813073330727e+01
-6.593827864344246059e-01 -6.993571113858124022e+01
-6.623133765963555852e-01 -6.993424575176484836e+01
-6.652439667582865646e-01 -6.993280188787433360e+01
-6.681745569202170998e-01 -6.993137875634340617e+01
-6.711051470821480791e-01 -6.992997743460369975e+01
-6.740357372440790584e-01 -6.992859591491384208e+01
-6.769663274060091496e-01 -6.992723567219204028e+01
-6.798969175679401289e-01 -6.992589427797413748e+01
-6.828275077298711082e-01 -6.992457385180664176e+01
-6.857580978918016434e-01 -6.992327175278323637e+01
-6.886886880537326228e-01 -6.992198942979960918e+01
-6.916192782156636021e-01 -6.992072508127873220e+01
-6.945498683775941373e-01 -6.991948014386581178e+01
-6.974804585395246725e-01 -6.991825267649578279e+01
-7.004110487014556519e-01 -6.991704425078994234e+01
-7.033416388633866312e-01 -6.991585347898838165e+01
-7.062722290253171664e-01 -6.991468043668024279e+01
-7.092028191872481457e-01 -6.991352428657664575e+01
-7.121334093491791251e-01 -6.991238606114933418e+01
-7.150639995111092162e-01 -6.991126357347759779e+01
-7.179945896730401955e-01 -6.991015849711077124e+01
-7.209251798349711748e-01 -6.990906892113261506e+01
-7.238557699969017101e-01 -6.990799683133923281e+01
-7.267863601588326894e-01 -6.990693917617805653e+01
-7.297169503207636687e-01 -6.990589853512739182e+01
-7.326475404826942039e-01 -6.990487260822010285e+01
-7.355781306446247392e-01 -6.990386278886710159e+01
-7.385087208065557185e-01 -6.990286684727193744e+01
-7.414393109684866978e-01 -6.990188697872633838e+01
-7.443699011304172330e-01 -6.990092062495833147e+01
-7.473004912923482124e-01 -6.989996933718154537e+01
-7.502310814542791917e-01 -6.989903164398714353e+01
-7.531616716162097269e-01 -6.989810842518625122e+01
-7.560922617781402622e-01 -6.989719834382857755e+01
-7.590228519400712415e-01 -6.989630265451074820e+01
-7.619534421020017767e-01 -6.989541975914755767e+01
-7.648840322639327560e-01 -6.989455025659006537e+01
-7.678146224258637353e-01 -6.989369366211985835e+01
-7.707452125877942706e-01 -6.989285008054861237e+01
-7.736758027497248058e-01 -6.989201882940268717e+01
-7.766063929116557851e-01 -6.989120075568862944e+01
-7.795369830735867644e-01 -6.989039400358954879e+01
-7.824675732355172997e-01 -6.988960038880323111e+01
-7.853981633974482790e-01 -6.988881815623302884e+01
-7.883287535593792583e-01 -6.988804809681288077e+01
-7.912593437213097936e-01 -6.988728935595180758e+01
-7.941899338832403288e-01 -6.988654189410075901e+01
-7.971205240451713081e-01 -6.988580565099378816e+01
-8.000511142071022874e-01 -6.988508073835546952e+01
-8.029817043690328227e-01 -6.988436624946471909e+01
-8.059122945309638020e-01 -6.988366312886931553e+01
-8.088428846928947813e-01 -6.988296991877484743e+01
-8.117734748548253165e-01 -6.988228734665696606e+01
-8.147040650167558518e-01 -6.988161442807070500e+01
-8.176346551786868311e-01 -6.988095249022696009e+01
-8.205652453406173663e-01 -6.988029925364351413e+01
-8.234958355025483456e-01 -6.987965711448202910e+01
-8.264264256644793250e-01 -6.987902150941617663e+01
-8.293570158264098602e-01 -6.987840208494027650e+01
-8.322876059883403954e-01 -6.987778935567953909e+01
-8.352181961502713747e-01 -6.987718596977202878e+01
-8.381487863122023541e-01 -6.987659055710703626e+01
-8.410793764741328893e-01 -6.987600495104085496e+01
-8.440099666360638686e-01 -6.987542753951218799e+01
-8.469405567979948479e-01 -6.987486001739608810e+01
-8.498711469599253832e-01 -6.987430020807232722e+01
-8.528017371218559184e-01 -6.987374962289473501e+01
-8.557323272837868977e-01 -6.987320678415078135e+01
-8.586629174457174329e-01 -6.987267321199466608e+01
-8.615935076076484123e-01 -6.987214673532949405e+01
-8.645240977695793916e-01 -6.987162899216350809e+01
-8.674546879315099268e-01 -6.987111857303726481e+01
-8.703852780934409061e-01 -6.987061674367625130e+01
-8.733158682553714414e-01 -6.987012172798125675e+01
-8.762464584173024207e-01 -6.986963486769732867e+01
-8.791770485792329559e-01 -6.986915495465164838e+01
-8.821076387411639352e-01 -6.986868301652013713e+01
-8.850382289030949146e-01 -6.986821800919395287e+01
-8.879688190650254498e-01 -6.986776009675496368e+01
-8.908994092269559850e-01 -6.986730920318174753e+01
-8.938299993888869643e-01 -6.986686510441994358e+01
-8.967605895508174996e-01 -6.986642767847111202e+01
-8.996911797127484789e-01 -6.986599702454364547e+01
-9.026217698746794582e-01 -6.986557300941542792e+01
-9.055523600366099934e-01 -6.986515544105388642e+01
-9.084829501985409728e-01 -6.986474411608598700e+01
-9.114135403604715080e-01 -6.986433925472348960e+01
-9.143441305224024873e-01 -6.986394028189559435e+01
-9.172747206843330225e-01 -6.986354818865095240e+01
-9.202053108462640019e-01 -6.986316115029814000e+01
-9.231359010081949812e-01 -6.986278137859470405e+01
-9.260664911701255164e-01 -6.986240668522339092e+01
-9.289970813320564957e-01 -6.986203826933436289e+01
-9.319276714939870310e-01 -6.986167540580987634e+01
-9.348582616559175662e-01 -6.986131831404792081e+01
-9.377888518178485455e-01 -6.986096647945188920e+01
-9.407194419797795248e-01 -6.986062042979826003e+01
-9.436500321417100601e-01 -6.986027919198936331e+01
-9.465806223036410394e-01 -6.985994388123566523e+01
-9.495112124655720187e-01 -6.985961317685459449e+01
-9.524418026275025539e-01 -6.985928813148443339e+01
-9.553723927894330892e-01 -6.985896762667917415e+01
-9.583029829513640685e-01 -6.985865249829207357e+01
-9.612335731132950478e-01 -6.985834179822728629e+01
-9.641641632752255830e-01 -6.985803647927482984e+01
-9.670947534371565624e-01 -6.985773557154720947e+01
-9.700253435990870976e-01 -6.985743969933010078e+01
-9.729559337610180769e-01 -6.985714811668866275e+01
-9.758865239229486122e-01 -6.985686147495292175e+01
-9.788171140848795915e-01 -6.985657878035215163e+01
-9.817477042468105708e-01 -6.985630121756079802e+01
-9.846782944087411060e-01 -6.985602765776984313e+01
-9.876088845706720853e-01 -6.985575829819011062e+01
-9.905394747326026206e-01 -6.985549300596670719e+01
-9.934700648945331558e-01 -6.985523227679576053e+01
-9.964006550564641351e-01 -6.985497519373571151e+01
-9.993312452183951144e-01 -6.985472254941024062e+01
-1.002261835380325650e+00 -6.985447354935784858e+01
-1.005192425542256629e+00 -6.985422887034810913e+01
-1.008123015704187608e+00 -6.985398765707456903e+01
-1.011053605866118144e+00 -6.985375047555521633e+01
-1.013984196028048679e+00 -6.985351656475158677e+01
-1.016914786189979658e+00 -6.985328696532523907e+01
-1.019845376351910637e+00 -6.985306048151792879e+01
-1.022775966513841173e+00 -6.985283791300129508e+01
-1.025706556675772152e+00 -6.985261847333072183e+01
-1.028637146837702687e+00 -6.985240299857954938e+01
-1.031567736999633222e+00 -6.985219053313002746e+01
-1.034498327161564202e+00 -6.985198184473566130e+01
-1.037428917323495181e+00 -6.985177609837748491e+01
-1.040359507485425716e+00 -6.985157406881529596e+01
-1.043290097647356696e+00 -6.985137470937088722e+01
-1.046220687809287675e+00 -6.985117888397637387e+01
-1.049151277971218210e+00 -6.985098573922306286e+01
-1.052081868133148745e+00 -6.985079616045838691e+01
-1.055012458295079725e+00 -6.985060906081038468e+01
-1.057943048457010704e+00 -6.985042522365719719e+01
-1.060873638618941239e+00 -6.985024416508318268e+01
-1.063804228780872219e+00 -6.985006638782304833e+01
-1.066734818942803198e+00 -6.984989086851489049e+01
-1.069665409104733289e+00 -6.984971876355702136e+01
-1.072595999266664268e+00 -6.984954912317817843e+01
-1.075526589428595248e+00 -6.984938245157221104e+01
-1.078457179590525783e+00 -6.984921841205488136e+01
-1.081387769752456762e+00 -6.984905716292112743e+01
-1.084318359914387742e+00 -6.984889829096668734e+01
-1.087248950076318277e+00 -6.984874221318614218e+01
-1.090179540238248812e+00 -6.984858815775956487e+01
-1.093110130400179791e+00 -6.984843709461550532e+01
-1.096040720562110771e+00 -6.984828805744540148e+01
-1.098971310724041306e+00 -6.984814157701262616e+01
-1.101901900885972285e+00 -6.984799669793656562e+01
-1.104832491047903265e+00 -6.984785584082250409e+01
-1.107763081209833356e+00 -6.984771385559263024e+01
-1.110693671371764335e+00 -6.984757787312814514e+01
-1.113624261533695314e+00 -6.984743749169275873e+01
-1.116554851695625850e+00 -6.984730888710564045e+01
-1.119485441857556829e+00 -6.984717776417292612e+01
-1.122416032019487808e+00 -6.984704989803297792e+01
-1.125346622181418343e+00 -6.984692321744074661e+01
-1.128277212343348879e+00 -6.984679913468086454e+01
-1.131207802505279858e+00 -6.984667665993515584e+01
-1.134138392667210837e+00 -6.984655631096147488e+01
-1.137068982829141373e+00 -6.984643775732007498e+01
-1.139999572991072352e+00 -6.984632107888197083e+01
-1.142930163153003331e+00 -6.984620612824036812e+01
-1.145860753314933866e+00 -6.984609320906176322e+01
-1.148791343476864402e+00 -6.984598191079656715e+01
-1.151721933638795381e+00 -6.984587296916900812e+01
-1.154652523800725916e+00 -6.984576534539480974e+01
-1.157583113962656896e+00 -6.984565999781942480e+01
-1.160513704124587875e+00 -6.984555621384178892e+01
-1.163444294286518410e+00 -6.984545415125090528e+01
-1.166374884448448945e+00 -6.984535385440565847e+01
-1.169305474610379925e+00 -6.984525492116503642e+01
-1.172236064772310904e+00 -6.984515790995719442e+01
-1.175166654934241439e+00 -6.984506260297821711e+01
-1.178097245096172418e+00 -6.984496830184298233e+01
-1.181027835258103398e+00 -6.984487638146083555e+01
-1.183958425420033933e+00 -6.984478523891678492e+01
-1.186889015581964468e+00 -6.984469621593642330e+01
-1.189819605743895448e+00 -6.984460830952519927e+01
-1.192750195905826427e+00 -6.984452219531199546e+01
-1.195680786067756962e+00 -6.984443747728903418e+01
-1.198611376229687941e+00 -6.984435433238635937e+01
-1.201541966391618921e+00 -6.984427209340830700e+01
-1.204472556553549456e+00 -6.984419140303880624e+01
-1.207403146715479991e+00 -6.984411208915780378e+01
-1.210333736877410971e+00 -6.984403406608687703e+01
-1.213264327039341506e+00 -6.984395693390470683e+01
-1.216194917201272485e+00 -6.984388128385471362e+01
-1.219125507363203464e+00 -6.984380689896842398e+01
-1.222056097525134000e+00 -6.984373421441827645e+01
-1.224986687687064535e+00 -6.984366219546026855e+01
-1.227917277848995514e+00 -6.984359223715121345e+01
-1.230847868010926494e+00 -6.984352321804220765e+01
-1.233778458172857029e+00 -6.984345557742213373e+01
-1.236709048334788008e+00 -6.984338887517967009e+01
-1.239639638496718987e+00 -6.984332318770358938e+01
-1.242570228658649523e+00 -6.984325849094078364e+01
-1.245500818820580058e+00 -6.984319509076486554e+01
-1.248431408982511037e+00 -6.984313245102106293e+01
-1.251361999144441572e+00 -6.984307116009019012e+01
-1.254292589306372552e+00 -6.984301068095481924e+01
-1.257223179468303531e+00 -6.984295145071267541e+01
-1.260153769630234066e+00 -6.984289300422076963e+01
-1.263084359792165046e+00 -6.984283609578601215e+01
-1.266014949954095581e+00 -6.984277955801884730e+01
-1.268945540116026560e+00 -6.984272411272203840e+01
-1.271876130277957095e+00 -6.984266948124226815e+01
-1.274806720439888075e+00 -6.984261593905195298e+01
-1.277737310601819054e+00 -6.984256297820471104e+01
-1.280667900763749589e+00 -6.984251162797937695e+01
-1.283598490925680125e+00 -6.984246085845198593e+01
-1.286529081087611104e+00 -6.984241130670430664e+01
-1.289459671249541639e+00 -6.984236285099733266e+01
-1.292390261411472618e+00 -6.984231493648877631e+01
-1.295320851573403598e+00 -6.984226798787848622e+01
-1.298251441735334133e+00 -6.984222182047939498e+01
-1.301182031897265112e+00 -6.984217622379790669e+01
-1.304112622059195647e+00 -6.984213194247116974e+01
-1.307043212221126627e+00 -6.984208829400431284e+01
-1.309973802383057162e+00 -6.984204553999569498e+01
-1.312904392544988141e+00 -6.984200380078591763e+01
-1.315834982706919121e+00 -6.984196267225328825e+01
-1.318765572868849656e+00 -6.984192256958830569e+01
-1.321696163030780635e+00 -6.984188253067983965e+01
-1.324626753192711170e+00 -6.984184347000771709e+01
-1.327557343354641706e+00 -6.984180539232659157e+01
-1.330487933516572685e+00 -6.984176536859118301e+01
-1.333418523678503664e+00 -6.984173180583970009e+01
-1.336349113840434200e+00 -6.984169127743857075e+01
-1.339279704002365179e+00 -6.984165722379569274e+01
-1.342210294164295714e+00 -6.984162132462184047e+01
-1.345140884326226693e+00 -6.984158934876877822e+01
-1.348071474488157229e+00 -6.984155485152308529e+01
-1.351002064650088208e+00 -6.984152406240909272e+01
-1.353932654812019187e+00 -6.984149001991860928e+01
-1.356863244973949723e+00 -6.984145997553163454e+01
-1.359793835135880702e+00 -6.984142760994124899e+01
-1.362724425297811237e+00 -6.984139703494120965e+01
-1.365655015459742216e+00 -6.984136618836987509e+01
-1.368585605621672752e+00 -6.984133728140561459e+01
-1.371516195783603731e+00 -6.984130889330839409e+01
-1.374446785945534266e+00 -6.984128083136157272e+01
-1.377377376107465246e+00 -6.984125304907421139e+01
-1.380307966269396225e+00 -6.984122612893250448e+01
-1.383238556431326760e+00 -6.984119941372725293e+01
-1.386169146593257295e+00 -6.984117393353292869e+01
-1.389099736755188275e+00 -6.984114856481102152e+01
-1.392030326917119254e+00 -6.984112494187426989e+01
-1.394960917079049789e+00 -6.984110458358583173e+01
-1.397891507240980769e+00 -6.984107549802088499e+01
-1.400822097402911304e+00 -6.984105082148147403e+01
-1.403752687564842283e+00 -6.984102902045546557e+01
-1.406683277726772818e+00 -6.984100746354306466e+01
-1.409613867888703798e+00 -6.984098560212460427e+01
-1.412544458050634777e+00 -6.984096425706265165e+01
-1.415475048212565312e+00 -6.984094301502672408e+01
-1.418405638374496291e+00 -6.984092137096796193e+01
-1.421336228536426827e+00 -6.984090251647334924e+01
-1.424266818698357362e+00 -6.984088038899068351e+01
-1.427197408860288341e+00 -6.984086446649044433e+01
-1.430127999022219321e+00 -6.984084404203623819e+01
-1.433058589184149856e+00 -6.984082874942863839e+01
-1.435989179346080835e+00 -6.984081206417090470e+01
-1.438919769508011814e+00 -6.984079427218406977e+01
-1.441850359669942350e+00 -6.984077861722637692e+01
-1.444780949831872885e+00 -6.984076304319735584e+01
-1.447711539993803864e+00 -6.984074794316177304e+01
-1.450642130155734844e+00 -6.984073312944784107e+01
-1.453572720317665379e+00 -6.984071927162955262e+01
-1.456503310479596358e+00 -6.984070389897917153e+01
-1.459433900641527337e+00 -6.984069085820416944e+01
-1.462364490803457429e+00 -6.984067700496478892e+01
-1.465295080965388408e+00 -6.984066391478309299e+01
-1.468225671127319387e+00 -6.984065078481404498e+01
-1.471156261289249922e+00 -6.984063743204946206e+01
-1.474086851451180902e+00 -6.984062635710046152e+01
-1.477017441613111881e+00 -6.984061426957542551e+01
-1.479948031775042416e+00 -6.984060409719356244e+01
-1.482878621936972952e+00 -6.984059348008510426e+01
-1.485809212098903931e+00 -6.984058339534662707e+01
-1.488739802260834910e+00 -6.984057273878316607e+01
-1.491670392422765445e+00 -6.984056375293765484e+01
-1.494600982584696425e+00 -6.984055468451062154e+01
-1.497531572746627404e+00 -6.984054604786994958e+01
-1.500462162908557495e+00 -6.984053795950948995e+01
-1.503392753070488475e+00 -6.984052942818573229e+01
-1.506323343232419454e+00 -6.984052162054913993e+01
-1.509253933394349989e+00 -6.984051428711779863e+01
-1.512184523556280968e+00 -6.984050761909128369e+01
-1.515115113718211948e+00 -6.984050061367396722e+01
-1.518045703880142483e+00 -6.984049376815890753e+01
-1.520976294042073018e+00 -6.984048829494328459e+01
-1.523906884204003997e+00 -6.984048302016974219e+01
-1.526837474365934977e+00 -6.984047766359277887e+01
-1.529768064527865512e+00 -6.984047234282951422e+01
-1.532698654689796491e+00 -6.984046769612297112e+01
-1.535629244851727471e+00 -6.984046346683157935e+01
-1.538559835013658006e+00 -6.984045961044462558e+01
-1.541490425175588541e+00 -6.984045633240739903e+01
-1.544421015337519520e+00 -6.984045272341197119e+01
-1.547351605499450056e+00 -6.984044971320474815e+01
-1.550282195661381035e+00 -6.984044779156936045e+01
-1.553212785823312014e+00 -6.984044450586937103e+01
-1.556143375985242550e+00 -6.984044316978453537e+01
-1.559073966147173085e+00 -6.984044167454992191e+01
-1.562004556309104064e+00 -6.984044048020554385e+01
-1.564935146471035043e+00 -6.984043953679437777e+01
-1.567865736632965579e+00 -6.984043903463825131e+01
-1.570796326794896558e+00 -6.984043883068804348e+01
