1.570796326794896558e+00 -1.199253689339497986e+11
1.556115987292140623e+00 -1.199258320028507843e+11
1.541435647789384467e+00 -1.199265778143848724e+11
1.526755308286628532e+00 -1.199281974765519409e+11
1.512074968783872375e+00 -1.199300639564204712e+11
1.497394629281116440e+00 -1.199326624956139374e+11
1.482714289778360284e+00 -1.199354442456941376e+11
1.468033950275604349e+00 -1.199387572053708801e+11
1.453353610772848192e+00 -1.199421766963783264e+11
1.438673271270092258e+00 -1.199459045248748932e+11
1.423992931767336101e+00 -1.199496637071227722e+11
1.409312592264580166e+00 -1.199535231570032501e+11
1.394632252761824009e+00 -1.199573508742494812e+11
1.379951913259068075e+00 -1.199611086671344604e+11
1.365271573756311918e+00 -1.199647893834926453e+11
1.350591234253555983e+00 -1.199682776199687042e+11
1.335910894750799827e+00 -1.199716618953829041e+11
1.321230555248043892e+00 -1.199747779702947998e+11
1.306550215745287735e+00 -1.199777790622818451e+11
1.291869876242531801e+00 -1.199804756668798981e+11
1.277189536739775644e+00 -1.199830580891587524e+11
1.262509197237019709e+00 -1.199853292712535248e+11
1.247828857734263552e+00 -1.199874947609319763e+11
1.233148518231507618e+00 -1.199893621117046204e+11
1.218468178728751461e+00 -1.199911364727735596e+11
1.203787839225995526e+00 -1.199926375941444702e+11
1.189107499723239592e+00 -1.199940600758429413e+11
1.174427160220483435e+00 -1.199952399983085938e+11
1.159746820717727278e+00 -1.199963555822992249e+11
1.145066481214971343e+00 -1.199972609522898712e+11
1.130386141712215409e+00 -1.199981152376611023e+11
1.115705802209459252e+00 -1.199987907312904816e+11
1.101025462706703095e+00 -1.199994268489821625e+11
1.086345123203947161e+00 -1.199999132060254211e+11
1.071664783701191226e+00 -1.200003701816366272e+11
1.056984444198435069e+00 -1.200007033317622986e+11
1.042304104695678912e+00 -1.200010154099013062e+11
1.027623765192922978e+00 -1.200012262856936646e+11
1.012943425690167043e+00 -1.200014228502507019e+11
9.982630861874108863e-01 -1.200015375999187927e+11
9.835827466846548406e-01 -1.200016434351641998e+11
9.689024071818987949e-01 -1.200016838436466370e+11
9.542220676791427492e-01 -1.200017195680436707e+11
9.395417281763867035e-01 -1.200017035657232056e+11
9.248613886736306577e-01 -1.200016861332904358e+11
9.101810491708746120e-01 -1.200016283200868225e+11
8.955007096681185663e-01 -1.200015715270653076e+11
8.808203701653625206e-01 -1.200014836716249390e+11
8.661400306626065859e-01 -1.200013986342141876e+11
8.514596911598505402e-01 -1.200012901280600281e+11
8.367793516570944945e-01 -1.200011857145485382e+11
8.220990121543384488e-01 -1.200010639732309265e+11
8.074186726515824031e-01 -1.200009471844093781e+11
7.927383331488263574e-01 -1.200008179947894745e+11
7.780579936460703117e-01 -1.200006942926164551e+11
7.633776541433142659e-01 -1.200005621091750793e+11
7.486973146405582202e-01 -1.200004356968855896e+11
7.340169751378021745e-01 -1.200003038918233032e+11
7.193366356350461288e-01 -1.200001779502132874e+11
7.046562961322900831e-01 -1.200000490227557983e+11
6.899759566295340374e-01 -1.199999259078758698e+11
6.752956171267779917e-01 -1.199998016582306519e+11
6.606152776240219460e-01 -1.199996830656869812e+11
6.459349381212659003e-01 -1.199995647387491150e+11
6.312545986185098545e-01 -1.199994518394490356e+11
6.165742591157538088e-01 -1.199993402428833923e+11
6.018939196129977631e-01 -1.199992337945909729e+11
5.872135801102417174e-01 -1.199991293953635712e+11
5.725332406074856717e-01 -1.199990298339190369e+11
5.578529011047297370e-01 -1.199989328367929382e+11
5.431725616019735803e-01 -1.199988403503072815e+11
5.284922220992176456e-01 -1.199987507613634949e+11
5.138118825964614889e-01 -1.199986653502687988e+11
4.991315430937055542e-01 -1.199985830279727478e+11
4.844512035909493974e-01 -1.199985045533100891e+11
4.697708640881934627e-01 -1.199984292493851471e+11
4.550905245854373060e-01 -1.199983574714681244e+11
4.404101850826813713e-01 -1.199982888632835236e+11
4.257298455799252146e-01 -1.199982234723215942e+11
4.110495060771692799e-01 -1.199981611884345398e+11
3.963691665744131232e-01 -1.199981018287021179e+11
3.816888270716571885e-01 -1.199980454687646484e+11
3.670084875689010318e-01 -1.199979917574441376e+11
3.523281480661450971e-01 -1.199979409075186615e+11
3.376478085633889403e-01 -1.199978924491719818e+11
3.229674690606330056e-01 -1.199978466934130554e+11
3.082871295578768489e-01 -1.199978030910453186e+11
2.936067900551209142e-01 -1.199977620203484192e+11
2.789264505523647575e-01 -1.199977228835802612e+11
2.642461110496088228e-01 -1.199976861019155579e+11
2.495657715468526661e-01 -1.199976510529712830e+11
2.348854320440967314e-01 -1.199976181818041687e+11
2.202050925413405746e-01 -1.199975868596909180e+11
2.055247530385846400e-01 -1.199975575409154968e+11
1.908444135358284832e-01 -1.199975296041909943e+11
1.761640740330725485e-01 -1.199975035019178619e+11
1.614837345303166138e-01 -1.199974786303677216e+11
1.468033950275606792e-01 -1.199974554318095245e+11
1.321230555248045224e-01 -1.199974333272772064e+11
1.174427160220485877e-01 -1.199974127429478302e+11
1.027623765192924310e-01 -1.199973931295165253e+11
8.808203701653649631e-02 -1.199973748929360657e+11
7.340169751378033958e-02 -1.199973575166363983e+11
5.872135801102440489e-02 -1.199973413836370544e+11
4.404101850826824815e-02 -1.199973260117747192e+11
2.936067900551231347e-02 -1.199973117595663300e+11
1.468033950275615673e-02 -1.199972981798301392e+11
2.220446049250313081e-16 -1.199972856058947754e+11
-1.468033950275593469e-02 -1.199972736252987976e+11
-2.936067900551209142e-02 -1.199972625461234283e+11
-4.404101850826802611e-02 -1.199972519897980499e+11
-5.872135801102418284e-02 -1.199972422396382751e+11
-7.340169751378011753e-02 -1.199972329496492004e+11
-8.808203701653627427e-02 -1.199972243791806793e+11
-1.027623765192922090e-01 -1.199972162132424774e+11
-1.174427160220483657e-01 -1.199972086883027039e+11
-1.321230555248043004e-01 -1.199972015185780792e+11
-1.468033950275604571e-01 -1.199971949188881531e+11
-1.614837345303163918e-01 -1.199971886307714691e+11
-1.761640740330725485e-01 -1.199971828487444000e+11
-1.908444135358284832e-01 -1.199971773397226105e+11
-2.055247530385846400e-01 -1.199971722793128815e+11
-2.202050925413405746e-01 -1.199971674578721161e+11
-2.348854320440967314e-01 -1.199971630334934387e+11
-2.495657715468526661e-01 -1.199971588180835114e+11
-2.642461110496088228e-01 -1.199971549536177673e+11
-2.789264505523647575e-01 -1.199971512717127075e+11
-2.936067900551209142e-01 -1.199971478995569611e+11
-3.082871295578768489e-01 -1.199971446867430878e+11
-3.229674690606325616e-01 -1.199971417469689789e+11
-3.376478085633889403e-01 -1.199971389461442261e+11
-3.523281480661446530e-01 -1.199971363856933441e+11
-3.670084875689010318e-01 -1.199971339463042908e+11
-3.816888270716567444e-01 -1.199971317182727661e+11
-3.963691665744131232e-01 -1.199971295956283569e+11
-4.110495060771688358e-01 -1.199971276586064911e+11
-4.257298455799252146e-01 -1.199971258132506409e+11
-4.404101850826811493e-01 -1.199971241307271576e+11
-4.550905245854370840e-01 -1.199971225278704224e+11
-4.697708640881930187e-01 -1.199971210676990662e+11
-4.844512035909493974e-01 -1.199971196767099609e+11
-4.991315430937053321e-01 -1.199971184106116028e+11
-5.138118825964612668e-01 -1.199971172045453033e+11
-5.284922220992172015e-01 -1.199971161076779175e+11
-5.431725616019735803e-01 -1.199971150628654327e+11
-5.578529011047295150e-01 -1.199971141134261169e+11
-5.725332406074854497e-01 -1.199971132090922394e+11
-5.872135801102413843e-01 -1.199971123879737854e+11
-6.018939196129977631e-01 -1.199971116059124451e+11
-6.165742591157536978e-01 -1.199971108963779755e+11
-6.312545986185096325e-01 -1.199971102206412354e+11
-6.459349381212655672e-01 -1.199971096080541840e+11
-6.606152776240219460e-01 -1.199971090246952209e+11
-6.752956171267778807e-01 -1.199971084962595367e+11
-6.899759566295338153e-01 -1.199971079930898438e+11
-7.046562961322897500e-01 -1.199971075376389160e+11
-7.193366356350461288e-01 -1.199971071040131836e+11
-7.340169751378020635e-01 -1.199971067118048706e+11
-7.486973146405579982e-01 -1.199971063384410400e+11
-7.633776541433139329e-01 -1.199971060009865417e+11
-7.780579936460703117e-01 -1.199971056797968750e+11
-7.927383331488262463e-01 -1.199971053897054443e+11
-8.074186726515821810e-01 -1.199971051136483917e+11
-8.220990121543381157e-01 -1.199971048644922333e+11
-8.367793516570944945e-01 -1.199971046274428101e+11
-8.514596911598504292e-01 -1.199971044136375732e+11
-8.661400306626063639e-01 -1.199971042102740173e+11
-8.808203701653622986e-01 -1.199971040269690247e+11
-8.955007096681186773e-01 -1.199971038526700439e+11
-9.101810491708746120e-01 -1.199971036956606903e+11
-9.248613886736305467e-01 -1.199971035464183197e+11
-9.395417281763864814e-01 -1.199971034120576782e+11
-9.542220676791428602e-01 -1.199971032843981628e+11
-9.689024071818983508e-01 -1.199971031695290527e+11
-9.835827466846547296e-01 -1.199971030604449005e+11
-9.982630861874106643e-01 -1.199971029623393250e+11
-1.012943425690167043e+00 -1.199971028692290649e+11
-1.027623765192922534e+00 -1.199971027855246887e+11
-1.042304104695678912e+00 -1.199971027061379242e+11
-1.056984444198434847e+00 -1.199971026348056335e+11
-1.071664783701191226e+00 -1.199971025672088928e+11
-1.086345123203946716e+00 -1.199971025064881744e+11
-1.101025462706703095e+00 -1.199971024490076752e+11
-1.115705802209459030e+00 -1.199971023973796692e+11
-1.130386141712215409e+00 -1.199971023485709534e+11
-1.145066481214970899e+00 -1.199971023047440033e+11
-1.159746820717727278e+00 -1.199971022633668823e+11
-1.174427160220483213e+00 -1.199971022262208252e+11
-1.189107499723239592e+00 -1.199971021912156372e+11
-1.203787839225995082e+00 -1.199971021597931061e+11
-1.218468178728751461e+00 -1.199971021302482605e+11
-1.233148518231507396e+00 -1.199971021037245636e+11
-1.247828857734263330e+00 -1.199971020788536530e+11
-1.262509197237019265e+00 -1.199971020565345154e+11
-1.277189536739775200e+00 -1.199971020356759186e+11
-1.291869876242531578e+00 -1.199971020169719391e+11
-1.306550215745287513e+00 -1.199971019995621796e+11
-1.321230555248043448e+00 -1.199971019839615631e+11
-1.335910894750799383e+00 -1.199971019695250397e+11
-1.350591234253555761e+00 -1.199971019566023102e+11
-1.365271573756311696e+00 -1.199971019447348633e+11
-1.379951913259067631e+00 -1.199971019341460114e+11
-1.394632252761823565e+00 -1.199971019245182037e+11
-1.409312592264579944e+00 -1.199971019159602661e+11
-1.423992931767335879e+00 -1.199971019082877045e+11
-1.438673271270091814e+00 -1.199971019015342712e+11
-1.453353610772847748e+00 -1.199971018956083374e+11
-1.468033950275604127e+00 -1.199971018904535065e+11
-1.482714289778360062e+00 -1.199971018860831146e+11
-1.497394629281115996e+00 -1.199971018824084167e+11
-1.512074968783871931e+00 -1.199971018794783325e+11
-1.526755308286628310e+00 -1.199971018771773376e+11
-1.541435647789384245e+00 -1.199971018755984192e+11
-1.556115987292140179e+00 -1.199971018745979614e+11
-1.570796326794896114e+00 -1.199971018743132019e+11
