1.556115987292140623e+00 3.423510796370559931e+07
1.526755308286628532e+00 3.246647302974122390e+07
1.497394629281116440e+00 2.916622848524905741e+07
1.468033950275604349e+00 2.474553466001784056e+07
1.438673271270092258e+00 1.969178949294487014e+07
1.409312592264580166e+00 1.447290562404765747e+07
1.379951913259068075e+00 9.470397735564272851e+06
1.350591234253555983e+00 4.949844516900326125e+06
1.321230555248043892e+00 1.062434301602134714e+06
1.291869876242531801e+00 -2.135148165776955429e+06
1.262509197237019709e+00 -4.654267016006045043e+06
1.233148518231507618e+00 -6.549098177108929493e+06
1.203787839225995526e+00 -7.896336610635889694e+06
1.174427160220483435e+00 -8.780715875570042059e+06
1.145066481214971343e+00 -9.285695316785233095e+06
1.115705802209459252e+00 -9.488123103206764907e+06
1.086345123203947161e+00 -9.455671618073992431e+06
1.056984444198434847e+00 -9.246054693374015391e+06
1.027623765192922978e+00 -8.907298781380739063e+06
9.982630861874107753e-01 -8.478573325121529400e+06
9.689024071818987949e-01 -7.991264896738712676e+06
9.395417281763865924e-01 -7.470106165951412171e+06
9.101810491708745010e-01 -6.934254731627522036e+06
8.808203701653625206e-01 -6.398269867324594408e+06
8.514596911598504292e-01 -5.872967112164049409e+06
8.220990121543383378e-01 -5.366148801163735799e+06
7.927383331488263574e-01 -4.883218202437646687e+06
7.633776541433141549e-01 -4.427689330258519389e+06
7.340169751378021745e-01 -4.001605921033731196e+06
7.046562961322899721e-01 -3.605882850407621823e+06
6.752956171267778807e-01 -3.240582236793230753e+06
6.459349381212659003e-01 -2.905135112811787985e+06
6.165742591157536978e-01 -2.598518084476393647e+06
5.872135801102416064e-01 -2.319393019498270471e+06
5.578529011047297370e-01 -2.066216534759523580e+06
5.284922220992176456e-01 -1.837324944536227733e+06
4.991315430937055542e-01 -1.630999366052530939e+06
4.697708640881934627e-01 -1.445514864393698750e+06
4.404101850826813713e-01 -1.279176837494339328e+06
4.110495060771692799e-01 -1.130347247931050137e+06
3.816888270716571885e-01 -9.974628387246661587e+05
3.523281480661450971e-01 -8.790470615539816208e+05
3.229674690606330056e-01 -7.737171538736619987e+05
2.936067900551209142e-01 -6.801874616315320600e+05
2.642461110496088228e-01 -5.972699494462878210e+05
2.348854320440967314e-01 -5.238726085839967709e+05
2.055247530385846400e-01 -4.589963588232656475e+05
1.761640740330725485e-01 -4.017308872872499633e+05
1.468033950275606792e-01 -3.512498075080398703e+05
1.174427160220485877e-01 -3.068053719740576344e+05
8.808203701653649631e-02 -2.677230178377783159e+05
5.872135801102440489e-02 -2.333958420497380721e+05
2.936067900551231347e-02 -2.032791814167565317e+05
2.220446049250313081e-16 -1.768853379668018024e+05
-2.936067900551209142e-02 -1.537785565283655014e+05
-5.872135801102418284e-02 -1.335702501332854154e+05
-8.808203701653627427e-02 -1.159145424025745015e+05
-1.174427160220483657e-01 -1.005040975294864911e+05
-1.468033950275604571e-01 -8.706627706704904267e+04
-1.761640740330725485e-01 -7.535958871043669933e+04
-2.055247530385846400e-01 -6.517044740028841625e+04
-2.348854320440967314e-01 -5.631020521463241312e+04
-2.642461110496088228e-01 -4.861246865994285326e+04
-2.936067900551209142e-01 -4.193065464886424161e+04
-3.229674690606325616e-01 -3.613579148744385020e+04
-3.523281480661446530e-01 -3.111453791463254311e+04
-3.816888270716567444e-01 -2.676739869018536774e+04
-4.110495060771688358e-01 -2.300712832099244406e+04
-4.404101850826811493e-01 -1.975731196370010002e+04
-4.697708640881930187e-01 -1.695107876350051083e+04
-4.991315430937053321e-01 -1.452997791295086427e+04
-5.284922220992172015e-01 -1.244296549744359254e+04
-5.578529011047295150e-01 -1.064550831740700596e+04
-5.872135801102413843e-01 -9.098791134299553960e+03
-6.165742591157536978e-01 -7.769014370122522450e+03
-6.459349381212655672e-01 -6.626771547854823439e+03
-6.752956171267778807e-01 -5.646502677358260371e+03
-7.046562961322897500e-01 -4.806009764236520823e+03
-7.340169751378020635e-01 -4.086032984538619530e+03
-7.633776541433139329e-01 -3.469874903401543179e+03
-7.927383331488262463e-01 -2.943073713711818982e+03
-8.220990121543381157e-01 -2.493113802854328242e+03
-8.514596911598504292e-01 -2.109173428206649987e+03
-8.808203701653622986e-01 -1.781905074059966637e+03
-9.101810491708746120e-01 -1.503239518671811084e+03
-9.395417281763864814e-01 -1.266217991082838580e+03
-9.689024071818983508e-01 -1.064844811435934616e+03
-9.982630861874106643e-01 -8.939593849648563264e+02
-1.027623765192922534e+00 -7.491236689858792488e+02
-1.056984444198434847e+00 -6.265252412948083247e+02
-1.086345123203946716e+00 -5.228957020379281175e+02
-1.115705802209459030e+00 -4.354202695713062781e+02
-1.145066481214970899e+00 -3.617095516723599076e+02
-1.174427160220483213e+00 -2.997047900015232926e+02
-1.203787839225995082e+00 -2.476533122414736567e+02
-1.233148518231507396e+00 -2.040627904928439875e+02
-1.262509197237019265e+00 -1.676640455536984291e+02
-1.291869876242531578e+00 -1.373835345339118703e+02
-1.321230555248043448e+00 -1.123126562636828965e+02
-1.350591234253555761e+00 -9.169022612189078814e+01
-1.379951913259067631e+00 -7.487566405123818924e+01
-1.409312592264579944e+00 -6.135329681427290183e+01
-1.438673271270091814e+00 -5.069145541669107047e+01
-1.468033950275604127e+00 -4.254521318632529869e+01
-1.497394629281115996e+00 -3.665661179095271649e+01
-1.526755308286628310e+00 -3.284099929055209088e+01
-1.556115987292140179e+00 -3.095987473492443343e+01
