1.570796326794896558e+00 1.469523577987561112e+03
1.556115987292140623e+00 1.453946988560660657e+03
1.541435647789384467e+00 1.428528825671572804e+03
1.526755308286628532e+00 1.374935928025562816e+03
1.512074968783872375e+00 1.313628342123082575e+03
1.497394629281116440e+00 1.231861131032685307e+03
1.482714289778360284e+00 1.145754423917757549e+03
1.468033950275604349e+00 1.048869423635524981e+03
1.453353610772848192e+00 9.510682259699869974e+02
1.438673271270092258e+00 8.513689373515738907e+02
1.423992931767336101e+00 7.533595513309832086e+02
1.409312592264580166e+00 6.598739829921787532e+02
1.394632252761824009e+00 5.695755607854074469e+02
1.379951913259068075e+00 4.874578334555645256e+02
1.365271573756311918e+00 4.090559317673519217e+02
1.350591234253555983e+00 3.402410209217823081e+02
1.335910894750799827e+00 2.750243099976132726e+02
1.321230555248043892e+00 2.193214598856581574e+02
1.306550215745287735e+00 1.667629364475873501e+02
1.291869876242531801e+00 1.228477722316309126e+02
1.277189536739775644e+00 8.150648010756096085e+01
1.262509197237019709e+00 4.761497519581649840e+01
1.247828857734263552e+00 1.573693113603476057e+01
1.233148518231507618e+00 -9.928273758033141050e+00
1.218468178728751461e+00 -3.407152371037953742e+01
1.203787839225995526e+00 -5.314172041947457359e+01
1.189107499723239592e+00 -7.109432223911028359e+01
1.174427160220483435e+00 -8.496098993282785727e+01
1.159746820717727278e+00 -9.802980989334533035e+01
1.145066481214971343e+00 -1.078376179698047679e+02
1.130386141712215409e+00 -1.170939260773460120e+02
1.115705802209459252e+00 -1.237641488162950338e+02
1.101025462706703095e+00 -1.300692661169960331e+02
1.086345123203947161e+00 -1.343336187275851898e+02
1.071664783701191226e+00 -1.383719825991415746e+02
1.056984444198435069e+00 -1.408070048082665267e+02
1.042304104695678912e+00 -1.431186589673259846e+02
1.027623765192922978e+00 -1.441764445740001008e+02
1.012943425690167043e+00 -1.451856713451948337e+02
9.982630861874108863e-01 -1.452196425055460338e+02
9.835827466846548406e-01 -1.452588373348631308e+02
9.689024071818987949e-01 -1.445446360555280023e+02
9.542220676791427492e-01 -1.438736171848094614e+02
9.395417281763867035e-01 -1.426257156843630298e+02
9.248613886736306577e-01 -1.414470841739258731e+02
9.101810491708746120e-01 -1.398318585079756531e+02
8.955007096681185663e-01 -1.383031074399625879e+02
8.808203701653625206e-01 -1.364490856920594126e+02
8.661400306626065859e-01 -1.346921161241434106e+02
8.514596911598505402e-01 -1.326980038147429184e+02
8.367793516570944945e-01 -1.308066004025859570e+02
8.220990121543384488e-01 -1.287475799349407453e+02
8.074186726515824031e-01 -1.267932953824683437e+02
7.927383331488263574e-01 -1.247259810923643215e+02
7.780579936460703117e-01 -1.227627806806193291e+02
7.633776541433142659e-01 -1.207291343522644951e+02
7.486973146405582202e-01 -1.187970780443381784e+02
7.340169751378021745e-01 -1.168275128542773871e+02
7.193366356350461288e-01 -1.149556811283933655e+02
7.046562961322900831e-01 -1.130715318237617879e+02
6.899759566295340374e-01 -1.112803616505815114e+02
6.752956171267779917e-01 -1.094958547819222616e+02
6.606152776240219460e-01 -1.077990065722587474e+02
6.459349381212659003e-01 -1.061228382803420942e+02
6.312545986185098545e-01 -1.045286926970265284e+02
6.165742591157538088e-01 -1.029652895972333084e+02
6.018939196129977631e-01 -1.014781484319253622e+02
5.872135801102417174e-01 -1.000286794618525761e+02
5.725332406074856717e-01 -9.864972869959673574e+01
5.578529011047297370e-01 -9.731291364659332999e+01
5.431725616019735803e-01 -9.604099400573358025e+01
5.284922220992176456e-01 -9.481375003286376568e+01
5.138118825964614889e-01 -9.364597477310380214e+01
4.991315430937055542e-01 -9.252393029238150746e+01
4.844512035909493974e-01 -9.145617593685227575e+01
4.697708640881934627e-01 -9.043407736927088081e+01
4.550905245854373060e-01 -8.946137269687697824e+01
4.404101850826813713e-01 -8.853340535816276713e+01
4.257298455799252146e-01 -8.765023848383761162e+01
4.110495060771692799e-01 -8.681027613274264354e+01
3.963691665744131232e-01 -8.601083353048601055e+01
3.816888270716571885e-01 -8.525263153926952953e+01
3.670084875689010318e-01 -8.453098211793093242e+01
3.523281480661450971e-01 -8.384832397933000436e+01
3.376478085633889403e-01 -8.319856036972299762e+01
3.229674690606330056e-01 -8.258536653774163483e+01
3.082871295578768489e-01 -8.200170933301042453e+01
2.936067900551209142e-01 -8.145211734212374211e+01
2.789264505523647575e-01 -8.092899178573743768e+01
2.642461110496088228e-01 -8.043741195000397681e+01
2.495657715468526661e-01 -7.996950079287189794e+01
2.348854320440967314e-01 -7.953065163050034414e+01
2.202050925413405746e-01 -7.911293098695371384e+01
2.055247530385846400e-01 -7.872186247814330784e+01
1.908444135358284832e-01 -7.834962175990774824e+01
1.761640740330725485e-01 -7.800172446028443574e+01
1.614837345303166138e-01 -7.767057757513128990e+01
1.468033950275606792e-01 -7.736158426094128515e+01
1.321230555248045224e-01 -7.706746978985567864e+01
1.174427160220485877e-01 -7.679344965085033436e+01
1.027623765192924310e-01 -7.653262680837258358e+01
8.808203701653649631e-02 -7.628997535944549213e+01
7.340169751378033958e-02 -7.605901338282329505e+01
5.872135801102440489e-02 -7.584443856141238882e+01
4.404101850826824815e-02 -7.564020371457158376e+01
2.936067900551231347e-02 -7.545070948166524261e+01
1.468033950275615673e-02 -7.527035002082232040e+01
2.220446049250313081e-16 -7.510321877505030841e+01
-1.468033950275593469e-02 -7.494414781072890719e+01
-2.936067900551209142e-02 -7.479692153621488160e+01
-4.404101850826802611e-02 -7.465679921087875925e+01
-5.872135801102418284e-02 -7.452726101454315710e+01
-7.340169751378011753e-02 -7.440397693383826550e+01
-8.808203701653627427e-02 -7.429013228731075458e+01
-1.027623765192922090e-01 -7.418178755627923238e+01
-1.174427160220483657e-01 -7.408184604933614992e+01
-1.321230555248043004e-01 -7.398673659440386530e+01
-1.468033950275604571e-01 -7.389909475071428346e+01
-1.614837345303163918e-01 -7.381569411122742963e+01
-1.761640740330725485e-01 -7.373891845417136892e+01
-1.908444135358284832e-01 -7.366586170701577885e+01
-2.055247530385846400e-01 -7.359867361756953130e+01
-2.202050925413405746e-01 -7.353474391921088227e+01
-2.348854320440967314e-01 -7.347600460848605053e+01
-2.495657715468526661e-01 -7.342011760056449532e+01
-2.642461110496088228e-01 -7.336881431351038430e+01
-2.789264505523647575e-01 -7.332000592794557292e+01
-2.936067900551209142e-01 -7.327524017516613242e+01
-3.082871295578768489e-01 -7.323265499853599181e+01
-3.229674690606325616e-01 -7.319363004609695622e+01
-3.376478085633889403e-01 -7.315650989680544569e+01
-3.523281480661446530e-01 -7.312252056537478495e+01
-3.670084875689010318e-01 -7.309019390445321562e+01
-3.816888270716567444e-01 -7.306061730957931388e+01
-3.963691665744131232e-01 -7.303249120393979865e+01
-4.110495060771688358e-01 -7.300677741017133826e+01
-4.257298455799252146e-01 -7.298232801061276120e+01
-4.404101850826811493e-01 -7.295999201794464284e+01
-4.550905245854370840e-01 -7.293875822098310380e+01
-4.697708640881930187e-01 -7.291937292051501629e+01
-4.844512035909493974e-01 -7.290094825400443312e+01
-4.991315430937053321e-01 -7.288413835490567294e+01
-5.138118825964612668e-01 -7.286816486015602834e+01
-5.284922220992172015e-01 -7.285360098002257701e+01
-5.431725616019735803e-01 -7.283976528235200476e+01
-5.578529011047295150e-01 -7.282715731828668027e+01
-5.725332406074854497e-01 -7.281518384911723274e+01
-5.872135801102413843e-01 -7.280427892082711594e+01
-6.018939196129977631e-01 -7.279392607501736734e+01
-6.165742591157536978e-01 -7.278450157344478555e+01
-6.312545986185096325e-01 -7.277555797045884844e+01
-6.459349381212655672e-01 -7.276741981941704296e+01
-6.606152776240219460e-01 -7.275970085277008081e+01
-6.752956171267778807e-01 -7.275267900325826531e+01
-6.899759566295338153e-01 -7.274602278029311719e+01
-7.046562961322897500e-01 -7.273996938657614919e+01
-7.193366356350461288e-01 -7.273423485897738772e+01
-7.340169751378020635e-01 -7.272902047093106148e+01
-7.486973146405579982e-01 -7.272408458895573347e+01
-7.633776541433139329e-01 -7.271959660371616962e+01
-7.780579936460703117e-01 -7.271535207452271266e+01
-7.927383331488262463e-01 -7.271149255001128608e+01
-8.074186726515821810e-01 -7.270784620875919302e+01
-8.220990121543381157e-01 -7.270452962611730641e+01
-8.367793516570944945e-01 -7.270140029441023444e+01
-8.514596911598504292e-01 -7.269855286614847500e+01
-8.661400306626063639e-01 -7.269586965213574103e+01
-8.808203701653622986e-01 -7.269342672745271727e+01
-8.955007096681186773e-01 -7.269112870406097215e+01
-9.101810491708746120e-01 -7.268903472826320922e+01
-9.248613886736305467e-01 -7.268706879662613574e+01
-9.395417281763864814e-01 -7.268527524531320694e+01
-9.542220676791428602e-01 -7.268359521604172357e+01
-9.689024071818983508e-01 -7.268206007179914252e+01
-9.835827466846547296e-01 -7.268062629152953491e+01
-9.982630861874106643e-01 -7.267931353723272991e+01
-1.012943425690167043e+00 -7.267809130703359699e+01
-1.027623765192922534e+00 -7.267696993782440984e+01
-1.042304104695678912e+00 -7.267592953343019246e+01
-1.056984444198434847e+00 -7.267497200543699876e+01
-1.071664783701191226e+00 -7.267408803898869962e+01
-1.086345123203946716e+00 -7.267327108904089528e+01
-1.101025462706703095e+00 -7.267252098479988831e+01
-1.115705802209459030e+00 -7.267182490745005907e+01
-1.130386141712215409e+00 -7.267118954973086886e+01
-1.145066481214970899e+00 -7.267059689804838740e+01
-1.159746820717727278e+00 -7.267006020353205997e+01
-1.174427160220483213e+00 -7.266955621987226266e+01
-1.189107499723239592e+00 -7.266910387099906643e+01
-1.203787839225995082e+00 -7.266867563894115278e+01
-1.218468178728751461e+00 -7.266829569455705951e+01
-1.233148518231507396e+00 -7.266793251816176280e+01
-1.247828857734263330e+00 -7.266761450033131098e+01
-1.262509197237019265e+00 -7.266730718041610260e+01
-1.277189536739775200e+00 -7.266704228256692488e+01
-1.291869876242531578e+00 -7.266678280277895396e+01
-1.306550215745287513e+00 -7.266656366772548381e+01
-1.321230555248043448e+00 -7.266634517150947659e+01
-1.335910894750799383e+00 -7.266616529426336513e+01
-1.350591234253555761e+00 -7.266598262898692440e+01
-1.365271573756311696e+00 -7.266583695979657875e+01
-1.379951913259067631e+00 -7.266568489850652668e+01
-1.394632252761823565e+00 -7.266556866178612495e+01
-1.409312592264579944e+00 -7.266544385545373075e+01
-1.423992931767335879e+00 -7.266535374082646115e+01
-1.438673271270091814e+00 -7.266525270700998362e+01
-1.453353610772847748e+00 -7.266518551713913610e+01
-1.468033950275604127e+00 -7.266510593525516981e+01
-1.482714289778360062e+00 -7.266505936832295731e+01
-1.497394629281115996e+00 -7.266499934538039440e+01
-1.512074968783871931e+00 -7.266497175276539622e+01
-1.526755308286628310e+00 -7.266492998259381864e+01
-1.541435647789384245e+00 -7.266492055938573458e+01
-1.556115987292140179e+00 -7.266489580574832985e+01
-1.570796326794896114e+00 -7.266490339152363731e+01
