1.556115987292140623e+00 1.149649645702364044e+11
1.526755308286628532e+00 1.149682822236885986e+11
1.497394629281116440e+00 1.149742656348094788e+11
1.468033950275604349e+00 1.149818732383847809e+11
1.438673271270092258e+00 1.149900293300041504e+11
1.409312592264580166e+00 1.149978857566900024e+11
1.379951913259068075e+00 1.150049178276593628e+11
1.350591234253555983e+00 1.150108920927825165e+11
1.321230555248043892e+00 1.150157787833138580e+11
1.291869876242531801e+00 1.150196638859296875e+11
1.262509197237019709e+00 1.150226841395928345e+11
1.233148518231507618e+00 1.150249872225812378e+11
1.203787839225995526e+00 1.150267110945094604e+11
1.174427160220483435e+00 1.150279754320771790e+11
1.145066481214971343e+00 1.150288797391506348e+11
1.115705802209459252e+00 1.150295046680635376e+11
1.086345123203947161e+00 1.150299145871031647e+11
1.056984444198434847e+00 1.150301603880659180e+11
1.027623765192922978e+00 1.150302820791664734e+11
9.982630861874107753e-01 1.150303110001024933e+11
9.689024071818986839e-01 1.150302716371413422e+11
9.395417281763865924e-01 1.150301830763608093e+11
9.101810491708745010e-01 1.150300601526119385e+11
8.808203701653625206e-01 1.150299143525088196e+11
8.514596911598505402e-01 1.150297545228315125e+11
8.220990121543383378e-01 1.150295874267957458e+11
7.927383331488263574e-01 1.150294181819456482e+11
7.633776541433141549e-01 1.150292506060186310e+11
7.340169751378020635e-01 1.150290874911653442e+11
7.046562961322899721e-01 1.150289308220580292e+11
6.752956171267779917e-01 1.150287819499483948e+11
6.459349381212659003e-01 1.150286417318600159e+11
6.165742591157536978e-01 1.150285106420776062e+11
5.872135801102416064e-01 1.150283888614767151e+11
5.578529011047297370e-01 1.150282763490715790e+11
5.284922220992176456e-01 1.150281728991937256e+11
4.991315430937055542e-01 1.150280781870843506e+11
4.697708640881934627e-01 1.150279918050612030e+11
4.404101850826813713e-01 1.150279132910528412e+11
4.110495060771692799e-01 1.150278421509327698e+11
3.816888270716569664e-01 1.150277778758226776e+11
3.523281480661450971e-01 1.150277199553094482e+11
3.229674690606330056e-01 1.150276678874104156e+11
2.936067900551209142e-01 1.150276211858350525e+11
2.642461110496088228e-01 1.150275793851992950e+11
2.348854320440967314e-01 1.150275420444971161e+11
2.055247530385846400e-01 1.150275087492740479e+11
1.761640740330725485e-01 1.150274791127715454e+11
1.468033950275606792e-01 1.150274527762460327e+11
1.174427160220485877e-01 1.150274294086924438e+11
8.808203701653649631e-02 1.150274087061421204e+11
5.872135801102440489e-02 1.150273903905874023e+11
2.936067900551231347e-02 1.150273742087278137e+11
2.220446049250313081e-16 1.150273599305350342e+11
-2.936067900551209142e-02 1.150273473477731628e+11
-5.872135801102418284e-02 1.150273362724416504e+11
-8.808203701653627427e-02 1.150273265352604675e+11
-1.174427160220483657e-01 1.150273179841616058e+11
-1.468033950275604571e-01 1.150273104828535156e+11
-1.761640740330725485e-01 1.150273039094164734e+11
-2.055247530385846400e-01 1.150272981550153198e+11
-2.348854320440967314e-01 1.150272931226702271e+11
-2.642461110496088228e-01 1.150272887261007996e+11
-2.936067900551209142e-01 1.150272848886835785e+11
-3.229674690606325616e-01 1.150272815424735718e+11
-3.523281480661446530e-01 1.150272786272956696e+11
-3.816888270716569664e-01 1.150272760899579926e+11
-4.110495060771688358e-01 1.150272738834760284e+11
-4.404101850826811493e-01 1.150272719664183960e+11
-4.697708640881930187e-01 1.150272703022920837e+11
-4.991315430937053321e-01 1.150272688589894104e+11
-5.284922220992172015e-01 1.150272676082922058e+11
-5.578529011047295150e-01 1.150272665254400482e+11
-5.872135801102413843e-01 1.150272655887113342e+11
-6.165742591157536978e-01 1.150272647790884857e+11
-6.459349381212655672e-01 1.150272640799222107e+11
-6.752956171267778807e-01 1.150272634766678467e+11
-7.046562961322897500e-01 1.150272629566130981e+11
-7.340169751378020635e-01 1.150272625086809692e+11
-7.633776541433139329e-01 1.150272621231973267e+11
-7.927383331488262463e-01 1.150272617917515869e+11
-8.220990121543381157e-01 1.150272615070267792e+11
-8.514596911598504292e-01 1.150272612626572876e+11
-8.808203701653622986e-01 1.150272610531141357e+11
-9.101810491708746120e-01 1.150272608736045837e+11
-9.395417281763864814e-01 1.150272607199741211e+11
-9.689024071818983508e-01 1.150272605886184998e+11
-9.982630861874106643e-01 1.150272604764216156e+11
-1.027623765192922534e+00 1.150272603806945648e+11
-1.056984444198434847e+00 1.150272602991161194e+11
-1.086345123203946716e+00 1.150272602296690674e+11
-1.115705802209459030e+00 1.150272601706341248e+11
-1.145066481214970899e+00 1.150272601205182343e+11
-1.174427160220483213e+00 1.150272600780524445e+11
-1.203787839225995082e+00 1.150272600421312408e+11
-1.233148518231507396e+00 1.150272600118233490e+11
-1.262509197237019265e+00 1.150272599863144073e+11
-1.291869876242531578e+00 1.150272599649332733e+11
-1.321230555248043448e+00 1.150272599470954742e+11
-1.350591234253555761e+00 1.150272599323184814e+11
-1.379951913259067631e+00 1.150272599201886444e+11
-1.409312592264579944e+00 1.150272599103664398e+11
-1.438673271270091814e+00 1.150272599025777283e+11
-1.468033950275604127e+00 1.150272598965976105e+11
-1.497394629281115996e+00 1.150272598922575531e+11
-1.526755308286628310e+00 1.150272598894358368e+11
-1.556115987292140179e+00 1.150272598880404510e+11
