1.556115987292140623e+00 -1.496238759912485604e-14
1.526755308286628532e+00 -1.377962431712703058e-14
1.497394629281116440e+00 -1.167120601911843187e-14
1.468033950275604349e+00 -9.042881418907191450e-15
1.438673271270092258e+00 -6.304698285910421597e-15
1.409312592264580166e+00 -3.767345329758849978e-15
1.379951913259068075e+00 -1.608046903452305720e-15
1.350591234253555983e+00 1.110603881716754485e-16
1.321230555248043892e+00 1.404046982277865800e-15
1.291869876242531801e+00 2.324422021071456562e-15
1.262509197237019709e+00 2.939291497650474634e-15
1.233148518231507618e+00 3.314544573100686795e-15
1.203787839225995526e+00 3.507988011693599163e-15
1.174427160220483435e+00 3.567224550420871868e-15
1.145066481214971343e+00 3.529951500075098203e-15
1.115705802209459252e+00 3.425270088269545771e-15
1.086345123203947161e+00 3.275254782603725791e-15
1.056984444198434847e+00 3.096433199638300099e-15
1.027623765192922978e+00 2.901045628609766045e-15
9.982630861874107753e-01 2.698060479980570964e-15
9.689024071818986839e-01 2.493968007681183344e-15
9.395417281763865924e-01 2.293389726310124442e-15
9.101810491708745010e-01 2.099541739966371921e-15
8.808203701653625206e-01 1.914585401271095379e-15
8.514596911598505402e-01 1.739892402352700262e-15
8.220990121543383378e-01 1.576245401901669873e-15
7.927383331488263574e-01 1.423990223474747350e-15
7.633776541433141549e-01 1.283151651465157920e-15
7.340169751378020635e-01 1.153521789744778184e-15
7.046562961322899721e-01 1.034727611844601136e-15
6.752956171267779917e-01 9.262826726598019675e-16
6.459349381212659003e-01 8.276266554739468539e-16
6.165742591157536978e-01 7.381555448074718513e-16
5.872135801102416064e-01 6.572445178001031807e-16
5.578529011047297370e-01 5.842651642893209385e-16
5.284922220992176456e-01 5.185982574360792951e-16
4.991315430937055542e-01 4.596430554983862987e-16
4.697708640881934627e-01 4.068238699382792420e-16
4.404101850826813713e-01 3.595944988031039667e-16
4.110495060771692799e-01 3.174409906327328644e-16
3.816888270716569664e-01 2.798831282344359153e-16
3.523281480661450971e-01 2.464749081094354720e-16
3.229674690606330056e-01 2.168042875887310596e-16
2.936067900551209142e-01 1.904923503420378720e-16
2.642461110496088228e-01 1.671920940528024133e-16
2.348854320440967314e-01 1.465869137728780461e-16
2.055247530385846400e-01 1.283889119171229294e-16
1.761640740330725485e-01 1.123371017014926041e-16
1.468033950275606792e-01 9.819555445828171955e-17
1.174427160220485877e-01 8.575154294189010594e-17
8.808203701653649631e-02 7.481373065978198234e-17
5.872135801102440489e-02 6.521039516000219859e-17
2.936067900551231347e-02 5.678774929545932035e-17
2.220446049250313081e-16 4.940832756673035765e-17
-2.936067900551209142e-02 4.294949049374921118e-17
-5.872135801102418284e-02 3.730200915702361155e-17
-8.808203701653627427e-02 3.236876403973638032e-17
-1.174427160220483657e-01 2.806353369799939717e-17
-1.468033950275604571e-01 2.430989158960317949e-17
-1.761640740330725485e-01 2.104018240261324156e-17
-2.055247530385846400e-01 1.819460400000192730e-17
-2.348854320440967314e-01 1.572036224705782952e-17
-2.642461110496088228e-01 1.357090640307115359e-17
-2.936067900551209142e-01 1.170524373137424961e-17
-3.229674690606325616e-01 1.008731829944675776e-17
-3.523281480661446530e-01 8.685447289563576571e-18
-3.816888270716569664e-01 7.471829355921163170e-18
-4.110495060771688358e-01 6.422087107024470207e-18
-4.404101850826811493e-01 5.514872584686366130e-18
-4.697708640881930187e-01 4.731506831322445821e-18
-4.991315430937053321e-01 4.055666600777499970e-18
-5.284922220992172015e-01 3.473095978456505330e-18
-5.578529011047295150e-01 2.971361777212684481e-18
-5.872135801102413843e-01 2.539622688975202970e-18
-6.165742591157536978e-01 2.168444456397494751e-18
-6.459349381212655672e-01 1.849614582137949290e-18
-6.752956171267778807e-01 1.576000029869421353e-18
-7.046562961322897500e-01 1.341400244485665170e-18
-7.340169751378020635e-01 1.140441774154222719e-18
-7.633776541433139329e-01 9.684601264624625142e-19
-7.927383331488262463e-01 8.214203655890184262e-19
-8.220990121543381157e-01 6.958308996467924812e-19
-8.514596911598504292e-01 5.886689303743663364e-19
-8.808203701653622986e-01 4.973235936388977554e-19
-9.101810491708746120e-01 4.195439886145981570e-19
-9.395417281763864814e-01 3.533894799021249051e-19
-9.689024071818983508e-01 2.971849277977917167e-19
-9.982630861874106643e-01 2.494885129514841869e-19
-1.027623765192922534e+00 2.090635112012312949e-19
-1.056984444198434847e+00 1.748472372077502597e-19
-1.086345123203946716e+00 1.459211975884814311e-19
-1.115705802209459030e+00 1.215074649876302779e-19
-1.145066481214970899e+00 1.009322811281369999e-19
-1.174427160220483213e+00 8.362702678246128519e-20
-1.203787839225995082e+00 6.909873999281173895e-20
-1.233148518231507396e+00 5.693443109669397936e-20
-1.262509197237019265e+00 4.677340593295671842e-20
-1.291869876242531578e+00 3.832102679570203440e-20
-1.321230555248043448e+00 3.132282695903800908e-20
-1.350591234253555761e+00 2.556820122488512365e-20
-1.379951913259067631e+00 2.087653934210875005e-20
-1.409312592264579944e+00 1.710132024394260692e-20
-1.438673271270091814e+00 1.412433877851862298e-20
-1.468033950275604127e+00 1.185162459923152892e-20
-1.497394629281115996e+00 1.020900734412214369e-20
-1.526755308286628310e+00 9.143396961640532249e-21
-1.556115987292140179e+00 8.617638304672378577e-21
