1.570796326794896558e+00 1.472867368367403515e+03
1.565902880293977839e+00 1.471387482630441355e+03
1.561009433793059120e+00 1.468217196490074002e+03
1.556115987292140623e+00 1.462119225968739102e+03
1.551222540791221904e+00 1.454374208892442311e+03
1.546329094290303185e+00 1.443796314886195432e+03
1.541435647789384467e+00 1.431655790570841646e+03
1.536542201288465748e+00 1.416835304421691035e+03
1.531648754787547029e+00 1.400573347127033458e+03
1.526755308286628532e+00 1.381835303435754440e+03
1.521861861785709813e+00 1.361807636912550606e+03
1.516968415284791094e+00 1.339549547880801128e+03
1.512074968783872375e+00 1.316177127564193370e+03
1.507181522282953656e+00 1.290851238756419662e+03
1.502288075782034937e+00 1.264601883853070603e+03
1.497394629281116440e+00 1.236696240096631300e+03
1.492501182780197722e+00 1.208065637335043903e+03
1.487607736279279003e+00 1.178085244138918370e+03
1.482714289778360284e+00 1.147578553648653042e+03
1.477820843277441565e+00 1.116027762441224013e+03
1.472927396776522846e+00 1.084142860888319547e+03
1.468033950275604349e+00 1.051509874202463379e+03
1.463140503774685630e+00 1.018722994621945531e+03
1.458247057273766911e+00 9.854670755970353184e+02
1.453353610772848192e+00 9.522213115026954711e+02
1.448460164271929473e+00 9.187630241170144245e+02
1.443566717771010754e+00 8.854598842717504112e+02
1.438673271270092258e+00 8.521743734634757175e+02
1.433779824769173539e+00 8.191683217701227022e+02
1.428886378268254820e+00 7.863814724329288310e+02
1.423992931767336101e+00 7.539771924326843191e+02
1.419099485266417382e+00 7.219643241138442136e+02
1.414206038765498885e+00 6.904163366853862271e+02
1.409312592264580166e+00 6.594029992830064657e+02
1.404419145763661447e+00 6.289171732872795246e+02
1.399525699262742728e+00 5.990815815634330193e+02
1.394632252761824009e+00 5.698180825890575534e+02
1.389738806260905291e+00 5.412947272613637324e+02
1.384845359759986572e+00 5.133719523056489606e+02
1.379951913259068075e+00 4.862559704859336307e+02
1.375058466758149356e+00 4.597550749866400110e+02
1.370165020257230637e+00 4.341070164643681437e+02
1.365271573756311918e+00 4.090767180551216597e+02
1.360378127255393199e+00 3.849274129959421771e+02
1.355484680754474702e+00 3.613887923284127055e+02
1.350591234253555983e+00 3.387441057252715950e+02
1.345697787752637264e+00 3.166952191491660074e+02
1.340804341251718546e+00 2.955405236382659382e+02
1.335910894750799827e+00 2.749606955076588974e+02
1.331017448249881330e+00 2.552649646394422120e+02
1.326124001748962611e+00 2.361186748720257640e+02
1.321230555248043892e+00 2.178381322337485244e+02
1.316337108747125173e+00 2.000784553680670115e+02
1.311443662246206454e+00 1.831597682578914430e+02
1.306550215745287735e+00 1.667313542959684867e+02
1.301656769244369016e+00 1.511143696979713695e+02
1.296763322743450519e+00 1.359559829389122285e+02
1.291869876242531801e+00 1.215760224838505650e+02
1.286976429741613082e+00 1.076226610700557700e+02
1.282082983240694363e+00 9.441242393301268976e+01
1.277189536739775644e+00 8.159706095027424055e+01
1.272296090238857147e+00 6.948816360600001474e+01
1.267402643737938428e+00 5.774315112925248883e+01
1.262509197237019709e+00 4.666735351372916085e+01
1.257615750736100990e+00 3.592552925571312272e+01
1.252722304235182271e+00 2.581568804616998847e+01
1.247828857734263552e+00 1.601123185287146100e+01
1.242935411233344833e+00 6.802022477568296921e+00
1.238041964732426337e+00 -2.128903180338684642e+00
1.233148518231507618e+00 -1.050045522469593173e+01
1.228255071730588899e+00 -1.861923928492130642e+01
1.223361625229670180e+00 -2.621338922046242459e+01
1.218468178728751461e+00 -3.357865381866425025e+01
1.213574732227832964e+00 -4.045269728152803168e+01
1.208681285726914245e+00 -4.712009877896922916e+01
1.203787839225995526e+00 -5.332822977610621251e+01
1.198894392725076807e+00 -5.935034671180363830e+01
1.194000946224158088e+00 -6.494360593428510242e+01
1.189107499723239370e+00 -7.036991005820152623e+01
1.184214053222320651e+00 -7.539618793541953323e+01
1.179320606721402154e+00 -8.027306308537880852e+01
1.174427160220483435e+00 -8.477715687559674507e+01
1.169533713719564716e+00 -8.914796786082972346e+01
1.164640267218646219e+00 -9.317166733837927950e+01
1.159746820717727278e+00 -9.707685234290006804e+01
1.154853374216808781e+00 -1.006590589970563485e+02
1.149959927715890062e+00 -1.041362504829560720e+02
1.145066481214971343e+00 -1.073131053915008692e+02
1.140173034714052624e+00 -1.103972620017920576e+02
1.135279588213133906e+00 -1.132022893755648738e+02
1.130386141712215409e+00 -1.159258364978440312e+02
1.125492695211296690e+00 -1.183900917016730290e+02
1.120599248710377971e+00 -1.207830675656257284e+02
1.115705802209459252e+00 -1.229352855181936235e+02
1.110812355708540533e+00 -1.250254871430585695e+02
1.105918909207622036e+00 -1.268922304867462145e+02
1.101025462706703095e+00 -1.287053575920451749e+02
1.096132016205784598e+00 -1.303111611930831941e+02
1.091238569704865879e+00 -1.318709566743807500e+02
1.086345123203947161e+00 -1.332384670503554105e+02
1.081451676703028442e+00 -1.345668512336952460e+02
1.076558230202109723e+00 -1.357169608483256695e+02
1.071664783701191226e+00 -1.368341623424603313e+02
1.066771337200272507e+00 -1.377861345966254305e+02
1.061877890699353788e+00 -1.387108108400786648e+02
1.056984444198435069e+00 -1.394824011578096474e+02
1.052090997697516350e+00 -1.402317541733877704e+02
1.047197551196597853e+00 -1.408393223008509381e+02
1.042304104695678912e+00 -1.414292073815619517e+02
1.037410658194760416e+00 -1.418878221196106892e+02
1.032517211693841697e+00 -1.423328481117010256e+02
1.027623765192922978e+00 -1.426563866679188095e+02
1.022730318692004481e+00 -1.429700124536552153e+02
1.017836872191085540e+00 -1.431712475490444945e+02
1.012943425690167043e+00 -1.433658679391951125e+02
1.008049979189248324e+00 -1.434565587216658571e+02
1.003156532688329605e+00 -1.435435856866509425e+02
9.982630861874108863e-01 -1.435345516210374228e+02
9.933696396864922784e-01 -1.435244906137810688e+02
9.884761931855735595e-01 -1.434256846847371776e+02
9.835827466846548406e-01 -1.433282044725559672e+02
9.786893001837362327e-01 -1.431487834866728406e+02
9.737958536828175138e-01 -1.429727796974040928e+02
9.689024071818987949e-01 -1.427211615752886473e+02
9.640089606809801870e-01 -1.424748166231456139e+02
9.591155141800614681e-01 -1.421587397922223772e+02
9.542220676791427492e-01 -1.418495781106977631e+02
9.493286211782241413e-01 -1.414761539658967422e+02
9.444351746773054224e-01 -1.411110924472305044e+02
9.395417281763867035e-01 -1.406868540954899345e+02
9.346482816754680956e-01 -1.402722487661273476e+02
9.297548351745493767e-01 -1.398031942455588137e+02
9.248613886736306577e-01 -1.393448834206876938e+02
9.199679421727120499e-01 -1.388365175192024026e+02
9.150744956717933309e-01 -1.383398615731258019e+02
9.101810491708746120e-01 -1.377972334479105712e+02
9.052876026699560041e-01 -1.372671506999525377e+02
9.003941561690372852e-01 -1.366948918356420393e+02
8.955007096681185663e-01 -1.361358936182240882e+02
8.906072631671999584e-01 -1.355382455262107442e+02
8.857138166662812395e-01 -1.349544639225954370e+02
8.808203701653625206e-01 -1.343353083208077123e+02
8.759269236644439127e-01 -1.337305281748610923e+02
8.710334771635251938e-01 -1.330934187020174591e+02
8.661400306626064749e-01 -1.324711048756102230e+02
8.612465841616878670e-01 -1.318192873756723600e+02
8.563531376607691481e-01 -1.311826054855693826e+02
8.514596911598504292e-01 -1.305190427686586077e+02
8.465662446589318213e-01 -1.298708837470624644e+02
8.416727981580131024e-01 -1.291982785386553871e+02
8.367793516570943835e-01 -1.285412792334793437e+02
8.318859051561757756e-01 -1.278620932271949755e+02
8.269924586552570567e-01 -1.271986552890519704e+02
8.220990121543383378e-01 -1.265151273672576053e+02
8.172055656534197299e-01 -1.258474351843444907e+02
8.123121191525010110e-01 -1.251615958754868814e+02
8.074186726515822921e-01 -1.244916342154146633e+02
8.025252261506636842e-01 -1.238053256081653188e+02
7.976317796497449653e-01 -1.231348935658536305e+02
7.927383331488262463e-01 -1.224497812111856234e+02
7.878448866479076385e-01 -1.217805048839469322e+02
7.829514401469890306e-01 -1.210980927702054259e+02
7.780579936460703117e-01 -1.204314399888267815e+02
7.731645471451517038e-01 -1.197530819531382633e+02
7.682711006442329849e-01 -1.190903762922091857e+02
7.633776541433142659e-01 -1.184172841571910055e+02
7.584842076423956581e-01 -1.177597123252788123e+02
7.535907611414769391e-01 -1.170929749938142521e+02
7.486973146405582202e-01 -1.164415995329731146e+02
7.438038681396396123e-01 -1.157821851776296143e+02
7.389104216387208934e-01 -1.151379509458756445e+02
7.340169751378021745e-01 -1.144867194050429333e+02
7.291235286368835666e-01 -1.138504691296901257e+02
7.242300821359648477e-01 -1.132081784885941573e+02
7.193366356350461288e-01 -1.125806543453786333e+02
7.144431891341275209e-01 -1.119479731189328504e+02
7.095497426332088020e-01 -1.113298275749632467e+02
7.046562961322900831e-01 -1.107073357279617767e+02
6.997628496313714752e-01 -1.100991372668583210e+02
6.948694031304527563e-01 -1.094873381954714375e+02
6.899759566295340374e-01 -1.088895795042131738e+02
6.850825101286154295e-01 -1.082889047519564656e+02
6.801890636276967106e-01 -1.077020070230082638e+02
6.752956171267779917e-01 -1.071128216192137899e+02
6.704021706258593838e-01 -1.065371426414099574e+02
6.655087241249406649e-01 -1.059597505422490684e+02
6.606152776240219460e-01 -1.053955889874649046e+02
6.557218311231033381e-01 -1.048302378017513803e+02
6.508283846221846192e-01 -1.042778361949671080e+02
6.459349381212659003e-01 -1.037247235390476874e+02
6.410414916203472924e-01 -1.031842727085010551e+02
6.361480451194285735e-01 -1.026435499292122557e+02
6.312545986185098545e-01 -1.021152010607885927e+02
6.263611521175912467e-01 -1.015869734583376527e+02
6.214677056166725277e-01 -1.010708306636917655e+02
6.165742591157538088e-01 -1.005551691985278353e+02
6.116808126148352009e-01 -1.000513005404365856e+02
6.067873661139164820e-01 -9.954823751893340500e+01
6.018939196129977631e-01 -9.905667837817230748e+01
5.970004731120791552e-01 -9.856621477304274492e+01
5.921070266111604363e-01 -9.808696324709877956e+01
5.872135801102417174e-01 -9.760907174342814585e+01
5.823201336093231095e-01 -9.714210208548747971e+01
5.774266871084043906e-01 -9.667672783418915117e+01
5.725332406074856717e-01 -9.622198638911548585e+01
5.676397941065669528e-01 -9.576905211407088814e+01
5.627463476056484559e-01 -9.532646491125430543e+01
5.578529011047297370e-01 -9.488586873689817480e+01
5.529594546038110181e-01 -9.445533759415717157e+01
5.480660081028922992e-01 -9.402696156987794041e+01
5.431725616019735803e-01 -9.360837034013724178e+01
5.382791151010548614e-01 -9.319207877236311788e+01
5.333856686001363645e-01 -9.278529293536868749e+01
5.284922220992176456e-01 -9.238093578752180690e+01
5.235987755982989267e-01 -9.198581143451026776e+01
5.187053290973802078e-01 -9.159321944008770799e+01
5.138118825964614889e-01 -9.120959639470642344e+01
5.089184360955427699e-01 -9.082859277030502199e+01
5.040249895946242731e-01 -9.045629265129080920e+01
4.991315430937055542e-01 -9.008669512300768645e+01
4.942380965927868353e-01 -8.972554289497169577e+01
4.893446500918681163e-01 -8.936714751941688917e+01
4.844512035909493974e-01 -8.901694227656177816e+01
4.795577570900306785e-01 -8.866955375160529229e+01
4.746643105891121817e-01 -8.833010237490633187e+01
4.697708640881934627e-01 -8.799350658570868688e+01
4.648774175872747438e-01 -8.766459984771285008e+01
4.599839710863560249e-01 -8.733858276204360038e+01
4.550905245854373060e-01 -8.702000482093353639e+01
4.501970780845185871e-01 -8.670435060738211064e+01
4.453036315836000902e-01 -8.639589975933296273e+01
4.404101850826813713e-01 -8.609037247447813002e+01
4.355167385817626524e-01 -8.579182249389909032e+01
4.306232920808439335e-01 -8.549620144532352128e+01
4.257298455799252146e-01 -8.520733131520989900e+01
4.208363990790064957e-01 -8.492138814525146984e+01
4.159429525780879988e-01 -8.464197579888215728e+01
4.110495060771692799e-01 -8.436547796750218708e+01
4.061560595762505610e-01 -8.409529678615277248e+01
4.012626130753318421e-01 -8.382801720685337443e+01
3.963691665744131232e-01 -8.356684267092278162e+01
3.914757200734944043e-01 -8.330854966414270280e+01
3.865822735725759074e-01 -8.305615732444671551e+01
3.816888270716571885e-01 -8.280661916725730975e+01
3.767953805707384696e-01 -8.256279068710605884e+01
3.719019340698197507e-01 -8.232177216573600731e+01
3.670084875689010318e-01 -8.208626597955267812e+01
3.621150410679825349e-01 -8.185355802154454352e+01
3.572215945670638160e-01 -8.162616031269739381e+01
3.523281480661450971e-01 -8.140152968540736822e+01
3.474347015652263782e-01 -8.118202650446785640e+01
3.425412550643076592e-01 -8.096524019095880931e+01
3.376478085633889403e-01 -8.075340830022594218e+01
3.327543620624704435e-01 -8.054425136235724381e+01
3.278609155615517246e-01 -8.033987504055713202e+01
3.229674690606330056e-01 -8.013812772595565548e+01
3.180740225597142867e-01 -7.994099263219040097e+01
3.131805760587955678e-01 -7.974644120115252122e+01
3.082871295578768489e-01 -7.955633646843075724e+01
3.033936830569583520e-01 -7.936876888137899755e+01
2.985002365560396331e-01 -7.918548855423367172e+01
2.936067900551209142e-01 -7.900469405177450710e+01
2.887133435542021953e-01 -7.882803390073524952e+01
2.838198970532834764e-01 -7.865380758172263143e+01
2.789264505523647575e-01 -7.848356635131416681e+01
2.740330040514462606e-01 -7.831570783667164903e+01
2.691395575505275417e-01 -7.815168862540460282e+01
2.642461110496088228e-01 -7.798999994891480014e+01
2.593526645486901039e-01 -7.783201026465687278e+01
2.544592180477713850e-01 -7.767629694068661195e+01
2.495657715468526661e-01 -7.752414741652371788e+01
2.446723250459341692e-01 -7.737421981515103653e+01
2.397788785450154503e-01 -7.722772433767096345e+01
2.348854320440967314e-01 -7.708339723406142241e+01
2.299919855431780125e-01 -7.694237414021651489e+01
2.250985390422592936e-01 -7.680346650589761737e+01
2.202050925413405746e-01 -7.666773950941922067e+01
2.153116460404220778e-01 -7.653407318900649159e+01
2.104181995395033589e-01 -7.640346836040484391e+01
2.055247530385846400e-01 -7.627487067184749492e+01
2.006313065376659210e-01 -7.614921862071270198e+01
1.957378600367472021e-01 -7.602552097689435584e+01
1.908444135358284832e-01 -7.590465656679245399e+01
1.859509670349099864e-01 -7.578569415236665918e+01
1.810575205339912674e-01 -7.566945678682527898e+01
1.761640740330725485e-01 -7.555506895225968833e+01
1.712706275321538296e-01 -7.544330183219533126e+01
1.663771810312351107e-01 -7.533333220153457432e+01
1.614837345303163918e-01 -7.522588243972151645e+01
1.565902880293978949e-01 -7.512017907044031517e+01
1.516968415284791760e-01 -7.501689783339695339e+01
1.468033950275604571e-01 -7.491531300613786470e+01
1.419099485266417382e-01 -7.481605646540735677e+01
1.370165020257230193e-01 -7.471844547927767621e+01
1.321230555248043004e-01 -7.462307306018328745e+01
1.272296090238858035e-01 -7.452929584995898438e+01
1.223361625229670846e-01 -7.443767029658252454e+01
1.174427160220483657e-01 -7.434759137427437281e+01
1.125492695211296468e-01 -7.425957974795809946e+01
1.076558230202109279e-01 -7.417306778246255305e+01
1.027623765192922090e-01 -7.408854150726507726e+01
9.786893001837371209e-02 -7.400546784869538897e+01
9.297548351745499318e-02 -7.392430104854800277e+01
8.808203701653627427e-02 -7.384454272738122427e+01
8.318859051561755535e-02 -7.376661424306571746e+01
7.829514401469883644e-02 -7.369005031557495045e+01
7.340169751378011753e-02 -7.361524341382879300e+01
6.850825101286162067e-02 -7.354175631607222385e+01
6.361480451194290175e-02 -7.346995652875421001e+01
5.872135801102418284e-02 -7.339943319755974471e+01
5.382791151010546393e-02 -7.333052896204668514e+01
4.893446500918674502e-02 -7.326286125617451717e+01
4.404101850826802611e-02 -7.319674656999858087e+01
3.914757200734952924e-02 -7.313182739463194082e+01
3.425412550643081033e-02 -7.306839872391843471e+01
2.936067900551209142e-02 -7.300612480628787182e+01
2.446723250459337251e-02 -7.294528186640198442e+01
1.957378600367465360e-02 -7.288555387612035474e+01
1.468033950275593469e-02 -7.282720028921541200e+01
9.786893001837437822e-03 -7.276992121145934789e+01
4.893446500918718911e-03 -7.271396046447981121e+01
0.000000000000000000e+00 -7.265904009357410587e+01
-4.893446500918496866e-03 -7.260538281022533624e+01
-9.786893001837437822e-03 -7.255273137064303057e+01
-1.468033950275593469e-02 -7.250129120125808413e+01
-1.957378600367465360e-02 -7.245081654527933779e+01
-2.446723250459315047e-02 -7.240150684627207056e+01
-2.936067900551209142e-02 -7.235313239541343933e+01
-3.425412550643058829e-02 -7.230587049246244646e+01
-3.914757200734952924e-02 -7.225951194148950663e+01
-4.404101850826802611e-02 -7.221421906890228115e+01
-4.893446500918674502e-02 -7.216979773957667987e+01
-5.382791151010524189e-02 -7.212639803925102910e+01
-5.872135801102418284e-02 -7.208383921879959644e+01
-6.361480451194267971e-02 -7.204225971824777730e+01
-6.850825101286162067e-02 -7.200148970361894385e+01
-7.340169751378011753e-02 -7.196165818497992461e+01
-7.829514401469883644e-02 -7.192260750338699893e+01
-8.318859051561733331e-02 -7.188445497839495602e+01
-8.808203701653627427e-02 -7.184705546676882193e+01
-9.297548351745477113e-02 -7.181051702977650564e+01
-9.786893001837371209e-02 -7.177470235916393904e+01
-1.027623765192922090e-01 -7.173971294264316612e+01
-1.076558230202109279e-01 -7.170542247824636206e+01
-1.125492695211294247e-01 -7.167192026865069465e+01
-1.174427160220483657e-01 -7.163909172773828971e+01
-1.223361625229668626e-01 -7.160701897685260064e+01
-1.272296090238858035e-01 -7.157559274213180345e+01
-1.321230555248043004e-01 -7.154489102641173304e+01
-1.370165020257230193e-01 -7.151481057498246230e+01
-1.419099485266415162e-01 -7.148542473133085196e+01
-1.468033950275604571e-01 -7.145663790405943416e+01
-1.516968415284789540e-01 -7.142851516044009941e+01
-1.565902880293978949e-01 -7.140096813472754889e+01
-1.614837345303163918e-01 -7.137405810107037496e+01
-1.663771810312351107e-01 -7.134770077585845627e+01
-1.712706275321536076e-01 -7.132195156459117413e+01
-1.761640740330725485e-01 -7.129673695979541037e+01
-1.810575205339910454e-01 -7.127210280872438375e+01
-1.859509670349099864e-01 -7.124798223883330195e+01
-1.908444135358284832e-01 -7.122441718767319685e+01
-1.957378600367472021e-01 -7.120134687487100678e+01
-2.006313065376656990e-01 -7.117880864394746254e+01
-2.055247530385846400e-01 -7.115674467302326889e+01
-2.104181995395031368e-01 -7.113518840650164066e+01
-2.153116460404220778e-01 -7.111408941112330240e+01
-2.202050925413405746e-01 -7.109347658983374174e+01
-2.250985390422592936e-01 -7.107330136036917168e+01
-2.299919855431777904e-01 -7.105359278556888114e+01
-2.348854320440967314e-01 -7.103430454897683433e+01
-2.397788785450152282e-01 -7.101546034170500832e+01
-2.446723250459341692e-01 -7.099702313425660805e+01
-2.495657715468526661e-01 -7.097901024990180474e+01
-2.544592180477713850e-01 -7.096138549996697975e+01
-2.593526645486898818e-01 -7.094416631631936809e+01
-2.642461110496088228e-01 -7.092732394765947390e+01
-2.691395575505273197e-01 -7.091086602106118164e+01
-2.740330040514462606e-01 -7.089476986218029708e+01
-2.789264505523647575e-01 -7.087904328376529861e+01
-2.838198970532834764e-01 -7.086366227582240640e+01
-2.887133435542019733e-01 -7.084863557709579140e+01
-2.936067900551209142e-01 -7.083393896704792780e+01
-2.985002365560394111e-01 -7.081958243985268098e+01
-3.033936830569583520e-01 -7.080554146758947809e+01
-3.082871295578768489e-01 -7.079183181920673462e+01
-3.131805760587955678e-01 -7.077841489258774743e+01
-3.180740225597140647e-01 -7.076531374140961361e+01
-3.229674690606330056e-01 -7.075250250626352511e+01
-3.278609155615515025e-01 -7.073998780730312319e+01
-3.327543620624704435e-01 -7.072775251808282349e+01
-3.376478085633889403e-01 -7.071579906204408417e+01
-3.425412550643076592e-01 -7.070411655484952007e+01
-3.474347015652261561e-01 -7.069270240422110874e+01
-3.523281480661450971e-01 -7.068154605836836879e+01
-3.572215945670635939e-01 -7.067064851998351571e+01
-3.621150410679825349e-01 -7.065999532980679021e+01
-3.670084875689010318e-01 -7.064959098919297276e+01
-3.719019340698197507e-01 -7.063942078454452655e+01
-3.767953805707382475e-01 -7.062948783770829664e+01
-3.816888270716571885e-01 -7.061978145502321524e+01
-3.865822735725756853e-01 -7.061029865322350929e+01
-3.914757200734944043e-01 -7.060103528433161557e+01
-3.963691665744131232e-01 -7.059198520841977142e+01
-4.012626130753318421e-01 -7.058314140779400248e+01
-4.061560595762503389e-01 -7.057450330740083189e+01
-4.110495060771692799e-01 -7.056606652577620764e+01
-4.159429525780877768e-01 -7.055782438002349011e+01
-4.208363990790064957e-01 -7.054977243760092165e+01
-4.257298455799252146e-01 -7.054190669137683756e+01
-4.306232920808441555e-01 -7.053422518220128268e+01
-4.355167385817626524e-01 -7.052672185484355794e+01
-4.404101850826811493e-01 -7.051939235824187335e+01
-4.453036315835996461e-01 -7.051223295215334019e+01
-4.501970780845185871e-01 -7.050524286656415995e+01
-4.550905245854370840e-01 -7.049841417041429281e+01
-4.599839710863560249e-01 -7.049174575885579941e+01
-4.648774175872745218e-01 -7.048523291939388002e+01
-4.697708640881934627e-01 -7.047887318296457693e+01
-4.746643105891119596e-01 -7.047266131957925950e+01
-4.795577570900309006e-01 -7.046659623857182453e+01
-4.844512035909493974e-01 -7.046067229983221125e+01
-4.893446500918683384e-01 -7.045488957345878589e+01
-4.942380965927868353e-01 -7.044924097822035947e+01
-4.991315430937053321e-01 -7.044372712402369530e+01
-5.040249895946238290e-01 -7.043834164711154244e+01
-5.089184360955427699e-01 -7.043308478519732319e+01
-5.138118825964612668e-01 -7.042795061195552364e+01
-5.187053290973802078e-01 -7.042293973258092876e+01
-5.235987755982987046e-01 -7.041804549121162893e+01
-5.284922220992176456e-01 -7.041326868176847142e+01
-5.333856686001361425e-01 -7.040860326787752399e+01
-5.382791151010550834e-01 -7.040405140395284889e+01
-5.431725616019735803e-01 -7.039960449954241994e+01
-5.480660081028925212e-01 -7.039526670456505997e+01
-5.529594546038110181e-01 -7.039102948879629196e+01
-5.578529011047295150e-01 -7.038689600410700109e+01
-5.627463476056480118e-01 -7.038285767002976456e+01
-5.676397941065669528e-01 -7.037891887624613219e+01
-5.725332406074854497e-01 -7.037507171621010116e+01
-5.774266871084043906e-01 -7.037131971229545968e+01
-5.823201336093228875e-01 -7.036765436952894959e+01
-5.872135801102418284e-01 -7.036407897466860106e+01
-5.921070266111603253e-01 -7.036058751810111289e+01
-5.970004731120792663e-01 -7.035718192847510011e+01
-6.018939196129977631e-01 -7.035385673914008464e+01
-6.067873661139167041e-01 -7.035061359105932866e+01
-6.116808126148352009e-01 -7.034744554159948393e+01
-6.165742591157536978e-01 -7.034435691669406765e+01
-6.214677056166721947e-01 -7.034134046091007519e+01
-6.263611521175911356e-01 -7.033839903456359366e+01
-6.312545986185096325e-01 -7.033552641305504949e+01
-6.361480451194285735e-01 -7.033272623476482011e+01
-6.410414916203470703e-01 -7.032999061770772187e+01
-6.459349381212660113e-01 -7.032732456932143350e+01
-6.508283846221845081e-01 -7.032472081575859590e+01
-6.557218311231034491e-01 -7.032218168966694805e+01
-6.606152776240219460e-01 -7.031970308332311959e+01
-6.655087241249408869e-01 -7.031728630788134637e+01
-6.704021706258593838e-01 -7.031492691920647076e+01
-6.752956171267778807e-01 -7.031262726470677649e+01
-6.801890636276963775e-01 -7.031038096015397798e+01
-6.850825101286153185e-01 -7.030819156266638004e+01
-6.899759566295338153e-01 -7.030605395218843512e+01
-6.948694031304527563e-01 -7.030397129981342630e+01
-6.997628496313712532e-01 -7.030193694980836483e+01
-7.046562961322901941e-01 -7.029995478709838608e+01
-7.095497426332086910e-01 -7.029801943492684302e+01
-7.144431891341276319e-01 -7.029613435020617374e+01
-7.193366356350461288e-01 -7.029429291142723457e+01
-7.242300821359650698e-01 -7.029249818507749126e+01
-7.291235286368835666e-01 -7.029074545426401244e+01
-7.340169751378020635e-01 -7.028903914685788834e+01
-7.389104216387205604e-01 -7.028737359133126006e+01
-7.438038681396395013e-01 -7.028574950268286159e+01
-7.486973146405579982e-01 -7.028416358189276991e+01
-7.535907611414769391e-01 -7.028262137352602679e+01
-7.584842076423954360e-01 -7.028111461498852464e+01
-7.633776541433143770e-01 -7.027964579936934797e+01
-7.682711006442328738e-01 -7.027821118927982980e+01
-7.731645471451518148e-01 -7.027681595504293455e+01
-7.780579936460703117e-01 -7.027545260095284618e+01
-7.829514401469888085e-01 -7.027412552140395974e+01
-7.878448866479077495e-01 -7.027282931888163375e+01
-7.927383331488262463e-01 -7.027156763433920617e+01
-7.976317796497447432e-01 -7.027033465730495720e+01
-8.025252261506636842e-01 -7.026913565051528110e+01
-8.074186726515821810e-01 -7.026796362861816192e+01
-8.123121191525011220e-01 -7.026682377743712493e+01
-8.172055656534196189e-01 -7.026571078548525406e+01
-8.220990121543385598e-01 -7.026462678476003987e+01
-8.269924586552570567e-01 -7.026356880340220812e+01
-8.318859051561759976e-01 -7.026253944106885285e+01
-8.367793516570944945e-01 -7.026153387030264241e+01
-8.416727981580129914e-01 -7.026055522499918027e+01
-8.465662446589314882e-01 -7.025959944064800311e+01
-8.514596911598504292e-01 -7.025867051371504601e+01
-8.563531376607689261e-01 -7.025776263359703933e+01
-8.612465841616878670e-01 -7.025687936676045808e+01
-8.661400306626063639e-01 -7.025601641871601544e+01
-8.710334771635253048e-01 -7.025517769035280935e+01
-8.759269236644438017e-01 -7.025435767231994078e+01
-8.808203701653627427e-01 -7.025356168069347973e+01
-8.857138166662812395e-01 -7.025278390460523781e+01
-8.906072631672001805e-01 -7.025202620852601854e+01
-8.955007096681186773e-01 -7.025128772905955543e+01
-9.003941561690371742e-01 -7.025056888304960978e+01
-9.052876026699556711e-01 -7.024986737514879565e+01
-9.101810491708746120e-01 -7.024918471062447622e+01
-9.150744956717931089e-01 -7.024851859910825169e+01
-9.199679421727120499e-01 -7.024787050622252593e+01
-9.248613886736305467e-01 -7.024723791855087995e+01
-9.297548351745494877e-01 -7.024662375048038143e+01
-9.346482816754679845e-01 -7.024602288882844903e+01
-9.395417281763864814e-01 -7.024543905838861235e+01
-9.444351746773054224e-01 -7.024486915022352207e+01
-9.493286211782239192e-01 -7.024431466403740387e+01
-9.542220676791428602e-01 -7.024377337186385262e+01
-9.591155141800613571e-01 -7.024324783910260805e+01
-9.640089606809798539e-01 -7.024273378770502063e+01
-9.689024071818983508e-01 -7.024223568286723207e+01
-9.737958536828172917e-01 -7.024174534330038000e+01
-9.786893001837357886e-01 -7.024127508749752735e+01
-9.835827466846547296e-01 -7.024081330292413838e+01
-9.884761931855732264e-01 -7.024036335992269642e+01
-9.933696396864921674e-01 -7.023992580233371541e+01
-9.982630861874106643e-01 -7.023949965831459963e+01
-1.003156532688329605e+00 -7.023908335112840007e+01
-1.008049979189248102e+00 -7.023867907630939555e+01
-1.012943425690167043e+00 -7.023829062918360933e+01
-1.017836872191085540e+00 -7.023790076096146606e+01
-1.022730318692004037e+00 -7.023752665584223109e+01
-1.027623765192922534e+00 -7.023716407245002813e+01
-1.032517211693841475e+00 -7.023680903504370576e+01
-1.037410658194759971e+00 -7.023646550164589542e+01
-1.042304104695678912e+00 -7.023612979493152864e+01
-1.047197551196597409e+00 -7.023580220763474813e+01
-1.052090997697516350e+00 -7.023548668766269998e+01
-1.056984444198434847e+00 -7.023517415019249199e+01
-1.061877890699353788e+00 -7.023487259607082933e+01
-1.066771337200272285e+00 -7.023457852147707570e+01
-1.071664783701191226e+00 -7.023429173531718561e+01
-1.076558230202109723e+00 -7.023401368475417428e+01
-1.081451676703028220e+00 -7.023374284563240622e+01
-1.086345123203946716e+00 -7.023347926364303362e+01
-1.091238569704865657e+00 -7.023321756510760849e+01
-1.096132016205784154e+00 -7.023297303766305788e+01
-1.101025462706703095e+00 -7.023272881943400137e+01
-1.105918909207621592e+00 -7.023249220171886975e+01
-1.110812355708540533e+00 -7.023226241806939640e+01
-1.115705802209459030e+00 -7.023203761415584268e+01
-1.120599248710377971e+00 -7.023181992617583091e+01
-1.125492695211296468e+00 -7.023160836481385161e+01
-1.130386141712215409e+00 -7.023139930463706548e+01
-1.135279588213133906e+00 -7.023120199248540985e+01
-1.140173034714052402e+00 -7.023100608987159887e+01
-1.145066481214970899e+00 -7.023081666642355003e+01
-1.149959927715889840e+00 -7.023062796536760288e+01
-1.154853374216808337e+00 -7.023045208213051183e+01
-1.159746820717727278e+00 -7.023027623312849244e+01
-1.164640267218645775e+00 -7.023010685402543629e+01
-1.169533713719564716e+00 -7.022993794975882054e+01
-1.174427160220483213e+00 -7.022978078373307653e+01
-1.179320606721402154e+00 -7.022962397597258644e+01
-1.184214053222320651e+00 -7.022947178262300838e+01
-1.189107499723239592e+00 -7.022932615369903431e+01
-1.194000946224158088e+00 -7.022917996785807304e+01
-1.198894392725076585e+00 -7.022903856516839483e+01
-1.203787839225995082e+00 -7.022890328361340551e+01
-1.208681285726914023e+00 -7.022876965632462998e+01
-1.213574732227832520e+00 -7.022864319115141996e+01
-1.218468178728751461e+00 -7.022851666147008132e+01
-1.223361625229669958e+00 -7.022839557382152975e+01
-1.228255071730588899e+00 -7.022827773544477736e+01
-1.233148518231507396e+00 -7.022816244801707342e+01
-1.238041964732426337e+00 -7.022805413318417322e+01
-1.242935411233344833e+00 -7.022794244612649095e+01
-1.247828857734263774e+00 -7.022783583617810166e+01
-1.252722304235182271e+00 -7.022773496410857774e+01
-1.257615750736100768e+00 -7.022763223678447275e+01
-1.262509197237019265e+00 -7.022753966759051991e+01
-1.267402643737938206e+00 -7.022744569502457068e+01
-1.272296090238856703e+00 -7.022735533650234174e+01
-1.277189536739775644e+00 -7.022726685008454695e+01
-1.282082983240694141e+00 -7.022718214187116814e+01
-1.286976429741613082e+00 -7.022709895467434649e+01
-1.291869876242531578e+00 -7.022701858113963169e+01
-1.296763322743450519e+00 -7.022694016087365299e+01
-1.301656769244369016e+00 -7.022686452990345174e+01
-1.306550215745287957e+00 -7.022679091891055236e+01
-1.311443662246206454e+00 -7.022671968011428589e+01
-1.316337108747124951e+00 -7.022665055402768530e+01
-1.321230555248043448e+00 -7.022658307954181112e+01
-1.326124001748962389e+00 -7.022651641936063527e+01
-1.331017448249880886e+00 -7.022645658119901668e+01
-1.335910894750799827e+00 -7.022639344572482401e+01
-1.340804341251718323e+00 -7.022633512543895051e+01
-1.345697787752637264e+00 -7.022627770946282055e+01
-1.350591234253555761e+00 -7.022622255410142600e+01
-1.355484680754474702e+00 -7.022616902930657545e+01
-1.360378127255393199e+00 -7.022611709231347277e+01
-1.365271573756312140e+00 -7.022606684487679729e+01
-1.370165020257230637e+00 -7.022601834667462128e+01
-1.375058466758149134e+00 -7.022597120319565533e+01
-1.379951913259067631e+00 -7.022592638127881060e+01
-1.384845359759986572e+00 -7.022588298002445129e+01
-1.389738806260905069e+00 -7.022584058251362649e+01
-1.394632252761824009e+00 -7.022579983694095063e+01
-1.399525699262742506e+00 -7.022576070949466498e+01
-1.404419145763661447e+00 -7.022572308380074446e+01
-1.409312592264579944e+00 -7.022568642659911120e+01
-1.414206038765498885e+00 -7.022565078296214836e+01
-1.419099485266417382e+00 -7.022561777336812838e+01
-1.423992931767336323e+00 -7.022558547286283215e+01
-1.428886378268254820e+00 -7.022555449295518315e+01
-1.433779824769173317e+00 -7.022552452869851436e+01
-1.438673271270091814e+00 -7.022549622423959192e+01
-1.443566717771010754e+00 -7.022546872624828040e+01
-1.448460164271929251e+00 -7.022544279830020741e+01
-1.453353610772848192e+00 -7.022541782436167068e+01
-1.458247057273766689e+00 -7.022539418564662128e+01
-1.463140503774685630e+00 -7.022537177604266390e+01
-1.468033950275604127e+00 -7.022535026639694422e+01
-1.472927396776523068e+00 -7.022532944531441501e+01
-1.477820843277441565e+00 -7.022531042723466044e+01
-1.482714289778360506e+00 -7.022529220405081674e+01
-1.487607736279279003e+00 -7.022527514848498242e+01
-1.492501182780197500e+00 -7.022525901912302970e+01
-1.497394629281115996e+00 -7.022524414895954692e+01
-1.502288075782034937e+00 -7.022523011972133133e+01
-1.507181522282953434e+00 -7.022521707161712357e+01
-1.512074968783872375e+00 -7.022520513935950248e+01
-1.516968415284790872e+00 -7.022519417068485836e+01
-1.521861861785709813e+00 -7.022518425096467354e+01
-1.526755308286628310e+00 -7.022517514697531738e+01
-1.531648754787547251e+00 -7.022516688853252731e+01
-1.536542201288465748e+00 -7.022515990290979460e+01
-1.541435647789384689e+00 -7.022515374118498244e+01
-1.546329094290303185e+00 -7.022514862530636037e+01
-1.551222540791221682e+00 -7.022514442027311077e+01
-1.556115987292140179e+00 -7.022514113621498666e+01
-1.561009433793059120e+00 -7.022513873580106747e+01
-1.565902880293977617e+00 -7.022513736687754715e+01
-1.570796326794896558e+00 -7.022513688490234074e+01
