0.000000000000000000e+00 0.000000000000000000e+00 -2.176968394176758486e-05 5.003409067153566925e-01 0.000000000000000000e+00
1.302083333333333261e-03 -7.537084875980705432e-14 -2.176967775448346407e-05 5.003409066698920604e-01 0.000000000000000000e+00
2.604166666666666522e-03 -1.508465790319973339e-13 -2.176965919266189305e-05 5.003409066244275394e-01 0.000000000000000000e+00
3.906250000000000000e-03 -2.265312054624646181e-13 -2.176962825662384646e-05 5.003409064882315960e-01 0.000000000000000000e+00
5.208333333333333044e-03 -3.025253322528792023e-13 -2.176958494674876456e-05 5.003409063520357636e-01 0.000000000000000000e+00
6.510416666666666088e-03 -3.789257026863167230e-13 -2.176952926369765494e-05 5.003409061260583046e-01 0.000000000000000000e+00
7.812500000000000000e-03 -4.558235197984778636e-13 -2.176946120817742079e-05 5.003409059000808456e-01 0.000000000000000000e+00
9.114583333333332177e-03 -5.333053410551298924e-13 -2.176938078117223986e-05 5.003409055894825208e-01 0.000000000000000000e+00
1.041666666666666609e-02 -6.114495951287026321e-13 -2.176928798368696767e-05 5.003409052788843070e-01 0.000000000000000000e+00
1.171875000000000000e-02 -6.903153127200713930e-13 -2.176918281698772195e-05 5.003409048830111949e-01 0.000000000000000000e+00
1.302083333333333218e-02 -7.699708824357182763e-13 -2.176906528231941414e-05 5.003409044871380829e-01 0.000000000000000000e+00
1.432291666666666609e-02 -8.504521231002737923e-13 -2.176893538117445192e-05 5.003409040082458237e-01 0.000000000000000000e+00
1.562500000000000000e-02 -9.317963609901946942e-13 -2.176879311500061110e-05 5.003409035293534535e-01 0.000000000000000000e+00
1.692708333333333218e-02 -1.014023604239650629e-12 -2.176863848544807449e-05 5.003409029692681420e-01 0.000000000000000000e+00
1.822916666666666435e-02 -1.097133286625314331e-12 -2.176847149409299084e-05 5.003409024091828305e-01 0.000000000000000000e+00
1.953125000000000000e-02 -1.181115357595682164e-12 -2.176829214266833874e-05 5.003409017701136996e-01 0.000000000000000000e+00
2.083333333333333218e-02 -1.265938367910659492e-12 -2.176810043278419230e-05 5.003409011310444576e-01 0.000000000000000000e+00
2.213541666666666435e-02 -1.351556044688084093e-12 -2.176789636617420094e-05 5.003409004111990521e-01 0.000000000000000000e+00
2.343750000000000000e-02 -1.437900081798339572e-12 -2.176767994439150462e-05 5.003408996913536466e-01 0.000000000000000000e+00
2.473958333333333218e-02 -1.524883409646793364e-12 -2.176745116906991131e-05 5.003408988885444941e-01 0.000000000000000000e+00
2.604166666666666435e-02 -1.612397673840212150e-12 -2.176721004160065906e-05 5.003408980857354527e-01 0.000000000000000000e+00
2.734375000000000000e-02 -1.700311803491466237e-12 -2.176695656340664465e-05 5.003408971944334205e-01 0.000000000000000000e+00
2.864583333333333218e-02 -1.788472581837341480e-12 -2.176669073560155037e-05 5.003408963031313883e-01 0.000000000000000000e+00
2.994791666666666435e-02 -1.876706138786272092e-12 -2.176641255928156562e-05 5.003408953116458280e-01 0.000000000000000000e+00
3.125000000000000000e-02 -1.964805373250427117e-12 -2.176612203515929922e-05 5.003408943201602677e-01 0.000000000000000000e+00
3.255208333333332871e-02 -2.052549645005508072e-12 -2.176581916387335301e-05 5.003408932127999531e-01 0.000000000000000000e+00
3.385416666666666435e-02 -2.139680648091849422e-12 -2.176550394560216635e-05 5.003408921054395275e-01 0.000000000000000000e+00
3.515625000000000000e-02 -2.225923404744391959e-12 -2.176517638039395235e-05 5.003408908592295035e-01 0.000000000000000000e+00
3.645833333333332871e-02 -2.310964577524349944e-12 -2.176483646775006272e-05 5.003408896130194794e-01 0.000000000000000000e+00
3.776041666666666435e-02 -2.394473860851787904e-12 -2.176448420698222220e-05 5.003408881951612042e-01 0.000000000000000000e+00
3.906250000000000000e-02 -2.476078586957641825e-12 -2.176411959676198158e-05 5.003408867773029289e-01 0.000000000000000000e+00
4.036458333333332871e-02 -2.555389127839764740e-12 -2.176374263551648539e-05 5.003408851454247408e-01 0.000000000000000000e+00
4.166666666666666435e-02 -2.631970271067818334e-12 -2.176335332093083663e-05 5.003408835135464416e-01 0.000000000000000000e+00
4.296875000000000000e-02 -2.705366963437483285e-12 -2.176295165038234346e-05 5.003408816110741508e-01 0.000000000000000000e+00
4.427083333333332871e-02 -2.775084341528135328e-12 -2.176253762040317847e-05 5.003408797086018600e-01 0.000000000000000000e+00
4.557291666666666435e-02 -2.840599985430099087e-12 -2.176211122715441892e-05 5.003408774617879029e-01 0.000000000000000000e+00
4.687500000000000000e-02 -2.901343228167707622e-12 -2.176167246583667110e-05 5.003408752149740568e-01 0.000000000000000000e+00
4.817708333333332871e-02 -2.956726043092177754e-12 -2.176122133121648097e-05 5.003408725314311134e-01 0.000000000000000000e+00
4.947916666666666435e-02 -3.006098686219194766e-12 -2.176075781697435255e-05 5.003408698478880590e-01 0.000000000000000000e+00
5.078125000000000000e-02 -3.048802624769967448e-12 -2.176028191629697642e-05 5.003408666107811431e-01 0.000000000000000000e+00
5.208333333333332871e-02 -3.084105697605601937e-12 -2.175979362115353156e-05 5.003408633736741162e-01 0.000000000000000000e+00
5.338541666666666435e-02 -3.111278595868682828e-12 -2.175929292294381465e-05 5.003408594336997695e-01 0.000000000000000000e+00
5.468750000000000000e-02 -3.129491674483397823e-12 -2.175877981171970153e-05 5.003408554937255337e-01 0.000000000000000000e+00
5.598958333333332871e-02 -3.137937575208104657e-12 -2.175825427688571467e-05 5.003408506675579570e-01 0.000000000000000000e+00
5.729166666666666435e-02 -3.135705128713695000e-12 -2.175771630634061962e-05 5.003408458413903803e-01 0.000000000000000000e+00
5.859375000000000000e-02 -3.121889438585309651e-12 -2.175716588728176409e-05 5.003408398966233683e-01 0.000000000000000000e+00
5.989583333333332871e-02 -3.095484886550013407e-12 -2.175660300521110516e-05 5.003408339518564674e-01 0.000000000000000000e+00
6.119791666666666435e-02 -3.055496326861063437e-12 -2.175602764486973730e-05 5.003408266026003748e-01 0.000000000000000000e+00
6.250000000000000000e-02 -3.000813964652046355e-12 -2.175543978910399651e-05 5.003408192533441712e-01 0.000000000000000000e+00
6.380208333333332871e-02 -2.930349124049517605e-12 -2.175483941993332487e-05 5.003408101420697696e-01 0.000000000000000000e+00
6.510416666666665741e-02 -2.842882577175466403e-12 -2.175422651725667170e-05 5.003408010307953679e-01 0.000000000000000000e+00
6.640625000000000000e-02 -2.737229828919402613e-12 -2.175360106007872283e-05 5.003407897129171777e-01 0.000000000000000000e+00
6.770833333333332871e-02 -2.612057271866863317e-12 -2.175296302502209735e-05 5.003407783950389875e-01 0.000000000000000000e+00
6.901041666666665741e-02 -2.466085575154939973e-12 -2.175231238774433213e-05 5.003407643167403496e-01 0.000000000000000000e+00
7.031250000000000000e-02 -2.297862441503258774e-12 -2.175164912121190311e-05 5.003407502384417116e-01 0.000000000000000000e+00
7.161458333333332871e-02 -2.106015561259085102e-12 -2.175097319734942551e-05 5.003407327064841592e-01 0.000000000000000000e+00
7.291666666666665741e-02 -1.888976496923489012e-12 -2.175028458501534340e-05 5.003407151745264958e-01 0.000000000000000000e+00
7.421875000000000000e-02 -1.645284955368100932e-12 -2.174958325193488933e-05 5.003406933227854125e-01 0.000000000000000000e+00
7.552083333333332871e-02 -1.373261367901973395e-12 -2.174886916230650818e-05 5.003406714710442182e-01 0.000000000000000000e+00
7.682291666666665741e-02 -1.071372794625956304e-12 -2.174814227907773977e-05 5.003406442075291061e-01 0.000000000000000000e+00
7.812500000000000000e-02 -7.378229429332028300e-13 -2.174740256108328431e-05 5.003406169440138829e-01 0.000000000000000000e+00
7.942708333333332871e-02 -3.710259028721733798e-13 -2.174664996574605493e-05 5.003405828881775097e-01 0.000000000000000000e+00
8.072916666666665741e-02 3.092421451602165536e-14 -2.174588444562257413e-05 5.003405488323411365e-01 0.000000000000000000e+00
8.203125000000000000e-02 4.696533265779621533e-13 -2.174510595161732826e-05 5.003405062233037270e-01 0.000000000000000000e+00
8.333333333333332871e-02 9.471786690477129733e-13 -2.174431442877783178e-05 5.003404636142662065e-01 0.000000000000000000e+00
8.463541666666665741e-02 1.465153306808388275e-12 -2.174350982014989424e-05 5.003404101796092851e-01 0.000000000000000000e+00
8.593750000000000000e-02 2.025730487405581020e-12 -2.174269206159730233e-05 5.003403567449523637e-01 0.000000000000000000e+00
8.723958333333332871e-02 2.630595597157280334e-12 -2.174186108644436346e-05 5.003402895310606890e-01 0.000000000000000000e+00
8.854166666666665741e-02 3.282104818468371734e-12 -2.174101681904835881e-05 5.003402223171690144e-01 0.000000000000000000e+00
8.984375000000000000e-02 3.981980550686343295e-12 -2.174015918043252591e-05 5.003401373202018831e-01 0.000000000000000000e+00
9.114583333333332871e-02 4.732847305115793847e-12 -2.173928808019641966e-05 5.003400523232346409e-01 0.000000000000000000e+00
9.244791666666665741e-02 5.536531627912139194e-12 -2.173840342339447375e-05 5.003399443796083812e-01 0.000000000000000000e+00
9.375000000000000000e-02 6.396059753847307874e-12 -2.173750510025856031e-05 5.003398364359822326e-01 0.000000000000000000e+00
9.505208333333332871e-02 7.312962739819886125e-12 -2.173659299455205221e-05 5.003396973303382289e-01 0.000000000000000000e+00
9.635416666666665741e-02 8.289939802429483178e-12 -2.173566697036614137e-05 5.003395582246941142e-01 0.000000000000000000e+00
9.765625000000000000e-02 9.328197990519232485e-12 -2.173472688209834427e-05 5.003393803829668807e-01 0.000000000000000000e+00
9.895833333333332871e-02 1.042948343251136669e-11 -2.173377255724512249e-05 5.003392025412396471e-01 0.000000000000000000e+00
1.002604166666666574e-01 1.158807174242147030e-11 -2.173280380728720139e-05 5.003389613646703760e-01 0.000000000000000000e+00
1.015625000000000000e-01 1.279302842238745461e-11 -2.173182040518424686e-05 5.003387201881011048e-01 0.000000000000000000e+00
1.028645833333333287e-01 1.403354005696074629e-11 -2.173082209447001377e-05 5.003384383637035082e-01 0.000000000000000000e+00
1.041666666666666574e-01 1.528297497235819868e-11 -2.172980855960257089e-05 5.003381565393059116e-01 0.000000000000000000e+00
1.054687500000000000e-01 1.645105967014895789e-11 -2.172877942133036319e-05 5.003376819209059967e-01 0.000000000000000000e+00
1.067708333333333287e-01 1.736874693345651956e-11 -2.172773420252218450e-05 5.003372073025061928e-01 0.000000000000000000e+00
1.080729166666666574e-01 1.795716856360315711e-11 -2.172667228513130029e-05 5.003371341033244768e-01 0.000000000000000000e+00
1.093750000000000000e-01 1.799191798014998164e-11 -2.172559288094000370e-05 5.003370609041427608e-01 0.000000000000000000e+00
1.106770833333333287e-01 1.658865048703218360e-11 -2.172449486203722319e-05 5.003357151404308478e-01 0.000000000000000000e+00
1.119791666666666574e-01 1.211677660060685295e-11 -2.172337684801380845e-05 5.003343693767189349e-01 0.000000000000000000e+00
1.132812500000000000e-01 4.759623979636914547e-12 -2.172223690678506570e-05 5.003406351198677049e-01 0.000000000000000000e+00
1.145833333333333287e-01 -6.145266580945559136e-12 -2.172107309366284392e-05 5.003469008630164749e-01 0.000000000000000000e+00
1.158854166666666574e-01 -2.877248750322172559e-11 -2.171988289169265703e-05 5.003390660874027507e-01 0.000000000000000000e+00
1.171875000000000000e-01 -7.768287827316378677e-11 -2.171866619084231970e-05 5.003312313117889154e-01 0.000000000000000000e+00
1.184895833333333287e-01 -1.370501782457414470e-10 -2.171742742586334137e-05 5.004363830815670156e-01 0.000000000000000000e+00
1.197916666666666574e-01 -1.850885628071149826e-10 -2.171618288078301702e-05 5.005415348513452267e-01 0.000000000000000000e+00
1.210937500000000000e-01 -2.745075313638641566e-10 -2.171495054753753463e-05 5.004969967925558816e-01 0.000000000000000000e+00
1.223958333333333287e-01 -4.145453203853001272e-10 -2.171374433575325765e-05 5.004524587337666475e-01 0.000000000000000000e+00
1.236979166666666574e-01 -6.140021603225998757e-09 -2.166467034138065169e-05 5.003754294729094720e-01 0.000000000000000000e+00
1.250000000000000000e-01 -8.202545354746293427e-09 -2.161746907290761164e-05 5.002984002120522966e-01 0.000000000000000000e+00
1.263020833333333148e-01 -1.631963321879254967e-08 -2.088982153256103741e-05 5.003188091879977595e-01 0.000000000000000000e+00
1.276041666666666574e-01 -1.188914309852342875e-08 -2.016816113384183875e-05 5.003392181639431113e-01 0.000000000000000000e+00
1.289062500000000000e-01 -4.607214822056001896e-09 -1.945508389788913367e-05 5.003391674201735917e-01 0.000000000000000000e+00
1.302083333333333148e-01 2.647501903493756129e-10 -1.875670758445484643e-05 5.003391166764040721e-01 0.000000000000000000e+00
1.315104166666666574e-01 3.836747754357714561e-09 -1.807513388145984184e-05 5.003409261933396968e-01 0.000000000000000000e+00
1.328125000000000000e-01 6.944716937286096923e-09 -1.741111943287064676e-05 5.003427357102753215e-01 0.000000000000000000e+00
1.341145833333333148e-01 9.357031466267922823e-09 -1.676441879223383651e-05 5.003427419711191648e-01 0.000000000000000000e+00
1.354166666666666574e-01 1.088823740332471436e-08 -1.613425897057743324e-05 5.003427482319630082e-01 0.000000000000000000e+00
1.367187500000000000e-01 1.180875763130560870e-08 -1.551974914153098642e-05 5.003427657395322914e-01 0.000000000000000000e+00
1.380208333333333148e-01 1.229946342426745619e-08 -1.491992990724824020e-05 5.003427832471014636e-01 0.000000000000000000e+00
1.393229166666666574e-01 1.245842746228215928e-08 -1.433396037728397971e-05 5.003426428206212417e-01 0.000000000000000000e+00
1.406250000000000000e-01 1.234755459668155595e-08 -1.376106294109076083e-05 5.003425023941410199e-01 0.000000000000000000e+00
1.419270833333333148e-01 1.205236396159394250e-08 -1.320057369589948235e-05 5.003423713083193780e-01 0.000000000000000000e+00
1.432291666666666574e-01 1.162953682132726076e-08 -1.265190166825508107e-05 5.003422402224977361e-01 0.000000000000000000e+00
1.445312500000000000e-01 1.112208643369469239e-08 -1.211453587861422820e-05 5.003421167481960641e-01 0.000000000000000000e+00
1.458333333333333148e-01 1.055855253195834142e-08 -1.158802293051386166e-05 5.003419932738945031e-01 0.000000000000000000e+00
1.471354166666666574e-01 9.963931320495281039e-09 -1.107195921781842506e-05 5.003418903981655674e-01 0.000000000000000000e+00
1.484375000000000000e-01 9.355114739583360283e-09 -1.056598225029409992e-05 5.003417875224365208e-01 0.000000000000000000e+00
1.497395833333333148e-01 8.744614384840412510e-09 -1.006976040898380260e-05 5.003417028006790224e-01 0.000000000000000000e+00
1.510416666666666574e-01 8.140969335984790259e-09 -9.582991107968977332e-06 5.003416180789215240e-01 0.000000000000000000e+00
1.523437500000000000e-01 7.550314016290520409e-09 -9.105391519569601215e-06 5.003415494290812671e-01 0.000000000000000000e+00
1.536458333333333148e-01 6.976867882775068311e-09 -8.636699763366143464e-06 5.003414807792411212e-01 0.000000000000000000e+00
1.549479166666666574e-01 6.423174955794161327e-09 -8.176667501427365976e-06 5.003414251919041655e-01 0.000000000000000000e+00
1.562500000000000000e-01 5.890969717568675853e-09 -7.725062093938682314e-06 5.003413696045672099e-01 0.000000000000000000e+00
1.575520833333333148e-01 5.380947816183325707e-09 -7.281660947712338606e-06 5.003413245437011714e-01 0.000000000000000000e+00
1.588541666666666574e-01 4.893539134789688928e-09 -6.846253736006538132e-06 5.003412794828350219e-01 0.000000000000000000e+00
1.601562500000000000e-01 4.428495287697930783e-09 -6.418638163048060115e-06 5.003412428110090016e-01 0.000000000000000000e+00
1.614583333333333148e-01 3.985565143359972681e-09 -5.998621899573396806e-06 5.003412061391828702e-01 0.000000000000000000e+00
1.627604166666666574e-01 3.564058403444840088e-09 -5.586019415044618503e-06 5.003411761587355233e-01 0.000000000000000000e+00
1.640625000000000000e-01 3.163397071868731317e-09 -5.180653546047921793e-06 5.003411461782881764e-01 0.000000000000000000e+00
1.653645833333333148e-01 2.782712422563713779e-09 -4.782353110792877576e-06 5.003411215493189790e-01 0.000000000000000000e+00
1.666666666666666574e-01 2.421289817743906285e-09 -4.390954134458730845e-06 5.003410969203497816e-01 0.000000000000000000e+00
1.679687500000000000e-01 2.078219815042988564e-09 -4.006298028967615838e-06 5.003410765931387560e-01 0.000000000000000000e+00
1.692708333333333148e-01 1.752753250980302470e-09 -3.628232534908985690e-06 5.003410562659277305e-01 0.000000000000000000e+00
1.705729166666666574e-01 1.444008219258593252e-09 -3.256610308021102974e-06 5.003410394166348807e-01 0.000000000000000000e+00
1.718750000000000000e-01 1.151253366868570530e-09 -2.891289641121805633e-06 5.003410225673420308e-01 0.000000000000000000e+00
1.731770833333333148e-01 8.736656104472557608e-10 -2.532133343373399447e-06 5.003410085471702295e-01 0.000000000000000000e+00
1.744791666666666574e-01 6.105565876216149441e-10 -2.179009297793899384e-06 5.003409945269983172e-01 0.000000000000000000e+00
1.757812500000000000e-01 3.611737078931309531e-10 -1.831789552105347588e-06 5.003409828221652145e-01 0.000000000000000000e+00
1.770833333333333148e-01 1.248819502172175132e-10 -1.490350756452638145e-06 5.003409711173321117e-01 0.000000000000000000e+00
1.783854166666666574e-01 -9.899916061679234234e-11 -1.154573408134089573e-06 5.003409613184410798e-01 0.000000000000000000e+00
1.796875000000000000e-01 -3.110488263517352478e-10 -8.243422036730089488e-07 5.003409515195501589e-01 0.000000000000000000e+00
1.809895833333333148e-01 -5.118786806700969540e-10 -4.995453964058570787e-07 5.003409432982250937e-01 0.000000000000000000e+00
1.822916666666666574e-01 -7.020136625040828266e-10 -1.800750883242431313e-07 5.003409350768999175e-01 0.000000000000000000e+00
1.835937500000000000e-01 -8.820019682949164130e-10 1.341733287621324445e-07 5.003409281680064602e-01 0.000000000000000000e+00
1.848958333333333148e-01 -1.052317743223871715e-09 4.433009230499941267e-07 5.003409212591130029e-01 0.000000000000000000e+00
1.861979166666666574e-01 -1.213451835261168411e-09 7.474057189873429213e-07 5.003409154471958331e-01 0.000000000000000000e+00
1.875000000000000000e-01 -1.365831825399999925e-09 1.046582475399229204e-06 5.003409096352787744e-01 0.000000000000000000e+00
1.888020833333333148e-01 -1.509897257871122607e-09 1.340923134246074935e-06 5.003409047441660373e-01 0.000000000000000000e+00
1.901041666666666574e-01 -1.646033529697533716e-09 1.630516617545701322e-06 5.003408998530531893e-01 0.000000000000000000e+00
1.914062500000000000e-01 -1.774634536915044445e-09 1.915449239563107406e-06 5.003408957378492339e-01 0.000000000000000000e+00
1.927083333333333148e-01 -1.896047712830030772e-09 2.195804515923659546e-06 5.003408916226451675e-01 0.000000000000000000e+00
1.940104166666666574e-01 -2.010626438338488601e-09 2.471663547107726068e-06 5.003408881635191818e-01 0.000000000000000000e+00
1.953125000000000000e-01 -2.118684101389849578e-09 2.743104835155765026e-06 5.003408847043933072e-01 0.000000000000000000e+00
1.966145833333333148e-01 -2.220538143786293370e-09 3.010204644303321129e-06 5.003408818017356374e-01 0.000000000000000000e+00
1.979166666666666574e-01 -2.316471469938213845e-09 3.273036822167813106e-06 5.003408788990779676e-01 0.000000000000000000e+00
1.992187500000000000e-01 -2.406769628428631624e-09 3.531673141721674907e-06 5.003408764696934963e-01 0.000000000000000000e+00
2.005208333333333148e-01 -2.491688239016498095e-09 3.786183124955460407e-06 5.003408740403090249e-01 0.000000000000000000e+00
2.018229166666666574e-01 -2.571484511871419132e-09 4.036634369302639024e-06 5.003408720143961430e-01 0.000000000000000000e+00
2.031250000000000000e-01 -2.646389643533537369e-09 4.283092372485302003e-06 5.003408699884832611e-01 0.000000000000000000e+00
2.044270833333333148e-01 -2.716635638443496986e-09 4.525620845723385238e-06 5.003408683072482210e-01 0.000000000000000000e+00
2.057291666666666574e-01 -2.782431800439788803e-09 4.764281539007409329e-06 5.003408666260131810e-01 0.000000000000000000e+00
2.070312500000000000e-01 -2.843987669477187505e-09 4.999134542757471353e-06 5.003408652397431933e-01 0.000000000000000000e+00
2.083333333333333148e-01 -2.901492917021028404e-09 5.230238113194139103e-06 5.003408638534732056e-01 0.000000000000000000e+00
2.096354166666666574e-01 -2.955137020909520811e-09 5.457648963755354238e-06 5.003408627199680270e-01 0.000000000000000000e+00
2.109375000000000000e-01 -3.005092033324032071e-09 5.681422090360895136e-06 5.003408615864628484e-01 0.000000000000000000e+00
2.122395833333333148e-01 -3.051529488113593634e-09 5.901611053634275772e-06 5.003408606698251937e-01 0.000000000000000000e+00
2.135416666666666574e-01 -3.094605588096681324e-09 6.118267804050327344e-06 5.003408597531874280e-01 0.000000000000000000e+00
2.148437500000000000e-01 -3.134475796942154420e-09 6.331442955711569642e-06 5.003408590227540476e-01 0.000000000000000000e+00
2.161458333333333148e-01 -3.171282055234581376e-09 6.541185611539992554e-06 5.003408582923207781e-01 0.000000000000000000e+00
2.174479166666666574e-01 -3.205165405546693707e-09 6.747543629160471197e-06 5.003408577218475539e-01 0.000000000000000000e+00
2.187500000000000000e-01 -3.236254933996454997e-09 6.950563446361294025e-06 5.003408571513743297e-01 0.000000000000000000e+00
2.200520833333333148e-01 -3.264678724974513270e-09 7.150290339537668316e-06 5.003408567183353917e-01 0.000000000000000000e+00
2.213541666666666574e-01 -3.290554267815032368e-09 7.346768249654825954e-06 5.003408562852965646e-01 0.000000000000000000e+00
2.226562500000000000e-01 -3.313997984990144506e-09 7.540040033628841150e-06 5.003408559703181879e-01 0.000000000000000000e+00
2.239583333333333148e-01 -3.335116891306717850e-09 7.730147291019298406e-06 5.003408556553398112e-01 0.000000000000000000e+00
2.252604166666666574e-01 -3.354016900204934212e-09 7.917130608681895447e-06 5.003408554417203558e-01 0.000000000000000000e+00
2.265625000000000000e-01 -3.370795556634618215e-09 8.101029388423355019e-06 5.003408552281007893e-01 0.000000000000000000e+00
2.278645833333333148e-01 -3.385549293067953437e-09 8.281882085169569625e-06 5.003408551014184580e-01 0.000000000000000000e+00
2.291666666666666574e-01 -3.398367082891355176e-09 8.459726035865994812e-06 5.003408549747361267e-01 0.000000000000000000e+00
2.304687500000000000e-01 -3.409336793226372594e-09 8.634597691352701636e-06 5.003408549225145663e-01 0.000000000000000000e+00
2.317708333333333148e-01 -3.418539634005650934e-09 8.806532446707248421e-06 5.003408548702928949e-01 0.000000000000000000e+00
2.330729166666666574e-01 -3.426055727021992071e-09 8.975564867088936570e-06 5.003408548817225299e-01 0.000000000000000000e+00
2.343750000000000000e-01 -3.431959243014742597e-09 9.141728519686960532e-06 5.003408548931522759e-01 0.000000000000000000e+00
2.356770833333333148e-01 -3.436323291280322512e-09 9.305056193706158534e-06 5.003408549588547194e-01 0.000000000000000000e+00
2.369791666666666574e-01 -3.439215655005278467e-09 9.465579734148235022e-06 5.003408550245571629e-01 0.000000000000000000e+00
2.382812500000000000e-01 -3.440703090476134085e-09 9.623330256046460924e-06 5.003408551363833778e-01 0.000000000000000000e+00
2.395833333333333148e-01 -3.440847580202307427e-09 9.778337980291105068e-06 5.003408552482095928e-01 0.000000000000000000e+00
2.408854166666666574e-01 -3.439710117421626355e-09 9.930632442262642891e-06 5.003408553990790208e-01 0.000000000000000000e+00
2.421875000000000000e-01 -3.437347410626955927e-09 1.008024232979504988e-05 5.003408555499484489e-01 0.000000000000000000e+00
2.434895833333333148e-01 -3.433815224300458904e-09 1.022719568642926181e-05 5.003408557336892493e-01 0.000000000000000000e+00
2.447916666666666574e-01 -3.429165472802316629e-09 1.037151975158977538e-05 5.003408559174299386e-01 0.000000000000000000e+00
2.460937500000000000e-01 -3.423449167345842139e-09 1.051324115858606209e-05 5.003408561286728506e-01 0.000000000000000000e+00
2.473958333333333148e-01 -3.416713857523663312e-09 1.065238577717104077e-05 5.003408563399156517e-01 0.000000000000000000e+00
2.486979166666666574e-01 -3.409006235013946138e-09 1.078897890638736922e-05 5.003408565739755343e-01 0.000000000000000000e+00
2.500000000000000000e-01 -3.400369874969476080e-09 1.092304511955409608e-05 5.003408568080354168e-01 0.000000000000000000e+00
2.513020833333333148e-01 -3.390847538538870577e-09 1.105460845215074027e-05 5.003408570608308681e-01 0.000000000000000000e+00
2.526041666666666297e-01 -3.380479178373556494e-09 1.118369224933022883e-05 5.003408573136263193e-01 0.000000000000000000e+00
2.539062500000000000e-01 -3.369303977036274611e-09 1.131031934887850809e-05 5.003408575815921910e-01 0.000000000000000000e+00
2.552083333333333148e-01 -3.357358585164820161e-09 1.143451193133984289e-05 5.003408578495581738e-01 0.000000000000000000e+00
2.565104166666666297e-01 -3.344678924378600564e-09 1.155629169824905729e-05 5.003408581295878399e-01 0.000000000000000000e+00
2.578125000000000000e-01 -3.331298631146656544e-09 1.167567972483751273e-05 5.003408584096176170e-01 0.000000000000000000e+00
2.591145833333333148e-01 -3.317250655502846008e-09 1.179269663367747785e-05 5.003408586989953610e-01 0.000000000000000000e+00
2.604166666666666297e-01 -3.302565883998123673e-09 1.190736245000635663e-05 5.003408589883731050e-01 0.000000000000000000e+00
2.617187500000000000e-01 -3.287274554609045994e-09 1.201969677091466537e-05 5.003408592847352621e-01 0.000000000000000000e+00
2.630208333333333148e-01 -3.271405040446633905e-09 1.212971862331174158e-05 5.003408595810974191e-01 0.000000000000000000e+00
2.643229166666666297e-01 -3.254985105880928490e-09 1.223744662874975977e-05 5.003408598823766429e-01 0.000000000000000000e+00
2.656250000000000000e-01 -3.238040828775792436e-09 1.234289886405447875e-05 5.003408601836558667e-01 0.000000000000000000e+00
2.669270833333333148e-01 -3.220597713369024080e-09 1.244609302190807875e-05 5.003408604880544841e-01 0.000000000000000000e+00
2.682291666666666297e-01 -3.202679737810807394e-09 1.254704627414828608e-05 5.003408607924531015e-01 0.000000000000000000e+00
2.695312500000000000e-01 -3.184310341476538490e-09 1.264577542823700525e-05 5.003408610984020344e-01 0.000000000000000000e+00
2.708333333333333148e-01 -3.165511583334825135e-09 1.274229679318556594e-05 5.003408614043509672e-01 0.000000000000000000e+00
2.721354166666666297e-01 -3.146305015396691718e-09 1.283662633206499566e-05 5.003408617104860845e-01 0.000000000000000000e+00
2.734375000000000000e-01 -3.126710939330506793e-09 1.292877953051449868e-05 5.003408620166210907e-01 0.000000000000000000e+00
2.747395833333333148e-01 -3.106749181091162811e-09 1.301877154538175202e-05 5.003408623217557860e-01 0.000000000000000000e+00
2.760416666666666297e-01 -3.086438434175700976e-09 1.310661707587986162e-05 5.003408626268905923e-01 0.000000000000000000e+00
2.773437500000000000e-01 -3.065796944180039681e-09 1.319233050842027913e-05 5.003408629299965771e-01 0.000000000000000000e+00
2.786458333333333148e-01 -3.044841930364198233e-09 1.327592579032992016e-05 5.003408632331026729e-01 0.000000000000000000e+00
2.799479166666666297e-01 -3.023590194677853310e-09 1.335741657110036946e-05 5.003408635332785570e-01 0.000000000000000000e+00
2.812500000000000000e-01 -3.002057609483044558e-09 1.343681607857074427e-05 5.003408638334544412e-01 0.000000000000000000e+00
2.825520833333333148e-01 -2.980259653405348826e-09 1.351413725667244460e-05 5.003408641299353921e-01 0.000000000000000000e+00
2.838541666666666297e-01 -2.958210960269856921e-09 1.358939264412094515e-05 5.003408644264162319e-01 0.000000000000000000e+00
2.851562500000000000e-01 -2.935925798090681981e-09 1.366259450869783428e-05 5.003408647185445535e-01 0.000000000000000000e+00
2.864583333333333148e-01 -2.913417665965531426e-09 1.373375472843207977e-05 5.003408650106728750e-01 0.000000000000000000e+00
2.877604166666666297e-01 -2.890699721330441381e-09 1.380288492255090574e-05 5.003408652978560411e-01 0.000000000000000000e+00
2.890625000000000000e-01 -2.867784427028146732e-09 1.386999633505817859e-05 5.003408655850392073e-01 0.000000000000000000e+00
2.903645833333333148e-01 -2.844683918592499074e-09 1.393509996248394154e-05 5.003408658667991560e-01 0.000000000000000000e+00
2.916666666666666297e-01 -2.821409702219162616e-09 1.399820643984731356e-05 5.003408661485592157e-01 0.000000000000000000e+00
2.929687500000000000e-01 -2.797972981792289917e-09 1.405932616523462066e-05 5.003408664244730630e-01 0.000000000000000000e+00
2.942708333333333148e-01 -2.774384389705286303e-09 1.411846918811541168e-05 5.003408667003867993e-01 0.000000000000000000e+00
2.955729166666666297e-01 -2.750654273616508503e-09 1.417564533091855066e-05 5.003408669700992739e-01 0.000000000000000000e+00
2.968750000000000000e-01 -2.726792463346962233e-09 1.423086407956340674e-05 5.003408672398116375e-01 0.000000000000000000e+00
2.981770833333333148e-01 -2.702808521195955224e-09 1.428413470216787267e-05 5.003408675030224240e-01 0.000000000000000000e+00
2.994791666666666297e-01 -2.678711540580295718e-09 1.433546614176311750e-05 5.003408677662332105e-01 0.000000000000000000e+00
3.007812500000000000e-01 -2.654510363887301910e-09 1.438486713218444641e-05 5.003408680226892891e-01 0.000000000000000000e+00
3.020833333333333148e-01 -2.630213408165850500e-09 1.443234609295076631e-05 5.003408682791452566e-01 0.000000000000000000e+00
3.033854166666666297e-01 -2.605828856001227947e-09 1.447791124241912273e-05 5.003408685286363511e-01 0.000000000000000000e+00
3.046875000000000000e-01 -2.581364503581083717e-09 1.452157049476521880e-05 5.003408687781275566e-01 0.000000000000000000e+00
3.059895833333333148e-01 -2.556827926691282752e-09 1.456333157051673407e-05 5.003408690204831366e-01 0.000000000000000000e+00
3.072916666666666297e-01 -2.532226351831636915e-09 1.460320189556307362e-05 5.003408692628386056e-01 0.000000000000000000e+00
3.085937500000000000e-01 -2.507566799208857237e-09 1.464118870912460799e-05 5.003408694979165627e-01 0.000000000000000000e+00
3.098958333333333148e-01 -2.482855972705994695e-09 1.467729896482735818e-05 5.003408697329945198e-01 0.000000000000000000e+00
3.111979166666666297e-01 -2.458100382968874114e-09 1.471153943612832295e-05 5.003408699606843868e-01 0.000000000000000000e+00
3.125000000000000000e-01 -2.433306253744790759e-09 1.474391661934486843e-05 5.003408701883743648e-01 0.000000000000000000e+00
3.138020833333333148e-01 -2.408479626958667970e-09 1.477443683673747745e-05 5.003408704085897662e-01 0.000000000000000000e+00
3.151041666666666297e-01 -2.383626286629990275e-09 1.480310614139894058e-05 5.003408706288051677e-01 0.000000000000000000e+00
3.164062500000000000e-01 -2.358751846316726154e-09 1.482993041803029763e-05 5.003408708414793793e-01 0.000000000000000000e+00
3.177083333333333148e-01 -2.333861686325675635e-09 1.485491528967841552e-05 5.003408710541534798e-01 0.000000000000000000e+00
3.190104166666666297e-01 -2.308961026370003592e-09 1.487806621627195958e-05 5.003408712592416485e-01 0.000000000000000000e+00
3.203125000000000000e-01 -2.284054875630718279e-09 1.489938840315902153e-05 5.003408714643298172e-01 0.000000000000000000e+00
3.216145833333333148e-01 -2.259148094338084173e-09 1.491888689747057150e-05 5.003408716618005236e-01 0.000000000000000000e+00
3.229166666666666297e-01 -2.234245352943998645e-09 1.493656649840915554e-05 5.003408718592711191e-01 0.000000000000000000e+00
3.242187500000000000e-01 -2.209351180635909892e-09 1.495243185152944451e-05 5.003408720491068218e-01 0.000000000000000000e+00
3.255208333333333148e-01 -2.184469937332107757e-09 1.496648736069361630e-05 5.003408722389425245e-01 0.000000000000000000e+00
3.268229166666666297e-01 -2.159605850582396436e-09 1.497873728035077241e-05 5.003408724211386716e-01 0.000000000000000000e+00
3.281250000000000000e-01 -2.134762994849774469e-09 1.498918562914105794e-05 5.003408726033348186e-01 0.000000000000000000e+00
3.294270833333333148e-01 -2.109945321699430135e-09 1.499783628018538258e-05 5.003408727778966281e-01 0.000000000000000000e+00
3.307291666666666297e-01 -2.085156646015821333e-09 1.500469287634076864e-05 5.003408729524584375e-01 0.000000000000000000e+00
3.320312500000000000e-01 -2.060400666120237473e-09 1.500975891856716321e-05 5.003408731193993431e-01 0.000000000000000000e+00
3.333333333333333148e-01 -2.035680958931806131e-09 1.501303768271652400e-05 5.003408732863402486e-01 0.000000000000000000e+00
3.346354166666666297e-01 -2.011000992678704730e-09 1.501453230610165165e-05 5.003408734456805673e-01 0.000000000000000000e+00
3.359375000000000000e-01 -1.986364127169528717e-09 1.501424570576475921e-05 5.003408736050208860e-01 0.000000000000000000e+00
3.372395833333333148e-01 -1.961773620411159983e-09 1.501218066330201624e-05 5.003408737567872633e-01 0.000000000000000000e+00
3.385416666666666297e-01 -1.937232634426189143e-09 1.500833974458007200e-05 5.003408739085536405e-01 0.000000000000000000e+00
3.398437500000000000e-01 -1.912744236093595738e-09 1.500272538283463102e-05 5.003408740527766074e-01 0.000000000000000000e+00
3.411458333333333148e-01 -1.888311407181535858e-09 1.499533979983695270e-05 5.003408741969995743e-01 0.000000000000000000e+00
3.424479166666666297e-01 -1.863937041169380397e-09 1.498618508729014477e-05 5.003408743337138809e-01 0.000000000000000000e+00
3.437500000000000000e-01 -1.839623956614636126e-09 1.497526312940136146e-05 5.003408744704281874e-01 0.000000000000000000e+00
3.450520833333333148e-01 -1.815374889037417134e-09 1.496257568268380482e-05 5.003408745996722473e-01 0.000000000000000000e+00
3.463541666666666297e-01 -1.791192509140388230e-09 1.494812429983177643e-05 5.003408747289164182e-01 0.000000000000000000e+00
3.476562500000000000e-01 -1.767079409639890767e-09 1.493191040799495146e-05 5.003408748507292003e-01 0.000000000000000000e+00
3.489583333333333148e-01 -1.743038127956949453e-09 1.491393523391607361e-05 5.003408749725418714e-01 0.000000000000000000e+00
3.502604166666666297e-01 -1.719071128255673999e-09 1.489419988075238468e-05 5.003408750869653421e-01 0.000000000000000000e+00
3.515625000000000000e-01 -1.695180827094116688e-09 1.487270525442976051e-05 5.003408752013888128e-01 0.000000000000000000e+00
3.528645833333333148e-01 -1.671369573938702932e-09 1.484945213899924276e-05 5.003408753084632732e-01 0.000000000000000000e+00
3.541666666666666297e-01 -1.647639677674456703e-09 1.482444112423314878e-05 5.003408754155377336e-01 0.000000000000000000e+00
3.554687500000000000e-01 -1.623993384112728828e-09 1.479767267959628441e-05 5.003408755153067045e-01 0.000000000000000000e+00
3.567708333333333148e-01 -1.600432905590022182e-09 1.476914708295304259e-05 5.003408756150756753e-01 0.000000000000000000e+00
3.580729166666666297e-01 -1.576960396236482508e-09 1.473886449323228299e-05 5.003408757075813451e-01 0.000000000000000000e+00
3.593750000000000000e-01 -1.553577982660461028e-09 1.470682488025126724e-05 5.003408758000871259e-01 0.000000000000000000e+00
3.606770833333333148e-01 -1.530287737937985516e-09 1.467302809606963311e-05 5.003408758853706839e-01 0.000000000000000000e+00
3.619791666666666297e-01 -1.507091713296927662e-09 1.463747380590627167e-05 5.003408759706543529e-01 0.000000000000000000e+00
3.632812500000000000e-01 -1.483991910487688308e-09 1.460016155823919118e-05 5.003408760487562112e-01 0.000000000000000000e+00
3.645833333333333148e-01 -1.460990315328984407e-09 1.456109071677658946e-05 5.003408761268581806e-01 0.000000000000000000e+00
3.658854166666666297e-01 -1.438088867424078587e-09 1.452026052931379859e-05 5.003408761978168640e-01 0.000000000000000000e+00
3.671875000000000000e-01 -1.415289495821779438e-09 1.447767006074421386e-05 5.003408762687755473e-01 0.000000000000000000e+00
3.684895833333333148e-01 -1.392594086864070066e-09 1.443331826075897297e-05 5.003408763326294695e-01 0.000000000000000000e+00
3.697916666666666297e-01 -1.370004520620839890e-09 1.438720389777924842e-05 5.003408763964833916e-01 0.000000000000000000e+00
3.710937500000000000e-01 -1.347522639142189809e-09 1.433932562557332375e-05 5.003408764532673025e-01 0.000000000000000000e+00
3.723958333333333148e-01 -1.325150282353862091e-09 1.428968191812522663e-05 5.003408765100513245e-01 0.000000000000000000e+00
3.736979166666666297e-01 -1.302889254885074344e-09 1.423827113514356924e-05 5.003408765597994190e-01 0.000000000000000000e+00
3.750000000000000000e-01 -1.280741363321584410e-09 1.418509145783556133e-05 5.003408766095475135e-01 0.000000000000000000e+00
3.763020833333333148e-01 -1.258708382700044812e-09 1.413014095338397469e-05 5.003408766522894346e-01 0.000000000000000000e+00
3.776041666666666297e-01 -1.236792094332060498e-09 1.407341751156299009e-05 5.003408766950313558e-01 0.000000000000000000e+00
3.789062500000000000e-01 -1.214994250406940053e-09 1.401491890823174635e-05 5.003408767307974125e-01 0.000000000000000000e+00
3.802083333333333148e-01 -1.193316612496920124e-09 1.395464274276446546e-05 5.003408767665634693e-01 0.000000000000000000e+00
3.815104166666666297e-01 -1.171760917059942083e-09 1.389258650057229223e-05 5.003408767953787528e-01 0.000000000000000000e+00
3.828125000000000000e-01 -1.150328913329242321e-09 1.382874749138499241e-05 5.003408768241939253e-01 0.000000000000000000e+00
3.841145833333333148e-01 -1.129022327859967675e-09 1.376312291072008461e-05 5.003408768460813061e-01 0.000000000000000000e+00
3.854166666666666297e-01 -1.107842903037807840e-09 1.369570977904606421e-05 5.003408768679685759e-01 0.000000000000000000e+00
3.867187500000000000e-01 -1.086792361848367230e-09 1.362650500231607716e-05 5.003408768829480380e-01 0.000000000000000000e+00
3.880208333333333148e-01 -1.065872446616521222e-09 1.355550531182589392e-05 5.003408768979275001e-01 0.000000000000000000e+00
3.893229166666666297e-01 -1.045084882227868393e-09 1.348270732390477188e-05 5.003408769060164740e-01 0.000000000000000000e+00
3.906250000000000000e-01 -1.024431415526674730e-09 1.340810748051181672e-05 5.003408769141053369e-01 0.000000000000000000e+00
3.919270833333333148e-01 -1.003913779243053210e-09 1.333170210806198354e-05 5.003408769153170343e-01 0.000000000000000000e+00
3.932291666666666297e-01 -9.835337306311690865e-10 1.325348735867888539e-05 5.003408769165288428e-01 0.000000000000000000e+00
3.945312500000000000e-01 -9.632930156554825047e-10 1.317345926824462418e-05 5.003408769108738108e-01 0.000000000000000000e+00
3.958333333333333148e-01 -9.431934070928712745e-10 1.309161369828567338e-05 5.003408769052187788e-01 0.000000000000000000e+00
3.971354166666666297e-01 -9.232366691805626892e-10 1.300794639324949318e-05 5.003408768927049000e-01 0.000000000000000000e+00
3.984375000000000000e-01 -9.034245949146437138e-10 1.292245292302143751e-05 5.003408768801911322e-01 0.000000000000000000e+00
3.997395833333333148e-01 -8.837589723476788051e-10 1.283512873943045738e-05 5.003408768608215151e-01 0.000000000000000000e+00
4.010416666666666297e-01 -8.642416219374895203e-10 1.274596911939067269e-05 5.003408768414518981e-01 0.000000000000000000e+00
4.023437500000000000e-01 -8.448743567475115455e-10 1.265496922062802719e-05 5.003408768152264319e-01 0.000000000000000000e+00
4.036458333333333148e-01 -8.256590274227618869e-10 1.256212402545148527e-05 5.003408767890008546e-01 0.000000000000000000e+00
4.049479166666666297e-01 -8.065974820415359623e-10 1.246742839576914831e-05 5.003408767559145431e-01 0.000000000000000000e+00
4.062500000000000000e-01 -7.876916053689260802e-10 1.237087701739402571e-05 5.003408767228282317e-01 0.000000000000000000e+00
4.075520833333333148e-01 -7.689432834228921571e-10 1.227246445436694128e-05 5.003408766828756349e-01 0.000000000000000000e+00
4.088541666666666297e-01 -7.503544401354358614e-10 1.217218509380525065e-05 5.003408766429231491e-01 0.000000000000000000e+00
4.101562500000000000e-01 -7.319270035703855787e-10 1.207003319958649694e-05 5.003408765960933868e-01 0.000000000000000000e+00
4.114583333333333148e-01 -7.136629421103379833e-10 1.196600285767898496e-05 5.003408765492636245e-01 0.000000000000000000e+00
4.127604166666666297e-01 -6.955642302636320246e-10 1.186008802918051442e-05 5.003408764955414867e-01 0.000000000000000000e+00
4.140625000000000000e-01 -6.776328851748570845e-10 1.175228249618262723e-05 5.003408764418193488e-01 0.000000000000000000e+00
4.153645833333333148e-01 -6.598709323098542190e-10 1.164257991413316111e-05 5.003408763811860727e-01 0.000000000000000000e+00
4.166666666666666297e-01 -6.422804419120142078e-10 1.153097375819818634e-05 5.003408763205527965e-01 0.000000000000000000e+00
4.179687500000000000e-01 -6.248634946059636319e-10 1.141745737504444341e-05 5.003408762529858445e-01 0.000000000000000000e+00
4.192708333333333148e-01 -6.076222181249134671e-10 1.130202392959357808e-05 5.003408761854188924e-01 0.000000000000000000e+00
4.205729166666666297e-01 -5.905587529821077972e-10 1.118466645625873057e-05 5.003408761108913971e-01 0.000000000000000000e+00
4.218750000000000000e-01 -5.736752888729117553e-10 1.106537780614433710e-05 5.003408760363639018e-01 0.000000000000000000e+00
4.231770833333333148e-01 -5.569740304817855092e-10 1.094415069766223022e-05 5.003408759548464424e-01 0.000000000000000000e+00
4.244791666666666297e-01 -5.404572324143465227e-10 1.082097766420153678e-05 5.003408758733289829e-01 0.000000000000000000e+00
4.257812500000000000e-01 -5.241271690875188022e-10 1.069585110419110676e-05 5.003408757847856991e-01 0.000000000000000000e+00
4.270833333333333148e-01 -5.079861658306239567e-10 1.056876322909731122e-05 5.003408756962424153e-01 0.000000000000000000e+00
4.283854166666666297e-01 -4.920365682583366971e-10 1.043970611301777394e-05 5.003408756006353375e-01 0.000000000000000000e+00
4.296875000000000000e-01 -4.762807797892981698e-10 1.030867164105951086e-05 5.003408755050283707e-01 0.000000000000000000e+00
4.309895833333333148e-01 -4.607212198254514423e-10 1.017565155835573401e-05 5.003408754023139782e-01 0.000000000000000000e+00
4.322916666666666297e-01 -4.453603675083628310e-10 1.004063741887539166e-05 5.003408752995995856e-01 0.000000000000000000e+00
4.335937500000000000e-01 -4.302007355222198931e-10 9.903620633861194621e-06 5.003408751897311380e-01 0.000000000000000000e+00
4.348958333333333148e-01 -4.152448803815930263e-10 9.764592421050336630e-06 5.003408750798626903e-01 0.000000000000000000e+00
4.361979166666666297e-01 -4.004953955413304359e-10 9.623543852579845401e-06 5.003408749627877850e-01 0.000000000000000000e+00
4.375000000000000000e-01 -3.859549324897897961e-10 9.480465804564703475e-06 5.003408748457129906e-01 0.000000000000000000e+00
4.388020833333333148e-01 -3.716261732752187269e-10 9.335349004485092909e-06 5.003408747213784480e-01 0.000000000000000000e+00
4.401041666666666297e-01 -3.575118605699716470e-10 9.188183981107415411e-06 5.003408745970440163e-01 0.000000000000000000e+00
4.414062500000000000e-01 -3.436147731610291099e-10 9.038961111401833538e-06 5.003408744653856655e-01 0.000000000000000000e+00
4.427083333333333148e-01 -3.299377524791755907e-10 8.887670570746945223e-06 5.003408743337272035e-01 0.000000000000000000e+00
4.440104166666666297e-01 -3.164836754094006985e-10 8.734302379415568565e-06 5.003408741946833160e-01 0.000000000000000000e+00
4.453125000000000000e-01 -3.032554848173842597e-10 8.578846353031059678e-06 5.003408740556395395e-01 0.000000000000000000e+00
4.466145833333333148e-01 -2.902561630987749580e-10 8.421292148639989350e-06 5.003408739091391721e-01 0.000000000000000000e+00
4.479166666666666297e-01 -2.774887603065075346e-10 8.261629215417386934e-06 5.003408737626388048e-01 0.000000000000000000e+00
4.492187500000000000e-01 -2.649563650972021204e-10 8.099846840300016970e-06 5.003408736086086828e-01 0.000000000000000000e+00
4.505208333333333148e-01 -2.526621423647322036e-10 7.935934098964423595e-06 5.003408734545785608e-01 0.000000000000000000e+00
4.518229166666666297e-01 -2.406092962384108920e-10 7.769879901027693499e-06 5.003408732929409686e-01 0.000000000000000000e+00
4.531250000000000000e-01 -2.288011051448080336e-10 7.601672941268348074e-06 5.003408731313033764e-01 0.000000000000000000e+00
4.544270833333333148e-01 -2.172408936069926130e-10 7.431301744399362355e-06 5.003408729619733819e-01 0.000000000000000000e+00
4.557291666666666297e-01 -2.059320611536745971e-10 7.258754616543754045e-06 5.003408727926432764e-01 0.000000000000000000e+00
4.570312500000000000e-01 -1.948780586194943858e-10 7.084019689548687633e-06 5.003408726155338382e-01 0.000000000000000000e+00
4.583333333333333148e-01 -1.840824117953672219e-10 6.907084872739845670e-06 5.003408724384242889e-01 0.000000000000000000e+00
4.596354166666666297e-01 -1.735487001741501441e-10 6.727937896790450964e-06 5.003408722534424813e-01 0.000000000000000000e+00
4.609375000000000000e-01 -1.632805822531307775e-10 6.546566265685952745e-06 5.003408720684606736e-01 0.000000000000000000e+00
4.622395833333333148e-01 -1.532817735144496488e-10 6.362957300215599963e-06 5.003408718755086859e-01 0.000000000000000000e+00
4.635416666666666297e-01 -1.435560694541558563e-10 6.177098090124686814e-06 5.003408716825568092e-01 0.000000000000000000e+00
4.648437500000000000e-01 -1.341073263705402959e-10 5.988975537172406199e-06 5.003408714815278380e-01 0.000000000000000000e+00
4.661458333333333148e-01 -1.249394850080082105e-10 5.798576307537195473e-06 5.003408712804988667e-01 0.000000000000000000e+00
4.674479166666666297e-01 -1.160565470929331357e-10 5.605886874443779629e-06 5.003408710712897722e-01 0.000000000000000000e+00
4.687500000000000000e-01 -1.074626005201253383e-10 5.410893470739456767e-06 5.003408708620806777e-01 0.000000000000000000e+00
4.700520833333333148e-01 -9.916180063752304087e-11 5.213582131136583239e-06 5.003408706445747756e-01 0.000000000000000000e+00
4.713541666666666297e-01 -9.115839167440214374e-11 5.013938645005549626e-06 5.003408704270688734e-01 0.000000000000000000e+00
4.726562500000000000e-01 -8.345668684932692751e-11 4.811948598138765955e-06 5.003408702011487019e-01 0.000000000000000000e+00
4.739583333333333148e-01 -7.606109123136746761e-11 4.607597325790328409e-06 5.003408699752284194e-01 0.000000000000000000e+00
4.752604166666666297e-01 -6.897608300529255801e-11 4.400869954009483948e-06 5.003408697407691896e-01 0.000000000000000000e+00
4.765625000000000000e-01 -6.220623523442692969e-11 4.191751352818721683e-06 5.003408695063098488e-01 0.000000000000000000e+00
4.778645833333333148e-01 -5.575619679652041146e-11 3.980226177189780282e-06 5.003408692631819976e-01 0.000000000000000000e+00
4.791666666666666297e-01 -4.963071449163872553e-11 3.766278820380559708e-06 5.003408690200541464e-01 0.000000000000000000e+00
4.804687500000000000e-01 -4.383461576608280403e-11 3.549893454458713937e-06 5.003408687681214495e-01 0.000000000000000000e+00
4.817708333333333148e-01 -3.837282858724596404e-11 3.331053983853794185e-06 5.003408685161886416e-01 0.000000000000000000e+00
4.830729166666666297e-01 -3.325036400136256517e-11 3.109744085428289286e-06 5.003408682553097675e-01 0.000000000000000000e+00
4.843750000000000000e-01 -2.847233814142575634e-11 2.885947162216263135e-06 5.003408679944308934e-01 0.000000000000000000e+00
4.856770833333333148e-01 -2.404395378543394690e-11 2.659646383020421254e-06 5.003408677244605141e-01 0.000000000000000000e+00
4.869791666666666297e-01 -1.997052152011118131e-11 2.430824636381128073e-06 5.003408674544901347e-01 0.000000000000000000e+00
4.882812500000000000e-01 -1.625744369152537787e-11 2.199464569694132893e-06 5.003408671752722636e-01 0.000000000000000000e+00
4.895833333333333148e-01 -1.291023346899417478e-11 1.965548543341160814e-06 5.003408668960545036e-01 0.000000000000000000e+00
4.908854166666666297e-01 -9.934498859879149595e-12 1.729058669370959762e-06 5.003408666074318223e-01 0.000000000000000000e+00
4.921875000000000000e-01 -7.335962593684255961e-12 1.489976765807395640e-06 5.003408663188092520e-01 0.000000000000000000e+00
4.934895833333333148e-01 -5.120447270603642985e-12 1.248284394814622405e-06 5.003408660206163372e-01 0.000000000000000000e+00
4.947916666666666297e-01 -3.293893369865630305e-12 1.003962817540556256e-06 5.003408657224234224e-01 0.000000000000000000e+00
4.960937500000000000e-01 -1.862344930640734766e-12 7.569930304668845975e-07 5.003408654144899659e-01 0.000000000000000000e+00
4.973958333333333148e-01 -8.319692862152755497e-13 5.073557280840526937e-07 5.003408651065565094e-01 0.000000000000000000e+00
4.986979166666666297e-01 -2.090466106386580980e-13 2.550313133180998084e-07 5.003408647886957716e-01 0.000000000000000000e+00
5.000000000000000000e-01 0.000000000000000000e+00 0.000000000000000000e+00 5.003408644708349229e-01 0.000000000000000000e+00
