0.000000000000000000e+00 -7.365914107814000034e-22 0.000000000000000000e+00 1.610033256862285614e+10 0.000000000000000000e+00 3.200000000000000909e+03 1.000000000000000524e+21
8.000000000000000000e+03 -7.426434001849618036e-22 -3.478951561996654546e-11 1.584922828142685318e+10 0.000000000000000000e+00 3.200000000000003183e+03 9.999999999999988204e+20
1.600000000000000000e+04 -4.805919358933090791e-22 -6.974181349768015872e-11 1.559812399423085213e+10 0.000000000000000000e+00 3.200000000000005457e+03 9.999999999999971164e+20
2.400000000000000000e+04 1.323488980084844280e-23 -1.050177797822324520e-10 1.534708504811634064e+10 0.000000000000000000e+00 3.200000000000005457e+03 9.999999999999971164e+20
3.200000000000000000e+04 1.158052857574238745e-22 -1.407827712177853665e-10 1.509604610200182724e+10 0.000000000000000000e+00 3.200000000000005457e+03 9.999999999999971164e+20
4.000000000000000000e+04 1.058791184067875424e-21 -1.771959685127001065e-10 1.484507853379592133e+10 0.000000000000000000e+00 3.200000000000005457e+03 9.999999999999971164e+20
4.800000000000000000e+04 -2.924910645987505858e-21 -2.144255895437565941e-10 1.459411096559001350e+10 0.000000000000000000e+00 3.200000000000005457e+03 9.999999999999971164e+20
5.600000000000000000e+04 -4.235164736271501695e-21 -2.526285774995687357e-10 1.434322547469466972e+10 0.000000000000000000e+00 3.200000000000005457e+03 9.999999999999971164e+20
6.400000000000000000e+04 -3.613124915631624884e-21 -2.919755658052260516e-10 1.409233998379932594e+10 0.000000000000000000e+00 3.200000000000005457e+03 9.999999999999971164e+20
7.200000000000000000e+04 -4.235164736271501695e-21 -3.326169248311934134e-10 1.384155405175215530e+10 0.000000000000000000e+00 3.200000000000005457e+03 9.999999999999971164e+20
8.000000000000000000e+04 -4.274869405674047024e-21 -3.747210798311302275e-10 1.359076811970498657e+10 0.000000000000000000e+00 3.200000000000005457e+03 9.999999999999971164e+20
8.800000000000000000e+04 -5.717472393966527289e-21 -4.184276551668139661e-10 1.334010588087409401e+10 0.000000000000000000e+00 3.200000000000005457e+03 9.999999999999971164e+20
9.600000000000000000e+04 -5.505714157152952204e-21 -4.638972097098930773e-10 1.308944364204320145e+10 0.000000000000000000e+00 3.200000000000005457e+03 9.999999999999971164e+20
1.040000000000000000e+05 -2.964615315390051187e-21 -5.112241201868704079e-10 1.283894992865255356e+10 0.000000000000000000e+00 3.200000000000005457e+03 9.999999999999971164e+20
1.120000000000000000e+05 -7.530652296682763952e-21 -5.605209721700810639e-10 1.258845621526190567e+10 0.000000000000000000e+00 3.200000000000005457e+03 9.999999999999971164e+20
1.200000000000000000e+05 -8.099752558119246992e-21 -6.118501913887265748e-10 1.233816784264250946e+10 0.000000000000000000e+00 3.200000000000005457e+03 9.999999999999971164e+20
1.280000000000000000e+05 -8.337980574534518963e-21 -6.652745484342202252e-10 1.208787947002311134e+10 0.000000000000000000e+00 3.200000000000005457e+03 9.999999999999971164e+20
1.360000000000000000e+05 -8.999725064576941103e-21 -7.205087869025140565e-10 1.183797482406712723e+10 0.000000000000000000e+00 3.200000000000005457e+03 9.999999999999971164e+20
1.440000000000000000e+05 -9.410006648403242829e-21 -7.772000651956413922e-10 1.158807017811114502e+10 0.000000000000000000e+00 3.200000000000005457e+03 9.999999999999971164e+20
1.520000000000000000e+05 -1.916412043162854517e-20 -8.352494427877673810e-10 1.133839041303482819e+10 0.000000000000000000e+00 3.200000000000005457e+03 9.999999999999971164e+20
1.600000000000000000e+05 -1.218933350658141582e-20 -8.943151555724097030e-10 1.108871064795851326e+10 0.000000000000000000e+00 3.200000000000005457e+03 9.999999999999971164e+20
1.680000000000000000e+05 -1.514071393217061856e-20 -9.508118078187585828e-10 1.084069182125452232e+10 0.000000000000000000e+00 3.200000000000005457e+03 9.999999999999971164e+20
1.760000000000000000e+05 -1.724175268805530886e-20 -1.000413063593524711e-09 1.059267299455053139e+10 0.000000000000000000e+00 3.200000000000005457e+03 9.999999999999971164e+20
1.840000000000000000e+05 -1.990527426047605797e-20 -1.045613680617009658e-09 1.034137514851420593e+10 0.000000000000000000e+00 3.224458558933783934e+03 1.393262398154690789e+21
1.920000000000000000e+05 -1.926999955003533271e-20 -1.082362875844930729e-09 1.009007730247788239e+10 0.000000000000000000e+00 3.248917117867561956e+03 1.786524796309384462e+21
2.000000000000000000e+05 -2.358638308270188481e-20 -1.089769010879530378e-09 9.823241829090980530e+09 0.000000000000000000e+00 3.274416909620997558e+03 5.856056941354354213e+21
2.080000000000000000e+05 -2.160078772105662644e-20 -1.103085599281532020e-09 9.556406355704076767e+09 0.000000000000000000e+00 3.299916701374433160e+03 9.925589086399323177e+21
2.160000000000000000e+05 -2.263528047463075668e-20 -1.114426231640313015e-09 9.305944151185989380e+09 0.000000000000000000e+00 3.299958350687219536e+03 9.962794543199654248e+21
2.240000000000000000e+05 -2.583450489125616034e-20 -1.125358844362417925e-09 9.055481946667901993e+09 0.000000000000000000e+00 3.300000000000005457e+03 9.999999999999985320e+21
2.320000000000000000e+05 -1.990527426047605797e-20 -1.134752463554176131e-09 8.803904196737709045e+09 0.000000000000000000e+00 3.300000000000005457e+03 9.999999999999985320e+21
2.400000000000000000e+05 -1.884648307640818254e-20 -1.142539669663316030e-09 8.552326446807516098e+09 0.000000000000000000e+00 3.300000000000005457e+03 9.999999999999985320e+21
2.480000000000000000e+05 -2.795208725939191119e-20 -1.148592075555740778e-09 8.302220534358039856e+09 0.000000000000000000e+00 3.300000000000005457e+03 9.999999999999985320e+21
2.560000000000000000e+05 -2.211932656755080567e-20 -1.152913135063899195e-09 8.052114621908564568e+09 0.000000000000000000e+00 3.300000000000005457e+03 9.999999999999985320e+21
2.640000000000000000e+05 -2.445269967798632761e-20 -1.155572609922454936e-09 7.801910475129691124e+09 0.000000000000000000e+00 3.300000000000005457e+03 9.999999999999985320e+21
2.720000000000000000e+05 -2.202285662861180882e-20 -1.156598722348201153e-09 7.551706328350817680e+09 0.000000000000000000e+00 3.300000000000005457e+03 9.999999999999985320e+21
2.800000000000000000e+05 -2.265813133905253407e-20 -1.156024397183129752e-09 7.300829125694446564e+09 0.000000000000000000e+00 3.300000000000005457e+03 9.999999999999985320e+21
2.880000000000000000e+05 -2.119588281121191940e-20 -1.153947024711466802e-09 7.049951923038076401e+09 0.000000000000000000e+00 3.300000000000005457e+03 9.999999999999985320e+21
2.960000000000000000e+05 -1.843196219194254655e-20 -1.150469663895200322e-09 6.798374336482061386e+09 0.000000000000000000e+00 3.299958350687219536e+03 9.962794543199654248e+21
3.040000000000000000e+05 -1.694065894508600678e-20 -1.146316503107162884e-09 6.546796749926046371e+09 0.000000000000000000e+00 3.299916701374433160e+03 9.925589086399323177e+21
3.120000000000000000e+05 -1.609362599783170644e-20 -1.141210778808188446e-09 6.288607316925210953e+09 0.000000000000000000e+00 3.274416909620996194e+03 5.856056941354354213e+21
3.200000000000000000e+05 -1.439956010332310576e-20 -1.138508973473077647e-09 6.030417883924374580e+09 0.000000000000000000e+00 3.248917117867559227e+03 1.786524796309384462e+21
3.280000000000000000e+05 -1.110407254291184351e-20 -1.127005652571783394e-09 5.778504551077287674e+09 0.000000000000000000e+00 3.224458558933782115e+03 1.393262398154690789e+21
3.360000000000000000e+05 -7.399337374439970809e-21 -1.111307533652562116e-09 5.526591218230201721e+09 0.000000000000000000e+00 3.200000000000005457e+03 9.999999999999971164e+20
3.440000000000000000e+05 -5.951771302472172378e-21 -1.092934588346839059e-09 5.277171659788135529e+09 0.000000000000000000e+00 3.200000000000005457e+03 9.999999999999971164e+20
3.520000000000000000e+05 -3.725621478938836648e-21 -1.069742864028977965e-09 5.027752101346068382e+09 0.000000000000000000e+00 3.200000000000005457e+03 9.999999999999971164e+20
3.600000000000000000e+05 -1.733770563911146007e-21 -1.036090388176930498e-09 4.781306695755270004e+09 0.000000000000000000e+00 3.200000000000005457e+03 9.999999999999971164e+20
3.680000000000000000e+05 2.646977960169688560e-23 -9.857373968488235566e-10 4.534861290164471626e+09 0.000000000000000000e+00 3.200000000000005457e+03 9.999999999999971164e+20
3.760000000000000000e+05 1.776783955763903446e-21 -9.417847567813684126e-10 4.276519608474876404e+09 0.000000000000000000e+00 3.200000000000005457e+03 5.009990009989995561e+20
3.840000000000000000e+05 3.268190600197012343e-21 -9.272098555301107120e-10 4.018177926785281181e+09 0.000000000000000000e+00 3.200000000000005457e+03 1.998001998001994496e+18
3.920000000000000000e+05 7.021109039350098904e-21 -8.244272147053970575e-10 3.767033408421512127e+09 0.000000000000000000e+00 3.200000000000005457e+03 1.499000999000996352e+18
4.000000000000000000e+05 1.145479712263432724e-20 -7.603646675987963922e-10 3.515888890057743073e+09 0.000000000000000000e+00 3.200000000000005457e+03 9.999999999999983360e+17
4.080000000000000000e+05 1.158052857574238745e-20 -7.108972216735318789e-10 3.264756385955609798e+09 0.000000000000000000e+00 3.200000000000005457e+03 9.999999999999983360e+17
4.160000000000000000e+05 2.645654471189603715e-20 -6.518870227736572290e-10 3.013623881853476524e+09 0.000000000000000000e+00 3.200000000000005457e+03 9.999999999999983360e+17
4.240000000000000000e+05 1.765534299433182269e-20 -5.900589580994031815e-10 2.762487884056003571e+09 0.000000000000000000e+00 3.200000000000005457e+03 9.999999999999983360e+17
4.320000000000000000e+05 3.212676764454474052e-20 -5.320383468107981653e-10 2.511351886258530617e+09 0.000000000000000000e+00 3.200000000000005457e+03 9.999999999999983360e+17
4.400000000000000000e+05 2.882558998624790841e-20 -4.760606685877554652e-10 2.260216602324085236e+09 0.000000000000000000e+00 3.200000000000005457e+03 9.999999999999983360e+17
4.480000000000000000e+05 6.569461639430183445e-20 -4.203575128072257540e-10 2.009081318389639378e+09 0.000000000000000000e+00 3.200000000000005457e+03 9.999999999999983360e+17
4.560000000000000000e+05 2.488159282559507246e-20 -3.653354359646778149e-10 1.757945656707870245e+09 0.000000000000000000e+00 3.200000000000005457e+03 9.999999999999983360e+17
4.640000000000000000e+05 6.213927456810101345e-20 -3.113930709648163047e-10 1.506809995026101112e+09 0.000000000000000000e+00 3.200000000000005457e+03 9.999999999999983360e+17
4.720000000000000000e+05 5.733354261727545420e-20 -2.582984774746953746e-10 1.255674273654738665e+09 0.000000000000000000e+00 3.200000000000005457e+03 9.999999999999983360e+17
4.800000000000000000e+05 6.325326147880476370e-20 -2.058202115901606341e-10 1.004538552283376217e+09 0.000000000000000000e+00 3.200000000000005457e+03 9.999999999999983360e+17
4.880000000000000000e+05 5.833939424213993585e-20 -1.538656141610138815e-10 7.534027030837190151e+08 0.000000000000000000e+00 3.200000000000005457e+03 9.999999999999983360e+17
4.960000000000000000e+05 6.199718691084942423e-20 -1.023424912183431913e-10 5.022668538840618134e+08 0.000000000000000000e+00 3.200000000000005457e+03 9.999999999999983360e+17
5.040000000000000000e+05 6.183340514956392475e-20 -5.110301568449717728e-11 2.511309058244976997e+08 0.000000000000000000e+00 3.200000000000004547e+03 9.999999999999989760e+17
5.120000000000000000e+05 4.045940547242747655e-20 0.000000000000000000e+00 -5.042235066413879395e+03 0.000000000000000000e+00 3.200000000000003183e+03 9.999999999999994880e+17
