0.000000000000000000e+00 0.000000000000000000e+00 -1.629286487983029608e-05 4.288594635352250606e+00 0.000000000000000000e+00
3.906250000000000000e-03 -1.038679222227445410e-12 -1.629282504920053146e-05 4.288594639449476276e+00 0.000000000000000000e+00
7.812500000000000000e-03 -2.086490415291214918e-12 -1.629270556457132981e-05 4.288594643546701946e+00 0.000000000000000000e+00
1.171875000000000000e-02 -3.150640881001420812e-12 -1.629250645215775774e-05 4.288594652415865127e+00 0.000000000000000000e+00
1.562500000000000000e-02 -4.244181656104907899e-12 -1.629222775049178788e-05 4.288594661285028309e+00 0.000000000000000000e+00
1.953125000000000000e-02 -5.376733506530645717e-12 -1.629186951324673358e-05 4.288594676401228156e+00 0.000000000000000000e+00
2.343750000000000000e-02 -6.565753146113009406e-12 -1.629143178748767562e-05 4.288594691517428892e+00 0.000000000000000000e+00
2.734375000000000000e-02 -7.805728414707942958e-12 -1.629091463666715989e-05 4.288594739623345475e+00 0.000000000000000000e+00
3.125000000000000000e-02 -9.082172514052189172e-12 -1.629031811472766988e-05 4.288594787729262947e+00 0.000000000000000000e+00
3.515625000000000000e-02 -1.043228124152422920e-11 -1.628964228924166554e-05 4.288594789591593681e+00 0.000000000000000000e+00
3.906250000000000000e-02 -1.189375594540242886e-11 -1.628888719028859802e-05 4.288594791453924415e+00 0.000000000000000000e+00
4.296875000000000000e-02 -1.342169557868515862e-11 -1.628805287009347632e-05 4.288594863499783472e+00 0.000000000000000000e+00
4.687500000000000000e-02 -1.497316115267537215e-11 -1.628713933311339796e-05 4.288594935545642528e+00 0.000000000000000000e+00
5.078125000000000000e-02 -1.655183970865854791e-11 -1.628614660769544877e-05 4.288594997731883574e+00 0.000000000000000000e+00
5.468750000000000000e-02 -1.813749238537535778e-11 -1.628507460729060520e-05 4.288595059918124619e+00 0.000000000000000000e+00
5.859375000000000000e-02 -1.966177018721717152e-11 -1.628392324676406004e-05 4.288595162936198690e+00 0.000000000000000000e+00
6.250000000000000000e-02 -2.104214257766537557e-11 -1.628269220211368650e-05 4.288595265954272762e+00 0.000000000000000000e+00
6.640625000000000000e-02 -2.227232666154413420e-11 -1.628138111460899676e-05 4.288595312046321162e+00 0.000000000000000000e+00
7.031250000000000000e-02 -2.337947476852944334e-11 -1.627998931066713793e-05 4.288595358138369562e+00 0.000000000000000000e+00
7.421875000000000000e-02 -2.417961732828828082e-11 -1.627851593056889618e-05 4.288595647799477995e+00 0.000000000000000000e+00
7.812500000000000000e-02 -2.454530000762746760e-11 -1.627695932064025442e-05 4.288595937460586427e+00 0.000000000000000000e+00
8.203125000000000000e-02 -2.530676676748081168e-11 -1.627531822306795871e-05 4.288595452179901457e+00 0.000000000000000000e+00
8.593750000000000000e-02 -2.799984031725232039e-11 -1.627359200854452037e-05 4.288594966899215599e+00 0.000000000000000000e+00
8.984375000000000000e-02 -3.188584812852113259e-11 -1.627177711696105311e-05 4.288597215736890789e+00 0.000000000000000000e+00
9.375000000000000000e-02 -3.737626947880203586e-11 -1.626986140183036495e-05 4.288599464574566866e+00 0.000000000000000000e+00
9.765625000000000000e-02 -5.417892523507106262e-11 -1.626783171736548295e-05 4.288595329234152764e+00 0.000000000000000000e+00
1.015625000000000000e-01 -9.847810582744488733e-11 -1.626568809101984944e-05 4.288591193893738662e+00 0.000000000000000000e+00
1.054687500000000000e-01 -1.488346642111726403e-10 -1.626339364776095697e-05 4.288629666671228691e+00 0.000000000000000000e+00
1.093750000000000000e-01 -1.795073117690090207e-10 -1.626085692358277576e-05 4.288668139448718719e+00 0.000000000000000000e+00
1.132812500000000000e-01 -2.705327368374144115e-10 -1.625787921719079598e-05 4.288629292148044669e+00 0.000000000000000000e+00
1.171875000000000000e-01 -4.929472591383708655e-10 -1.625491393910175053e-05 4.288590444847370620e+00 0.000000000000000000e+00
1.210937500000000000e-01 -9.112990939485270353e-10 -1.624613386205669995e-05 4.288593627501768424e+00 0.000000000000000000e+00
1.250000000000000000e-01 -9.336294098938324737e-10 -1.624073320897451603e-05 4.288596810156165340e+00 0.000000000000000000e+00
1.289062500000000000e-01 -8.251196668253284945e-11 -1.505153174040884603e-05 4.288596134188495057e+00 0.000000000000000000e+00
1.328125000000000000e-01 -3.673228947571882674e-10 -1.389886431434737919e-05 4.288595458220823886e+00 0.000000000000000000e+00
1.367187500000000000e-01 3.571098755247859025e-11 -1.279170854712879946e-05 4.288595400688977932e+00 0.000000000000000000e+00
1.406250000000000000e-01 8.039553371988472641e-10 -1.174495825883876271e-05 4.288595343157131978e+00 0.000000000000000000e+00
1.445312500000000000e-01 1.651867105774418309e-09 -1.076135525526549994e-05 4.288595428467706583e+00 0.000000000000000000e+00
1.484375000000000000e-01 2.438415757613672519e-09 -9.841153008789682577e-06 4.288595513778280299e+00 0.000000000000000000e+00
1.523437500000000000e-01 2.984067950205504527e-09 -8.982222341054682535e-06 4.288595519382150556e+00 0.000000000000000000e+00
1.562500000000000000e-01 3.241488265304237615e-09 -8.181049451680931506e-06 4.288595524986019925e+00 0.000000000000000000e+00
1.601562500000000000e-01 3.248621902735004952e-09 -7.433790975254310485e-06 4.288595503014893673e+00 0.000000000000000000e+00
1.640625000000000000e-01 3.061850949403989094e-09 -6.736306601714744935e-06 4.288595481043767421e+00 0.000000000000000000e+00
1.679687500000000000e-01 2.744276194743128228e-09 -6.084792480958410577e-06 4.288595449701738005e+00 0.000000000000000000e+00
1.718750000000000000e-01 2.343463759201316887e-09 -5.475546309795589761e-06 4.288595418359708589e+00 0.000000000000000000e+00
1.757812500000000000e-01 1.904641626273434474e-09 -4.905271488507816774e-06 4.288595390705669530e+00 0.000000000000000000e+00
1.796875000000000000e-01 1.457168627080895895e-09 -4.370875343993538276e-06 4.288595363051630471e+00 0.000000000000000000e+00
1.835937500000000000e-01 1.023464818537128673e-09 -3.869623553904785740e-06 4.288595341607297939e+00 0.000000000000000000e+00
1.875000000000000000e-01 6.164058377898561439e-10 -3.398988867584981644e-06 4.288595320162965407e+00 0.000000000000000000e+00
1.914062500000000000e-01 2.442371357241901464e-10 -2.956728970012964530e-06 4.288595304770975503e+00 0.000000000000000000e+00
1.953125000000000000e-01 -8.934448103223302518e-11 -2.540783728048265355e-06 4.288595289378985598e+00 0.000000000000000000e+00
1.992187500000000000e-01 -3.834785588033295944e-10 -2.149314843599009484e-06 4.288595278777762587e+00 0.000000000000000000e+00
2.031250000000000000e-01 -6.389875538415079603e-10 -1.780636789128209330e-06 4.288595268176540465e+00 0.000000000000000000e+00
2.070312500000000000e-01 -8.581485497733693990e-10 -1.433235976875092134e-06 4.288595261107110090e+00 0.000000000000000000e+00
2.109375000000000000e-01 -1.043528132394215302e-09 -1.105724857710754366e-06 4.288595254037678828e+00 0.000000000000000000e+00
2.148437500000000000e-01 -1.198374492401178566e-09 -7.968499223200829247e-07 4.288595249460120939e+00 0.000000000000000000e+00
2.187500000000000000e-01 -1.325644457053631875e-09 -5.054612544886337433e-07 4.288595244882563939e+00 0.000000000000000000e+00
2.226562500000000000e-01 -1.428555849135315636e-09 -2.305142730520300109e-07 4.288595242022834597e+00 0.000000000000000000e+00
2.265625000000000000e-01 -1.509854030863622132e-09 2.895030534245425502e-08 4.288595239163106143e+00 0.000000000000000000e+00
2.304687500000000000e-01 -1.572340017734485951e-09 2.738082403690167421e-07 4.288595237467815124e+00 0.000000000000000000e+00
2.343750000000000000e-01 -1.618338019582915566e-09 5.048647562337638117e-07 4.288595235772524106e+00 0.000000000000000000e+00
2.382812500000000000e-01 -1.650135554240317326e-09 7.228582632815006015e-07 4.288595234855879568e+00 0.000000000000000000e+00
2.421875000000000000e-01 -1.669605675068408512e-09 9.284685256916343221e-07 4.288595233939234141e+00 0.000000000000000000e+00
2.460937500000000000e-01 -1.678550714222237783e-09 1.122321408219585648e-06 4.288595233535678730e+00 0.000000000000000000e+00
2.500000000000000000e-01 -1.678437059220924469e-09 1.304993725487355018e-06 4.288595233132124207e+00 0.000000000000000000e+00
2.539062500000000000e-01 -1.670654109249897031e-09 1.477018462572274577e-06 4.288595233060346956e+00 0.000000000000000000e+00
2.578125000000000000e-01 -1.656329204088989474e-09 1.638887329013204164e-06 4.288595232988569705e+00 0.000000000000000000e+00
2.617187500000000000e-01 -1.636518547412646463e-09 1.791056123374296094e-06 4.288595233125413131e+00 0.000000000000000000e+00
2.656250000000000000e-01 -1.612078448313832855e-09 1.933945697022000289e-06 4.288595233262257445e+00 0.000000000000000000e+00
2.695312500000000000e-01 -1.583804248191003109e-09 2.067947265175738124e-06 4.288595233524452155e+00 0.000000000000000000e+00
2.734375000000000000e-01 -1.552340912931715611e-09 2.193422272677922336e-06 4.288595233786645977e+00 0.000000000000000000e+00
2.773437500000000000e-01 -1.518283282951615742e-09 2.310707536863458589e-06 4.288595234118159460e+00 0.000000000000000000e+00
2.812500000000000000e-01 -1.482114016584934468e-09 2.420114359772893020e-06 4.288595234449672944e+00 0.000000000000000000e+00
2.851562500000000000e-01 -1.444275580641390944e-09 2.521933440294797657e-06 4.288595234813047163e+00 0.000000000000000000e+00
2.890625000000000000e-01 -1.405127196020539149e-09 2.616433475606527725e-06 4.288595235176421383e+00 0.000000000000000000e+00
2.929687500000000000e-01 -1.364996298283682741e-09 2.703865813035583043e-06 4.288595235546884155e+00 0.000000000000000000e+00
2.968750000000000000e-01 -1.324148880821329755e-09 2.784462712410520902e-06 4.288595235917346038e+00 0.000000000000000000e+00
3.007812500000000000e-01 -1.282826058053576634e-09 2.858441727131982857e-06 4.288595236278727185e+00 0.000000000000000000e+00
3.046875000000000000e-01 -1.241223703679628088e-09 2.926003750406552806e-06 4.288595236640107444e+00 0.000000000000000000e+00
3.085937500000000000e-01 -1.199518315621664333e-09 2.987337127945653703e-06 4.288595236982065018e+00 0.000000000000000000e+00
3.125000000000000000e-01 -1.157853276147549626e-09 3.042615572688284198e-06 4.288595237324022591e+00 0.000000000000000000e+00
3.164062500000000000e-01 -1.116356871310938970e-09 3.092002021707999926e-06 4.288595237640247859e+00 0.000000000000000000e+00
3.203125000000000000e-01 -1.075133235911573948e-09 3.135646478254205949e-06 4.288595237956473127e+00 0.000000000000000000e+00
3.242187500000000000e-01 -1.034274919181621399e-09 3.173689627209916320e-06 4.288595238243246399e+00 0.000000000000000000e+00
3.281250000000000000e-01 -9.938568639941691707e-10 3.206260647416799697e-06 4.288595238530019671e+00 0.000000000000000000e+00
3.320312500000000000e-01 -9.539451450990554804e-10 3.233480602629797140e-06 4.288595238785442909e+00 0.000000000000000000e+00
3.359375000000000000e-01 -9.145931342997848379e-10 3.255460250979006626e-06 4.288595239040866147e+00 0.000000000000000000e+00
3.398437500000000000e-01 -8.758474449171993470e-10 3.272303231072973967e-06 4.288595239264150649e+00 0.000000000000000000e+00
3.437500000000000000e-01 -8.377456601690869142e-10 3.284103886674102218e-06 4.288595239487435151e+00 0.000000000000000000e+00
3.476562500000000000e-01 -8.003201903278300833e-10 3.290950265713316752e-06 4.288595239678596904e+00 0.000000000000000000e+00
3.515625000000000000e-01 -7.635971323565610147e-10 3.292921971493299738e-06 4.288595239869758657e+00 0.000000000000000000e+00
3.554687500000000000e-01 -7.275987425406360565e-10 3.290092993438447494e-06 4.288595240029171585e+00 0.000000000000000000e+00
3.593750000000000000e-01 -6.923429930489471973e-10 3.282529590121173457e-06 4.288595240188584512e+00 0.000000000000000000e+00
3.632812500000000000e-01 -6.578449668684371865e-10 3.270292968730968003e-06 4.288595240316962709e+00 0.000000000000000000e+00
3.671875000000000000e-01 -6.241169605864654857e-10 3.253437203031093322e-06 4.288595240445340906e+00 0.000000000000000000e+00
3.710937500000000000e-01 -5.911692515722655195e-10 3.232011777473675629e-06 4.288595240543440212e+00 0.000000000000000000e+00
3.750000000000000000e-01 -5.590104514268529057e-10 3.206059539186904145e-06 4.288595240641539519e+00 0.000000000000000000e+00
3.789062500000000000e-01 -5.276477440738225333e-10 3.175619122876890271e-06 4.288595240710173506e+00 0.000000000000000000e+00
3.828125000000000000e-01 -4.970875260891516323e-10 3.140722934268005279e-06 4.288595240778807494e+00 0.000000000000000000e+00
3.867187500000000000e-01 -4.673352937273334007e-10 3.101399469553501459e-06 4.288595240818734666e+00 0.000000000000000000e+00
3.906250000000000000e-01 -4.383964124880790347e-10 3.057671326818674207e-06 4.288595240858661839e+00 0.000000000000000000e+00
3.945312500000000000e-01 -4.102757647506116712e-10 3.009557433644380331e-06 4.288595240870552772e+00 0.000000000000000000e+00
3.984375000000000000e-01 -3.829785705147109587e-10 2.957071081447631977e-06 4.288595240882444593e+00 0.000000000000000000e+00
4.023437500000000000e-01 -3.565099482988332014e-10 2.900222073139949869e-06 4.288595240866863278e+00 0.000000000000000000e+00
4.062500000000000000e-01 -3.308757376158794061e-10 2.839014775271857943e-06 4.288595240851282853e+00 0.000000000000000000e+00
4.101562500000000000e-01 -3.060819922170998630e-10 2.773450197355274705e-06 4.288595240808658282e+00 0.000000000000000000e+00
4.140625000000000000e-01 -2.821357990984152408e-10 2.703524055709151386e-06 4.288595240766033712e+00 0.000000000000000000e+00
4.179687500000000000e-01 -2.590447075595525561e-10 2.629228794365917610e-06 4.288595240696656319e+00 0.000000000000000000e+00
4.218750000000000000e-01 -2.368175564503027797e-10 2.550551654489485037e-06 4.288595240627278038e+00 0.000000000000000000e+00
4.257812500000000000e-01 -2.154639175411254826e-10 2.467476647117963079e-06 4.288595240531283714e+00 0.000000000000000000e+00
4.296875000000000000e-01 -1.949948468752543684e-10 2.379982621144444144e-06 4.288595240435289391e+00 0.000000000000000000e+00
4.335937500000000000e-01 -1.754223814820488059e-10 2.288045196390496583e-06 4.288595240312661261e+00 0.000000000000000000e+00
4.375000000000000000e-01 -1.567602276285329221e-10 2.191634823943758303e-06 4.288595240190033131e+00 0.000000000000000000e+00
4.414062500000000000e-01 -1.390233084902492422e-10 2.090718687322926095e-06 4.288595240040589118e+00 0.000000000000000000e+00
4.453125000000000000e-01 -1.222283851822630885e-10 1.985258748378763635e-06 4.288595239891144217e+00 0.000000000000000000e+00
4.492187500000000000e-01 -1.063936603748483201e-10 1.875213624476755603e-06 4.288595239714547702e+00 0.000000000000000000e+00
4.531250000000000000e-01 -9.153937352048002740e-11 1.760536612034277471e-06 4.288595239537951187e+00 0.000000000000000000e+00
4.570312500000000000e-01 -7.768743818820783575e-11 1.641177546884021315e-06 4.288595239333694131e+00 0.000000000000000000e+00
4.609375000000000000e-01 -6.486195565022501164e-11 1.517080798943415409e-06 4.288595239129437076e+00 0.000000000000000000e+00
4.648437500000000000e-01 -5.308892811039384041e-11 1.388187121033682137e-06 4.288595238896830253e+00 0.000000000000000000e+00
4.687500000000000000e-01 -4.239681334819575195e-11 1.254431607537048743e-06 4.288595238664224318e+00 0.000000000000000000e+00
4.726562500000000000e-01 -3.281618648153482309e-11 1.115745537379978641e-06 4.288595238402423071e+00 0.000000000000000000e+00
4.765625000000000000e-01 -2.438025042267311093e-11 9.720542902946077701e-07 4.288595238140621824e+00 0.000000000000000000e+00
4.804687500000000000e-01 -1.712462528551117469e-11 8.232791862336497068e-07 4.288595237848575437e+00 0.000000000000000000e+00
4.843750000000000000e-01 -1.108781382680446015e-11 6.693353609196067699e-07 4.288595237556528161e+00 0.000000000000000000e+00
4.882812500000000000e-01 -6.310981034637896947e-12 5.101335759762418154e-07 4.288595237233059798e+00 0.000000000000000000e+00
4.921875000000000000e-01 -2.838431746587932736e-12 3.455782277827232699e-07 4.288595236909591435e+00 0.000000000000000000e+00
4.960937500000000000e-01 -7.176012445768116557e-13 1.755685317407393069e-07 4.288595236553189416e+00 0.000000000000000000e+00
5.000000000000000000e-01 0.000000000000000000e+00 0.000000000000000000e+00 4.288595236196787397e+00 0.000000000000000000e+00
