0.000000000000000000e+00 0.000000000000000000e+00 -1.549104140515066488e-05 3.353700116707732382e-01 0.000000000000000000e+00
7.812500000000000000e-03 2.583878721031660549e-12 -1.549085631701958089e-05 3.353726139189426858e-01 0.000000000000000000e+00
1.562500000000000000e-02 9.846839562469337191e-12 -1.549029908488801940e-05 3.353752161671120779e-01 0.000000000000000000e+00
2.343750000000000000e-02 1.914789749038120557e-11 -1.548936795586748307e-05 3.353745734123807498e-01 0.000000000000000000e+00
3.125000000000000000e-02 2.967043600285261540e-11 -1.548806549218440391e-05 3.353739306576493662e-01 0.000000000000000000e+00
3.906250000000000000e-02 4.012664464212670895e-11 -1.548639392399096815e-05 3.353711971125173941e-01 0.000000000000000000e+00
4.687500000000000000e-02 4.932457045528918426e-11 -1.548436274211776562e-05 3.353684635673853665e-01 0.000000000000000000e+00
5.468750000000000000e-02 6.159562907604798979e-11 -1.548197704835817712e-05 3.353690579508811775e-01 0.000000000000000000e+00
6.250000000000000000e-02 7.944922714511748474e-11 -1.547923866831695384e-05 3.353696523343769886e-01 0.000000000000000000e+00
7.031250000000000000e-02 1.044483291564170073e-10 -1.547612702885135805e-05 3.353693347276888170e-01 0.000000000000000000e+00
7.812500000000000000e-02 1.402236982296727042e-10 -1.547264109858400687e-05 3.353690171210007009e-01 0.000000000000000000e+00
8.593750000000000000e-02 1.602181596260251968e-10 -1.546859551124341432e-05 3.353513116578587527e-01 0.000000000000000000e+00
9.375000000000000000e-02 1.431482260151091404e-10 -1.546377291573516888e-05 3.353336061947168045e-01 0.000000000000000000e+00
1.015625000000000000e-01 1.760024945134997833e-10 -1.545746929018702742e-05 3.353622950638759370e-01 0.000000000000000000e+00
1.093750000000000000e-01 3.572988318210066402e-10 -1.545107213988664615e-05 3.353909839330351250e-01 0.000000000000000000e+00
1.171875000000000000e-01 6.827278531205424963e-10 -1.543441529482449486e-05 3.353838168783960239e-01 0.000000000000000000e+00
1.250000000000000000e-01 7.156722841701761476e-10 -1.542566980736389279e-05 3.353766498237569227e-01 0.000000000000000000e+00
1.328125000000000000e-01 1.718304236228733473e-09 -1.332097017093635429e-05 3.353768420858631583e-01 0.000000000000000000e+00
1.406250000000000000e-01 3.707787485135623229e-09 -1.141978952292392514e-05 3.353770343479693938e-01 0.000000000000000000e+00
1.484375000000000000e-01 6.195959704001100005e-09 -9.682790059964993621e-06 3.353770971403421397e-01 0.000000000000000000e+00
1.562500000000000000e-01 8.748689214049809593e-09 -8.131276355926743264e-06 3.353771599327148856e-01 0.000000000000000000e+00
1.640625000000000000e-01 1.121476133485762082e-08 -6.754442495031837178e-06 3.353772354872878170e-01 0.000000000000000000e+00
1.718750000000000000e-01 1.345863892901477676e-08 -5.535679567897160668e-06 3.353773110418607484e-01 0.000000000000000000e+00
1.796875000000000000e-01 1.535066662493441911e-08 -4.456268694995844937e-06 3.353773440005685114e-01 0.000000000000000000e+00
1.875000000000000000e-01 1.684817378493075335e-08 -3.499000115049911812e-06 3.353773769592762743e-01 0.000000000000000000e+00
1.953125000000000000e-01 1.796287758999443734e-08 -2.649290937530707473e-06 3.353773901610295760e-01 0.000000000000000000e+00
2.031250000000000000e-01 1.872209920168038666e-08 -1.893680941677492076e-06 3.353774033627828777e-01 0.000000000000000000e+00
2.109375000000000000e-01 1.916641507136718214e-08 -1.220917501281674339e-06 3.353774031234956210e-01 0.000000000000000000e+00
2.187500000000000000e-01 1.933680637139501002e-08 -6.212012309400258281e-07 3.353774028842083643e-01 0.000000000000000000e+00
2.265625000000000000e-01 1.927936739729929974e-08 -8.640684781379250404e-08 3.353773965181665040e-01 0.000000000000000000e+00
2.343750000000000000e-01 1.903252774913127832e-08 3.905263907257820050e-07 3.353773901521246437e-01 0.000000000000000000e+00
2.421875000000000000e-01 1.863361164460919719e-08 8.155251446163619584e-07 3.353773811948274619e-01 0.000000000000000000e+00
2.500000000000000000e-01 1.811251017919124351e-08 1.193704733798146671e-06 3.353773722375302802e-01 0.000000000000000000e+00
2.578125000000000000e-01 1.749691439368976364e-08 1.529405420479094425e-06 3.353773627994470763e-01 0.000000000000000000e+00
2.656250000000000000e-01 1.680851448911807600e-08 1.826375460316394250e-06 3.353773533613638724e-01 0.000000000000000000e+00
2.734375000000000000e-01 1.606669775304145342e-08 2.087831805186262345e-06 3.353773444817743643e-01 0.000000000000000000e+00
2.812500000000000000e-01 1.528655979576853952e-08 2.316551312149289950e-06 3.353773356021848562e-01 0.000000000000000000e+00
2.890625000000000000e-01 1.448132004599773232e-08 2.514939207392749565e-06 3.353773277868524749e-01 0.000000000000000000e+00
2.968750000000000000e-01 1.366125762253950215e-08 2.685070039807062499e-06 3.353773199715200382e-01 0.000000000000000000e+00
3.046875000000000000e-01 1.283523078500579256e-08 2.828753206076469080e-06 3.353773134238304809e-01 0.000000000000000000e+00
3.125000000000000000e-01 1.201015018686968361e-08 2.947544609807877664e-06 3.353773068761409792e-01 0.000000000000000000e+00
3.203125000000000000e-01 1.119190584165149355e-08 3.042806560508190105e-06 3.353773016475463664e-01 0.000000000000000000e+00
3.281250000000000000e-01 1.038512880639080871e-08 3.115702974636875254e-06 3.353772964189517536e-01 0.000000000000000000e+00
3.359375000000000000e-01 9.593742013053879747e-09 3.167252929120077058e-06 3.353772924868808070e-01 0.000000000000000000e+00
3.437500000000000000e-01 8.820878436531509603e-09 3.198316508692890421e-06 3.353772885548098603e-01 0.000000000000000000e+00
3.515625000000000000e-01 8.069199061320683763e-09 3.209642457684439790e-06 3.353772858666559387e-01 0.000000000000000000e+00
3.593750000000000000e-01 7.340891253378167836e-09 3.201848751916065196e-06 3.353772831785020170e-01 0.000000000000000000e+00
3.671875000000000000e-01 6.637846115755026422e-09 3.175465118734877544e-06 3.353772816749499563e-01 0.000000000000000000e+00
3.750000000000000000e-01 5.961694939798922732e-09 3.130910588599916840e-06 3.353772801713978957e-01 0.000000000000000000e+00
3.828125000000000000e-01 5.313904355604137653e-09 3.068531737893738943e-06 3.353772797987972787e-01 0.000000000000000000e+00
3.906250000000000000e-01 4.695827325942869557e-09 2.988578427881105962e-06 3.353772794261966617e-01 0.000000000000000000e+00
3.984375000000000000e-01 4.108752748948306388e-09 2.891238576205920185e-06 3.353772801428296368e-01 0.000000000000000000e+00
4.062500000000000000e-01 3.553958316006300411e-09 2.776612665021595434e-06 3.353772808594626120e-01 0.000000000000000000e+00
4.140625000000000000e-01 3.032737132604990116e-09 2.644745756566957082e-06 3.353772826385427730e-01 0.000000000000000000e+00
4.218750000000000000e-01 2.546446217950582014e-09 2.495600976581144673e-06 3.353772844176229340e-01 0.000000000000000000e+00
4.296875000000000000e-01 2.096523894757045675e-09 2.329089384785242630e-06 3.353772872486711631e-01 0.000000000000000000e+00
4.375000000000000000e-01 1.684531025086810629e-09 2.145042404817884725e-06 3.353772900797193923e-01 0.000000000000000000e+00
4.453125000000000000e-01 1.312167071613329350e-09 1.943240060364888593e-06 3.353772939688662302e-01 0.000000000000000000e+00
4.531250000000000000e-01 9.813038125139339485e-10 1.723382183629711129e-06 3.353772978580130681e-01 0.000000000000000000e+00
4.609375000000000000e-01 6.940057984810297023e-10 1.485115397155905128e-06 3.353773028288110081e-01 0.000000000000000000e+00
4.687500000000000000e-01 4.525559831629916488e-10 1.228002932661921500e-06 3.353773077996089480e-01 0.000000000000000000e+00
4.765625000000000000e-01 2.594776892923331981e-10 9.515502831858001593e-07 3.353773138904728723e-01 0.000000000000000000e+00
4.843750000000000000e-01 1.175627898173283033e-10 6.551758623379161633e-07 3.353773199813367967e-01 0.000000000000000000e+00
4.921875000000000000e-01 2.990862787467796213e-11 3.382272082922831331e-07 3.353773272546450301e-01 0.000000000000000000e+00
5.000000000000000000e-01 0.000000000000000000e+00 0.000000000000000000e+00 3.353773345279532636e-01 0.000000000000000000e+00
