1.570796326794896558e+00 3.524852794760325551e+07
1.567865736632965801e+00 3.523644877573015541e+07
1.564935146471035043e+00 3.521264462777435035e+07
1.562004556309104286e+00 3.516474567992546409e+07
1.559073966147173529e+00 3.510518439671437442e+07
1.556143375985242772e+00 3.502171826935890317e+07
1.553212785823311792e+00 3.492671442260530591e+07
1.550282195661381035e+00 3.480812010294888169e+07
1.547351605499450278e+00 3.467817334669699520e+07
1.544421015337519520e+00 3.452507159224912524e+07
1.541490425175588763e+00 3.436086138861209154e+07
1.538559835013658006e+00 3.417404828180602938e+07
1.535629244851727249e+00 3.397642686511188745e+07
1.532698654689796491e+00 3.375686554663246870e+07
1.529768064527865734e+00 3.352684913727391884e+07
1.526837474365934977e+00 3.327565995200715959e+07
1.523906884204004220e+00 3.301441844189154729e+07
1.520976294042073240e+00 3.273286774968212098e+07
1.518045703880142483e+00 3.244171294514749944e+07
1.515115113718211726e+00 3.213120054103098810e+07
1.512184523556280968e+00 3.181157333015702665e+07
1.509253933394350211e+00 3.147361887808258459e+07
1.506323343232419454e+00 3.112707532450716197e+07
1.503392753070488697e+00 3.076330399695842713e+07
1.500462162908557939e+00 3.039150075133879483e+07
1.497531572746627182e+00 3.000362818851283938e+07
1.494600982584696425e+00 2.960830734200113267e+07
1.491670392422765667e+00 2.919812433250197768e+07
1.488739802260834910e+00 2.878109793242156878e+07
1.485809212098903931e+00 2.835045484655574709e+07
1.482878621936973174e+00 2.791358941559393331e+07
1.479948031775042416e+00 2.746438073145102710e+07
1.477017441613111659e+00 2.700958179205011204e+07
1.474086851451180902e+00 2.654373086976942420e+07
1.471156261289250144e+00 2.607292789340281114e+07
1.468225671127319387e+00 2.559237216424894705e+07
1.465295080965388630e+00 2.510750388465266675e+07
1.462364490803457873e+00 2.461418069859665260e+07
1.459433900641527115e+00 2.411718129765799269e+07
1.456503310479596358e+00 2.361301442291909456e+07
1.453572720317665379e+00 2.310580019692841172e+07
1.450642130155734622e+00 2.259268729223171622e+07
1.447711539993803864e+00 2.207714447960454598e+07
1.444780949831873107e+00 2.155694546243304387e+07
1.441850359669942350e+00 2.103491895848881081e+07
1.438919769508011592e+00 2.050944547893017530e+07
1.435989179346080835e+00 1.998272865768780559e+07
1.433058589184150078e+00 1.945373465292479470e+07
1.430127999022219321e+00 1.892406025642561167e+07
1.427197408860288563e+00 1.839323361128672212e+07
1.424266818698357806e+00 1.786226593195595965e+07
1.421336228536426827e+00 1.733122117263499647e+07
1.418405638374496069e+00 1.680054897430648655e+07
1.415475048212565312e+00 1.627082166761796363e+07
1.412544458050634555e+00 1.574195303187640198e+07
1.409613867888703798e+00 1.521499436766969040e+07
1.406683277726773040e+00 1.468935163542987220e+07
1.403752687564842283e+00 1.416652500009899028e+07
1.400822097402911526e+00 1.364544168594423495e+07
1.397891507240980769e+00 1.312801974712087587e+07
1.394960917079050011e+00 1.261273798066813312e+07
1.392030326917119254e+00 1.210190095149996132e+07
1.389099736755188275e+00 1.159357002505037934e+07
1.386169146593257517e+00 1.109040472313316166e+07
1.383238556431326760e+00 1.059008039460610971e+07
1.380307966269396003e+00 1.009558020889895782e+07
1.377377376107465246e+00 9.604225045335639268e+06
1.374446785945534488e+00 9.119290748462945223e+06
1.371516195783603731e+00 8.637775103036835790e+06
1.368585605621672974e+00 8.163216205000070855e+06
1.365655015459742216e+00 7.692319742408283986e+06
1.362724425297811459e+00 7.228856458634339273e+06
1.359793835135880702e+00 6.769270366118295118e+06
1.356863244973949723e+00 6.317536184081693180e+06
1.353932654812018965e+00 5.869865881628797390e+06
1.351002064650088208e+00 5.430410547620476224e+06
1.348071474488157451e+00 4.995178786322571337e+06
1.345140884326226693e+00 4.568471643062606454e+06
1.342210294164295936e+00 4.146121960415798705e+06
1.339279704002365179e+00 3.732555549321733415e+06
1.336349113840434422e+00 3.323455930838983506e+06
1.333418523678503664e+00 2.923349899998184759e+06
1.330487933516572907e+00 2.527796798157720827e+06
1.327557343354642150e+00 2.141401960352028720e+06
1.324626753192711170e+00 1.759624375522288028e+06
1.321696163030780635e+00 1.387126842428974342e+06
1.318765572868849656e+00 1.019290443244674825e+06
1.315834982706918899e+00 6.608158165599408094e+05
1.312904392544988141e+00 3.070271907400644268e+05
1.309973802383057384e+00 -3.735515074375754921e+04
1.307043212221126627e+00 -3.770442221872023074e+05
1.304112622059195870e+00 -7.073169123140819138e+05
1.301182031897265112e+00 -1.032905283130161697e+06
1.298251441735334355e+00 -1.349098822676954325e+06
1.295320851573403598e+00 -1.660631847811764572e+06
1.292390261411472618e+00 -1.962820544407900656e+06
1.289459671249542083e+00 -2.260386050351775251e+06
1.286529081087611104e+00 -2.548684038269967772e+06
1.283598490925680347e+00 -2.832408397678764071e+06
1.280667900763749589e+00 -3.106965833099780139e+06
1.277737310601818832e+00 -3.377010187567489222e+06
1.274806720439888075e+00 -3.638009562685572542e+06
1.271876130277957317e+00 -3.894566225274704862e+06
1.268945540116026560e+00 -4.142218860557212960e+06
1.266014949954095803e+00 -4.385507837700812146e+06
1.263084359792165046e+00 -4.620050558099346235e+06
1.260153769630234066e+00 -4.850316293918193318e+06
1.257223179468303531e+00 -5.072008258422893472e+06
1.254292589306372552e+00 -5.289516528720278293e+06
1.251361999144441794e+00 -5.498636273250439204e+06
1.248431408982511037e+00 -5.703671271586753428e+06
1.245500818820580280e+00 -5.900513903559571132e+06
1.242570228658649523e+00 -6.093375544582190923e+06
1.239639638496718765e+00 -6.278250165692691691e+06
1.236709048334788008e+00 -6.459251506115629338e+06
1.233778458172857251e+00 -6.632478797686574981e+06
1.230847868010926494e+00 -6.801943708914237097e+06
1.227917277848995514e+00 -6.963853678004502319e+06
1.224986687687064979e+00 -7.122114680989866145e+06
1.222056097525134000e+00 -7.273044589717069641e+06
1.219125507363203242e+00 -7.420440821968985721e+06
1.216194917201272485e+00 -7.560733332004790194e+06
1.213264327039341728e+00 -7.697608719324843027e+06
1.210333736877410971e+00 -7.827610140479479916e+06
1.207403146715480213e+00 -7.954311731459601782e+06
1.204472556553549456e+00 -8.074370444595450535e+06
1.201541966391618699e+00 -8.191246861179426312e+06
1.198611376229687941e+00 -8.301711901662976481e+06
1.195680786067756962e+00 -8.409111993657639250e+06
1.192750195905826427e+00 -8.510331753113867715e+06
1.189819605743895448e+00 -8.608603328596696258e+06
1.186889015581964912e+00 -8.700924427330102772e+06
1.183958425420033933e+00 -8.790413166085105389e+06
1.181027835258103176e+00 -8.874179383583558723e+06
1.178097245096172418e+00 -8.955227831714261323e+06
1.175166654934241661e+00 -9.030779243665289134e+06
1.172236064772310904e+00 -9.103725954037690535e+06
1.169305474610380147e+00 -9.171398095824595541e+06
1.166374884448449389e+00 -9.236576832262244076e+06
1.163444294286518410e+00 -9.296699999878492206e+06
1.160513704124587875e+00 -9.354439094148799777e+06
1.157583113962656896e+00 -9.407337727008558810e+06
1.154652523800726138e+00 -9.457959472667744383e+06
1.151721933638795381e+00 -9.503951662552755326e+06
1.148791343476864624e+00 -9.547771818700417876e+06
1.145860753314933866e+00 -9.587168852686591446e+06
1.142930163153003109e+00 -9.624496246882196516e+06
1.139999572991072352e+00 -9.657602586001437157e+06
1.137068982829141373e+00 -9.688739966737195849e+06
1.134138392667210837e+00 -9.715850663485022262e+06
1.131207802505280080e+00 -9.741089284976214170e+06
1.128277212343349323e+00 -9.762495129367308691e+06
1.125346622181418343e+00 -9.782123165011957288e+06
1.122416032019487586e+00 -9.798104155785366893e+06
1.119485441857556829e+00 -9.812399206062456593e+06
1.116554851695626072e+00 -9.823228254826929420e+06
1.113624261533695314e+00 -9.832460462491307408e+06
1.110693671371764557e+00 -9.838402237558746710e+06
1.107763081209833800e+00 -9.842833468645796180e+06
1.104832491047903043e+00 -9.844144425765950233e+06
1.101901900885972285e+00 -9.844028342855874449e+06
1.098971310724041306e+00 -9.840956679142888635e+06
1.096040720562110771e+00 -9.836538678562663496e+06
1.093110130400179791e+00 -9.829324354442678392e+06
1.090179540238249034e+00 -9.820841617157174274e+06
1.087248950076318277e+00 -9.809716395709522069e+06
1.084318359914387520e+00 -9.797397921496972442e+06
1.081387769752456762e+00 -9.782585421695550904e+06
1.078457179590526005e+00 -9.766652098625294864e+06
1.075526589428595248e+00 -9.748367909159818664e+06
1.072595999266664490e+00 -9.729032633829822764e+06
1.069665409104733733e+00 -9.707484395029295236e+06
1.066734818942802754e+00 -9.684952152427809313e+06
1.063804228780872219e+00 -9.660339691868305206e+06
1.060873638618941239e+00 -9.634807695713270456e+06
1.057943048457010704e+00 -9.607323151568908244e+06
1.055012458295079725e+00 -9.578980993046212941e+06
1.052081868133149190e+00 -9.548808978688130155e+06
1.049151277971218210e+00 -9.517838764667846262e+06
1.046220687809287453e+00 -9.485156507730988786e+06
1.043290097647356696e+00 -9.451733019713586196e+06
1.040359507485425938e+00 -9.416710554191948846e+06
1.037428917323495181e+00 -9.381001441113490611e+06
1.034498327161564202e+00 -9.343801757148625329e+06
1.031567736999633667e+00 -9.305967679401503876e+06
1.028637146837702687e+00 -9.266746934127265587e+06
1.025706556675772152e+00 -9.226941772144349292e+06
1.022775966513841173e+00 -9.185849421406105161e+06
1.019845376351910415e+00 -9.144220441430505365e+06
1.016914786189979658e+00 -9.101399435512047261e+06
1.013984196028048901e+00 -9.058087470766067505e+06
1.011053605866118144e+00 -9.013674520903363824e+06
1.008123015704187386e+00 -8.968814161002993584e+06
1.005192425542256629e+00 -8.922939798065209761e+06
1.002261835380325650e+00 -8.876659618627646938e+06
9.993312452183951144e-01 -8.829448500398736447e+06
9.964006550564642462e-01 -8.781871177523316815e+06
9.934700648945334889e-01 -8.733442203387534246e+06
9.905394747326026206e-01 -8.684684765196869150e+06
9.876088845706719743e-01 -8.635151300177719444e+06
9.846782944087412170e-01 -8.585325293092930689e+06
9.817477042468103487e-01 -8.534795331871384755e+06
9.788171140848795915e-01 -8.484007003639848903e+06
9.758865239229487232e-01 -8.432583365986397490e+06
9.729559337610180769e-01 -8.380933840783355758e+06
9.700253435990873196e-01 -8.328714346639411524e+06
9.670947534371564513e-01 -8.276299811554707587e+06
9.641641632752256941e-01 -8.223377458128970116e+06
9.612335731132949368e-01 -8.170289344422041439e+06
9.583029829513641795e-01 -8.116752493991831318e+06
9.553723927894334222e-01 -8.063077636269935407e+06
9.524418026275025539e-01 -8.009010158590132371e+06
9.495112124655717967e-01 -7.954830989233967848e+06
9.465806223036410394e-01 -7.900312472138203681e+06
9.436500321417102821e-01 -7.845707153999947011e+06
9.407194419797794138e-01 -7.790813028106398880e+06
9.377888518178486565e-01 -7.735855639587370679e+06
9.348582616559178993e-01 -7.680657341970520094e+06
9.319276714939871420e-01 -7.625418044943029061e+06
9.289970813320563847e-01 -7.569983187260804698e+06
9.260664911701255164e-01 -7.514528355666250922e+06
9.231359010081947591e-01 -7.458920889885511249e+06
9.202053108462641129e-01 -7.403313258777376264e+06
9.172747206843332446e-01 -7.347593601281971671e+06
9.143441305224024873e-01 -7.291892451251956634e+06
9.114135403604716190e-01 -7.236117605379479937e+06
9.084829501985409728e-01 -7.180378863011508249e+06
9.055523600366102155e-01 -7.124602605914084241e+06
9.026217698746793472e-01 -7.068878988804299384e+06
8.996911797127485899e-01 -7.013151988748257980e+06
8.967605895508178326e-01 -6.957493157356855460e+06
8.938299993888870754e-01 -6.901863087828600779e+06
8.908994092269563181e-01 -6.846315754083990119e+06
8.879688190650254498e-01 -6.790827445525096729e+06
8.850382289030946925e-01 -6.735435510949498974e+06
8.821076387411639352e-01 -6.680131052857786417e+06
8.791770485792331780e-01 -6.624935727304289117e+06
8.762464584173024207e-01 -6.569854598270360380e+06
8.733158682553715524e-01 -6.514894520026794635e+06
8.703852780934407951e-01 -6.460073659048792906e+06
8.674546879315100378e-01 -6.405384985874706879e+06
8.645240977695792806e-01 -6.350858990269525908e+06
8.615935076076485233e-01 -6.296475599441858940e+06
8.586629174457176550e-01 -6.242277058864035644e+06
8.557323272837870087e-01 -6.188229547446884215e+06
8.528017371218561404e-01 -6.134388044464691542e+06
8.498711469599253832e-01 -6.080707921942364424e+06
8.469405567979946259e-01 -6.027251730359380133e+06
8.440099666360638686e-01 -5.973964723572195508e+06
8.410793764741331113e-01 -5.920919548492018133e+06
8.381487863122022430e-01 -5.868051282662666403e+06
8.352181961502714858e-01 -5.815441567505598068e+06
8.322876059883407285e-01 -5.763015718714664690e+06
8.293570158264099712e-01 -5.710863703211043961e+06
8.264264256644792139e-01 -5.658901988207061775e+06
8.234958355025483456e-01 -5.607228290368875489e+06
8.205652453406175884e-01 -5.555750760170606896e+06
8.176346551786868311e-01 -5.504574324432793073e+06
8.147040650167560738e-01 -5.453599399995073676e+06
8.117734748548253165e-01 -5.402937609339074232e+06
8.088428846928944482e-01 -5.352482185727472417e+06
8.059122945309636910e-01 -5.302350937457390130e+06
8.029817043690330447e-01 -5.252430428213212639e+06
8.000511142071021764e-01 -5.202844194577649236e+06
7.971205240451714191e-01 -5.153472631155993789e+06
7.941899338832405508e-01 -5.104444537884854712e+06
7.912593437213099046e-01 -5.055634618719712831e+06
7.883287535593791473e-01 -5.007176500943822786e+06
7.853981633974482790e-01 -4.958939666191807017e+06
7.824675732355174107e-01 -4.911062174382774159e+06
7.795369830735867644e-01 -4.863408665480460040e+06
7.766063929116560072e-01 -4.816121274878283031e+06
7.736758027497251389e-01 -4.769060213022624142e+06
7.707452125877944926e-01 -4.722371297627493739e+06
7.678146224258636243e-01 -4.675910716547279619e+06
7.648840322639328670e-01 -4.629827614060195163e+06
7.619534421020019987e-01 -4.583974527983320877e+06
7.590228519400713525e-01 -4.538503592747488059e+06
7.560922617781404842e-01 -4.493264034410971217e+06
7.531616716162097269e-01 -4.448410689434845001e+06
7.502310814542790807e-01 -4.403789805497062393e+06
7.473004912923482124e-01 -4.359558588873271830e+06
7.443699011304173441e-01 -4.315560636795613915e+06
7.414393109684866978e-01 -4.271955263532363810e+06
7.385087208065558295e-01 -4.228583695555672050e+06
7.355781306446250722e-01 -4.185607067751587834e+06
7.326475404826942039e-01 -4.142864544760231394e+06
7.297169503207635577e-01 -4.100518846253461204e+06
7.267863601588326894e-01 -4.058407312974904664e+06
7.238557699969019321e-01 -4.016693989331495482e+06
7.209251798349712859e-01 -3.975214707323963754e+06
7.179945896730404176e-01 -3.934134583655570634e+06
7.150639995111095493e-01 -3.893288121392703615e+06
7.121334093491789030e-01 -3.852841384991800413e+06
7.092028191872481457e-01 -3.812627747744172812e+06
7.062722290253172774e-01 -3.772813978073636536e+06
7.033416388633864091e-01 -3.733232586261314806e+06
7.004110487014557629e-01 -3.694050825586062390e+06
6.974804585395250056e-01 -3.655100539061424322e+06
6.945498683775941373e-01 -3.616549299522512127e+06
6.916192782156634911e-01 -3.578228487584179267e+06
6.886886880537326228e-01 -3.540305795219695196e+06
6.857580978918018655e-01 -3.502612323954275809e+06
6.828275077298712192e-01 -3.465315756257887930e+06
6.798969175679403509e-01 -3.428247063608525787e+06
6.769663274060094826e-01 -3.391573757880014367e+06
6.740357372440787254e-01 -3.355126863773376681e+06
6.711051470821480791e-01 -3.319073569667375181e+06
6.681745569202172108e-01 -3.283245093204249628e+06
6.652439667582863425e-01 -3.247808183938533533e+06
6.623133765963556963e-01 -3.212594397206676193e+06
6.593827864344249390e-01 -3.177769894208826590e+06
6.564521962724940707e-01 -3.143166706246489659e+06
6.535216061105634244e-01 -3.108950325196921825e+06
6.505910159486325561e-01 -3.074953348861660343e+06
6.476604257867017989e-01 -3.041340471127340104e+06
6.447298356247709306e-01 -3.007945013740245253e+06
6.417992454628402843e-01 -2.974930762986224145e+06
6.388686553009094160e-01 -2.942131848747971933e+06
6.359380651389786587e-01 -2.909711089591350872e+06
6.330074749770479015e-01 -2.877503521105396561e+06
6.300768848151171442e-01 -2.845670860830612015e+06
6.271462946531862759e-01 -2.814049193542083725e+06
6.242157044912556296e-01 -2.782799047446383629e+06
6.212851143293247613e-01 -2.751757615251112729e+06
6.183545241673940041e-01 -2.721084195838619024e+06
6.154239340054631358e-01 -2.690617167365278583e+06
6.124933438435324895e-01 -2.660514472540088464e+06
6.095627536816016212e-01 -2.630615789855255745e+06
6.066321635196708639e-01 -2.601077695892641321e+06
6.037015733577402177e-01 -2.571741159714004956e+06
6.007709831958093494e-01 -2.542761362766642123e+06
5.978403930338784811e-01 -2.513980658566033002e+06
5.949098028719478348e-01 -2.485552703633585945e+06
5.919792127100170775e-01 -2.457321339638005942e+06
5.890486225480862092e-01 -2.429438674443467520e+06
5.861180323861553410e-01 -2.401750062685612589e+06
5.831874422242246947e-01 -2.374406035030455329e+06
5.802568520622939374e-01 -2.347253439292290714e+06
5.773262619003630691e-01 -2.320441312405996490e+06
5.743956717384324229e-01 -2.293818063673733268e+06
5.714650815765015546e-01 -2.267530897611638065e+06
5.685344914145706863e-01 -2.241429941080071498e+06
5.656039012526399290e-01 -2.215660815249632113e+06
5.626733110907091717e-01 -2.190075361600718461e+06
5.597427209287784144e-01 -2.164817304916669615e+06
5.568121307668476572e-01 -2.139740296975309495e+06
5.538815406049168999e-01 -2.114986266730051953e+06
5.509509504429861426e-01 -2.090410643401482143e+06
5.480203602810553853e-01 -2.066153547874485841e+06
5.450897701191246281e-01 -2.042072210692689056e+06
5.421591799571938708e-01 -2.018304929140658351e+06
5.392285897952628915e-01 -1.994710752277721185e+06
5.362979996333321342e-01 -1.971426138287669048e+06
5.333674094714015990e-01 -1.948311965080270078e+06
5.304368193094706196e-01 -1.925502844523295294e+06
5.275062291475398624e-01 -1.902861502328557428e+06
5.245756389856091051e-01 -1.880520696057360619e+06
5.216450488236783478e-01 -1.858345023068183800e+06
5.187144586617475905e-01 -1.836465348904039012e+06
5.157838684998168333e-01 -1.814748154358814005e+06
5.128532783378860760e-01 -1.793322428698807955e+06
5.099226881759553187e-01 -1.772056551410797052e+06
5.069920980140243394e-01 -1.751077613538725534e+06
5.040615078520938042e-01 -1.730255883339824155e+06
5.011309176901628248e-01 -1.709716566445535049e+06
4.982003275282320676e-01 -1.689331854648920707e+06
4.952697373663013103e-01 -1.669225027108203154e+06
4.923391472043705530e-01 -1.649270197393178008e+06
4.894085570424397957e-01 -1.629588754404441454e+06
4.864779668805090385e-01 -1.610056718050105497e+06
4.835473767185782812e-01 -1.590793572681660764e+06
4.806167865566475239e-01 -1.571677269843073096e+06
4.776861963947165446e-01 -1.552825396618777188e+06
4.747556062327860094e-01 -1.534117804878069554e+06
4.718250160708550300e-01 -1.515670197128938977e+06
4.688944259089242728e-01 -1.497364337642819853e+06
4.659638357469937375e-01 -1.479314041120348964e+06
4.630332455850627582e-01 -1.461402976297238842e+06
4.601026554231320009e-01 -1.443743082527267281e+06
4.571720652612012437e-01 -1.426219926932890667e+06
4.542414750992704864e-01 -1.408943579002101440e+06
4.513108849373397291e-01 -1.391801496996664209e+06
4.483802947754087498e-01 -1.374901886532360222e+06
4.454497046134782146e-01 -1.358134101770896465e+06
4.425191144515474573e-01 -1.341604493529004045e+06
4.395885242896164780e-01 -1.325204277747533284e+06
4.366579341276859427e-01 -1.309037975844468921e+06
4.337273439657549634e-01 -1.292998675282550976e+06
4.307967538038242061e-01 -1.277189069180958439e+06
4.278661636418936709e-01 -1.261504083148493897e+06
4.249355734799626916e-01 -1.246044609071278945e+06
4.220049833180319343e-01 -1.230707409934423631e+06
4.190743931561011770e-01 -1.215591585431812331e+06
4.161438029941704198e-01 -1.200595712503522867e+06
4.132132128322396625e-01 -1.185817115034105023e+06
4.102826226703086832e-01 -1.171156171576824039e+06
4.073520325083781479e-01 -1.156708453020838788e+06
4.044214423464473906e-01 -1.142376121066361433e+06
4.014908521845164113e-01 -1.128252999455414945e+06
3.985602620225858761e-01 -1.114243029177741380e+06
3.956296718606548968e-01 -1.100438302090735640e+06
3.926990816987241395e-01 -1.086744516706376802e+06
3.897684915367933822e-01 -1.073252061216763454e+06
3.868379013748626249e-01 -1.059868367064581020e+06
3.839073112129318677e-01 -1.046682123337404220e+06
3.809767210510008884e-01 -1.033602496844334295e+06
3.780461308890703531e-01 -1.020716496272927150e+06
3.751155407271395958e-01 -1.007934988891869783e+06
3.721849505652086165e-01 -9.953433396190747153e+05
3.692543604032780813e-01 -9.828540871181997936e+05
3.663237702413471020e-01 -9.705509676050627604e+05
3.633931800794163447e-01 -9.583481848194438498e+05
3.604625899174855874e-01 -9.463278530924441293e+05
3.575319997555548301e-01 -9.344058257206613198e+05
3.546014095936240729e-01 -9.226626312849406386e+05
3.516708194316933156e-01 -9.110157393751068739e+05
3.487402292697625583e-01 -8.995441000670001376e+05
3.458096391078318010e-01 -8.881667967269277433e+05
3.428790489459008217e-01 -8.769612190952760866e+05
3.399484587839702865e-01 -8.658480374034474371e+05
3.370178686220395292e-01 -8.549031056558089331e+05
3.340872784601085499e-01 -8.440486591549221193e+05
3.311566882981777926e-01 -8.333590407657818869e+05
3.282260981362470353e-01 -8.227580263322643004e+05
3.252955079743162781e-01 -8.123184719581635436e+05
3.223649178123855208e-01 -8.019656684774151072e+05
3.194343276504547635e-01 -7.917710071659351233e+05
3.165037374885240062e-01 -7.816612741746479878e+05
3.135731473265932490e-01 -7.717064124926133081e+05
3.106425571646622696e-01 -7.618346870370751712e+05
3.077119670027317344e-01 -7.521146188573010731e+05
3.047813768408007551e-01 -7.424759157749905717e+05
3.018507866788699978e-01 -7.329857233315230114e+05
2.989201965169392405e-01 -7.235751725784983719e+05
2.959896063550084833e-01 -7.143099797925159801e+05
2.930590161930777260e-01 -7.051227161998171359e+05
2.901284260311469687e-01 -6.960777960379668511e+05
2.871978358692162114e-01 -6.871091419858989539e+05
2.842672457072854542e-01 -6.782797612439387012e+05
2.813366555453544748e-01 -6.695250052610328421e+05
2.784060653834239396e-01 -6.609065831412863918e+05
2.754754752214929603e-01 -6.523611614331660094e+05
2.725448850595622030e-01 -6.439491625892673619e+05
2.696142948976316678e-01 -6.356085768741366919e+05
2.666837047357006885e-01 -6.273985512360554421e+05
2.637531145737699312e-01 -6.192583786553563550e+05
2.608225244118391739e-01 -6.112459537697674241e+05
2.578919342499084166e-01 -6.033018505884938641e+05
2.549613440879776594e-01 -5.954827313797990791e+05
2.520307539260466800e-01 -5.877304306078359950e+05
2.491001637641161448e-01 -5.801003946156830061e+05
2.461695736021853875e-01 -5.725357060851356946e+05
2.432389834402544082e-01 -5.650906102891357150e+05
2.403083932783238730e-01 -5.577094131959455553e+05
2.373778031163928937e-01 -5.504451956276833080e+05
2.344472129544621364e-01 -5.432434529501583893e+05
2.315166227925316011e-01 -5.361561110779235605e+05
2.285860326306006218e-01 -5.291298543349879328e+05
2.256554424686698646e-01 -5.222154768934734166e+05
2.227248523067391073e-01 -5.153608047748375102e+05
2.197942621448083500e-01 -5.086155365381506272e+05
2.168636719828775927e-01 -5.019286325121412519e+05
2.139330818209466134e-01 -4.953486980533323367e+05
2.110024916590160782e-01 -4.888258174396578688e+05
2.080719014970853209e-01 -4.824075204979609116e+05
2.051413113351543416e-01 -4.760449780681016855e+05
2.022107211732238063e-01 -4.697846818916249904e+05
1.992801310112928270e-01 -4.635788722211355926e+05
1.963495408493620697e-01 -4.574730126268438762e+05
1.934189506874313125e-01 -4.514203999318483402e+05
1.904883605255005552e-01 -4.454654775663652108e+05
1.875577703635697979e-01 -4.395625811174223782e+05
1.846271802016388186e-01 -4.337551701054651057e+05
1.816965900397082834e-01 -4.279985961463641725e+05
1.787659998777775261e-01 -4.223353350503999391e+05
1.758354097158465468e-01 -4.167217415184705169e+05
1.729048195539160115e-01 -4.111993413614081801e+05
1.699742293919850322e-01 -4.057254601583114127e+05
1.670436392300542749e-01 -4.003406917157098069e+05
1.641130490681235177e-01 -3.950033215051664738e+05
1.611824589061927604e-01 -3.897530203254406806e+05
1.582518687442620031e-01 -3.845490145728647476e+05
1.553212785823312458e-01 -3.794300773081143852e+05
1.523906884204004886e-01 -3.743563516656064894e+05
1.494600982584697313e-01 -3.693657344402374001e+05
1.465295080965387520e-01 -3.644192836242748890e+05
1.435989179346082167e-01 -3.595540177353202598e+05
1.406683277726774595e-01 -3.547318830399387516e+05
1.377377376107464801e-01 -3.499890504034476471e+05
1.348071474488157229e-01 -3.452883348568524816e+05
1.318765572868849656e-01 -3.406650743222469464e+05
1.289459671249542083e-01 -3.360829418081790791e+05
1.260153769630234510e-01 -3.315764576218728325e+05
1.230847868010926938e-01 -3.271101320299643558e+05
1.201541966391619365e-01 -3.227176877576479455e+05
1.172236064772311792e-01 -3.183644567275621230e+05
1.142930163153004219e-01 -3.140833673582401825e+05
1.113624261533696647e-01 -3.098405624071688508e+05
1.084318359914386853e-01 -3.056682045146660530e+05
1.055012458295079281e-01 -3.015332165282320930e+05
1.025706556675771708e-01 -2.974670157030730043e+05
9.964006550564641351e-02 -2.934372924615836819e+05
9.670947534371565624e-02 -2.894747295037080767e+05
9.377888518178489896e-02 -2.855477683731789002e+05
9.084829501985414169e-02 -2.816863850117601105e+05
8.791770485792338441e-02 -2.778597481001694105e+05
8.498711469599262713e-02 -2.740971293445547344e+05
8.205652453406186986e-02 -2.703684266880362993e+05
7.912593437213089054e-02 -2.667022150927578332e+05
7.619534421020013326e-02 -2.630691006712010712e+05
7.326475404826959803e-02 -2.594969853703735862e+05
7.033416388633861871e-02 -2.559571672006780864e+05
6.740357372440786143e-02 -2.524768901447789976e+05
6.447298356247710416e-02 -2.490281328629058262e+05
6.154239340054634688e-02 -2.456374815636607236e+05
5.861180323861558961e-02 -2.422775854314775497e+05
5.568121307668461029e-02 -2.389743984795702854e+05
5.275062291475407505e-02 -2.357012209590324783e+05
4.982003275282331778e-02 -2.324833840041331714e+05
4.688944259089233846e-02 -2.292948220658212376e+05
4.395885242896180323e-02 -2.261602654209018801e+05
4.102826226703082391e-02 -2.230542715822954779e+05
3.809767210510006663e-02 -2.200009751726354589e+05
3.516708194316953140e-02 -2.169755441523880872e+05
3.223649178123855208e-02 -2.140015230722543492e+05
2.930590161930779480e-02 -2.110546967607128609e+05
2.637531145737703753e-02 -2.081580209425665671e+05
2.344472129544628025e-02 -2.052878756995994481e+05
2.051413113351552298e-02 -2.024666402768635598e+05
1.758354097158454366e-02 -1.996712889862570737e+05
1.465295080965400842e-02 -1.969237005347326922e+05
1.172236064772325115e-02 -1.942012636797852174e+05
8.791770485792271828e-03 -1.915254319905712036e+05
5.861180323861736596e-03 -1.888742582252845168e+05
2.930590161930757276e-03 -1.862684852578912687e+05
0.000000000000000000e+00 -1.836867074941252649e+05
-2.930590161930757276e-03 -1.811492242080613796e+05
-5.861180323861736596e-03 -1.786351356341846113e+05
-8.791770485792049783e-03 -1.761642705076735001e+05
-1.172236064772302910e-02 -1.737162154986838868e+05
-1.465295080965378638e-02 -1.713103143667903787e+05
-1.758354097158454366e-02 -1.689266578766639868e+05
-2.051413113351552298e-02 -1.665841085628412256e+05
-2.344472129544628025e-02 -1.642632420713856700e+05
-2.637531145737703753e-02 -1.619824683846160187e+05
-2.930590161930757276e-02 -1.597228410067970981e+05
-3.223649178123833003e-02 -1.575023087649915542e+05
-3.516708194316930935e-02 -1.553023905764211668e+05
-3.809767210510006663e-02 -1.531405950228740694e+05
-4.102826226703082391e-02 -1.509988887055240921e+05
-4.395885242896180323e-02 -1.488943598228059709e+05
-4.688944259089256050e-02 -1.468094169907311152e+05
-4.982003275282309573e-02 -1.447607102124442754e+05
-5.275062291475385301e-02 -1.427311029830054031e+05
-5.568121307668461029e-02 -1.407368211372409714e+05
-5.861180323861558961e-02 -1.387611595145996253e+05
-6.154239340054634688e-02 -1.368199446428484516e+05
-6.447298356247710416e-02 -1.348968763885826338e+05
-6.740357372440763939e-02 -1.330073818057375029e+05
-7.033416388633839667e-02 -1.311355728140301071e+05
-7.326475404826937599e-02 -1.292964961915166350e+05
-7.619534421020013326e-02 -1.274746523564959789e+05
-7.912593437213089054e-02 -1.256847168186779163e+05
-8.205652453406186986e-02 -1.239115782265875896e+05
-8.498711469599262713e-02 -1.221695369630163332e+05
-8.791770485792316236e-02 -1.204438641579936666e+05
-9.084829501985391964e-02 -1.187484974266895297e+05
-9.377888518178489896e-02 -1.170690883759562712e+05
-9.670947534371565624e-02 -1.154192140676091658e+05
-9.964006550564641351e-02 -1.137848924469119083e+05
-1.025706556675771708e-01 -1.121793502778388502e+05
-1.055012458295081501e-01 -1.105889571097113949e+05
-1.084318359914386853e-01 -1.090266161634067394e+05
-1.113624261533694426e-01 -1.074790309309922013e+05
-1.142930163153001999e-01 -1.059587815334655461e+05
-1.172236064772311792e-01 -1.044529117830544419e+05
-1.201541966391619365e-01 -1.029736836910848215e+05
-1.230847868010926938e-01 -1.015084715719358792e+05
-1.260153769630232290e-01 -1.000692143840357749e+05
-1.289459671249539863e-01 -9.864361033622211835e+04
-1.318765572868849656e-01 -9.724329009836640034e+04
-1.348071474488157229e-01 -9.585626769269433862e+04
-1.377377376107464801e-01 -9.449387408276475617e+04
-1.406683277726774595e-01 -9.314443687365438382e+04
-1.435989179346082167e-01 -9.181899672552544507e+04
-1.465295080965387520e-01 -9.050618359121504182e+04
-1.494600982584695092e-01 -8.921675493127110531e+04
-1.523906884204002665e-01 -8.793962029539757350e+04
-1.553212785823312458e-01 -8.668526710404378537e+04
-1.582518687442620031e-01 -8.544288608545766328e+04
-1.611824589061927604e-01 -8.422269171306825592e+04
-1.641130490681237397e-01 -8.301415474756974436e+04
-1.670436392300540529e-01 -8.182723326620797161e+04
-1.699742293919850322e-01 -8.065167164268928173e+04
-1.729048195539157895e-01 -7.949715962697382201e+04
-1.758354097158465468e-01 -7.835371343201126729e+04
-1.787659998777775261e-01 -7.723077412085479591e+04
-1.816965900397082834e-01 -7.611860572363508982e+04
-1.846271802016390406e-01 -7.502642246542910289e+04
-1.875577703635695759e-01 -7.394472186095900543e+04
-1.904883605255003332e-01 -7.288247745224897517e+04
-1.934189506874313125e-01 -7.183044212721842632e+04
-1.963495408493620697e-01 -7.079734345198170922e+04
-1.992801310112928270e-01 -6.977419174506061245e+04
-2.022107211732238063e-01 -6.876948851073542028e+04
-2.051413113351541195e-01 -6.777447104825015413e+04
-2.080719014970850989e-01 -6.679741467892164655e+04
-2.110024916590158561e-01 -6.582978155193095154e+04
-2.139330818209466134e-01 -6.487964989027106640e+04
-2.168636719828775927e-01 -6.393869009023185936e+04
-2.197942621448083500e-01 -6.301477019861905137e+04
-2.227248523067391073e-01 -6.209978417433298455e+04
-2.256554424686696425e-01 -6.120138587922789884e+04
-2.285860326306003998e-01 -6.031168300158416241e+04
-2.315166227925313791e-01 -5.943814336754458782e+04
-2.344472129544621364e-01 -5.857306353808444692e+04
-2.373778031163928937e-01 -5.772371656201975566e+04
-2.403083932783238730e-01 -5.688260895605498808e+04
-2.432389834402546303e-01 -5.605681548145628039e+04
-2.461695736021851655e-01 -5.523904468645854649e+04
-2.491001637641159228e-01 -5.443618335850557196e+04
-2.520307539260466800e-01 -5.364112936082664237e+04
-2.549613440879776594e-01 -5.286060222352781420e+04
-2.578919342499084166e-01 -5.208767415324348985e+04
-2.608225244118391739e-01 -5.132889195636260411e+04
-2.637531145737697091e-01 -5.057746562244158849e+04
-2.666837047357004664e-01 -4.983971897213535703e+04
-2.696142948976314457e-01 -4.910894354595112236e+04
-2.725448850595622030e-01 -4.839174315560123796e+04
-2.754754752214929603e-01 -4.768205948298035946e+04
-2.784060653834239396e-01 -4.698487349311893195e+04
-2.813366555453546969e-01 -4.629462049690717686e+04
-2.842672457072852321e-01 -4.561703440389841853e+04
-2.871978358692159894e-01 -4.494608290834245417e+04
-2.901284260311469687e-01 -4.428747785826506151e+04
-2.930590161930777260e-01 -4.363532813149956201e+04
-2.959896063550084833e-01 -4.299518919547888800e+04
-2.989201965169392405e-01 -4.236133550979335268e+04
-3.018507866788702199e-01 -4.173916581388218765e+04
-3.047813768408007551e-01 -4.112310214389368775e+04
-3.077119670027315124e-01 -4.051842583320620179e+04
-3.106425571646622696e-01 -3.991967784696054150e+04
-3.135731473265932490e-01 -3.933200613831579540e+04
-3.165037374885240062e-01 -3.875011495060504967e+04
-3.194343276504547635e-01 -3.817899956498722167e+04
-3.223649178123852987e-01 -3.761351289803853433e+04
-3.252955079743160560e-01 -3.705850330491406930e+04
-3.282260981362470353e-01 -3.650896870547415165e+04
-3.311566882981777926e-01 -3.596963314155157423e+04
-3.340872784601085499e-01 -3.543561909830600052e+04
-3.370178686220395292e-01 -3.491152997763620078e+04
-3.399484587839702865e-01 -3.439262376272744586e+04
-3.428790489459008217e-01 -3.388337013483016199e+04
-3.458096391078315790e-01 -3.337915966453573492e+04
-3.487402292697623363e-01 -3.288433719006142201e+04
-3.516708194316933156e-01 -3.239442082282794945e+04
-3.546014095936240729e-01 -3.191363097894430030e+04
-3.575319997555548301e-01 -3.143762704056392249e+04
-3.604625899174858095e-01 -3.097050238789985451e+04
-3.633931800794161227e-01 -3.050801780107958257e+04
-3.663237702413471020e-01 -3.005418407007988571e+04
-3.692543604032778592e-01 -2.960485789484240740e+04
-3.721849505652086165e-01 -2.916394481726172671e+04
-3.751155407271395958e-01 -2.872740558809325739e+04
-3.780461308890703531e-01 -2.829906459958665801e+04
-3.809767210510008884e-01 -2.787497743529251966e+04
-3.839073112129316456e-01 -2.745886211902536888e+04
-3.868379013748624029e-01 -2.704688948921242263e+04
-3.897684915367933822e-01 -2.664266685100827090e+04
-3.926990816987241395e-01 -2.624247417169468463e+04
-3.956296718606548968e-01 -2.584980939322362246e+04
-3.985602620225858761e-01 -2.546105937232296856e+04
-4.014908521845161893e-01 -2.507963356951339665e+04
-4.044214423464471686e-01 -2.470201751853331734e+04
-4.073520325083779259e-01 -2.433153483806877193e+04
-4.102826226703086832e-01 -2.396475892429639134e+04
-4.132132128322396625e-01 -2.360491678551877339e+04
-4.161438029941704198e-01 -2.324867800218970297e+04
-4.190743931561011770e-01 -2.289917093376829143e+04
-4.220049833180317123e-01 -2.255317394719931690e+04
-4.249355734799624695e-01 -2.221372549733701453e+04
-4.278661636418934489e-01 -2.187768660017964066e+04
-4.307967538038242061e-01 -2.154801186295178559e+04
-4.337273439657551855e-01 -2.122166487696834156e+04
-4.366579341276857207e-01 -2.090149690644850489e+04
-4.395885242896167000e-01 -2.058456327482412598e+04
-4.425191144515472352e-01 -2.027364211590856212e+04
-4.454497046134782146e-01 -1.996585604694818539e+04
-4.483802947754087498e-01 -1.966393065209266206e+04
-4.513108849373397291e-01 -1.936504471507740527e+04
-4.542414750992707084e-01 -1.907185764745464621e+04
-4.571720652612012437e-01 -1.878162804360351583e+04
-4.601026554231317789e-01 -1.849693179125844472e+04
-4.630332455850627582e-01 -1.821511564362780700e+04
-4.659638357469932934e-01 -1.793868283637426794e+04
-4.688944259089242728e-01 -1.766504632496033810e+04
-4.718250160708552521e-01 -1.739664507418774883e+04
-4.747556062327857873e-01 -1.713095585208953707e+04
-4.776861963947167666e-01 -1.687034840843874190e+04
-4.806167865566473019e-01 -1.661238486418019238e+04
-4.835473767185782812e-01 -1.635936202805064750e+04
-4.864779668805088164e-01 -1.610891068159020324e+04
-4.894085570424397957e-01 -1.586325666743365582e+04
-4.923391472043707751e-01 -1.562010147666439298e+04
-4.952697373663013103e-01 -1.538161177837075229e+04
-4.982003275282322896e-01 -1.514554994948675812e+04
-5.011309176901628248e-01 -1.491402137118753490e+04
-5.040615078520933601e-01 -1.468484617505086135e+04
-5.069920980140243394e-01 -1.446009063600830996e+04
-5.099226881759553187e-01 -1.423761359594299574e+04
-5.128532783378858539e-01 -1.401942626157840095e+04
-5.157838684998168333e-01 -1.380346536490084145e+04
-5.187144586617473685e-01 -1.359166918852606250e+04
-5.216450488236783478e-01 -1.338203343659668826e+04
-5.245756389856088830e-01 -1.317644484627151724e+04
-5.275062291475398624e-01 -1.297295099687898437e+04
-5.304368193094708417e-01 -1.277343303682901023e+04
-5.333674094714013769e-01 -1.257596601331199781e+04
-5.362979996333323562e-01 -1.238232929396670443e+04
-5.392285897952628915e-01 -1.219066675625455537e+04
-5.421591799571934267e-01 -1.200331886567046240e+04
-5.450897701191244060e-01 -1.181837596744039547e+04
-5.480203602810553853e-01 -1.163608144625416389e+04
-5.509509504429859206e-01 -1.145532068319179780e+04
-5.538815406049168999e-01 -1.127820693331884468e+04
-5.568121307668478792e-01 -1.110325426090251312e+04
-5.597427209287784144e-01 -1.093116066741154646e+04
-5.626733110907089497e-01 -1.076095260979610794e+04
-5.656039012526399290e-01 -1.059425525374660538e+04
-5.685344914145709083e-01 -1.042927174054158604e+04
-5.714650815765014435e-01 -1.026749177233494993e+04
-5.743956717384324229e-01 -1.010738828823293079e+04
-5.773262619003629581e-01 -9.950432703329919605e+03
-5.802568520622939374e-01 -9.795092133466419909e+03
-5.831874422242244727e-01 -9.642792365930337837e+03
-5.861180323861554520e-01 -9.492056484707660275e+03
-5.890486225480859872e-01 -9.344275513479697111e+03
-5.919792127100169665e-01 -9.198013127802623785e+03
-5.949098028719479458e-01 -9.054628681786476591e+03
-5.978403930338784811e-01 -8.912712115283597086e+03
-6.007709831958090163e-01 -8.773583734335998088e+03
-6.037015733577399956e-01 -8.635896288979523888e+03
-6.066321635196709749e-01 -8.500908617760716879e+03
-6.095627536816015102e-01 -8.367312539157748688e+03
-6.124933438435324895e-01 -8.236347224656741673e+03
-6.154239340054634688e-01 -8.106739832819750518e+03
-6.183545241673940041e-01 -7.979685496528910335e+03
-6.212851143293245393e-01 -7.853955924600851176e+03
-6.242157044912555186e-01 -7.730714785386180665e+03
-6.271462946531864979e-01 -7.608756778547697650e+03
-6.300768848151170332e-01 -7.489228152861005583e+03
-6.330074749770480125e-01 -7.370938812395736022e+03
-6.359380651389785477e-01 -7.255005383875321058e+03
-6.388686553009090829e-01 -7.140280336253186761e+03
-6.417992454628400623e-01 -7.027822160166557296e+03
-6.447298356247710416e-01 -6.916545675125489652e+03
-6.476604257867015768e-01 -6.807470687292287039e+03
-6.505910159486325561e-01 -6.699548272285214807e+03
-6.535216061105635355e-01 -6.593753371518359018e+03
-6.564521962724940707e-01 -6.489078530419460549e+03
-6.593827864344246059e-01 -6.386475501847537089e+03
-6.623133765963555852e-01 -6.284950045964620585e+03
-6.652439667582865646e-01 -6.185450252000192449e+03
-6.681745569202170998e-01 -6.086987116128773778e+03
-6.711051470821480791e-01 -5.990491965110511956e+03
-6.740357372440790584e-01 -5.894997935573090217e+03
-6.769663274060091496e-01 -5.801417148333551268e+03
-6.798969175679401289e-01 -5.708817466270747900e+03
-6.828275077298711082e-01 -5.618066012218803735e+03
-6.857580978918016434e-01 -5.528270515145433819e+03
-6.886886880537326228e-01 -5.440261692290490828e+03
-6.916192782156636021e-01 -5.353180298429378126e+03
-6.945498683775941373e-01 -5.267846992558997954e+03
-6.974804585395246725e-01 -5.183408036576852282e+03
-7.004110487014556519e-01 -5.100676972341815599e+03
-7.033416388633866312e-01 -5.018805901723649185e+03
-7.062722290253171664e-01 -4.938589969464481328e+03
-7.092028191872481457e-01 -4.859212053906724577e+03
-7.121334093491791251e-01 -4.781436041212638884e+03
-7.150639995111092162e-01 -4.704482420138534508e+03
-7.179945896730401955e-01 -4.629076014314910026e+03
-7.209251798349711748e-01 -4.554475122265577738e+03
-7.238557699969017101e-01 -4.481386950831235481e+03
-7.267863601588326894e-01 -4.409066777459068362e+03
-7.297169503207636687e-01 -4.338215081935506532e+03
-7.326475404826942039e-01 -4.268111373940577323e+03
-7.355781306446247392e-01 -4.199428937040694109e+03
-7.385087208065557185e-01 -4.131465755860253012e+03
-7.414393109684866978e-01 -4.064880224872695635e+03
-7.443699011304172330e-01 -3.998998905975344314e+03
-7.473004912923482124e-01 -3.934448055453991401e+03
-7.502310814542791917e-01 -3.870582558163956492e+03
-7.531616716162097269e-01 -3.808022110969860933e+03
-7.560922617781402622e-01 -3.746125081021044025e+03
-7.590228519400712415e-01 -3.685484462881252512e+03
-7.619534421020017767e-01 -3.625495294457252839e+03
-7.648840322639327560e-01 -3.566727982658891051e+03
-7.678146224258637353e-01 -3.508587378995716790e+03
-7.707452125877942706e-01 -3.451632826685024156e+03
-7.736758027497248058e-01 -3.395280930336263737e+03
-7.766063929116557851e-01 -3.340085286804644511e+03
-7.795369830735867644e-01 -3.285478591497937032e+03
-7.824675732355172997e-01 -3.231984361477681887e+03
-7.853981633974482790e-01 -3.179068141567697239e+03
-7.883287535593792583e-01 -3.127223268841803019e+03
-7.912593437213097936e-01 -3.075944043440712903e+03
-7.941899338832403288e-01 -3.025700829290268302e+03
-7.971205240451713081e-01 -2.976003457223282567e+03
-8.000511142071022874e-01 -2.927325606241719925e+03
-8.029817043690328227e-01 -2.879180852128313745e+03
-8.059122945309638020e-01 -2.832006762943835383e+03
-8.088428846928947813e-01 -2.785353280758220080e+03
-8.117734748548253165e-01 -2.739657016520480738e+03
-8.147040650167558518e-01 -2.694445899109703532e+03
-8.176346551786868311e-01 -2.650180496256068636e+03
-8.205652453406173663e-01 -2.606381439823639084e+03
-8.234958355025483456e-01 -2.563527468403569856e+03
-8.264264256644793250e-01 -2.521162961337658544e+03
-8.293570158264098602e-01 -2.479568884443227489e+03
-8.322876059883403954e-01 -2.438274089817698496e+03
-8.352181961502713747e-01 -2.398190200013211779e+03
-8.381487863122023541e-01 -2.358377375865939030e+03
-8.410793764741328893e-01 -2.319368713157811271e+03
-8.440099666360638686e-01 -2.280789917795904785e+03
-8.469405567979948479e-01 -2.243020976632481052e+03
-8.498711469599253832e-01 -2.205660853468787082e+03
-8.528017371218559184e-01 -2.169074751472723165e+03
-8.557323272837868977e-01 -2.132888298730770657e+03
-8.586629174457174329e-01 -2.097451477439460177e+03
-8.615935076076484123e-01 -2.062401911404355360e+03
-8.645240977695793916e-01 -2.028083625270091716e+03
-8.674546879315099268e-01 -1.994137096465677359e+03
-8.703852780934409061e-01 -1.960898848774540511e+03
-8.733158682553714414e-01 -1.928021559727313161e+03
-8.762464584173024207e-01 -1.895824738962437095e+03
-8.791770485792329559e-01 -1.863987707020747621e+03
-8.821076387411639352e-01 -1.832813843062709793e+03
-8.850382289030949146e-01 -1.801973292690468043e+03
-8.879688190650254498e-01 -1.771781868925308800e+03
-8.908994092269559850e-01 -1.741917589834578393e+03
-8.938299993888869643e-01 -1.712683505842053364e+03
-8.967605895508174996e-01 -1.683765561133429856e+03
-8.996911797127484789e-01 -1.655455526671909411e+03
-9.026217698746794582e-01 -1.627465254593870668e+03
-9.055523600366099934e-01 -1.600054248702862424e+03
-9.084829501985409728e-01 -1.572940469863249064e+03
-9.114135403604715080e-01 -1.546408781816649935e+03
-9.143441305224024873e-01 -1.520159529354836877e+03
-9.172747206843330225e-01 -1.494463898853520732e+03
-9.202053108462640019e-01 -1.469056132502110813e+03
-9.231359010081949812e-01 -1.444180589386234942e+03
-9.260664911701255164e-01 -1.419579904952361630e+03
-9.289970813320564957e-01 -1.395503169726734313e+03
-9.319276714939870310e-01 -1.371692012780599498e+03
-9.348582616559175662e-01 -1.348379537231860468e+03
-9.377888518178485455e-01 -1.325331275661335894e+03
-9.407194419797795248e-01 -1.302769411984707176e+03
-9.436500321417100601e-01 -1.280452490687124055e+03
-9.465806223036410394e-01 -1.258609808179272477e+03
-9.495112124655720187e-01 -1.237018047311039481e+03
-9.524418026275025539e-01 -1.215871703668856071e+03
-9.553723927894330892e-01 -1.194966777587294928e+03
-9.583029829513640685e-01 -1.174501202244914111e+03
-9.612335731132950478e-01 -1.154269795027290002e+03
-9.641641632752255830e-01 -1.134461658771535440e+03
-9.670947534371565624e-01 -1.114884602628176708e+03
-9.700253435990870976e-01 -1.095718604244004382e+03
-9.729559337610180769e-01 -1.076768986329751669e+03
-9.758865239229486122e-01 -1.058229112497369897e+03
-9.788171140848795915e-01 -1.039901481549361733e+03
-9.817477042468105708e-01 -1.021952463707656534e+03
-9.846782944087411060e-01 -1.004212505658148075e+03
-9.876088845706720853e-01 -9.868527821170395100e+02
-9.905394747326026206e-01 -9.696808601439358881e+02
-9.934700648945331558e-01 -9.528793067928420442e+02
-9.964006550564641351e-01 -9.362707811798325110e+02
-9.993312452183951144e-01 -9.200195124299953022e+02
-1.002261835380325650e+00 -9.039445992505957292e+02
-1.005192425542256629e+00 -8.882235816854451969e+02
-1.008123015704187608e+00 -8.726796318324057893e+02
-1.011053605866118144e+00 -8.574629281089491997e+02
-1.013984196028048679e+00 -8.424202020623886256e+02
-1.016914786189979658e+00 -8.277041794067774845e+02
-1.019845376351910637e+00 -8.131589646640484261e+02
-1.022775966513841173e+00 -7.989179963891713214e+02
-1.025706556675772152e+00 -7.848368475108602524e+02
-1.028637146837702687e+00 -7.710708358916501766e+02
-1.031567736999633222e+00 -7.574501631061332318e+02
-1.034498327161564202e+00 -7.441266180254128813e+02
-1.037428917323495181e+00 -7.309585319629463811e+02
-1.040359507485425716e+00 -7.180715191061153746e+02
-1.043290097647356696e+00 -7.053359139124167996e+02
-1.046220687809287675e+00 -6.928743888506762687e+02
-1.049151277971218210e+00 -6.805639918641104487e+02
-1.052081868133148745e+00 -6.685137699260474164e+02
-1.055012458295079725e+00 -6.566040275355247786e+02
-1.057943048457010704e+00 -6.449591753982448381e+02
-1.060873638618941239e+00 -6.334424583247430292e+02
-1.063804228780872219e+00 -6.221763716823078312e+02
-1.066734818942803198e+00 -6.110386652369168132e+02
-1.069665409104733289e+00 -6.001480335374537844e+02
-1.072595999266664268e+00 -5.893968551176633355e+02
-1.075526589428595248e+00 -5.788549957728307618e+02
-1.078457179590525783e+00 -5.684497807613578289e+02
-1.081387769752456762e+00 -5.582773036448518269e+02
-1.084318359914387742e+00 -5.482183564413517161e+02
-1.087248950076318277e+00 -5.383724599442283534e+02
-1.090179540238248812e+00 -5.286523767265499600e+02
-1.093110130400179791e+00 -5.191492250104519144e+02
-1.096040720562110771e+00 -5.097583804918456281e+02
-1.098971310724041306e+00 -5.005728091666580326e+02
-1.101901900885972285e+00 -4.915098193956149544e+02
-1.104832491047903265e+00 -4.826687901796859705e+02
-1.107763081209833356e+00 -4.739976933831270571e+02
-1.110693671371764335e+00 -4.657663890302727623e+02
-1.113624261533695314e+00 -4.572660299825654420e+02
-1.116554851695625850e+00 -4.485654740995746579e+02
-1.119485441857556829e+00 -4.400061826976369730e+02
-1.122416032019487808e+00 -4.319065141319314876e+02
-1.125346622181418343e+00 -4.239164424589041005e+02
-1.128277212343348879e+00 -4.161852372502188473e+02
-1.131207802505279858e+00 -4.085393361856107504e+02
-1.134138392667210837e+00 -4.010606669702088993e+02
-1.137068982829141373e+00 -3.936702792704286367e+02
-1.139999572991072352e+00 -3.864481645364141968e+02
-1.142930163153003331e+00 -3.793084851072528636e+02
-1.145860753314933866e+00 -3.723267000320987563e+02
-1.148791343476864402e+00 -3.654262253577547881e+02
-1.151721933638795381e+00 -3.586796367713026257e+02
-1.154652523800725916e+00 -3.520158762056460091e+02
-1.157583113962656896e+00 -3.454987605427726294e+02
-1.160513704124587875e+00 -3.390572549291698579e+02
-1.163444294286518410e+00 -3.327622093645375116e+02
-1.166374884448448945e+00 -3.265385858819320788e+02
-1.169305474610379925e+00 -3.204593354886286534e+02
-1.172236064772310904e+00 -3.144510312711700522e+02
-1.175166654934241439e+00 -3.085735328876961034e+02
-1.178097245096172418e+00 -3.027698676028710452e+02
-1.181027835258103398e+00 -2.970935030070500602e+02
-1.183958425420033933e+00 -2.914858066395048581e+02
-1.186889015581964468e+00 -2.860120047096576741e+02
-1.189819605743895448e+00 -2.805934871125899690e+02
-1.192750195905826427e+00 -2.753039741355975707e+02
-1.195680786067756962e+00 -2.700770510196505256e+02
-1.198611376229687941e+00 -2.649713281256113078e+02
-1.201541966391618921e+00 -2.599263964519160481e+02
-1.204472556553549456e+00 -2.549999507740969875e+02
-1.207403146715479991e+00 -2.501351107209244162e+02
-1.210333736877410971e+00 -2.453758037302987134e+02
-1.213264327039341506e+00 -2.406791234851282866e+02
-1.216194917201272485e+00 -2.360895585052490446e+02
-1.219125507363203464e+00 -2.315579714457143439e+02
-1.222056097525134000e+00 -2.271276011218764097e+02
-1.224986687687064535e+00 -2.227549275048841935e+02
-1.227917277848995514e+00 -2.184798919408040661e+02
-1.230847868010926494e+00 -2.142563596109375510e+02
-1.233778458172857029e+00 -2.101320191086846876e+02
-1.236709048334788008e+00 -2.060569522875946404e+02
-1.239639638496718987e+00 -2.020796494038864353e+02
-1.242570228658649523e+00 -1.981513082779001707e+02
-1.245500818820580058e+00 -1.943148454779012013e+02
-1.248431408982511037e+00 -1.905272587398248731e+02
-1.251361999144441572e+00 -1.868297432092101928e+02
-1.254292589306372552e+00 -1.831762875175006684e+02
-1.257223179468303531e+00 -1.796145573660750756e+02
-1.260153769630234066e+00 -1.760921191470693543e+02
-1.263084359792165046e+00 -1.726572063200577247e+02
-1.266014949954095581e+00 -1.692653212416567499e+02
-1.268945540116026560e+00 -1.659531130314475718e+02
-1.271876130277957095e+00 -1.626846830233513117e+02
-1.274806720439888075e+00 -1.594914611258611785e+02
-1.277737310601819054e+00 -1.563380612324890819e+02
-1.280667900763749589e+00 -1.532668455608577460e+02
-1.283598490925680125e+00 -1.502281015742050840e+02
-1.286529081087611104e+00 -1.472686643183606066e+02
-1.289459671249541639e+00 -1.443435367818951249e+02
-1.292390261411472618e+00 -1.414937592581963486e+02
-1.295320851573403598e+00 -1.386749101325116555e+02
-1.298251441735334133e+00 -1.359282260290412125e+02
-1.301182031897265112e+00 -1.332196030226319294e+02
-1.304112622059195647e+00 -1.305749629239485898e+02
-1.307043212221126627e+00 -1.279649818736626656e+02
-1.309973802383057162e+00 -1.254200966923056910e+02
-1.312904392544988141e+00 -1.229056766780232408e+02
-1.315834982706919121e+00 -1.204555178319752997e+02
-1.318765572868849656e+00 -1.180350446024379636e+02
-1.321696163030780635e+00 -1.156755054353319707e+02
-1.324626753192711170e+00 -1.133498346772466618e+02
-1.327557343354641706e+00 -1.110825542620060276e+02
-1.330487933516572685e+00 -1.088548991214637738e+02
-1.333418523678503664e+00 -1.066761313493953054e+02
-1.336349113840434200e+00 -1.045335420288425325e+02
-1.339279704002365179e+00 -1.024291500652296065e+02
-1.342210294164295714e+00 -1.003702604102702765e+02
-1.345140884326226693e+00 -9.835088136107725632e+01
-1.348071474488157229e+00 -9.636081213140985824e+01
-1.351002064650088208e+00 -9.442311849347336761e+01
-1.353932654812019187e+00 -9.251197154254376187e+01
-1.356863244973949723e+00 -9.065147566479706143e+01
-1.359793835135880702e+00 -8.882416108743541372e+01
-1.362724425297811237e+00 -8.704098758241650557e+01
-1.365655015459742216e+00 -8.528904045971216874e+01
-1.368585605621672752e+00 -8.358228649701442237e+01
-1.371516195783603731e+00 -8.190612701908312943e+01
-1.374446785945534266e+00 -8.027353882071865598e+01
-1.377377376107465246e+00 -7.867140761648050784e+01
-1.380307966269396225e+00 -7.710423554732366824e+01
-1.383238556431326760e+00 -7.556580378694343381e+01
-1.386169146593257295e+00 -7.406651597103764573e+01
-1.389099736755188275e+00 -7.258735700527903134e+01
-1.392030326917119254e+00 -7.114327592004327983e+01
-1.394960917079049789e+00 -6.970683887424054603e+01
-1.397891507240980769e+00 -6.835860042868161202e+01
-1.400822097402911304e+00 -6.699882008631362851e+01
-1.403752687564842283e+00 -6.568597461215158262e+01
-1.406683277726772818e+00 -6.439263485215028027e+01
-1.409613867888703798e+00 -6.314659458516489110e+01
-1.412544458050634777e+00 -6.191692940528751876e+01
-1.415475048212565312e+00 -6.075792902023655984e+01
-1.418405638374496291e+00 -5.956606464476729457e+01
-1.421336228536426827e+00 -5.841915975817367723e+01
-1.424266818698357362e+00 -5.732939787577281265e+01
-1.427197408860288341e+00 -5.622628238761808461e+01
-1.430127999022219321e+00 -5.513891933263992229e+01
-1.433058589184149856e+00 -5.411772362768675748e+01
-1.435989179346080835e+00 -5.311636743102458524e+01
-1.438919769508011814e+00 -5.213440744564070428e+01
-1.441850359669942350e+00 -5.120203006460610595e+01
-1.444780949831872885e+00 -5.026109042780007030e+01
-1.447711539993803864e+00 -4.937494152267447589e+01
-1.450642130155734844e+00 -4.849645481851926831e+01
-1.453572720317665379e+00 -4.765406658671189888e+01
-1.456503310479596358e+00 -4.681364584742619428e+01
-1.459433900641527337e+00 -4.606623185066607817e+01
-1.462364490803457429e+00 -4.525024298753788798e+01
-1.465295080965388408e+00 -4.449305973530065472e+01
-1.468225671127319387e+00 -4.375345650458601909e+01
-1.471156261289249922e+00 -4.308801612273246917e+01
-1.474086851451180902e+00 -4.238427509002835336e+01
-1.477017441613111881e+00 -4.169536009330337123e+01
-1.479948031775042416e+00 -4.106733920877312016e+01
-1.482878621936972952e+00 -4.047525424166262553e+01
-1.485809212098903931e+00 -3.983187161572721635e+01
-1.488739802260834910e+00 -3.928847455994605298e+01
-1.491670392422765445e+00 -3.872236862058088036e+01
-1.494600982584696425e+00 -3.820203951586456981e+01
-1.497531572746627404e+00 -3.767499102491144924e+01
-1.500462162908557495e+00 -3.720659936409865054e+01
-1.503392753070488475e+00 -3.673445608521071648e+01
-1.506323343232419454e+00 -3.629956416386902873e+01
-1.509253933394349989e+00 -3.586172265107516921e+01
-1.512184523556280968e+00 -3.546616076131848416e+01
-1.515115113718211948e+00 -3.507147890911229382e+01
-1.518045703880142483e+00 -3.476835588521185372e+01
-1.520976294042073018e+00 -3.438079302652059255e+01
-1.523906884204003997e+00 -3.403019556009119384e+01
-1.526837474365934977e+00 -3.373229878420083594e+01
-1.529768064527865512e+00 -3.345690483599089049e+01
-1.532698654689796491e+00 -3.319406477649494036e+01
-1.535629244851727471e+00 -3.292056639915699634e+01
-1.538559835013658006e+00 -3.271153733213039061e+01
-1.541490425175588541e+00 -3.251824285376855528e+01
-1.544421015337519520e+00 -3.231728604756591494e+01
-1.547351605499450056e+00 -3.215980313983498462e+01
-1.550282195661381035e+00 -3.201131476247633856e+01
-1.553212785823312014e+00 -3.189694544181170954e+01
-1.556143375985242550e+00 -3.178537740919139054e+01
-1.559073966147173085e+00 -3.169625408879748463e+01
-1.562004556309104064e+00 -3.163129202254351569e+01
-1.564935146471035043e+00 -3.157972648244754410e+01
-1.567865736632965579e+00 -3.155335913137963288e+01
-1.570796326794896558e+00 -3.154130940221379831e+01
