1.567865736632965801e+00 1.480050293761635203e+03
1.562004556309104286e+00 1.476688648688316334e+03
1.556143375985242772e+00 1.469993459218406542e+03
1.550282195661381035e+00 1.460020414324951162e+03
1.544421015337519520e+00 1.446851780912399363e+03
1.538559835013658006e+00 1.430594932135581985e+03
1.532698654689796491e+00 1.411380450099754398e+03
1.526837474365934977e+00 1.389359876104354953e+03
1.520976294042073240e+00 1.364703160599136254e+03
1.515115113718211726e+00 1.337595890534400951e+03
1.509253933394350211e+00 1.308236377920532050e+03
1.503392753070488697e+00 1.276832666362190139e+03
1.497531572746627182e+00 1.243599554496574683e+03
1.491670392422765667e+00 1.208755680402565304e+03
1.485809212098903931e+00 1.172520741521263062e+03
1.479948031775042416e+00 1.135112889485168353e+03
1.474086851451180902e+00 1.096746360102272092e+03
1.468225671127319387e+00 1.057629348580741862e+03
1.462364490803457873e+00 1.017962165375137374e+03
1.456503310479596358e+00 9.779356758840563089e+02
1.450642130155734622e+00 9.377300313478469889e+02
1.444780949831873107e+00 8.975136855060579819e+02
1.438919769508011592e+00 8.574426770433426555e+02
1.433058589184150078e+00 8.176601712802888642e+02
1.427197408860288563e+00 7.782962323152540876e+02
1.421336228536426827e+00 7.394678077386857922e+02
1.415475048212565312e+00 7.012788841012954890e+02
1.409613867888703798e+00 6.638208095607758423e+02
1.403752687564842283e+00 6.271727447923661884e+02
1.397891507240980769e+00 5.914022122749328219e+02
1.392030326917119254e+00 5.565657287250517129e+02
1.386169146593257517e+00 5.227094968919753910e+02
1.380307966269396003e+00 4.898701361896514754e+02
1.374446785945534488e+00 4.580754330474852623e+02
1.368585605621672974e+00 4.273450989601135461e+02
1.362724425297811459e+00 3.976915228282929320e+02
1.356863244973949723e+00 3.691205050155639356e+02
1.351002064650088208e+00 3.416319668804168259e+02
1.345140884326226693e+00 3.152206283363342436e+02
1.339279704002365179e+00 2.898766499011993574e+02
1.333418523678503664e+00 2.655862334783553820e+02
1.327557343354642150e+00 2.423321822866439845e+02
1.321696163030780635e+00 2.200944173580169831e+02
1.315834982706918899e+00 1.988504502414703268e+02
1.309973802383057384e+00 1.785758146078109974e+02
1.304112622059195870e+00 1.592444556907653919e+02
1.298251441735334355e+00 1.408290814468383871e+02
1.292390261411472618e+00 1.233014749101638756e+02
1.286529081087611104e+00 1.066327723043441864e+02
1.280667900763749589e+00 9.079370625152586172e+01
1.274806720439888075e+00 7.575482122116089556e+01
1.268945540116026560e+00 6.148665957126618764e+01
1.263084359792165046e+00 4.795992109298705941e+01
1.257223179468303531e+00 3.514560066089630652e+01
1.251361999144441794e+00 2.301510400047302340e+01
1.245500818820580058e+00 1.154034480991363232e+01
1.239639638496718765e+00 6.938251487731934564e-01
1.233778458172857251e+00 -9.551300999450683449e+00
1.227917277848995514e+00 -1.922117402801513464e+01
1.222056097525134000e+00 -2.834119061088561864e+01
1.216194917201272485e+00 -3.693597307968139631e+01
1.210333736877410971e+00 -4.502934979743957200e+01
1.204472556553549456e+00 -5.264434158725737234e+01
1.198611376229687941e+00 -5.980315686283111631e+01
1.192750195905826427e+00 -6.652718976554871233e+01
1.186889015581964912e+00 -7.283702534942626983e+01
1.181027835258103176e+00 -7.875244927330017219e+01
1.175166654934241661e+00 -8.429245777091979619e+01
1.169305474610380147e+00 -8.947527454528810154e+01
1.163444294286518410e+00 -9.431836694602965565e+01
1.157583113962656896e+00 -9.883846518039703710e+01
1.151721933638795381e+00 -1.030515814605712990e+02
1.145860753314933866e+00 -1.069730334306716912e+02
1.139999572991072352e+00 -1.106174618156433098e+02
1.134138392667210837e+00 -1.139988667068481476e+02
1.128277212343349323e+00 -1.171306116945266496e+02
1.122416032019487586e+00 -1.200254540988922116e+02
1.116554851695626072e+00 -1.226955755834579520e+02
1.110693671371764557e+00 -1.251525948648452697e+02
1.104832491047903043e+00 -1.274075937910080256e+02
1.098971310724041306e+00 -1.294711411499023370e+02
1.093110130400179791e+00 -1.313533115060806153e+02
1.087248950076318277e+00 -1.330637066743850596e+02
1.081387769752456762e+00 -1.346114771621703881e+02
1.075526589428595248e+00 -1.360053399688720788e+02
1.069665409104733733e+00 -1.372536004381179850e+02
1.063804228780872219e+00 -1.383641679491043135e+02
1.057943048457010704e+00 -1.393445758069991882e+02
1.052081868133149190e+00 -1.402019966012954342e+02
1.046220687809287453e+00 -1.409432600023269799e+02
1.040359507485425716e+00 -1.415748671342849718e+02
1.034498327161564202e+00 -1.421030075819015508e+02
1.028637146837702687e+00 -1.425335730527878013e+02
1.022775966513841173e+00 -1.428721691083908070e+02
1.016914786189979658e+00 -1.431241318527221722e+02
1.011053605866118144e+00 -1.432945389242172212e+02
1.005192425542256629e+00 -1.433882228727340760e+02
9.993312452183950034e-01 -1.434097796834945484e+02
9.934700648945334889e-01 -1.433635831560134761e+02
9.876088845706719743e-01 -1.432537928651809693e+02
9.817477042468102377e-01 -1.430843659765243672e+02
9.758865239229486122e-01 -1.428590659299850643e+02
9.700253435990872086e-01 -1.425814716142654390e+02
9.641641632752256941e-01 -1.422549860303878688e+02
9.583029829513641795e-01 -1.418828456367492663e+02
9.524418026275025539e-01 -1.414681269403457691e+02
9.465806223036410394e-01 -1.410137540403366074e+02
9.407194419797793028e-01 -1.405225061693191151e+02
9.348582616559178993e-01 -1.399970237783431912e+02
9.289970813320562737e-01 -1.394398153554916462e+02
9.231359010081946481e-01 -1.388532654977798586e+02
9.172747206843331336e-01 -1.382396382234573196e+02
9.114135403604715080e-01 -1.376010833082198985e+02
9.055523600366101045e-01 -1.369396407495498806e+02
8.996911797127485899e-01 -1.362572484861373994e+02
8.938299993888869643e-01 -1.355557446977615541e+02
8.879688190650253388e-01 -1.348368731340408146e+02
8.821076387411639352e-01 -1.341022861696243353e+02
8.762464584173023097e-01 -1.333535528432846320e+02
8.703852780934407951e-01 -1.325921599718093944e+02
8.645240977695792806e-01 -1.318195153810501097e+02
8.586629174457176550e-01 -1.310369526968002276e+02
8.528017371218561404e-01 -1.302457380458831722e+02
8.469405567979945149e-01 -1.294470602952956710e+02
8.410793764741330003e-01 -1.286420538347244360e+02
8.352181961502712637e-01 -1.278317863780975330e+02
8.293570158264099712e-01 -1.270172684406280439e+02
8.234958355025482346e-01 -1.261994536680221444e+02
8.176346551786867201e-01 -1.253792426628112793e+02
8.117734748548252055e-01 -1.245574845170974783e+02
8.059122945309635799e-01 -1.237349791439056474e+02
8.000511142071021764e-01 -1.229124821489334067e+02
7.941899338832405508e-01 -1.220907053590774609e+02
7.883287535593791473e-01 -1.212703150390624955e+02
7.824675732355174107e-01 -1.204519384275436522e+02
7.766063929116558961e-01 -1.196361650653839206e+02
7.707452125877944926e-01 -1.188235477180480899e+02
7.648840322639327560e-01 -1.180146046676635621e+02
7.590228519400712415e-01 -1.172098205282211296e+02
7.531616716162097269e-01 -1.164096478067398124e+02
7.473004912923481013e-01 -1.156145088668823320e+02
7.414393109684866978e-01 -1.148247979715347498e+02
7.355781306446249612e-01 -1.140408814870834391e+02
7.297169503207634467e-01 -1.132630999254226651e+02
7.238557699969019321e-01 -1.124917688142776058e+02
7.179945896730401955e-01 -1.117271802770614642e+02
7.121334093491787920e-01 -1.109696023763656569e+02
7.062722290253171664e-01 -1.102192836494445913e+02
7.004110487014556519e-01 -1.094764520893096886e+02
6.945498683775940263e-01 -1.087413147222519285e+02
6.886886880537326228e-01 -1.080140618606567386e+02
6.828275077298711082e-01 -1.072948650835037228e+02
6.769663274060093716e-01 -1.065838801303863619e+02
6.711051470821480791e-01 -1.058812464208602933e+02
6.652439667582863425e-01 -1.051870878719329738e+02
6.593827864344249390e-01 -1.045015144844055186e+02
6.535216061105633134e-01 -1.038246225328445433e+02
6.476604257867016878e-01 -1.031564965414047208e+02
6.417992454628401733e-01 -1.024972087335586508e+02
6.359380651389785477e-01 -1.018468179513931062e+02
6.300768848151170332e-01 -1.012053728797912839e+02
6.242157044912556296e-01 -1.005729124290466245e+02
6.183545241673938930e-01 -9.994946580200195285e+01
6.124933438435323785e-01 -9.933505269145965144e+01
6.066321635196707529e-01 -9.872968343925475665e+01
6.007709831958092384e-01 -9.813336056213378811e+01
5.949098028719477238e-01 -9.754607932605745191e+01
5.890486225480862092e-01 -9.696782642002106911e+01
5.831874422242245837e-01 -9.639858198337554995e+01
5.773262619003630691e-01 -9.583832407093048289e+01
5.714650815765015546e-01 -9.528701203079222637e+01
5.656039012526399290e-01 -9.474462053813934403e+01
5.597427209287784144e-01 -9.421109951305389529e+01
5.538815406049168999e-01 -9.368639828720091600e+01
5.480203602810553853e-01 -9.317046681365967231e+01
5.421591799571938708e-01 -9.266324747467042755e+01
5.362979996333319122e-01 -9.216467868309021583e+01
5.304368193094706196e-01 -9.167469532623290718e+01
5.245756389856091051e-01 -9.119322906150817687e+01
5.187144586617475905e-01 -9.072020638923645208e+01
5.128532783378860760e-01 -9.025555275611877448e+01
5.069920980140241173e-01 -8.979919021167754067e+01
5.011309176901628248e-01 -8.935103828239441270e+01
4.952697373663013103e-01 -8.891101324291228991e+01
4.894085570424397957e-01 -8.847903003463744653e+01
4.835473767185782812e-01 -8.805500190372467273e+01
4.776861963947165446e-01 -8.763883995113373260e+01
4.718250160708550300e-01 -8.723045359306335911e+01
4.659638357469937375e-01 -8.682975159149171418e+01
4.601026554231320009e-01 -8.643664113273619876e+01
4.542414750992704864e-01 -8.605102690525055209e+01
4.483802947754087498e-01 -8.567281249923705388e+01
4.425191144515474573e-01 -8.530190222873685002e+01
4.366579341276857207e-01 -8.493819955692293888e+01
4.307967538038242061e-01 -8.458160696887969721e+01
4.249355734799626916e-01 -8.423202551021574891e+01
4.190743931561011770e-01 -8.388935609264372317e+01
4.132132128322396625e-01 -8.355349950084686839e+01
4.073520325083781479e-01 -8.322435762825010386e+01
4.014908521845164113e-01 -8.290183160305024046e+01
3.956296718606548968e-01 -8.258582291908263073e+01
3.897684915367933822e-01 -8.227623206672669198e+01
3.839073112129318677e-01 -8.197296018524170336e+01
3.780461308890703531e-01 -8.167590799160002746e+01
3.721849505652086165e-01 -8.138497758197786425e+01
3.663237702413471020e-01 -8.110007060852049676e+01
3.604625899174855874e-01 -8.082108910636901555e+01
3.546014095936240729e-01 -8.054793613567352395e+01
3.487402292697625583e-01 -8.028051572380066148e+01
3.428790489459008217e-01 -8.001873189888000582e+01
3.370178686220395292e-01 -7.976248957653045579e+01
3.311566882981777926e-01 -7.951169413623810556e+01
3.252955079743162781e-01 -7.926625126743316230e+01
3.194343276504547635e-01 -7.902606760139464370e+01
3.135731473265932490e-01 -7.879105063686371579e+01
3.077119670027317344e-01 -7.856110961074828936e+01
3.018507866788699978e-01 -7.833615314426421605e+01
2.959896063550084833e-01 -7.811609103336333249e+01
2.901284260311469687e-01 -7.790083548374175848e+01
2.842672457072854542e-01 -7.769029700336457722e+01
2.784060653834239396e-01 -7.748439088745116976e+01
2.725448850595622030e-01 -7.728302953796386987e+01
2.666837047357006885e-01 -7.708612856540680980e+01
2.608225244118391739e-01 -7.689360291824343108e+01
2.549613440879776594e-01 -7.670536983718871227e+01
2.491001637641161448e-01 -7.652134822006225079e+01
2.432389834402544082e-01 -7.634145748157500577e+01
2.373778031163928937e-01 -7.616561643524170222e+01
2.315166227925316011e-01 -7.599374628906248574e+01
2.256554424686698646e-01 -7.582577043743133061e+01
2.197942621448083500e-01 -7.566161302814484202e+01
2.139330818209466134e-01 -7.550119670372009750e+01
2.080719014970853209e-01 -7.534444651374818136e+01
2.022107211732238063e-01 -7.519129062595365554e+01
1.963495408493620697e-01 -7.504165715408323933e+01
1.904883605255005552e-01 -7.489547403430940165e+01
1.846271802016388186e-01 -7.475267089538574794e+01
1.787659998777775261e-01 -7.461317759704593300e+01
1.729048195539160115e-01 -7.447692719211578094e+01
1.670436392300542749e-01 -7.434385358028410451e+01
1.611824589061927604e-01 -7.421389047050477927e+01
1.553212785823312458e-01 -7.408697299270630765e+01
1.494600982584697313e-01 -7.396303792285920053e+01
1.435989179346082167e-01 -7.384202111854551731e+01
1.377377376107464801e-01 -7.372386180610658357e+01
1.318765572868849656e-01 -7.360849972152709597e+01
1.260153769630234510e-01 -7.349587391948699633e+01
1.201541966391619365e-01 -7.338592714633941227e+01
1.142930163153004219e-01 -7.327860241031646638e+01
1.084318359914386853e-01 -7.317384212570192403e+01
1.025706556675771708e-01 -7.307159114131927424e+01
9.670947534371565624e-02 -7.297179681758881031e+01
9.084829501985414169e-02 -7.287440561828611862e+01
8.498711469599262713e-02 -7.277936424121857328e+01
7.912593437213089054e-02 -7.268661933631898364e+01
7.326475404826959803e-02 -7.259612105331422072e+01
6.740357372440786143e-02 -7.250782002677917149e+01
6.154239340054634688e-02 -7.242166653537749710e+01
5.568121307668461029e-02 -7.233761390533446445e+01
4.982003275282331778e-02 -7.225561597900390609e+01
4.395885242896180323e-02 -7.217562743873595821e+01
3.809767210510006663e-02 -7.209760198955535770e+01
3.223649178123855208e-02 -7.202149413146972279e+01
2.637531145737703753e-02 -7.194726114997864386e+01
2.051413113351552298e-02 -7.187486073341368353e+01
1.465295080965400842e-02 -7.180425103969574252e+01
8.791770485792271828e-03 -7.173539231281280593e+01
2.930590161930757276e-03 -7.166824359855652915e+01
-2.930590161930757276e-03 -7.160276501541139282e+01
-8.791770485792049783e-03 -7.153891895294189851e+01
-1.465295080965378638e-02 -7.147666797237395997e+01
-2.051413113351552298e-02 -7.141597431221008208e+01
-2.637531145737703753e-02 -7.135680247688293321e+01
-3.223649178123833003e-02 -7.129911748275758043e+01
-3.809767210510006663e-02 -7.124288438873291796e+01
-4.395885242896180323e-02 -7.118806861782073270e+01
-4.982003275282309573e-02 -7.113463729820252013e+01
-5.568121307668461029e-02 -7.108255807132721316e+01
-6.154239340054634688e-02 -7.103179830493925806e+01
-6.740357372440763939e-02 -7.098232705612181803e+01
-7.326475404826937599e-02 -7.093411405181886664e+01
-7.912593437213089054e-02 -7.088712930088044573e+01
-8.498711469599262713e-02 -7.084134369258882202e+01
-9.084829501985391964e-02 -7.079672822570799440e+01
-9.670947534371565624e-02 -7.075325559768677408e+01
-1.025706556675771708e-01 -7.071089838981629327e+01
-1.084318359914386853e-01 -7.066962926273347989e+01
-1.142930163153001999e-01 -7.062942193088531440e+01
-1.201541966391619365e-01 -7.059025092716217387e+01
-1.260153769630232290e-01 -7.055209121189116672e+01
-1.318765572868849656e-01 -7.051491841430663499e+01
-1.377377376107464801e-01 -7.047870848064424365e+01
-1.435989179346082167e-01 -7.044343792972563278e+01
-1.494600982584695092e-01 -7.040908369712830961e+01
-1.553212785823312458e-01 -7.037562352561950263e+01
-1.611824589061927604e-01 -7.034303558940888479e+01
-1.670436392300540529e-01 -7.031129837226868062e+01
-1.729048195539157895e-01 -7.028039063510895801e+01
-1.787659998777775261e-01 -7.025029194526675269e+01
-1.846271802016390406e-01 -7.022098266849518211e+01
-1.904883605255003332e-01 -7.019244321060180880e+01
-1.963495408493620697e-01 -7.016465437107085279e+01
-2.022107211732238063e-01 -7.013759757785796012e+01
-2.080719014970850989e-01 -7.011125421962738358e+01
-2.139330818209466134e-01 -7.008560696697234960e+01
-2.197942621448083500e-01 -7.006063852252960089e+01
-2.256554424686696425e-01 -7.003633151817321334e+01
-2.315166227925313791e-01 -7.001266941165924607e+01
-2.373778031163928937e-01 -6.998963584537506222e+01
-2.432389834402546303e-01 -6.996721499538421085e+01
-2.491001637641159228e-01 -6.994539139080048074e+01
-2.549613440879776594e-01 -6.992415054321288892e+01
-2.608225244118391739e-01 -6.990347611312867571e+01
-2.666837047357004664e-01 -6.988335310306550241e+01
-2.725448850595622030e-01 -6.986377638015747493e+01
-2.784060653834239396e-01 -6.984472109279633401e+01
-2.842672457072852321e-01 -6.982617765998840298e+01
-2.901284260311469687e-01 -6.980813283367156430e+01
-2.959896063550084833e-01 -6.979057449226380072e+01
-3.018507866788702199e-01 -6.977349003200531286e+01
-3.077119670027315124e-01 -6.975686688899993726e+01
-3.135731473265932490e-01 -6.974069304904938349e+01
-3.194343276504547635e-01 -6.972495775661468542e+01
-3.252955079743160560e-01 -6.970964903583525540e+01
-3.311566882981777926e-01 -6.969475584049224892e+01
-3.370178686220395292e-01 -6.968026773300169907e+01
-3.428790489459008217e-01 -6.966617436122893992e+01
-3.487402292697623363e-01 -6.965246523571012460e+01
-3.546014095936240729e-01 -6.963913045139312885e+01
-3.604625899174858095e-01 -6.962616035747527121e+01
-3.663237702413471020e-01 -6.961354517688751287e+01
-3.721849505652086165e-01 -6.960127530956269482e+01
-3.780461308890703531e-01 -6.958934244098662703e+01
-3.839073112129316456e-01 -6.957773688545226776e+01
-3.897684915367933822e-01 -6.956645076351165358e+01
-3.956296718606548968e-01 -6.955547559852598738e+01
-4.014908521845161893e-01 -6.954480300636291190e+01
-4.073520325083779259e-01 -6.953442526226042730e+01
-4.132132128322396625e-01 -6.952433516387939960e+01
-4.190743931561011770e-01 -6.951452416591642702e+01
-4.249355734799626916e-01 -6.950498478908538402e+01
-4.307967538038242061e-01 -6.949571024551390508e+01
-4.366579341276857207e-01 -6.948669352569579871e+01
-4.425191144515472352e-01 -6.947792744865417092e+01
-4.483802947754087498e-01 -6.946940566082000146e+01
-4.542414750992707084e-01 -6.946112182636262844e+01
-4.601026554231317789e-01 -6.945306933536529925e+01
-4.659638357469932934e-01 -6.944524156627655032e+01
-4.718250160708552521e-01 -6.943763263721466217e+01
-4.776861963947167666e-01 -6.943023667392731113e+01
-4.835473767185782812e-01 -6.942304839839934516e+01
-4.894085570424397957e-01 -6.941606238231658210e+01
-4.952697373663013103e-01 -6.940927305126190561e+01
-5.011309176901628248e-01 -6.940267521286010322e+01
-5.069920980140243394e-01 -6.939626283378599680e+01
-5.128532783378858539e-01 -6.939003127765656131e+01
-5.187144586617473685e-01 -6.938397605075834917e+01
-5.245756389856088830e-01 -6.937809245548248782e+01
-5.304368193094708417e-01 -6.937237522106171639e+01
-5.362979996333323562e-01 -6.936681993541718327e+01
-5.421591799571934267e-01 -6.936142151107787868e+01
-5.480203602810553853e-01 -6.935617645130157882e+01
-5.538815406049168999e-01 -6.935108362922669301e+01
-5.597427209287784144e-01 -6.934613473529815053e+01
-5.656039012526399290e-01 -6.934132615737915728e+01
-5.714650815765014435e-01 -6.933665421237944315e+01
-5.773262619003629581e-01 -6.933211643085479636e+01
-5.831874422242244727e-01 -6.932770909404754889e+01
-5.890486225480859872e-01 -6.932342782878875198e+01
-5.949098028719479458e-01 -6.931926879920959550e+01
-6.007709831958090163e-01 -6.931523014469146915e+01
-6.066321635196709749e-01 -6.931130788002015208e+01
-6.124933438435324895e-01 -6.930749808464051398e+01
-6.183545241673940041e-01 -6.930379734325408947e+01
-6.242157044912555186e-01 -6.930020401401519337e+01
-6.300768848151170332e-01 -6.929671530971528171e+01
-6.359380651389785477e-01 -6.929332684040069523e+01
-6.417992454628400623e-01 -6.929003620128631269e+01
-6.476604257867015768e-01 -6.928684104366301710e+01
-6.535216061105635355e-01 -6.928373818073272616e+01
-6.593827864344246059e-01 -6.928072590160371647e+01
-6.652439667582865646e-01 -6.927780126743317624e+01
-6.711051470821480791e-01 -6.927496202678679538e+01
-6.769663274060091496e-01 -6.927220589923858540e+01
-6.828275077298711082e-01 -6.926953027935027762e+01
-6.886886880537326228e-01 -6.926693249034882172e+01
-6.945498683775941373e-01 -6.926441001758576022e+01
-7.004110487014556519e-01 -6.926196186580656899e+01
-7.062722290253171664e-01 -6.925958560771941563e+01
-7.121334093491791251e-01 -6.925727921199798232e+01
-7.179945896730401955e-01 -6.925504033527374759e+01
-7.238557699969017101e-01 -6.925286705150602984e+01
-7.297169503207636687e-01 -6.925075840969086016e+01
-7.355781306446247392e-01 -6.924871192493438343e+01
-7.414393109684866978e-01 -6.924672597637177773e+01
-7.473004912923482124e-01 -6.924479876766204711e+01
-7.531616716162097269e-01 -6.924292821865081748e+01
-7.590228519400712415e-01 -6.924111314239500814e+01
-7.648840322639327560e-01 -6.923935201187133259e+01
-7.707452125877942706e-01 -6.923764304332733843e+01
-7.766063929116557851e-01 -6.923598493556976052e+01
-7.824675732355172997e-01 -6.923437662448883145e+01
-7.883287535593792583e-01 -6.923281639347077032e+01
-7.941899338832403288e-01 -6.923130281200408831e+01
-8.000511142071022874e-01 -6.922983408336639854e+01
-8.059122945309638020e-01 -6.922840930385588365e+01
-8.117734748548253165e-01 -6.922702645626068829e+01
-8.176346551786868311e-01 -6.922568462333680372e+01
-8.234958355025483456e-01 -6.922438267726897720e+01
-8.293570158264098602e-01 -6.922312209300996244e+01
-8.352181961502713747e-01 -6.922189879207611796e+01
-8.410793764741328893e-01 -6.922071233539581669e+01
-8.469405567979948479e-01 -6.921956142787934141e+01
-8.528017371218559184e-01 -6.921844568138122611e+01
-8.586629174457174329e-01 -6.921736364517212792e+01
-8.645240977695793916e-01 -6.921631446361543283e+01
-8.703852780934409061e-01 -6.921529692668914890e+01
-8.762464584173024207e-01 -6.921431024341583793e+01
-8.821076387411639352e-01 -6.921335380496978473e+01
-8.879688190650254498e-01 -6.921242635936737031e+01
-8.938299993888869643e-01 -6.921152675437926405e+01
-8.996911797127484789e-01 -6.921065442066192475e+01
-9.055523600366099934e-01 -6.920980845966337824e+01
-9.114135403604715080e-01 -6.920898841152191494e+01
-9.172747206843330225e-01 -6.920819314918519183e+01
-9.231359010081949812e-01 -6.920742245082855959e+01
-9.289970813320564957e-01 -6.920667598400116560e+01
-9.348582616559175662e-01 -6.920595251083373967e+01
-9.407194419797795248e-01 -6.920525105457306836e+01
-9.465806223036410394e-01 -6.920457112483978790e+01
-9.524418026275025539e-01 -6.920391225414276448e+01
-9.583029829513640685e-01 -6.920327344017029247e+01
-9.641641632752255830e-01 -6.920265451164245007e+01
-9.700253435990870976e-01 -6.920205469112396202e+01
-9.758865239229486122e-01 -6.920147355937957911e+01
-9.817477042468105708e-01 -6.920091073780059787e+01
-9.876088845706720853e-01 -6.920036524944305256e+01
-9.934700648945331558e-01 -6.919983644504546305e+01
-9.993312452183951144e-01 -6.919932441196442596e+01
-1.005192425542256629e+00 -6.919882834796905513e+01
-1.011053605866118144e+00 -6.919834757804871117e+01
-1.016914786189979658e+00 -6.919788177375794191e+01
-1.022775966513841173e+00 -6.919743051471709805e+01
-1.028637146837702687e+00 -6.919699357433320586e+01
-1.034498327161564202e+00 -6.919657037754058138e+01
-1.040359507485425716e+00 -6.919616061306000177e+01
-1.046220687809287675e+00 -6.919576353588104212e+01
-1.052081868133148745e+00 -6.919537893047332489e+01
-1.057943048457010704e+00 -6.919500646076203054e+01
-1.063804228780872219e+00 -6.919464558677672983e+01
-1.069665409104733289e+00 -6.919429638004302774e+01
-1.075526589428595248e+00 -6.919395854701994608e+01
-1.081387769752456762e+00 -6.919363170223236637e+01
-1.087248950076318277e+00 -6.919331522254944389e+01
-1.093110130400179791e+00 -6.919300874023437586e+01
-1.098971310724041306e+00 -6.919271154079437736e+01
-1.104832491047903265e+00 -6.919242437648773603e+01
-1.110693671371764335e+00 -6.919214593696594306e+01
-1.116554851695625850e+00 -6.919187450504303172e+01
-1.122416032019487808e+00 -6.919161491870880809e+01
-1.128277212343348879e+00 -6.919136292743682759e+01
-1.134138392667210837e+00 -6.919111914215088177e+01
-1.139999572991072352e+00 -6.919088274421690699e+01
-1.145860753314933866e+00 -6.919065375690460939e+01
-1.151721933638795381e+00 -6.919043233051299069e+01
-1.157583113962656896e+00 -6.919021861629485670e+01
-1.163444294286518410e+00 -6.919001184253691861e+01
-1.169305474610379925e+00 -6.918981177177430197e+01
-1.175166654934241439e+00 -6.918961815891266554e+01
-1.181027835258103398e+00 -6.918943104553223122e+01
-1.186889015581964468e+00 -6.918925019741058691e+01
-1.192750195905826427e+00 -6.918907552928925497e+01
-1.198611376229687941e+00 -6.918890658149719286e+01
-1.204472556553549456e+00 -6.918874346046446533e+01
-1.210333736877410971e+00 -6.918858496856690010e+01
-1.216194917201272485e+00 -6.918843160400390957e+01
-1.222056097525134000e+00 -6.918828352108000956e+01
-1.227917277848995514e+00 -6.918814122982024628e+01
-1.233778458172857029e+00 -6.918800395870208320e+01
-1.239639638496718987e+00 -6.918787103672026717e+01
-1.245500818820580058e+00 -6.918774218902588302e+01
-1.251361999144441572e+00 -6.918761776828765164e+01
-1.257223179468303531e+00 -6.918749739990235526e+01
-1.263084359792165046e+00 -6.918738144874572527e+01
-1.268945540116026560e+00 -6.918726929302216888e+01
-1.274806720439888075e+00 -6.918716039543151908e+01
-1.280667900763749589e+00 -6.918705565242765942e+01
-1.286529081087611104e+00 -6.918695504264832152e+01
-1.292390261411472618e+00 -6.918685825290678792e+01
-1.298251441735334133e+00 -6.918676463527677356e+01
-1.304112622059195647e+00 -6.918667411575317772e+01
-1.309973802383057162e+00 -6.918658752593994166e+01
-1.315834982706919121e+00 -6.918650446987153657e+01
-1.321696163030780635e+00 -6.918642402439117234e+01
-1.327557343354641706e+00 -6.918634627685547400e+01
-1.333418523678503664e+00 -6.918626928863525904e+01
-1.339279704002365179e+00 -6.918619690589905247e+01
-1.345140884326226693e+00 -6.918612819499969646e+01
-1.351002064650088208e+00 -6.918606188316344685e+01
-1.356863244973949723e+00 -6.918599869728086560e+01
-1.362724425297811237e+00 -6.918593561668396319e+01
-1.368585605621672752e+00 -6.918587619304655334e+01
-1.374446785945534266e+00 -6.918581931781767480e+01
-1.380307966269396225e+00 -6.918576444225311661e+01
-1.386169146593257295e+00 -6.918571197566986086e+01
-1.392030326917119254e+00 -6.918566238250731715e+01
-1.397891507240980769e+00 -6.918561315765380471e+01
-1.403752687564842283e+00 -6.918556654205323753e+01
-1.409613867888703798e+00 -6.918552288780213644e+01
-1.415475048212565312e+00 -6.918548037414551288e+01
-1.421336228536426827e+00 -6.918544006881714381e+01
-1.427197408860288341e+00 -6.918540116310117583e+01
-1.433058589184149856e+00 -6.918536521759033064e+01
-1.438919769508011814e+00 -6.918533168296814040e+01
-1.444780949831872885e+00 -6.918529919738770673e+01
-1.450642130155734844e+00 -6.918526936836242669e+01
-1.456503310479596358e+00 -6.918524074363709531e+01
-1.462364490803457429e+00 -6.918521310214997300e+01
-1.468225671127319387e+00 -6.918518702239990148e+01
-1.474086851451180902e+00 -6.918516200885773060e+01
-1.479948031775042416e+00 -6.918513971996306111e+01
-1.485809212098903931e+00 -6.918511863002777318e+01
-1.491670392422765445e+00 -6.918509926052094272e+01
-1.497531572746627404e+00 -6.918508168945312775e+01
-1.503392753070488475e+00 -6.918506464767456521e+01
-1.509253933394349989e+00 -6.918504947357178025e+01
-1.515115113718211948e+00 -6.918503597373961611e+01
-1.520976294042073018e+00 -6.918502385349273709e+01
-1.526837474365934977e+00 -6.918501255912779868e+01
-1.532698654689796491e+00 -6.918500296363831126e+01
-1.538559835013658006e+00 -6.918499462165831915e+01
-1.544421015337519520e+00 -6.918498772888183623e+01
-1.550282195661381035e+00 -6.918498214683533831e+01
-1.556143375985242550e+00 -6.918497825641631493e+01
-1.562004556309104064e+00 -6.918497541027069531e+01
-1.567865736632965579e+00 -6.918497396392822907e+01
