1.567126241919207574e+00 6.599781020675984955e+10
1.559786072167829607e+00 6.599802130329058075e+10
1.552445902416451418e+00 6.599844073075845337e+10
1.545105732665073450e+00 6.599906303696450806e+10
1.537765562913695483e+00 6.599988023713208771e+10
1.530425393162317516e+00 6.600088203550170135e+10
1.523085223410939326e+00 6.600205610378277588e+10
1.515745053659561359e+00 6.600338840366999054e+10
1.508404883908183391e+00 6.600486353902775574e+10
1.501064714156805424e+00 6.600646512320768738e+10
1.493724544405427235e+00 6.600817614707941437e+10
1.486384374654049267e+00 6.600997933463903046e+10
1.479044204902671300e+00 6.601185747528000641e+10
1.471704035151293333e+00 6.601379372357732391e+10
1.464363865399915365e+00 6.601577186006443024e+10
1.457023695648537176e+00 6.601777650895317841e+10
1.449683525897159209e+00 6.601979331156816101e+10
1.442343356145781241e+00 6.602180905501271057e+10
1.435003186394403052e+00 6.602381175909458160e+10
1.427663016643025085e+00 6.602579072434178162e+10
1.420322846891647117e+00 6.602773654555863953e+10
1.412982677140269150e+00 6.602964109596448517e+10
1.405642507388891183e+00 6.603149748707087708e+10
1.398302337637512993e+00 6.603330000895075226e+10
1.390962167886135026e+00 6.603504405636057281e+10
1.383621998134757058e+00 6.603672604457050323e+10
1.376281828383379091e+00 6.603834331919271851e+10
1.368941658632000902e+00 6.603989406286370087e+10
1.361601488880622934e+00 6.604137720223621368e+10
1.354261319129244967e+00 6.604279231679673004e+10
1.346921149377867000e+00 6.604413955156340027e+10
1.339580979626488810e+00 6.604541953496753693e+10
1.332240809875110843e+00 6.604663330249917603e+10
1.324900640123732876e+00 6.604778222682373047e+10
1.317560470372354908e+00 6.604886795454521179e+10
1.310220300620976719e+00 6.604989234947093201e+10
1.302880130869598752e+00 6.605085744252270508e+10
1.295539961118220784e+00 6.605176538774069214e+10
1.288199791366842817e+00 6.605261842415313721e+10
1.280859621615464849e+00 6.605341884278292847e+10
1.273519451864086660e+00 6.605416895889851379e+10
1.266179282112708471e+00 6.605487108855207062e+10
1.258839112361330725e+00 6.605552752901834106e+10
1.251498942609952536e+00 6.605614054287049103e+10
1.244158772858574569e+00 6.605671234510176086e+10
1.236818603107196601e+00 6.605724509294269562e+10
1.229478433355818634e+00 6.605774087808109283e+10
1.222138263604440667e+00 6.605820172077817535e+10
1.214798093853062699e+00 6.605862956580969238e+10
1.207457924101684510e+00 6.605902627972586060e+10
1.200117754350306543e+00 6.605939364942907715e+10
1.192777584598928575e+00 6.605973338167227936e+10
1.185437414847550386e+00 6.606004710339120483e+10
1.178097245096172418e+00 6.606033636270587158e+10
1.170757075344794451e+00 6.606060263049116516e+10
1.163416905593416484e+00 6.606084730229256439e+10
1.156076735842038294e+00 6.606107170057279968e+10
1.148736566090660327e+00 6.606127707721080017e+10
1.141396396339282138e+00 6.606146461617730713e+10
1.134056226587904170e+00 6.606163543623680115e+10
1.126716056836526203e+00 6.606179059381095886e+10
1.119375887085148236e+00 6.606193108581031799e+10
1.112035717333770268e+00 6.606205785242186737e+10
1.104695547582392301e+00 6.606217177993657684e+10
1.097355377831014334e+00 6.606227370344131470e+10
1.090015208079636366e+00 6.606236440948740387e+10
1.082675038328257955e+00 6.606244463867197418e+10
1.075334868576880210e+00 6.606251508811502075e+10
1.067994698825502020e+00 6.606257641383569336e+10
1.060654529074124053e+00 6.606262923302978516e+10
1.053314359322746085e+00 6.606267412625759888e+10
1.045974189571368118e+00 6.606271163950451660e+10
1.038634019819990151e+00 6.606274228618067169e+10
1.031293850068612183e+00 6.606276654895538330e+10
1.023953680317233772e+00 6.606278488154537964e+10
1.016613510565856027e+00 6.606279771040891266e+10
1.009273340814477837e+00 6.606280543634818268e+10
1.001933171063099870e+00 6.606280843593485260e+10
9.945930013117217916e-01 6.606280706297671509e+10
9.872528315603438243e-01 6.606280164985385132e+10
9.799126618089658569e-01 6.606279250876518250e+10
9.725724920575877785e-01 6.606277993289619446e+10
9.652323223062098112e-01 6.606276419753232574e+10
9.578921525548318439e-01 6.606274556115175629e+10
9.505519828034537655e-01 6.606272426629830933e+10
9.432118130520756871e-01 6.606270054064898682e+10
9.358716433006977198e-01 6.606267459780088806e+10
9.285314735493197524e-01 6.606264663809494781e+10
9.211913037979416741e-01 6.606261684937594604e+10
9.138511340465635957e-01 6.606258540779888916e+10
9.065109642951857394e-01 6.606255247847152710e+10
8.991707945438076610e-01 6.606251821601189423e+10
8.918306247924296937e-01 6.606248276527906799e+10
8.844904550410516153e-01 6.606244626176222229e+10
8.771502852896736480e-01 6.606240883232025909e+10
8.698101155382955696e-01 6.606237059559431458e+10
8.624699457869174912e-01 6.606233166251731110e+10
8.551297760355394129e-01 6.606229213663871765e+10
8.477896062841615565e-01 6.606225211467227173e+10
8.404494365327834782e-01 6.606221168684976196e+10
8.331092667814055108e-01 6.606217093726952362e+10
8.257690970300273214e-01 6.606212994431066895e+10
8.184289272786494651e-01 6.606208878089443970e+10
8.110887575272712757e-01 6.606204751483041382e+10
8.037485877758933084e-01 6.606200620910798645e+10
7.964084180245153410e-01 6.606196492214985657e+10
7.890682482731373737e-01 6.606192370813606262e+10
7.817280785217594063e-01 6.606188261717070770e+10
7.743879087703812170e-01 6.606184169559281921e+10
7.670477390190032496e-01 6.606180098611820984e+10
7.597075692676251712e-01 6.606176052811636353e+10
7.523673995162473149e-01 6.606172035777849579e+10
7.450272297648692366e-01 6.606168050830518341e+10
7.376870600134911582e-01 6.606164101006904602e+10
7.303468902621131909e-01 6.606160189081114197e+10
7.230067205107351125e-01 6.606156317574914551e+10
7.156665507593571451e-01 6.606152488777845764e+10
7.083263810079790668e-01 6.606148704758058929e+10
7.009862112566009884e-01 6.606144967378918457e+10
6.936460415052231321e-01 6.606141278305326843e+10
6.863058717538450537e-01 6.606137639022143555e+10
6.789657020024670864e-01 6.606134050840026093e+10
6.716255322510890080e-01 6.606130514912970734e+10
6.642853624997109296e-01 6.606127032241775513e+10
6.569451927483328513e-01 6.606123603688430786e+10
6.496050229969549950e-01 6.606120229976473236e+10
6.422648532455768056e-01 6.606116911709477234e+10
6.349246834941988382e-01 6.606113649376574707e+10
6.275845137428208709e-01 6.606110443357242584e+10
6.202443439914427925e-01 6.606107293928648376e+10
6.129041742400648252e-01 6.606104201277314758e+10
6.055640044886867468e-01 6.606101165499735260e+10
5.982238347373086684e-01 6.606098186608380127e+10
5.908836649859308121e-01 6.606095264542523193e+10
5.835434952345527337e-01 6.606092399173130798e+10
5.762033254831746554e-01 6.606089590301220703e+10
5.688631557317964660e-01 6.606086837670809937e+10
5.615229859804187207e-01 6.606084140969694519e+10
5.541828162290405313e-01 6.606081499832563782e+10
5.468426464776627860e-01 6.606078913848193359e+10
5.395024767262843746e-01 6.606076382561570740e+10
5.321623069749066293e-01 6.606073905477197266e+10
5.248221372235284399e-01 6.606071482064689636e+10
5.174819674721506946e-01 6.606069111757904053e+10
5.101417977207725052e-01 6.606066793962253571e+10
5.028016279693945378e-01 6.606064528054803467e+10
4.954614582180163485e-01 6.606062313390570831e+10
4.881212884666386032e-01 6.606060149302384186e+10
4.807811187152604138e-01 6.606058035100637054e+10
4.734409489638824464e-01 6.606055970077806091e+10
4.661007792125040350e-01 6.606053953516242218e+10
4.587606094611265117e-01 6.606051984682084656e+10
4.514204397097483223e-01 6.606050062829074097e+10
4.440802699583703550e-01 6.606048187203888702e+10
4.367401002069921656e-01 6.606046357044240570e+10
4.293999304556144203e-01 6.606044571580383301e+10
4.220597607042360089e-01 6.606042830040458679e+10
4.147195909528582636e-01 6.606041131645550537e+10
4.073794212014800742e-01 6.606039475616446686e+10
4.000392514501023289e-01 6.606037861172634888e+10
3.926990816987243615e-01 6.606036287533776093e+10
3.853589119473461722e-01 6.606034753920066071e+10
3.780187421959682048e-01 6.606033259554591370e+10
3.706785724445902375e-01 6.606031803662337494e+10
3.633384026932122701e-01 6.606030385470876312e+10
3.559982329418340807e-01 6.606029004213856506e+10
3.486580631904561134e-01 6.606027659129067993e+10
3.413178934390781460e-01 6.606026349469176483e+10
3.339777236877001787e-01 6.606025074472619629e+10
3.266375539363217673e-01 6.606023833381153870e+10
3.192973841849440220e-01 6.606022625510884094e+10
3.119572144335660546e-01 6.606021450080027771e+10
3.046170446821880873e-01 6.606020306379200745e+10
2.972768749308098979e-01 6.606019193713035583e+10
2.899367051794319305e-01 6.606018111375457764e+10
2.825965354280539632e-01 6.606017058675620270e+10
2.752563656766759959e-01 6.606016034927977753e+10
2.679161959252978065e-01 6.606015039459397888e+10
2.605760261739198391e-01 6.606014071601078796e+10
2.532358564225418718e-01 6.606013130699411774e+10
2.458956866711639044e-01 6.606012216112390137e+10
2.385555169197857150e-01 6.606011327203470612e+10
2.312153471684077477e-01 6.606010463353262329e+10
2.238751774170297804e-01 6.606009623951392365e+10
2.165350076656518130e-01 6.606008808394824982e+10
2.091948379142736236e-01 6.606008016090765381e+10
2.018546681628956563e-01 6.606007246454351044e+10
1.945144984115176889e-01 6.606006498921779633e+10
1.871743286601397216e-01 6.606005772934369659e+10
1.798341589087615322e-01 6.606005067939640808e+10
1.724939891573835649e-01 6.606004383400051880e+10
1.651538194060055975e-01 6.606003718792613983e+10
1.578136496546276302e-01 6.606003073601364136e+10
1.504734799032494408e-01 6.606002447315457153e+10
1.431333101518714734e-01 6.606001839440137482e+10
1.357931404004935061e-01 6.606001249493876648e+10
1.284529706491155387e-01 6.606000677000806427e+10
1.211128008977373494e-01 6.606000121492256927e+10
1.137726311463593820e-01 6.605999582515618896e+10
1.064324613949814147e-01 6.605999059628929138e+10
9.909229164360344733e-02 6.605998552397353363e+10
9.175212189222525794e-02 6.605998060394116211e+10
8.441195214084729059e-02 6.605997583200399780e+10
7.707178238946932325e-02 6.605997120413183594e+10
6.973161263809135590e-02 6.605996671637416077e+10
6.239144288671316652e-02 6.605996236486086273e+10
5.505127313533519917e-02 6.605995814579573822e+10
4.771110338395723183e-02 6.605995405548692322e+10
4.037093363257926448e-02 6.605995009030899048e+10
3.303076388120107509e-02 6.605994624676258087e+10
2.569059412982310775e-02 6.605994252145917511e+10
1.835042437844514041e-02 6.605993891102162170e+10
1.101025462706717306e-02 6.605993541214037323e+10
3.670084875688983672e-03 6.605993202166094971e+10
-3.670084875688983672e-03 6.605992873648004913e+10
-1.101025462706695102e-02 6.605992555357109070e+10
-1.835042437844514041e-02 6.605992247000067902e+10
-2.569059412982288571e-02 6.605991948279311371e+10
-3.303076388120107509e-02 6.605991658943757629e+10
-4.037093363257904244e-02 6.605991378685977936e+10
-4.771110338395723183e-02 6.605991107256305695e+10
-5.505127313533497713e-02 6.605990844394503021e+10
-6.239144288671316652e-02 6.605990589848513031e+10
-6.973161263809113386e-02 6.605990343371080017e+10
-7.707178238946887916e-02 6.605990104724307251e+10
-8.441195214084706855e-02 6.605989873675605774e+10
-9.175212189222503589e-02 6.605989649999004364e+10
-9.909229164360322528e-02 6.605989433475192261e+10
-1.064324613949809706e-01 6.605989223889189148e+10
-1.137726311463591600e-01 6.605989021032005310e+10
-1.211128008977371273e-01 6.605988824701716614e+10
-1.284529706491153167e-01 6.605988634699214935e+10
-1.357931404004930620e-01 6.605988450833514404e+10
-1.431333101518712514e-01 6.605988272919487762e+10
-1.504734799032492187e-01 6.605988100775036621e+10
-1.578136496546274081e-01 6.605987934224717712e+10
-1.651538194060051534e-01 6.605987773096630096e+10
-1.724939891573833428e-01 6.605987617222997284e+10
-1.798341589087613102e-01 6.605987466444424438e+10
-1.871743286601394995e-01 6.605987320603672028e+10
-1.945144984115172448e-01 6.605987179545597076e+10
-2.018546681628954342e-01 6.605987043123049164e+10
-2.091948379142734016e-01 6.605986911190815735e+10
-2.165350076656515910e-01 6.605986783610926819e+10
-2.238751774170293363e-01 6.605986660246109772e+10
-2.312153471684075257e-01 6.605986540966394043e+10
-2.385555169197854930e-01 6.605986425642577362e+10
-2.458956866711636824e-01 6.605986314149192047e+10
-2.532358564225414277e-01 6.605986206365467834e+10
-2.605760261739196171e-01 6.605986102174917603e+10
-2.679161959252975844e-01 6.605986001464839172e+10
-2.752563656766757738e-01 6.605985904124031830e+10
-2.825965354280535191e-01 6.605985810044699097e+10
-2.899367051794317085e-01 6.605985719123692322e+10
-2.972768749308096758e-01 6.605985631259848022e+10
-3.046170446821878652e-01 6.605985546355445862e+10
-3.119572144335658326e-01 6.605985464315546417e+10
-3.192973841849437999e-01 6.605985385047029877e+10
-3.266375539363217673e-01 6.605985308462493896e+10
-3.339777236876999567e-01 6.605985234474631500e+10
-3.413178934390777020e-01 6.605985163000359344e+10
-3.486580631904558913e-01 6.605985093956085968e+10
-3.559982329418338587e-01 6.605985027263247681e+10
-3.633384026932120481e-01 6.605984962839535522e+10
-3.706785724445900154e-01 6.605984900621108246e+10
-3.780187421959679828e-01 6.605984840538882446e+10
-3.853589119473459501e-01 6.605984782527269745e+10
-3.926990816987243615e-01 6.605984726498925018e+10
-4.000392514501018848e-01 6.605984672398939514e+10
-4.073794212014802962e-01 6.605984620159985352e+10
-4.147195909528580415e-01 6.605984569724105835e+10
-4.220597607042362309e-01 6.605984521030800629e+10
-4.293999304556139762e-01 6.605984474022776031e+10
-4.367401002069919436e-01 6.605984428643360138e+10
-4.440802699583703550e-01 6.605984384838380432e+10
-4.514204397097483223e-01 6.605984342558979034e+10
-4.587606094611262897e-01 6.605984301751823425e+10
-4.661007792125042570e-01 6.605984262367034912e+10
-4.734409489638822244e-01 6.605984224359407043e+10
-4.807811187152601917e-01 6.605984187681362152e+10
-4.881212884666381591e-01 6.605984152287882996e+10
-4.954614582180161264e-01 6.605984118134826660e+10
-5.028016279693945378e-01 6.605984085180435181e+10
-5.101417977207725052e-01 6.605984053386731720e+10
-5.174819674721504725e-01 6.605984022713321686e+10
-5.248221372235284399e-01 6.605983993123573303e+10
-5.321623069749064072e-01 6.605983964580020905e+10
-5.395024767262843746e-01 6.605983937049043274e+10
-5.468426464776623419e-01 6.605983910493111420e+10
-5.541828162290403093e-01 6.605983884879917908e+10
-5.615229859804187207e-01 6.605983860174816895e+10
-5.688631557317962439e-01 6.605983836351532745e+10
-5.762033254831742113e-01 6.605983813378205872e+10
-5.835434952345526227e-01 6.605983791226878357e+10
-5.908836649859305901e-01 6.605983769865653992e+10
-5.982238347373085574e-01 6.605983749269133759e+10
-6.055640044886865248e-01 6.605983729409774780e+10
-6.129041742400644921e-01 6.605983710266404724e+10
-6.202443439914429035e-01 6.605983691812397766e+10
-6.275845137428204268e-01 6.605983674022059631e+10
-6.349246834941983941e-01 6.605983656872830963e+10
-6.422648532455768056e-01 6.605983640342039490e+10
-6.496050229969547729e-01 6.605983624409389496e+10
-6.569451927483327403e-01 6.605983609056411743e+10
-6.642853624997107076e-01 6.605983594259608459e+10
-6.716255322510886749e-01 6.605983579999549866e+10
-6.789657020024670864e-01 6.605983566259582520e+10
-6.863058717538446096e-01 6.605983553021383667e+10
-6.936460415052225770e-01 6.605983540266146851e+10
-7.009862112566009884e-01 6.605983527976420593e+10
-7.083263810079789558e-01 6.605983516134950256e+10
-7.156665507593569231e-01 6.605983504726753235e+10
-7.230067205107348904e-01 6.605983493738810730e+10
-7.303468902621128578e-01 6.605983483157179260e+10
-7.376870600134912692e-01 6.605983472957363892e+10
-7.450272297648687925e-01 6.605983463139540100e+10
-7.523673995162467598e-01 6.605983453682682800e+10
-7.597075692676251712e-01 6.605983444575769806e+10
-7.670477390190031386e-01 6.605983435806547546e+10
-7.743879087703811059e-01 6.605983427362714386e+10
-7.817280785217590733e-01 6.605983419232855225e+10
-7.890682482731370406e-01 6.605983411405567932e+10
-7.964084180245154521e-01 6.605983403869111633e+10
-8.037485877758929753e-01 6.605983396611976624e+10
-8.110887575272709427e-01 6.605983389626476288e+10
-8.184289272786493541e-01 6.605983382903987122e+10
-8.257690970300273214e-01 6.605983376432374573e+10
-8.331092667814052888e-01 6.605983370202908325e+10
-8.404494365327832561e-01 6.605983364208951569e+10
-8.477896062841612235e-01 6.605983358438033295e+10
-8.551297760355396349e-01 6.605983352883848572e+10
-8.624699457869171582e-01 6.605983347542120361e+10
-8.698101155382951255e-01 6.605983342403807068e+10
-8.771502852896735369e-01 6.605983337459615326e+10
-8.844904550410515043e-01 6.605983332704808044e+10
-8.918306247924294716e-01 6.605983328128384399e+10
-8.991707945438074390e-01 6.605983323727214813e+10
-9.065109642951854063e-01 6.605983319489749146e+10
-9.138511340465638177e-01 6.605983315404110718e+10
-9.211913037979413410e-01 6.605983311470446777e+10
-9.285314735493193083e-01 6.605983307698849487e+10
-9.358716433006977198e-01 6.605983304080310059e+10
-9.432118130520756871e-01 6.605983300602715302e+10
-9.505519828034536545e-01 6.605983297251348114e+10
-9.578921525548316218e-01 6.605983294024220276e+10
-9.652323223062095892e-01 6.605983290922850800e+10
-9.725724920575880006e-01 6.605983287943457031e+10
-9.799126618089655238e-01 6.605983285078867340e+10
-9.872528315603434912e-01 6.605983282325370026e+10
-9.945930013117219026e-01 6.605983279677589417e+10
-1.001933171063099870e+00 6.605983277133471680e+10
-1.009273340814477837e+00 6.605983274688736725e+10
-1.016613510565855805e+00 6.605983272341070557e+10
-1.023953680317233772e+00 6.605983270084583282e+10
-1.031293850068611739e+00 6.605983267915510559e+10
-1.038634019819989707e+00 6.605983265829357147e+10
-1.045974189571367674e+00 6.605983263826173401e+10
-1.053314359322746085e+00 6.605983261901528931e+10
-1.060654529074123609e+00 6.605983260054030609e+10
-1.067994698825502020e+00 6.605983258272249603e+10
-1.075334868576879988e+00 6.605983256558807373e+10
-1.082675038328257955e+00 6.605983254943120575e+10
-1.090015208079635922e+00 6.605983253335900879e+10
-1.097355377831013890e+00 6.605983251863070679e+10
-1.104695547582391857e+00 6.605983250414009857e+10
-1.112035717333770268e+00 6.605983249027281189e+10
-1.119375887085147792e+00 6.605983247693519592e+10
-1.126716056836526203e+00 6.605983246411824799e+10
-1.134056226587904170e+00 6.605983245179944611e+10
-1.141396396339282138e+00 6.605983243998091125e+10
-1.148736566090660105e+00 6.605983242864501190e+10
-1.156076735842038072e+00 6.605983241776397705e+10
-1.163416905593416040e+00 6.605983240732025146e+10
-1.170757075344794451e+00 6.605983239729111481e+10
-1.178097245096171974e+00 6.605983238767910767e+10
-1.185437414847550386e+00 6.605983237848750305e+10
-1.192777584598928353e+00 6.605983236969641113e+10
-1.200117754350306321e+00 6.605983236126963043e+10
-1.207457924101684288e+00 6.605983235316819000e+10
-1.214798093853062255e+00 6.605983234540817261e+10
-1.222138263604440223e+00 6.605983233799024200e+10
-1.229478433355818634e+00 6.605983233087947083e+10
-1.236818603107196157e+00 6.605983232405741882e+10
-1.244158772858574569e+00 6.605983231754137421e+10
-1.251498942609952536e+00 6.605983231129071808e+10
-1.258839112361330503e+00 6.605983230529007721e+10
-1.266179282112708471e+00 6.605983229953575897e+10
-1.273519451864086438e+00 6.605983229402114868e+10
-1.280859621615464405e+00 6.605983228874859619e+10
-1.288199791366842817e+00 6.605983228372597504e+10
-1.295539961118220340e+00 6.605983227893074036e+10
-1.302880130869598752e+00 6.605983227434308624e+10
-1.310220300620976719e+00 6.605983226995242310e+10
-1.317560470372354686e+00 6.605983226576422882e+10
-1.324900640123732654e+00 6.605983226175330353e+10
-1.332240809875110621e+00 6.605983225794832611e+10
-1.339580979626488588e+00 6.605983225434173584e+10
-1.346921149377867000e+00 6.605983225090686035e+10
-1.354261319129244523e+00 6.605983224762366486e+10
-1.361601488880622490e+00 6.605983224450503540e+10
-1.368941658632000902e+00 6.605983224154864502e+10
-1.376281828383378869e+00 6.605983223883107758e+10
-1.383621998134756836e+00 6.605983223598936462e+10
-1.390962167886134804e+00 6.605983223349732208e+10
-1.398302337637512771e+00 6.605983223103474426e+10
-1.405642507388891183e+00 6.605983222876216125e+10
-1.412982677140268706e+00 6.605983222660097504e+10
-1.420322846891646673e+00 6.605983222457286835e+10
-1.427663016643025085e+00 6.605983222266087341e+10
-1.435003186394403052e+00 6.605983222086021423e+10
-1.442343356145781019e+00 6.605983221917590332e+10
-1.449683525897158987e+00 6.605983221760082245e+10
-1.457023695648536954e+00 6.605983221613368988e+10
-1.464363865399915365e+00 6.605983221476848602e+10
-1.471704035151292889e+00 6.605983221351744843e+10
-1.479044204902670856e+00 6.605983221234814453e+10
-1.486384374654049267e+00 6.605983221129602051e+10
-1.493724544405426791e+00 6.605983221032063293e+10
-1.501064714156805202e+00 6.605983220943846130e+10
-1.508404883908183169e+00 6.605983220865899658e+10
-1.515745053659561137e+00 6.605983220795908356e+10
-1.523085223410939104e+00 6.605983220734756470e+10
-1.530425393162317071e+00 6.605983220683071899e+10
-1.537765562913695039e+00 6.605983220641287231e+10
-1.545105732665073450e+00 6.605983220606824493e+10
-1.552445902416450974e+00 6.605983220581330109e+10
-1.559786072167829385e+00 6.605983220564594269e+10
-1.567126241919207352e+00 6.605983220556397247e+10
