1.570796326794896558e+00 -5.901952095167223364e+07
1.567126241919207574e+00 -5.897966247093349695e+07
1.563456157043518591e+00 -5.891447239957677573e+07
1.559786072167829607e+00 -5.877006783373529464e+07
1.556115987292140623e+00 -5.860070242987741530e+07
1.552445902416451418e+00 -5.835361583601454645e+07
1.548775817540762434e+00 -5.808229877920529246e+07
1.545105732665073450e+00 -5.773570316439338773e+07
1.541435647789384467e+00 -5.736594542058703303e+07
1.537765562913695483e+00 -5.692423405910640210e+07
1.534095478038006499e+00 -5.646073571988516301e+07
1.530425393162317516e+00 -5.592940174946688116e+07
1.526755308286628532e+00 -5.537792371759533137e+07
1.523085223410939326e+00 -5.476341378471252322e+07
1.519415138535250342e+00 -5.413062537070662528e+07
1.515745053659561359e+00 -5.344017383419019729e+07
1.512074968783872375e+00 -5.273348286328748614e+07
1.508404883908183391e+00 -5.197493387489619851e+07
1.504734799032494408e+00 -5.120230683890422434e+07
1.501064714156805424e+00 -5.038393140826848894e+07
1.497394629281116440e+00 -4.955371078595586866e+07
1.493724544405427235e+00 -4.868402569877665490e+07
1.490054459529738251e+00 -4.780475076564427465e+07
1.486384374654049267e+00 -4.689234594049219042e+07
1.482714289778360284e+00 -4.597258368908930570e+07
1.479044204902671300e+00 -4.502596243056552112e+07
1.475374120026982316e+00 -4.407415262242306024e+07
1.471704035151293333e+00 -4.310158939250382036e+07
1.468033950275604349e+00 -4.212590802405697107e+07
1.464363865399915365e+00 -4.113532626361881942e+07
1.460693780524226160e+00 -4.014356965021057427e+07
1.457023695648537176e+00 -3.914244137127074599e+07
1.453353610772848192e+00 -3.814193212623105198e+07
1.449683525897159209e+00 -3.713719950485622883e+07
1.446013441021470225e+00 -3.613471432834604383e+07
1.442343356145781241e+00 -3.513273313961345702e+07
1.438673271270092258e+00 -3.413445232924719900e+07
1.435003186394403052e+00 -3.314095563969916850e+07
1.431333101518714068e+00 -3.215243211311800778e+07
1.427663016643025085e+00 -3.117251247105144709e+07
1.423992931767336101e+00 -3.019865886994161457e+07
1.420322846891647117e+00 -2.923676704655971751e+07
1.416652762015958134e+00 -2.828185817692140490e+07
1.412982677140269150e+00 -2.734181514892413095e+07
1.409312592264580166e+00 -2.640950367491791397e+07
1.405642507388891183e+00 -2.549452450569569319e+07
1.401972422513201977e+00 -2.458786680532105640e+07
1.398302337637512993e+00 -2.370059257948982343e+07
1.394632252761824009e+00 -2.282208305847973004e+07
1.390962167886135026e+00 -2.196462004342781752e+07
1.387292083010446042e+00 -2.111623098029980808e+07
1.383621998134757058e+00 -2.029019297465498745e+07
1.379951913259068075e+00 -1.947341804583869874e+07
1.376281828383379091e+00 -1.867997269044741243e+07
1.372611743507690107e+00 -1.789587295777463168e+07
1.368941658632000902e+00 -1.713578758473325148e+07
1.365271573756311918e+00 -1.638503754689775594e+07
1.361601488880622934e+00 -1.565872541527024657e+07
1.357931404004933951e+00 -1.494165850131631084e+07
1.354261319129244967e+00 -1.424922365287813917e+07
1.350591234253555983e+00 -1.356587645533549972e+07
1.346921149377867000e+00 -1.290715612577226199e+07
1.343251064502177794e+00 -1.225730994613901712e+07
1.339580979626488810e+00 -1.163191455055064149e+07
1.335910894750799827e+00 -1.101513442078861035e+07
1.332240809875110843e+00 -1.042248438023548573e+07
1.328570724999421859e+00 -9.838154862230662256e+06
1.324900640123732876e+00 -9.277514267574410886e+06
1.321230555248043892e+00 -8.724872095386240631e+06
1.317560470372354908e+00 -8.195379027643259615e+06
1.313890385496665925e+00 -7.673542417621149682e+06
1.310220300620976719e+00 -7.174236015852496959e+06
1.306550215745287735e+00 -6.682230778522819281e+06
1.302880130869598752e+00 -6.212075090548917651e+06
1.299210045993909768e+00 -5.748857568139451556e+06
1.295539961118220784e+00 -5.306762402449296787e+06
1.291869876242531801e+00 -4.871239457917316817e+06
1.288199791366842817e+00 -4.456078459613834508e+06
1.284529706491153611e+00 -4.047124800975964405e+06
1.280859621615464849e+00 -3.657750936800750904e+06
1.277189536739775644e+00 -3.274223902995653450e+06
1.273519451864086660e+00 -2.909482472188664600e+06
1.269849366988397676e+00 -2.550234435406195000e+06
1.266179282112708693e+00 -2.208974049364030361e+06
1.262509197237019709e+00 -1.872862842820635531e+06
1.258839112361330725e+00 -1.553944535171973519e+06
1.255169027485641742e+00 -1.239842087221311405e+06
1.251498942609952536e+00 -9.421466421576854773e+05
1.247828857734263552e+00 -6.489458668721076101e+05
1.244158772858574569e+00 -3.713797741261823103e+05
1.240488687982885585e+00 -9.800019591792975552e+04
1.236818603107196601e+00 1.604997526951085310e+05
1.233148518231507618e+00 4.151076973084502388e+05
1.229478433355818634e+00 6.555708831075141206e+05
1.225808348480129428e+00 8.924225962901031598e+05
1.222138263604440667e+00 1.115841973909179214e+06
1.218468178728751461e+00 1.335916274829027243e+06
1.214798093853062699e+00 1.543246604302978376e+06
1.211128008977373494e+00 1.747484154453674331e+06
1.207457924101684510e+00 1.939640880619253265e+06
1.203787839225995526e+00 2.128943210247945506e+06
1.200117754350306543e+00 2.306801952662428841e+06
1.196447669474617559e+00 2.482031036945680622e+06
1.192777584598928575e+00 2.646427459240848199e+06
1.189107499723239592e+00 2.808405695091333706e+06
1.185437414847550386e+00 2.960135852232168429e+06
1.181767329971861402e+00 3.109646441459260881e+06
1.178097245096172418e+00 3.249467342137622647e+06
1.174427160220483435e+00 3.387254947297336534e+06
1.170757075344794451e+00 3.515885428289512172e+06
1.167086990469105467e+00 3.642657050091169309e+06
1.163416905593416484e+00 3.760778809823418967e+06
1.159746820717727278e+00 3.877204838098702021e+06
1.156076735842038294e+00 3.985463574390322901e+06
1.152406650966349311e+00 4.092178949452139437e+06
1.148736566090660327e+00 4.191185678529267199e+06
1.145066481214971343e+00 4.288791210331990384e+06
1.141396396339282360e+00 4.379123574811264873e+06
1.137726311463593376e+00 4.468187248571178876e+06
1.134056226587904170e+00 4.550390933815359138e+06
1.130386141712215409e+00 4.631449305685671978e+06
1.126716056836526203e+00 4.706039423730622046e+06
1.123045971960837219e+00 4.779599008515373804e+06
1.119375887085148236e+00 4.847061548945116811e+06
1.115705802209459252e+00 4.913600236669559032e+06
1.112035717333770268e+00 4.974393408749650232e+06
1.108365632458081285e+00 5.034361831334237009e+06
1.104695547582392301e+00 5.088917503910127096e+06
1.101025462706703095e+00 5.142740389965723269e+06
1.097355377831014334e+00 5.191465415451836772e+06
1.093685292955325128e+00 5.239542929707524367e+06
1.090015208079636366e+00 5.282820439945545979e+06
1.086345123203947161e+00 5.325529465054995380e+06
1.082675038328258177e+00 5.363720164184585214e+06
1.079004953452569193e+00 5.401415547192610800e+06
1.075334868576880210e+00 5.434858916757927276e+06
1.071664783701191226e+00 5.467874669631987810e+06
1.067994698825502020e+00 5.496890128551397473e+06
1.064324613949813259e+00 5.525540576528893784e+06
1.060654529074124053e+00 5.550428618498558179e+06
1.056984444198435069e+00 5.575009487645828165e+06
1.053314359322746085e+00 5.596052732891643420e+06
1.049644274447057102e+00 5.616842198877550662e+06
1.045974189571368118e+00 5.634306425760162994e+06
1.042304104695678912e+00 5.651566115248589776e+06
1.038634019819990151e+00 5.665701217963568866e+06
1.034963934944300945e+00 5.679677138894053176e+06
1.031293850068612183e+00 5.690718052230361849e+06
1.027623765192922978e+00 5.701641597491933033e+06
1.023953680317233994e+00 5.709809021062387154e+06
1.020283595441545010e+00 5.717897580435683951e+06
1.016613510565856027e+00 5.723399142948362045e+06
1.012943425690167043e+00 5.728857136497353204e+06
1.009273340814477837e+00 5.731887836448686197e+06
1.005603255938789076e+00 5.734907386720946059e+06
1.001933171063099870e+00 5.735650437497050501e+06
9.982630861874108863e-01 5.736412068399534561e+06
9.945930013117219026e-01 5.735039600061537698e+06
9.909229164360329190e-01 5.733712938446316868e+06
9.872528315603439353e-01 5.730386662216024473e+06
9.835827466846548406e-01 5.727131078174129128e+06
9.799126618089658569e-01 5.722002854327527806e+06
9.762425769332768732e-01 5.716968040153248236e+06
9.725724920575878896e-01 5.710180476344338618e+06
9.689024071818987949e-01 5.703507022065741941e+06
9.652323223062098112e-01 5.695194026315069757e+06
9.615622374305208275e-01 5.687013961187075824e+06
9.578921525548318439e-01 5.677301227843778208e+06
9.542220676791427492e-01 5.667738494857594371e+06
9.505519828034537655e-01 5.656743975212612189e+06
9.468818979277647818e-01 5.645914922692428343e+06
9.432118130520757981e-01 5.633749329083360732e+06
9.395417281763867035e-01 5.621763157696371898e+06
9.358716433006978308e-01 5.608530346159383655e+06
9.322015584250087361e-01 5.595489509377912618e+06
9.285314735493197524e-01 5.581286864609230310e+06
9.248613886736306577e-01 5.567287452077610418e+06
9.211913037979417851e-01 5.552206303850065917e+06
9.175212189222526904e-01 5.537338437250535935e+06
9.138511340465637067e-01 5.521464409314381890e+06
9.101810491708746120e-01 5.505812595591883175e+06
9.065109642951857394e-01 5.489225926652342081e+06
9.028408794194966447e-01 5.472869357728064060e+06
8.991707945438076610e-01 5.455645174923034385e+06
8.955007096681185663e-01 5.438658023897573352e+06
8.918306247924296937e-01 5.420866699754184112e+06
8.881605399167405990e-01 5.403318433359267190e+06
8.844904550410516153e-01 5.385025799520403147e+06
8.808203701653625206e-01 5.366981432109306566e+06
8.771502852896736480e-01 5.348249096663923934e+06
8.734802004139845533e-01 5.329769454859602265e+06
8.698101155382955696e-01 5.310655066136058420e+06
8.661400306626065859e-01 5.291797093682161532e+06
8.624699457869176022e-01 5.272354464387238026e+06
8.587998609112286186e-01 5.253171314387569204e+06
8.551297760355395239e-01 5.233450724775566719e+06
8.514596911598505402e-01 5.213992069051915780e+06
8.477896062841615565e-01 5.194040464648733847e+06
8.441195214084725729e-01 5.174352681733019650e+06
8.404494365327834782e-01 5.154213826656911522e+06
8.367793516570944945e-01 5.134340161016459577e+06
8.331092667814055108e-01 5.114054868402484804e+06
8.294391819057165272e-01 5.094035636935599148e+06
8.257690970300274325e-01 5.073641906278604642e+06
8.220990121543384488e-01 5.053514668959624134e+06
8.184289272786494651e-01 5.033047844926993363e+06
8.147588424029604814e-01 5.012847548467063345e+06
8.110887575272713867e-01 4.992340495649612509e+06
8.074186726515824031e-01 4.972099613530889153e+06
8.037485877758934194e-01 4.951582843372954056e+06
8.000785029002044357e-01 4.931331546435317025e+06
7.964084180245153410e-01 4.910833353013593704e+06
7.927383331488263574e-01 4.890599610327606089e+06
7.890682482731373737e-01 4.870146216733812355e+06
7.853981633974483900e-01 4.849955954858729616e+06
7.817280785217594063e-01 4.829571607845594175e+06
7.780579936460703117e-01 4.809448809596277773e+06
7.743879087703813280e-01 4.789155899141838774e+06
7.707178238946922333e-01 4.769122717238035053e+06
7.670477390190033606e-01 4.748941894064834341e+06
7.633776541433142659e-01 4.729018755174946040e+06
7.597075692676252823e-01 4.708969036911708303e+06
7.560374843919361876e-01 4.689174749121035449e+06
7.523673995162473149e-01 4.669273602880708873e+06
7.486973146405582202e-01 4.649625443705503829e+06
7.450272297648692366e-01 4.629888880972667597e+06
7.413571448891801419e-01 4.610402692172155716e+06
7.376870600134912692e-01 4.590845354036037810e+06
7.340169751378021745e-01 4.571535625297353603e+06
7.303468902621131909e-01 4.552170855333410203e+06
7.266768053864240962e-01 4.533050798776658252e+06
7.230067205107352235e-01 4.513890724379219115e+06
7.193366356350461288e-01 4.494972344865514897e+06
7.156665507593571451e-01 4.476027970022013411e+06
7.119964658836680504e-01 4.457322162586412393e+06
7.083263810079791778e-01 4.438603407308477908e+06
7.046562961322900831e-01 4.420119994755834341e+06
7.009862112566010994e-01 4.401635776554795913e+06
6.973161263809120047e-01 4.383383585226094350e+06
6.936460415052231321e-01 4.365141870287031867e+06
6.899759566295340374e-01 4.347128799805968069e+06
6.863058717538450537e-01 4.329136651850426570e+06
6.826357868781559590e-01 4.311369659215718508e+06
6.789657020024670864e-01 4.293633393412129022e+06
6.752956171267779917e-01 4.276118818244905211e+06
6.716255322510890080e-01 4.258643760786735453e+06
6.679554473753999133e-01 4.241386859043205157e+06
6.642853624997110407e-01 4.224177882146531716e+06
6.606152776240219460e-01 4.207183456377614290e+06
6.569451927483329623e-01 4.190244536859066691e+06
6.532751078726438676e-01 4.173516554524367675e+06
6.496050229969549950e-01 4.156851101684928872e+06
6.459349381212659003e-01 4.140392942344151437e+06
6.422648532455769166e-01 4.124003756439503282e+06
6.385947683698878219e-01 4.107818206773494370e+06
6.349246834941989492e-01 4.091707534863287583e+06
6.312545986185098545e-01 4.075796828222311102e+06
6.275845137428208709e-01 4.059966377389307600e+06
6.239144288671319982e-01 4.044332214993091300e+06
6.202443439914429035e-01 4.028783206439538859e+06
6.165742591157538088e-01 4.013426815616934560e+06
6.129041742400648252e-01 3.998160024600243662e+06
6.092340893643759525e-01 3.983082183535797521e+06
6.055640044886868578e-01 3.968097945615490898e+06
6.018939196129977631e-01 3.953298994658215437e+06
5.982238347373087795e-01 3.938597245486732107e+06
5.945537498616199068e-01 3.924077139429526404e+06
5.908836649859308121e-01 3.909657465840477496e+06
5.872135801102417174e-01 3.895415808188124560e+06
5.835434952345527337e-01 3.881277441655564588e+06
5.798734103588638611e-01 3.867313484360445291e+06
5.762033254831747664e-01 3.853455345465158112e+06
5.725332406074856717e-01 3.839768034955677111e+06
5.688631557317966880e-01 3.826188755401992239e+06
5.651930708561077044e-01 3.812776746415822767e+06
5.615229859804187207e-01 3.799474689261961728e+06
5.578529011047297370e-01 3.786336369779554196e+06
5.541828162290405313e-01 3.773309635968495160e+06
5.505127313533517697e-01 3.760443149333889596e+06
5.468426464776627860e-01 3.747689621983649209e+06
5.431725616019735803e-01 3.735092885927793570e+06
5.395024767262845966e-01 3.722610237622211687e+06
5.358323918505956129e-01 3.710280958261844236e+06
5.321623069749066293e-01 3.698066667649264447e+06
5.284922220992176456e-01 3.686002366434348747e+06
5.248221372235284399e-01 3.674053735093911644e+06
5.211520523478396782e-01 3.662251750144181773e+06
5.174819674721506946e-01 3.650565926377311349e+06
5.138118825964614889e-01 3.639023445821268950e+06
5.101417977207725052e-01 3.627597413761555217e+06
5.064717128450835215e-01 3.616311470608950127e+06
5.028016279693945378e-01 3.605142113460492343e+06
4.991315430937055542e-01 3.594109627741201315e+06
4.954614582180163485e-01 3.583193690898798406e+06
4.917913733423275868e-01 3.572411464763215743e+06
4.881212884666386032e-01 3.561745605347592849e+06
4.844512035909493974e-01 3.551210332471664529e+06
4.807811187152604138e-01 3.540791088340958580e+06
4.771110338395714301e-01 3.530499355114300735e+06
4.734409489638824464e-01 3.520323195541258901e+06
4.697708640881934627e-01 3.510271523713841103e+06
4.661007792125042570e-01 3.500334857771128882e+06
4.624306943368154954e-01 3.490519703865300864e+06
4.587606094611265117e-01 3.480818863192481454e+06
4.550905245854373060e-01 3.471236607310911175e+06
4.514204397097483223e-01 3.461767875114044175e+06
4.477503548340593387e-01 3.452414846076108515e+06
4.440802699583703550e-01 3.443174466471342370e+06
4.404101850826813713e-01 3.434046962152904365e+06
4.367401002069921656e-01 3.425031126212629024e+06
4.330700153313034040e-01 3.416125387142144609e+06
4.293999304556144203e-01 3.407330277308015153e+06
4.257298455799252146e-01 3.398642537993415724e+06
4.220597607042362309e-01 3.390064307909588329e+06
4.183896758285472472e-01 3.381590761919550598e+06
4.147195909528582636e-01 3.373225538439813070e+06
4.110495060771692799e-01 3.364962369465630502e+06
4.073794212014800742e-01 3.356806278996810317e+06
4.037093363257913126e-01 3.348749669002338313e+06
4.000392514501023289e-01 3.340798831253843382e+06
3.963691665744131232e-01 3.332944945950226858e+06
3.926990816987243615e-01 3.325195493610681966e+06
3.890289968230351558e-01 3.317540512707727961e+06
3.853589119473461722e-01 3.309988571982166730e+06
3.816888270716571885e-01 3.302528672635546885e+06
3.780187421959682048e-01 3.295170389390451368e+06
3.743486573202792211e-01 3.287901767504287884e+06
3.706785724445902375e-01 3.280733291460238397e+06
3.670084875689010318e-01 3.273652147317885887e+06
3.633384026932122701e-01 3.266669657040168997e+06
3.596683178175230644e-01 3.259772207511596847e+06
3.559982329418340807e-01 3.252971906113299076e+06
3.523281480661450971e-01 3.246254412309464067e+06
3.486580631904561134e-01 3.239632516189789865e+06
3.449879783147671297e-01 3.233091245296167675e+06
3.413178934390781460e-01 3.226644082628275268e+06
3.376478085633889403e-01 3.220275438710778486e+06
3.339777236877001787e-01 3.213999068794223946e+06
3.303076388120109730e-01 3.207799259734386113e+06
3.266375539363219893e-01 3.201690334586007055e+06
3.229674690606330056e-01 3.195655316813641228e+06
3.192973841849440220e-01 3.189710177184411790e+06
3.156272993092550383e-01 3.183837223671708256e+06
3.119572144335660546e-01 3.178051826616351027e+06
3.082871295578768489e-01 3.172336799481398426e+06
3.046170446821880873e-01 3.166707871133386157e+06
3.009469598064991036e-01 3.161147410849211738e+06
2.972768749308098979e-01 3.155671458491671830e+06
2.936067900551209142e-01 3.150262099120313767e+06
2.899367051794319305e-01 3.144935638842365704e+06
2.862666203037429469e-01 3.139673944702150766e+06
2.825965354280539632e-01 3.134493551244126633e+06
2.789264505523647575e-01 3.129376138670967426e+06
2.752563656766759959e-01 3.124338428515759762e+06
2.715862808009870122e-01 3.119361960889861919e+06
2.679161959252978065e-01 3.114463599801976234e+06
2.642461110496088228e-01 3.109624772643348668e+06
2.605760261739198391e-01 3.104862452402255964e+06
2.569059412982308555e-01 3.100158007377586793e+06
2.532358564225418718e-01 3.095528516239273362e+06
2.495657715468526661e-01 3.090955281642041635e+06
2.458956866711639044e-01 3.086455431937290821e+06
2.422256017954749208e-01 3.082010251459864900e+06
2.385555169197857150e-01 3.077636907166672871e+06
2.348854320440967314e-01 3.073316694864762016e+06
2.312153471684077477e-01 3.069066804399761837e+06
2.275452622927187640e-01 3.064868544620717876e+06
2.238751774170297804e-01 3.060739078828983940e+06
2.202050925413405746e-01 3.056659776338121854e+06
2.165350076656518130e-01 3.052647767422772478e+06
2.128649227899628293e-01 3.048684484571172856e+06
2.091948379142736236e-01 3.044786986948926002e+06
2.055247530385846400e-01 3.040936817293450236e+06
2.018546681628956563e-01 3.037150970647044480e+06
1.981845832872066726e-01 3.033411101424291264e+06
1.945144984115176889e-01 3.029734112751864363e+06
1.908444135358284832e-01 3.026101774463801645e+06
1.871743286601397216e-01 3.022530877321671229e+06
1.835042437844507379e-01 3.019003334267456550e+06
1.798341589087615322e-01 3.015535811561600305e+06
1.761640740330725485e-01 3.012110385887003504e+06
1.724939891573835649e-01 3.008743586647537537e+06
1.688239042816945812e-01 3.005417662384657189e+06
1.651538194060055975e-01 3.002149009114347398e+06
1.614837345303166138e-01 2.998920040783860721e+06
1.578136496546276302e-01 2.995746976254737005e+06
1.541435647789386465e-01 2.992612426432411186e+06
1.504734799032494408e-01 2.989532428387342021e+06
1.468033950275606792e-01 2.986489813495599665e+06
1.431333101518714734e-01 2.983500467803824227e+06
1.394632252761824898e-01 2.980547405349147506e+06
1.357931404004935061e-01 2.977646315474317875e+06
1.321230555248045224e-01 2.974780432365412358e+06
1.284529706491155387e-01 2.971965255887760781e+06
1.247828857734265551e-01 2.969184240597517695e+06
1.211128008977373494e-01 2.966452655753958970e+06
1.174427160220485877e-01 2.963754219710061792e+06
1.137726311463593820e-01 2.961104021085876506e+06
1.101025462706703983e-01 2.958485984232421499e+06
1.064324613949814147e-01 2.955914973452493083e+06
1.027623765192924310e-01 2.953375161487804260e+06
9.909229164360344733e-02 2.950881202731928322e+06
9.542220676791446365e-02 2.948417506491427310e+06
9.175212189222525794e-02 2.945998476253733505e+06
8.808203701653649631e-02 2.943608795412797015e+06
8.441195214084729059e-02 2.941262659043904860e+06
8.074186726515830692e-02 2.938944986039847136e+06
7.707178238946932325e-02 2.936669741183949169e+06
7.340169751378033958e-02 2.934422104767001234e+06
6.973161263809135590e-02 2.932215816221758258e+06
6.606152776240237223e-02 2.930036294634466060e+06
6.239144288671316652e-02 2.927897041730706114e+06
5.872135801102440489e-02 2.925783740428308025e+06
5.505127313533519917e-02 2.923709658118062653e+06
5.138118825964621550e-02 2.921660731821584515e+06
4.771110338395723183e-02 2.919649993953842670e+06
4.404101850826824815e-02 2.917663648177902214e+06
4.037093363257926448e-02 2.915714473596197553e+06
3.670084875689028081e-02 2.913788944930025842e+06
3.303076388120107509e-02 2.911899625466119498e+06
2.936067900551231347e-02 2.910033228853137232e+06
2.569059412982310775e-02 2.908202080515487585e+06
2.202050925413412408e-02 2.906393142849800643e+06
1.835042437844514041e-02 2.904618489592146594e+06
1.468033950275615673e-02 2.902865357606510632e+06
1.101025462706717306e-02 2.901145590091887396e+06
7.340169751378189389e-03 2.899446682353526819e+06
3.670084875688983672e-03 2.897780229261370376e+06
2.220446049250313081e-16 2.896133988307882100e+06
-3.670084875688983672e-03 2.894519346588827204e+06
-7.340169751377745300e-03 2.892924289132577833e+06
-1.101025462706695102e-02 2.891359940444248728e+06
-1.468033950275593469e-02 2.889814564132542349e+06
-1.835042437844514041e-02 2.888299098141632043e+06
-2.202050925413390203e-02 2.886801987629042007e+06
-2.569059412982288571e-02 2.885333942514948547e+06
-2.936067900551209142e-02 2.883883629167163745e+06
-3.303076388120107509e-02 2.882461667265009135e+06
-3.670084875688983672e-02 2.881056991046173498e+06
-4.037093363257904244e-02 2.879679703052060679e+06
-4.404101850826802611e-02 2.878319149851340801e+06
-4.771110338395723183e-02 2.876985279041527305e+06
-5.138118825964599345e-02 2.875667588392112870e+06
-5.505127313533497713e-02 2.874375864598685876e+06
-5.872135801102418284e-02 2.873099804006690159e+06
-6.239144288671316652e-02 2.871848963013711385e+06
-6.606152776240192814e-02 2.870613292235030327e+06
-6.973161263809113386e-02 2.869402132836424280e+06
-7.340169751378011753e-02 2.868205659308619332e+06
-7.707178238946887916e-02 2.867033006368996575e+06
-8.074186726515808488e-02 2.865874576686992310e+06
-8.441195214084706855e-02 2.864739285312147811e+06
-8.808203701653627427e-02 2.863617764306521975e+06
-9.175212189222503589e-02 2.862518718330435921e+06
-9.542220676791401957e-02 2.861433002154330257e+06
-9.909229164360322528e-02 2.860369136122461874e+06
-1.027623765192922090e-01 2.859318169784200843e+06
-1.064324613949809706e-01 2.858288406207776628e+06
-1.101025462706701763e-01 2.857271131404190324e+06
-1.137726311463591600e-01 2.856274455115022138e+06
-1.174427160220483657e-01 2.855289865251783282e+06
-1.211128008977371273e-01 2.854325278684969060e+06
-1.247828857734261110e-01 2.853372387132481206e+06
-1.284529706491153167e-01 2.852438903651145287e+06
-1.321230555248043004e-01 2.851516737530863844e+06
-1.357931404004930620e-01 2.850613430518865120e+06
-1.394632252761822677e-01 2.849721082023587544e+06
-1.431333101518712514e-01 2.848847028686880134e+06
-1.468033950275604571e-01 2.847983575967645738e+06
-1.504734799032492187e-01 2.847137890866805334e+06
-1.541435647789382024e-01 2.846302463045717683e+06
-1.578136496546274081e-01 2.845484274985331576e+06
-1.614837345303163918e-01 2.844676009852558374e+06
-1.651538194060051534e-01 2.843884473933066707e+06
-1.688239042816943591e-01 2.843102534227592405e+06
-1.724939891573833428e-01 2.842336831971004605e+06
-1.761640740330725485e-01 2.841580415046043228e+06
-1.798341589087613102e-01 2.840839755752344616e+06
-1.835042437844502938e-01 2.840108080877529923e+06
-1.871743286601394995e-01 2.839391688745883759e+06
-1.908444135358284832e-01 2.838683982239532750e+06
-1.945144984115172448e-01 2.837991098672579508e+06
-1.981845832872064506e-01 2.837306620194383431e+06
-2.018546681628954342e-01 2.836636513296633959e+06
-2.055247530385846400e-01 2.835974539911583532e+06
-2.091948379142734016e-01 2.835326510632588994e+06
-2.128649227899623853e-01 2.834686343367865775e+06
-2.165350076656515910e-01 2.834059704346526880e+06
-2.202050925413405746e-01 2.833440664272561669e+06
-2.238751774170293363e-01 2.832834741938671097e+06
-2.275452622927185420e-01 2.832236169437890407e+06
-2.312153471684075257e-01 2.831650325274110772e+06
-2.348854320440967314e-01 2.831071584662325215e+06
-2.385555169197854930e-01 2.830505173756580334e+06
-2.422256017954744767e-01 2.829945635417510290e+06
-2.458956866711636824e-01 2.829398053357428871e+06
-2.495657715468526661e-01 2.828857113322571386e+06
-2.532358564225414277e-01 2.828327757610566914e+06
-2.569059412982306334e-01 2.827804823924373835e+06
-2.605760261739196171e-01 2.827293131254406180e+06
-2.642461110496088228e-01 2.826787645482819527e+06
-2.679161959252975844e-01 2.826293053848412354e+06
-2.715862808009865681e-01 2.825804461010481697e+06
-2.752563656766757738e-01 2.825326424451909959e+06
-2.789264505523647575e-01 2.824854182212254964e+06
-2.825965354280535191e-01 2.824392172823499423e+06
-2.862666203037427248e-01 2.823935768274232745e+06
-2.899367051794317085e-01 2.823489276516483631e+06
-2.936067900551209142e-01 2.823048200449357741e+06
-2.972768749308096758e-01 2.822616731987197418e+06
-3.009469598064986595e-01 2.822190493710630108e+06
-3.046170446821878652e-01 2.821773564431696199e+06
-3.082871295578768489e-01 2.821361693685281556e+06
-3.119572144335656105e-01 2.820958834234576207e+06
-3.156272993092548163e-01 2.820560861393508967e+06
-3.192973841849437999e-01 2.820171622351109982e+06
-3.229674690606325616e-01 2.819787110338434111e+06
-3.266375539363217673e-01 2.819411055100739934e+06
-3.303076388120107509e-01 2.819039562524334528e+06
-3.339777236876999567e-01 2.818676276032161899e+06
-3.376478085633889403e-01 2.818317387225285638e+06
-3.413178934390777020e-01 2.817966437834989280e+06
-3.449879783147669077e-01 2.817619743621605914e+06
-3.486580631904558913e-01 2.817280733133247122e+06
-3.523281480661446530e-01 2.816945834132905584e+06
-3.559982329418338587e-01 2.816618373844963964e+06
-3.596683178175228424e-01 2.816294876436663792e+06
-3.633384026932120481e-01 2.815978549484115560e+06
-3.670084875689010318e-01 2.815666048996598460e+06
-3.706785724445897934e-01 2.815360601344374474e+06
-3.743486573202789991e-01 2.815058769997846801e+06
-3.780187421959679828e-01 2.814763875435309019e+06
-3.816888270716567444e-01 2.814472524279517122e+06
-3.853589119473459501e-01 2.814187721771996468e+06
-3.890289968230349338e-01 2.813906311302662827e+06
-3.926990816987241395e-01 2.813631258953199722e+06
-3.963691665744131232e-01 2.813359545912058558e+06
-4.000392514501018848e-01 2.813093933407265227e+06
-4.037093363257910905e-01 2.812831541784208734e+06
-4.073794212014800742e-01 2.812575089777864981e+06
-4.110495060771688358e-01 2.812321751642818563e+06
-4.147195909528580415e-01 2.812074148074383847e+06
-4.183896758285470252e-01 2.811829547711329535e+06
-4.220597607042362309e-01 2.811590509408140555e+06
-4.257298455799252146e-01 2.811354368982989341e+06
-4.293999304556139762e-01 2.811123605356221087e+06
-4.330700153313031819e-01 2.810895642436708789e+06
-4.367401002069919436e-01 2.810672870675921440e+06
-4.404101850826811493e-01 2.810452802173803095e+06
-4.440802699583703550e-01 2.810237775845880155e+06
-4.477503548340591166e-01 2.810025361430374905e+06
-4.514204397097483223e-01 2.809817820162612014e+06
-4.550905245854370840e-01 2.809612795107149053e+06
-4.587606094611262897e-01 2.809412489165159408e+06
-4.624306943368154954e-01 2.809214612136627547e+06
-4.661007792125042570e-01 2.809021287767960224e+06
-4.697708640881930187e-01 2.808830311980391853e+06
-4.734409489638822244e-01 2.808643755694553256e+06
-4.771110338395709860e-01 2.808459462084138766e+06
-4.807811187152601917e-01 2.808279431391635910e+06
-4.844512035909493974e-01 2.808101580844065640e+06
-4.881212884666381591e-01 2.807927857797910459e+06
-4.917913733423273648e-01 2.807756238729418721e+06
-4.954614582180161264e-01 2.807588604063951410e+06
-4.991315430937053321e-01 2.807423002033253666e+06
-5.028016279693945378e-01 2.807261258766402025e+06
-5.064717128450832995e-01 2.807101477769960649e+06
-5.101417977207725052e-01 2.806945432672341820e+06
-5.138118825964612668e-01 2.806791281195610762e+06
-5.174819674721504725e-01 2.806640741344198585e+06
-5.211520523478396782e-01 2.806492024328439496e+06
-5.248221372235284399e-01 2.806346800976926927e+06
-5.284922220992172015e-01 2.806203342357599176e+06
-5.321623069749064072e-01 2.806063257264740299e+06
-5.358323918505951688e-01 2.805924880942805670e+06
-5.395024767262843746e-01 2.805789762721697800e+06
-5.431725616019735803e-01 2.805656287808885798e+06
-5.468426464776623419e-01 2.805525961681367829e+06
-5.505127313533515476e-01 2.805397218218420632e+06
-5.541828162290403093e-01 2.805271513472337276e+06
-5.578529011047295150e-01 2.805147333496070933e+06
-5.615229859804187207e-01 2.805026100072905421e+06
-5.651930708561074823e-01 2.804906336124178488e+06
-5.688631557317962439e-01 2.804789430015300866e+06
-5.725332406074854497e-01 2.804673941319221165e+06
-5.762033254831742113e-01 2.804561207036683336e+06
-5.798734103588638611e-01 2.804449840573805384e+06
-5.835434952345526227e-01 2.804341138296459801e+06
-5.872135801102413843e-01 2.804233751351691317e+06
-5.908836649859305901e-01 2.804128930688639171e+06
-5.945537498616193517e-01 2.804025379651762545e+06
-5.982238347373085574e-01 2.803924308644960169e+06
-6.018939196129977631e-01 2.803824469242332038e+06
-6.055640044886865248e-01 2.803727022686969023e+06
-6.092340893643757305e-01 2.803630759166876320e+06
-6.129041742400644921e-01 2.803536832718074787e+06
-6.165742591157536978e-01 2.803444046045113355e+06
-6.202443439914429035e-01 2.803353488787197508e+06
-6.239144288671316652e-01 2.803264035429150332e+06
-6.275845137428204268e-01 2.803176740728777368e+06
-6.312545986185096325e-01 2.803090509767039213e+06
-6.349246834941983941e-01 2.803006364471558947e+06
-6.385947683698880439e-01 2.802923238096908666e+06
-6.422648532455768056e-01 2.802842130801009946e+06
-6.459349381212655672e-01 2.802762001909651328e+06
-6.496050229969547729e-01 2.802683837677787058e+06
-6.532751078726435345e-01 2.802606618501313962e+06
-6.569451927483327403e-01 2.802531293878590222e+06
-6.606152776240219460e-01 2.802456883385850582e+06
-6.642853624997107076e-01 2.802384282382258680e+06
-6.679554473753999133e-01 2.802312564892830793e+06
-6.716255322510886749e-01 2.802242603017329238e+06
-6.752956171267778807e-01 2.802173495409471914e+06
-6.789657020024670864e-01 2.802106086449512281e+06
-6.826357868781558480e-01 2.802039497375489213e+06
-6.863058717538446096e-01 2.801974553539334796e+06
-6.899759566295338153e-01 2.801910397910445929e+06
-6.936460415052225770e-01 2.801847819581410848e+06
-6.973161263809122268e-01 2.801786003691104706e+06
-7.009862112566009884e-01 2.801725706444297917e+06
-7.046562961322897500e-01 2.801666140031035058e+06
-7.083263810079789558e-01 2.801608049841588363e+06
-7.119964658836677174e-01 2.801550671110361814e+06
-7.156665507593569231e-01 2.801494696717244573e+06
-7.193366356350461288e-01 2.801439404577379115e+06
-7.230067205107348904e-01 2.801385519594484940e+06
-7.266768053864240962e-01 2.801332253486841917e+06
-7.303468902621128578e-01 2.801280405315457843e+06
-7.340169751378020635e-01 2.801229158545817249e+06
-7.376870600134912692e-01 2.801179081229908857e+06
-7.413571448891800308e-01 2.801129627520531416e+06
-7.450272297648687925e-01 2.801081477029567584e+06
-7.486973146405579982e-01 2.801033895047204569e+06
-7.523673995162467598e-01 2.800987508250799961e+06
-7.560374843919364096e-01 2.800941683525330387e+06
-7.597075692676251712e-01 2.800897012990811840e+06
-7.633776541433139329e-01 2.800852887090982869e+06
-7.670477390190031386e-01 2.800809874153379351e+06
-7.707178238946919002e-01 2.800767386201691814e+06
-7.743879087703811059e-01 2.800725972442877945e+06
-7.780579936460703117e-01 2.800685062391466461e+06
-7.817280785217590733e-01 2.800645185884035192e+06
-7.853981633974478349e-01 2.800605795624276157e+06
-7.890682482731370406e-01 2.800567403745600022e+06
-7.927383331488262463e-01 2.800529479473073035e+06
-7.964084180245154521e-01 2.800492510191710200e+06
-8.000785029002042137e-01 2.800455988423594739e+06
-8.037485877758929753e-01 2.800420397150110453e+06
-8.074186726515821810e-01 2.800385238465407398e+06
-8.110887575272709427e-01 2.800350983183072880e+06
-8.147588424029601484e-01 2.800317144997931086e+06
-8.184289272786493541e-01 2.800284173406485934e+06
-8.220990121543381157e-01 2.800251602919235826e+06
-8.257690970300273214e-01 2.800219861600556411e+06
-8.294391819057160831e-01 2.800188509568892419e+06
-8.331092667814052888e-01 2.800157961053717416e+06
-8.367793516570944945e-01 2.800127787602205761e+06
-8.404494365327832561e-01 2.800098386542059481e+06
-8.441195214084720178e-01 2.800069344309993554e+06
-8.477896062841612235e-01 2.800041036470795050e+06
-8.514596911598504292e-01 2.800013074240787420e+06
-8.551297760355396349e-01 2.799985844886205625e+06
-8.587998609112283965e-01 2.799958948143753689e+06
-8.624699457869171582e-01 2.799932756066126749e+06
-8.661400306626063639e-01 2.799906881694564596e+06
-8.698101155382951255e-01 2.799881687755638734e+06
-8.734802004139843312e-01 2.799856793858231045e+06
-8.771502852896735369e-01 2.799832558360297233e+06
-8.808203701653622986e-01 2.799808608865532093e+06
-8.844904550410515043e-01 2.799785295908270404e+06
-8.881605399167402659e-01 2.799762261642703786e+06
-8.918306247924294716e-01 2.799739817772437353e+06
-8.955007096681186773e-01 2.799717651016594842e+06
-8.991707945438074390e-01 2.799696074058831204e+06
-9.028408794194962006e-01 2.799674754173765890e+06
-9.065109642951854063e-01 2.799653951841807459e+06
-9.101810491708746120e-01 2.799633392164485995e+06
-9.138511340465638177e-01 2.799613353202306665e+06
-9.175212189222525794e-01 2.799593554072571453e+06
-9.211913037979413410e-01 2.799574278727532364e+06
-9.248613886736305467e-01 2.799555251465218607e+06
-9.285314735493193083e-01 2.799536779727306217e+06
-9.322015584250085141e-01 2.799518543505060486e+06
-9.358716433006977198e-01 2.799500810922606848e+06
-9.395417281763864814e-01 2.799483297017950565e+06
-9.432118130520756871e-01 2.799466231626387220e+06
-9.468818979277644488e-01 2.799449371678193100e+06
-9.505519828034536545e-01 2.799432930528171360e+06
-9.542220676791428602e-01 2.799416684823547490e+06
-9.578921525548316218e-01 2.799400862351372838e+06
-9.615622374305203834e-01 2.799385236118456814e+06
-9.652323223062095892e-01 2.799370034478871617e+06
-9.689024071818983508e-01 2.799355021632003598e+06
-9.725724920575880006e-01 2.799340412554593291e+06
-9.762425769332767622e-01 2.799325985167471226e+06
-9.799126618089655238e-01 2.799311945529230870e+06
-9.835827466846547296e-01 2.799298075475732796e+06
-9.872528315603434912e-01 2.799284574393807910e+06
-9.909229164360326969e-01 2.799271237865305971e+06
-9.945930013117219026e-01 2.799258256791091524e+06
-9.982630861874106643e-01 2.799245435702962801e+06
-1.001933171063099870e+00 2.799232966016155668e+06
-1.005603255938788632e+00 2.799220648220669478e+06
-1.009273340814477837e+00 2.799208671422528569e+06
-1.012943425690167043e+00 2.799196839777324814e+06
-1.016613510565855805e+00 2.799185329034606926e+06
-1.020283595441544566e+00 2.799173959585067816e+06
-1.023953680317233772e+00 2.799162898231605534e+06
-1.027623765192922534e+00 2.799151968485569116e+06
-1.031293850068611739e+00 2.799141335288701579e+06
-1.034963934944300945e+00 2.799130827619335148e+06
-1.038634019819989707e+00 2.799120604893956333e+06
-1.042304104695678912e+00 2.799110508702177089e+06
-1.045974189571367674e+00 2.799100690252175555e+06
-1.049644274447056880e+00 2.799090991157497745e+06
-1.053314359322746085e+00 2.799081564887769520e+06
-1.056984444198434847e+00 2.799072250899795908e+06
-1.060654529074123609e+00 2.799063182885919698e+06
-1.064324613949812814e+00 2.799054215542763472e+06
-1.067994698825502020e+00 2.799045475066609215e+06
-1.071664783701191226e+00 2.799036833469450474e+06
-1.075334868576879988e+00 2.799028551749794278e+06
-1.079004953452568749e+00 2.799020752704653889e+06
-1.082675038328257955e+00 2.799012076294707600e+06
-1.086345123203946716e+00 2.799003857589448337e+06
-1.090015208079635922e+00 2.798996608121880796e+06
-1.093685292955325128e+00 2.798989089279319625e+06
-1.097355377831013890e+00 2.798981759565597400e+06
-1.101025462706703095e+00 2.798974421943576541e+06
-1.104695547582391857e+00 2.798967354858689476e+06
-1.108365632458081063e+00 2.798960375013542827e+06
-1.112035717333770268e+00 2.798953569395020604e+06
-1.115705802209459030e+00 2.798946842596560251e+06
-1.119375887085147792e+00 2.798940308432234451e+06
-1.123045971960836997e+00 2.798933849394997116e+06
-1.126716056836526203e+00 2.798927565355899744e+06
-1.130386141712215409e+00 2.798921358174858149e+06
-1.134056226587904170e+00 2.798915323529674206e+06
-1.137726311463592932e+00 2.798909360549001023e+06
-1.141396396339282138e+00 2.798903569705897942e+06
-1.145066481214970899e+00 2.798897852968821768e+06
-1.148736566090660105e+00 2.798892299710981082e+06
-1.152406650966349311e+00 2.798886813298881985e+06
-1.156076735842038072e+00 2.798881480045679957e+06
-1.159746820717727278e+00 2.798876212529799901e+06
-1.163416905593416040e+00 2.798871095008738339e+06
-1.167086990469105245e+00 2.798866038774557877e+06
-1.170757075344794451e+00 2.798861125968891196e+06
-1.174427160220483213e+00 2.798856275631780736e+06
-1.178097245096171974e+00 2.798851570290689822e+06
-1.181767329971861180e+00 2.798846927128322423e+06
-1.185437414847550386e+00 2.798842432716521434e+06
-1.189107499723239592e+00 2.798837992519862484e+06
-1.192777584598928353e+00 2.798833686151163187e+06
-1.196447669474617115e+00 2.798829432755223941e+06
-1.200117754350306321e+00 2.798825305541533045e+06
-1.203787839225995082e+00 2.798821229052582756e+06
-1.207457924101684288e+00 2.798817256664553657e+06
-1.211128008977373494e+00 2.798813332674962468e+06
-1.214798093853062255e+00 2.798809539411277045e+06
-1.218468178728751461e+00 2.798805797612819821e+06
-1.222138263604440223e+00 2.798802164025241975e+06
-1.225808348480129428e+00 2.798798574149614200e+06
-1.229478433355818634e+00 2.798795089236088563e+06
-1.233148518231507396e+00 2.798791649934617337e+06
-1.236818603107196157e+00 2.798788312905467115e+06
-1.240488687982885363e+00 2.798785018684394658e+06
-1.244158772858574569e+00 2.798781825881792232e+06
-1.247828857734263330e+00 2.798778675601743162e+06
-1.251498942609952536e+00 2.798775610642497893e+06
-1.255169027485641298e+00 2.798772582372543402e+06
-1.258839112361330503e+00 2.798769642248771619e+06
-1.262509197237019265e+00 2.798766740300188307e+06
-1.266179282112708471e+00 2.798763921935436316e+06
-1.269849366988397676e+00 2.798761137641144916e+06
-1.273519451864086438e+00 2.798758440055019222e+06
-1.277189536739775200e+00 2.798755776531928219e+06
-1.280859621615464405e+00 2.798753195733647794e+06
-1.284529706491153611e+00 2.798750651880598627e+06
-1.288199791366842817e+00 2.798748201222162694e+06
-1.291869876242531578e+00 2.798745779866442550e+06
-1.295539961118220340e+00 2.798743431887244806e+06
-1.299210045993909546e+00 2.798741115572779905e+06
-1.302880130869598752e+00 2.798738870765990112e+06
-1.306550215745287513e+00 2.798736653034160379e+06
-1.310220300620976719e+00 2.798734505137710366e+06
-1.313890385496665481e+00 2.798732388823354151e+06
-1.317560470372354686e+00 2.798730338530593086e+06
-1.321230555248043448e+00 2.798728313604271039e+06
-1.324900640123732654e+00 2.798726355777794961e+06
-1.328570724999421859e+00 2.798724423767242581e+06
-1.332240809875110621e+00 2.798722568192893639e+06
-1.335910894750799383e+00 2.798720741071660537e+06
-1.339580979626488588e+00 2.798718980711924378e+06
-1.343251064502177794e+00 2.798717241606423631e+06
-1.346921149377867000e+00 2.798715560558242723e+06
-1.350591234253555761e+00 2.798713903658699710e+06
-1.354261319129244523e+00 2.798712298505694140e+06
-1.357931404004933729e+00 2.798710715367320459e+06
-1.361601488880622490e+00 2.798709196636991575e+06
-1.365271573756311696e+00 2.798707703796418384e+06
-1.368941658632000902e+00 2.798706251078218222e+06
-1.372611743507689663e+00 2.798704838297077920e+06
-1.376281828383378869e+00 2.798703575643997174e+06
-1.379951913259067631e+00 2.798702343967335764e+06
-1.383621998134756836e+00 2.798700877889566589e+06
-1.387292083010446042e+00 2.798699381823976524e+06
-1.390962167886134804e+00 2.798698169137662742e+06
-1.394632252761823565e+00 2.798696977400760632e+06
-1.398302337637512771e+00 2.798695794723759871e+06
-1.401972422513201977e+00 2.798694646796245594e+06
-1.405642507388891183e+00 2.798693534727142192e+06
-1.409312592264579944e+00 2.798692437898245640e+06
-1.412982677140268706e+00 2.798691388702649157e+06
-1.416652762015957912e+00 2.798690357380034868e+06
-1.420322846891646673e+00 2.798689376537502743e+06
-1.423992931767335879e+00 2.798688414052115288e+06
-1.427663016643025085e+00 2.798687468994750176e+06
-1.431333101518713846e+00 2.798686548493650276e+06
-1.435003186394403052e+00 2.798685678708396386e+06
-1.438673271270091814e+00 2.798684809053503443e+06
-1.442343356145781019e+00 2.798684010135708377e+06
-1.446013441021470225e+00 2.798683195921551902e+06
-1.449683525897158987e+00 2.798682435286926571e+06
-1.453353610772847748e+00 2.798681676877432037e+06
-1.457023695648536954e+00 2.798680975542400498e+06
-1.460693780524226160e+00 2.798680264136395883e+06
-1.464363865399915365e+00 2.798679621455989312e+06
-1.468033950275604127e+00 2.798678997642423958e+06
-1.471704035151292889e+00 2.798678388338981662e+06
-1.475374120026982094e+00 2.798677779587592464e+06
-1.479044204902670856e+00 2.798677216008258983e+06
-1.482714289778360062e+00 2.798676673528233543e+06
-1.486384374654049267e+00 2.798676164444956463e+06
-1.490054459529738029e+00 2.798675680014678743e+06
-1.493724544405426791e+00 2.798675199292819481e+06
-1.497394629281115996e+00 2.798674738275465555e+06
-1.501064714156805202e+00 2.798674315678675193e+06
-1.504734799032494408e+00 2.798673907431667671e+06
-1.508404883908183169e+00 2.798673540062103886e+06
-1.512074968783871931e+00 2.798673193759917282e+06
-1.515745053659561137e+00 2.798672855059983674e+06
-1.519415138535250342e+00 2.798672528209493030e+06
-1.523085223410939104e+00 2.798672230201931670e+06
-1.526755308286628310e+00 2.798671941405394115e+06
-1.530425393162317071e+00 2.798671718909966759e+06
-1.534095478038006277e+00 2.798671503276622389e+06
-1.537765562913695039e+00 2.798671308992758859e+06
-1.541435647789384245e+00 2.798671129514365457e+06
-1.545105732665073450e+00 2.798670946167574264e+06
-1.548775817540762212e+00 2.798670818594871089e+06
-1.552445902416450974e+00 2.798670712371220347e+06
-1.556115987292140179e+00 2.798670615793060511e+06
-1.559786072167829385e+00 2.798670546237105969e+06
-1.563456157043518591e+00 2.798670489457011223e+06
-1.567126241919207352e+00 2.798670463060135953e+06
-1.570796326794896114e+00 2.798670449108436238e+06
