1.570796326794896558e+00 1.132167700433095206e+03
1.567865736632965801e+00 1.131857824063364887e+03
1.564935146471035043e+00 1.131352531425476172e+03
1.562004556309104286e+00 1.130228900639851872e+03
1.559073966147173529e+00 1.128910897598012525e+03
1.556143375985242772e+00 1.126978786622365305e+03
1.553212785823311792e+00 1.124854380323537271e+03
1.550282195661381035e+00 1.122122869625600060e+03
1.547351605499450278e+00 1.119202151651000804e+03
1.544421015337519520e+00 1.115684038102468094e+03
1.541490425175588763e+00 1.111980783733876478e+03
1.538559835013658006e+00 1.107692454398854579e+03
1.535629244851727249e+00 1.103223986566162012e+03
1.532698654689796491e+00 1.098185256901550247e+03
1.529768064527865734e+00 1.092972275721740743e+03
1.526837474365934977e+00 1.087206196519978903e+03
1.523906884204004220e+00 1.081272578570302585e+03
1.520976294042073240e+00 1.074805217638905788e+03
1.518045703880142483e+00 1.068177788168334928e+03
1.515115113718211726e+00 1.061037984613291201e+03
1.512184523556280968e+00 1.053746267612203155e+03
1.509253933394350211e+00 1.045965366772969674e+03
1.506323343232419454e+00 1.038041314241027749e+03
1.503392753070488697e+00 1.029652884048207625e+03
1.500462162908557939e+00 1.021130588554636574e+03
1.497531572746627182e+00 1.012170126486206073e+03
1.494600982584696425e+00 1.003085526355743582e+03
1.491670392422765667e+00 9.935901563941957875e+02
1.488739802260834910e+00 9.839807299222309211e+02
1.485809212098903931e+00 9.739888971247354448e+02
1.482878621936973174e+00 9.638933585754393789e+02
1.479948031775042416e+00 9.534445217854816974e+02
1.477017441613111659e+00 9.429025140741986206e+02
1.474086851451180902e+00 9.320368453877766797e+02
1.471156261289250144e+00 9.210886424664814740e+02
1.468225671127319387e+00 9.098467309562682885e+02
1.465295080965388630e+00 8.985329436052960546e+02
1.462364490803457873e+00 8.869555150845843627e+02
1.459433900641527115e+00 8.753168163154603008e+02
1.456503310479596358e+00 8.634444596280417272e+02
1.453572720317665379e+00 8.515213137537638204e+02
1.450642130155734622e+00 8.393942305514017335e+02
1.447711539993803864e+00 8.272266488838193936e+02
1.444780949831873107e+00 8.148844151163739298e+02
1.441850359669942350e+00 8.025117232355753458e+02
1.438919769508011592e+00 7.899930764801025589e+02
1.435989179346080835e+00 7.774537073631288422e+02
1.433058589184150078e+00 7.647963504463194795e+02
1.430127999022219321e+00 7.521276536669413417e+02
1.427197408860288563e+00 7.393680799390155016e+02
1.424266818698357806e+00 7.266061556414284723e+02
1.421336228536426827e+00 7.137794959167481466e+02
1.418405638374496069e+00 7.009590455423992807e+02
1.415475048212565312e+00 6.880989496215820509e+02
1.412544458050634555e+00 6.752531648834227553e+02
1.409613867888703798e+00 6.623916765312194457e+02
1.406683277726773040e+00 6.495521203781129316e+02
1.403752687564842283e+00 6.367196048156738470e+02
1.400822097402911526e+00 6.239161446057637477e+02
1.397891507240980769e+00 6.111412153411863528e+02
1.394960917079050011e+00 5.984019556154886459e+02
1.392030326917119254e+00 5.857114296732584080e+02
1.389099736755188275e+00 5.730626721099853285e+02
1.386169146593257517e+00 5.604815384498597268e+02
1.383238556431326760e+00 5.479477543462116955e+02
1.380307966269396003e+00 5.354991632736205247e+02
1.377377376107465246e+00 5.231029892359415499e+02
1.374446785945534488e+00 5.108082533383688428e+02
1.371516195783603731e+00 4.985704949648539355e+02
1.368585605621672974e+00 4.864491077278136686e+02
1.365655015459742216e+00 4.743887610816954634e+02
1.362724425297811459e+00 4.624584237256369192e+02
1.359793835135880702e+00 4.505927062232971139e+02
1.356863244973949723e+00 4.388693668159484105e+02
1.353932654812018965e+00 4.272137587354023367e+02
1.351002064650088208e+00 4.157116629552205609e+02
1.348071474488157451e+00 4.042799600529988311e+02
1.345140884326226693e+00 3.930117061981201232e+02
1.342210294164295936e+00 3.818160766866047879e+02
1.339279704002365179e+00 3.707926799677531449e+02
1.336349113840434422e+00 3.598437297925313487e+02
1.333418523678503664e+00 3.490746899922688726e+02
1.330487933516572907e+00 3.383815323417663876e+02
1.327557343354642150e+00 3.278749075167337423e+02
1.324626753192711170e+00 3.174452369082132464e+02
1.321696163030780635e+00 3.072077184481303220e+02
1.318765572868849656e+00 2.970478855537414233e+02
1.315834982706918899e+00 2.870848760317484221e+02
1.312904392544988141e+00 2.771999665242512947e+02
1.309973802383057384e+00 2.675156580490113356e+02
1.307043212221126627e+00 2.579095707405090252e+02
1.304112622059195870e+00 2.485070251304626368e+02
1.301182031897265112e+00 2.391825515088399357e+02
1.298251441735334355e+00 2.300637780253092330e+02
1.295320851573403598e+00 2.210226797823588072e+02
1.292390261411472618e+00 2.121887131767273047e+02
1.289459671249542083e+00 2.034317997487385981e+02
1.286529081087611104e+00 1.948827761133829597e+02
1.283598490925680347e+00 1.864099796203613266e+02
1.280667900763749589e+00 1.781452108383178370e+02
1.277737310601818832e+00 1.699556600715637558e+02
1.274806720439888075e+00 1.619737050079345977e+02
1.271876130277957317e+00 1.540657951527913099e+02
1.268945540116026560e+00 1.463645293032328425e+02
1.266014949954095803e+00 1.387359910893758013e+02
1.263084359792165046e+00 1.313126719963073583e+02
1.260153769630234066e+00 1.239606359797159882e+02
1.257223179468303531e+00 1.168119668632507029e+02
1.254292589306372552e+00 1.097330259836832624e+02
1.251361999144441794e+00 1.028552150723775043e+02
1.248431408982511037e+00 9.604548326441447159e+01
1.245500818820580280e+00 8.943430085423788967e+01
1.242570228658649523e+00 8.288946829299926833e+01
1.239639638496718765e+00 7.654029952138265003e+01
1.236709048334788008e+00 7.025568542760214541e+01
1.233778458172857251e+00 6.416358031133016482e+01
1.230847868010926494e+00 5.813418153406778544e+01
1.227917277848995514e+00 5.229390169855753356e+01
1.224986687687064979e+00 4.651443796437580858e+01
1.222056097525134000e+00 4.092050017522176120e+01
1.219125507363203242e+00 3.538545699335734440e+01
1.216194917201272485e+00 3.003217325261434212e+01
1.213264327039341728e+00 2.473584155680338625e+01
1.210333736877410971e+00 1.961735613759358898e+01
1.207403146715480213e+00 1.455386788864135639e+01
1.204472556553549456e+00 9.664192028045652805e+00
1.201541966391618699e+00 4.827554443868002032e+00
1.198611376229687941e+00 1.605975784301757747e-01
1.195680786067756962e+00 -4.455276812235513972e+00
1.192750195905826427e+00 -8.905677944437664806e+00
1.189819605743895448e+00 -1.330694267730712887e+01
1.186889015581964912e+00 -1.754699846216838210e+01
1.183958425420033933e+00 -2.173984824778239044e+01
1.181027835258103176e+00 -2.577579161860148105e+01
1.178097245096172418e+00 -2.976643883387247769e+01
1.175166654934241661e+00 -3.360450452016193879e+01
1.172236064772310904e+00 -3.739915851389567081e+01
1.169305474610380147e+00 -4.104556306457518389e+01
1.166374884448449389e+00 -4.465041085917155073e+01
1.163444294286518410e+00 -4.811133573811848407e+01
1.160513704124587875e+00 -5.153252606124878099e+01
1.157583113962656896e+00 -5.481410181706745988e+01
1.154652523800726138e+00 -5.805772945200602209e+01
1.151721933638795381e+00 -6.116602203852335862e+01
1.148791343476864624e+00 -6.423811406173706473e+01
1.145860753314933866e+00 -6.717911546859740213e+01
1.142930163153003109e+00 -7.008562287928262435e+01
1.139999572991072352e+00 -7.286524244969685071e+01
1.137068982829141373e+00 -7.561204604721069700e+01
1.134138392667210837e+00 -7.823604351577758109e+01
1.131207802505280080e+00 -8.082883973032633662e+01
1.128277212343349323e+00 -8.330298031997681107e+01
1.125346622181418343e+00 -8.574749076360066624e+01
1.122416032019487586e+00 -8.807733289260863785e+01
1.119485441857556829e+00 -9.037907601318359241e+01
1.116554851695626072e+00 -9.257009809951780710e+01
1.113624261533695314e+00 -9.473450616836548477e+01
1.110693671371764557e+00 -9.679205846328734708e+01
1.107763081209833800e+00 -9.882443502578735206e+01
1.104832491047903043e+00 -1.007537448036193979e+02
1.101901900885972285e+00 -1.026592705802917465e+02
1.098971310724041306e+00 -1.044654359179178869e+02
1.096040720562110771e+00 -1.062491623072306339e+02
1.093110130400179791e+00 -1.079371506708780828e+02
1.090179540238249034e+00 -1.096039988146464026e+02
1.087248950076318277e+00 -1.111786453458150277e+02
1.084318359914387520e+00 -1.127334043304443156e+02
1.081387769752456762e+00 -1.141994107790629158e+02
1.078457179590526005e+00 -1.156467368403116893e+02
1.075526589428595248e+00 -1.170086713086446224e+02
1.072595999266664490e+00 -1.183530876797993869e+02
1.069665409104733733e+00 -1.196153842409769652e+02
1.066734818942802754e+00 -1.208612807380676628e+02
1.063804228780872219e+00 -1.220282407063802026e+02
1.060873638618941239e+00 -1.231798750808715965e+02
1.057943048457010704e+00 -1.242556667147318592e+02
1.055012458295079725e+00 -1.253171647761027003e+02
1.052081868133149190e+00 -1.263058249117533336e+02
1.049151277971218210e+00 -1.272811817207336418e+02
1.046220687809287453e+00 -1.281866178240458112e+02
1.043290097647356696e+00 -1.290797000760396145e+02
1.040359507485425938e+00 -1.299056907112121451e+02
1.037428917323495181e+00 -1.307202372205098584e+02
1.034498327161564202e+00 -1.314704349845886213e+02
1.031567736999633667e+00 -1.322100595189412218e+02
1.028637146837702687e+00 -1.328879928077697912e+02
1.025706556675772152e+00 -1.335561858179728176e+02
1.022775966513841173e+00 -1.341652606931050968e+02
1.019845376351910415e+00 -1.347653917472839566e+02
1.016914786189979658e+00 -1.353088943204244003e+02
1.013984196028048901e+00 -1.358442142468770726e+02
1.011053605866118144e+00 -1.363253143908182778e+02
1.008123015704187386e+00 -1.367989577006022444e+02
1.005192425542256629e+00 -1.372207096511840803e+02
1.002261835380325650e+00 -1.376356979939778569e+02
9.993312452183951144e-01 -1.380010447667439735e+02
9.964006550564642462e-01 -1.383602881296793612e+02
9.934700648945334889e-01 -1.386720637250264474e+02
9.905394747326026206e-01 -1.389783649197896409e+02
9.876088845706719743e-01 -1.392392965471903494e+02
9.846782944087412170e-01 -1.394953524731953962e+02
9.817477042468103487e-01 -1.397080639829000006e+02
9.788171140848795915e-01 -1.399164693753560300e+02
9.758865239229487232e-01 -1.400834839088439878e+02
9.729559337610180769e-01 -1.402467336499531996e+02
9.700253435990873196e-01 -1.403704762428283743e+02
9.670947534371564513e-01 -1.404909681531270564e+02
9.641641632752256941e-01 -1.405737685269673705e+02
9.612335731132949368e-01 -1.406538062294006295e+02
9.583029829513641795e-01 -1.406979023399352968e+02
9.553723927894334222e-01 -1.407396983289082755e+02
9.524418026275025539e-01 -1.407472380048116065e+02
9.495112124655717967e-01 -1.407529161521911476e+02
9.465806223036410394e-01 -1.407259605461120486e+02
9.436500321417102821e-01 -1.406975582547505610e+02
9.407194419797794138e-01 -1.406380847020467115e+02
9.377888518178486565e-01 -1.405775567726135193e+02
9.348582616559178993e-01 -1.404874607360839889e+02
9.319276714939871420e-01 -1.403966813753763745e+02
9.289970813320563847e-01 -1.402777797014872192e+02
9.260664911701255164e-01 -1.401585451286316015e+02
9.231359010081947591e-01 -1.400125785850524949e+02
9.202053108462641129e-01 -1.398666092854817862e+02
9.172747206843332446e-01 -1.396952449750264407e+02
9.143441305224024873e-01 -1.395241891217549437e+02
9.114135403604716190e-01 -1.393290225705464707e+02
9.084829501985409728e-01 -1.391344577445983930e+02
9.055523600366102155e-01 -1.389170160891214891e+02
9.026217698746793472e-01 -1.387004517677307263e+02
8.996911797127485899e-01 -1.384621958089192333e+02
8.967605895508178326e-01 -1.382250759936014788e+02
8.938299993888870754e-01 -1.379674024510701429e+02
8.908994092269563181e-01 -1.377111078386942609e+02
8.879688190650254498e-01 -1.374353517667134668e+02
8.850382289030946925e-01 -1.371612019279480137e+02
8.821076387411639352e-01 -1.368686388473510647e+02
8.791770485792331780e-01 -1.365778946416219242e+02
8.762464584173024207e-01 -1.362697428927103829e+02
8.733158682553715524e-01 -1.359636086575825971e+02
8.703852780934407951e-01 -1.356410303454081259e+02
8.674546879315100378e-01 -1.353206551633198842e+02
8.645240977695792806e-01 -1.349847631398519070e+02
8.615935076076485233e-01 -1.346512478630065743e+02
8.586629174457176550e-01 -1.343030972516377801e+02
8.557323272837870087e-01 -1.339574637931823702e+02
8.528017371218561404e-01 -1.335980364290873297e+02
8.498711469599253832e-01 -1.332412987388610759e+02
8.469405567979946259e-01 -1.328716133669535111e+02
8.440099666360638686e-01 -1.325047477414449020e+02
8.410793764741331113e-01 -1.321256752916971777e+02
8.381487863122022430e-01 -1.317495513290405427e+02
8.352181961502714858e-01 -1.313619798118591007e+02
8.322876059883407285e-01 -1.309774727343241238e+02
8.293570158264099712e-01 -1.305822273699442633e+02
8.264264256644792139e-01 -1.301901536809285460e+02
8.234958355025483456e-01 -1.297880243161519331e+02
8.205652453406175884e-01 -1.293891644126892118e+02
8.176346551786868311e-01 -1.289809008140564117e+02
8.147040650167560738e-01 -1.285759957374572764e+02
8.117734748548253165e-01 -1.281623101147969521e+02
8.088428846928944482e-01 -1.277520639432271281e+02
8.059122945309636910e-01 -1.273336326825459821e+02
8.029817043690330447e-01 -1.269187137397766207e+02
8.000511142071021764e-01 -1.264961784177144324e+02
7.971205240451714191e-01 -1.260772209322611417e+02
7.941899338832405508e-01 -1.256511903739929181e+02
7.912593437213099046e-01 -1.252287960512797014e+02
7.883287535593791473e-01 -1.247998468376159593e+02
7.853981633974482790e-01 -1.243745856742858820e+02
7.824675732355174107e-01 -1.239432642232259241e+02
7.795369830735867644e-01 -1.235156758206685339e+02
7.766063929116560072e-01 -1.230824994341532346e+02
7.736758027497251389e-01 -1.226530951932271307e+02
7.707452125877944926e-01 -1.222185525121053047e+02
7.678146224258636243e-01 -1.217878154024759993e+02
7.648840322639328670e-01 -1.213523686500549275e+02
7.619534421020019987e-01 -1.209207555040995317e+02
7.590228519400713525e-01 -1.204848409360249804e+02
7.560922617781404842e-01 -1.200527826492309487e+02
7.531616716162097269e-01 -1.196168120468139762e+02
7.502310814542790807e-01 -1.191847157951354887e+02
7.473004912923482124e-01 -1.187490770434061602e+02
7.443699011304173441e-01 -1.183173260340372792e+02
7.414393109684866978e-01 -1.178823848108927734e+02
7.385087208065558295e-01 -1.174513403432210339e+02
7.355781306446250722e-01 -1.170174401796976582e+02
7.326475404826942039e-01 -1.165874417635599798e+02
7.297169503207635577e-01 -1.161549060788472474e+02
7.267863601588326894e-01 -1.157262731483459532e+02
7.238557699969019321e-01 -1.152954046923319567e+02
7.209251798349712859e-01 -1.148684369295755943e+02
7.179945896730404176e-01 -1.144395205757140985e+02
7.150639995111095493e-01 -1.140144985791524306e+02
7.121334093491789030e-01 -1.135878007575988704e+02
7.092028191872481457e-01 -1.131649879219055066e+02
7.062722290253172774e-01 -1.127407572898864743e+02
7.033416388633864091e-01 -1.123203996225992825e+02
7.004110487014557629e-01 -1.118988686353047797e+02
6.974804585395250056e-01 -1.114811955513000470e+02
6.945498683775941373e-01 -1.110625808484395378e+02
6.916192782156634911e-01 -1.106478066047668563e+02
6.886886880537326228e-01 -1.102323097948710142e+02
6.857580978918018655e-01 -1.098206333366394034e+02
6.828275077298712192e-01 -1.094084415323893182e+02
6.798969175679403509e-01 -1.090000476453145382e+02
6.769663274060094826e-01 -1.085913342806498179e+02
6.740357372440787254e-01 -1.081863944430033513e+02
6.711051470821480791e-01 -1.077813199679056737e+02
6.681745569202172108e-01 -1.073799924530029273e+02
6.652439667582863425e-01 -1.069787049077351924e+02
6.623133765963556963e-01 -1.065811360715230336e+02
6.593827864344249390e-01 -1.061837713925679623e+02
6.564521962724940707e-01 -1.057900952974955260e+02
6.535216061105634244e-01 -1.053967786198933965e+02
6.505910159486325561e-01 -1.050071186876932785e+02
6.476604257867017989e-01 -1.046179633954366039e+02
6.447298356247709306e-01 -1.042324317751566412e+02
6.417992454628402843e-01 -1.038475421610514360e+02
6.388686553009094160e-01 -1.034662414891560900e+02
6.359380651389786587e-01 -1.030857110201517770e+02
6.330074749770479015e-01 -1.027087337287902642e+02
6.300768848151171442e-01 -1.023326472236633009e+02
6.271462946531862759e-01 -1.019600772682190097e+02
6.242157044912556296e-01 -1.015885106061299581e+02
6.212851143293247613e-01 -1.012204225092570056e+02
6.183545241673940041e-01 -1.008534432416279998e+02
6.154239340054631358e-01 -1.004899038233439228e+02
6.124933438435324895e-01 -1.001275713030497201e+02
6.095627536816016212e-01 -9.976863898544311837e+01
6.066321635196708639e-01 -9.941100557250975100e+01
6.037015733577402177e-01 -9.905673145624797371e+01
6.007709831958093494e-01 -9.870384187240600227e+01
5.978403930338784811e-01 -9.835427050196327059e+01
5.949098028719478348e-01 -9.800616255772909824e+01
5.919792127100170775e-01 -9.766133112843832009e+01
5.890486225480862092e-01 -9.731803638381957455e+01
5.861180323861553410e-01 -9.697797586339314080e+01
5.831874422242246947e-01 -9.663952127253213575e+01
5.802568520622939374e-01 -9.630425721308391473e+01
5.773262619003630691e-01 -9.597065986404417970e+01
5.743956717384324229e-01 -9.564021048431396821e+01
5.714650815765015546e-01 -9.531148815790811568e+01
5.685344914145706863e-01 -9.498586932398477245e+01
5.656039012526399290e-01 -9.466202815678913396e+01
5.626733110907091717e-01 -9.434124819335937673e+01
5.597427209287784144e-01 -9.402229387207030697e+01
5.568121307668476572e-01 -9.370635702997846295e+01
5.538815406049168999e-01 -9.339228904800415876e+01
5.509509504429861426e-01 -9.308119451446532366e+01
5.480203602810553853e-01 -9.277200870208740469e+01
5.450897701191246281e-01 -9.246575219548543600e+01
5.421591799571938708e-01 -9.216143971125285361e+01
5.392285897952628915e-01 -9.186001230494181868e+01
5.362979996333321342e-01 -9.156056104787191430e+01
5.333674094714015990e-01 -9.126395046997070892e+01
5.304368193094706196e-01 -9.096934448471070311e+01
5.275062291475398624e-01 -9.067753480529785293e+01
5.245756389856091051e-01 -9.038775463485717410e+01
5.216450488236783478e-01 -9.010072668533325668e+01
5.187144586617475905e-01 -8.981574998931886000e+01
5.157838684998168333e-01 -8.953348128687539997e+01
5.128532783378860760e-01 -8.925328266220093099e+01
5.099226881759553187e-01 -8.897574817708333228e+01
5.069920980140243394e-01 -8.870029953104653941e+01
5.040615078520938042e-01 -8.842747101287842781e+01
5.011309176901628248e-01 -8.815674144363403286e+01
4.982003275282320676e-01 -8.788858862609862399e+01
4.952697373663013103e-01 -8.762254506657919251e+01
4.923391472043705530e-01 -8.735903480453491454e+01
4.894085570424397957e-01 -8.709764193496705786e+01
4.864779668805090385e-01 -8.683873917541502863e+01
4.835473767185782812e-01 -8.658195947062174014e+01
4.806167865566475239e-01 -8.632762714182536001e+01
4.776861963947165446e-01 -8.607542139587401664e+01
4.747556062327860094e-01 -8.582562034174601706e+01
4.718250160708550300e-01 -8.557794743932088011e+01
4.688944259089242728e-01 -8.533263700815835762e+01
4.659638357469937375e-01 -8.508945430628460826e+01
4.630332455850627582e-01 -8.484859213333129446e+01
4.601026554231320009e-01 -8.460985522511801094e+01
4.571720652612012437e-01 -8.437339728622436041e+01
4.542414750992704864e-01 -8.413906071446734813e+01
4.513108849373397291e-01 -8.390696190872192517e+01
4.483802947754087498e-01 -8.367697866185505973e+01
4.454497046134782146e-01 -8.344919251022339779e+01
4.425191144515474573e-01 -8.322351474431356166e+01
4.395885242896164780e-01 -8.299999351882937049e+01
4.366579341276859427e-01 -8.277857210489908368e+01
4.337273439657549634e-01 -8.255926737976075458e+01
4.307967538038242061e-01 -8.234205240681966131e+01
4.278661636418936709e-01 -8.212691443506878386e+01
4.249355734799626916e-01 -8.191385512440999150e+01
4.220049833180319343e-01 -8.170283372904459895e+01
4.190743931561011770e-01 -8.149387860132853234e+01
4.161438029941704198e-01 -8.128692266565958846e+01
4.132132128322396625e-01 -8.108201955617268197e+01
4.102826226703086832e-01 -8.087907734680176475e+01
4.073520325083781479e-01 -8.067817352625529281e+01
4.044214423464473906e-01 -8.047919281539915914e+01
4.014908521845164113e-01 -8.028223491388956745e+01
3.985602620225858761e-01 -8.008716286722818722e+01
3.956296718606548968e-01 -7.989409740727741394e+01
3.926990816987241395e-01 -7.970288097585041953e+01
3.897684915367933822e-01 -7.951365397008260061e+01
3.868379013748626249e-01 -7.932623965276081890e+01
3.839073112129318677e-01 -7.914079671579997921e+01
3.809767210510008884e-01 -7.895713073170979612e+01
3.780461308890703531e-01 -7.877541753616333153e+01
3.751155407271395958e-01 -7.859544589360554312e+01
3.721849505652086165e-01 -7.841740784784953178e+01
3.692543604032780813e-01 -7.824107641499837484e+01
3.663237702413471020e-01 -7.806665869344075759e+01
3.633931800794163447e-01 -7.789391325047810710e+01
3.604625899174855874e-01 -7.772306127141318655e+01
3.575319997555548301e-01 -7.755384769795736588e+01
3.546014095936240729e-01 -7.738650655136108014e+01
3.516708194316933156e-01 -7.722077044652303357e+01
3.487402292697625583e-01 -7.705688556340537332e+01
3.458096391078318010e-01 -7.689457294642132013e+01
3.428790489459008217e-01 -7.673408970896402082e+01
3.399484587839702865e-01 -7.657514640426634855e+01
3.370178686220395292e-01 -7.641801041132609384e+01
3.340872784601085499e-01 -7.626238250630697735e+01
3.311566882981777926e-01 -7.610853956960042410e+01
3.282260981362470353e-01 -7.595617336527506325e+01
3.252955079743162781e-01 -7.580556949666342348e+01
3.223649178123855208e-01 -7.565641147689818524e+01
3.194343276504547635e-01 -7.550899294306437071e+01
3.165037374885240062e-01 -7.536298988113402686e+01
3.135731473265932490e-01 -7.521870313466389746e+01
3.106425571646622696e-01 -7.507580199127198739e+01
3.077119670027317344e-01 -7.493459397455850990e+01
3.047813768408007551e-01 -7.479474204177856222e+01
3.018507866788699978e-01 -7.465656029485064948e+01
2.989201965169392405e-01 -7.451970590922036308e+01
2.959896063550084833e-01 -7.438449581375122932e+01
2.930590161930777260e-01 -7.425058453776043166e+01
2.901284260311469687e-01 -7.411829797515868279e+01
2.871978358692162114e-01 -7.398728251393636413e+01
2.842672457072854542e-01 -7.385786510314942177e+01
2.813366555453544748e-01 -7.372969143905639555e+01
2.784060653834239396e-01 -7.360309277521768934e+01
2.754754752214929603e-01 -7.347771078542074008e+01
2.725448850595622030e-01 -7.335388010559081806e+01
2.696142948976316678e-01 -7.323123964436850031e+01
2.666837047357006885e-01 -7.311012676976521618e+01
2.637531145737699312e-01 -7.299017811279296097e+01
2.608225244118391739e-01 -7.287173328501383196e+01
2.578919342499084166e-01 -7.275442715276082595e+01
2.549613440879776594e-01 -7.263860126749673896e+01
2.520307539260466800e-01 -7.252388902359007261e+01
2.491001637641161448e-01 -7.241063327865600741e+01
2.461695736021853875e-01 -7.229846665827433583e+01
2.432389834402544082e-01 -7.218773307571410669e+01
2.403083932783238730e-01 -7.207806447168985642e+01
2.373778031163928937e-01 -7.196980543136596964e+01
2.344472129544621364e-01 -7.186258763860067234e+01
2.315166227925316011e-01 -7.175675607198078865e+01
2.285860326306006218e-01 -7.165194259084066175e+01
2.256554424686698646e-01 -7.154849211018880339e+01
2.227248523067391073e-01 -7.144603671874997985e+01
2.197942621448083500e-01 -7.134492150166829560e+01
2.168636719828775927e-01 -7.124477902145383723e+01
2.139330818209466134e-01 -7.114595361455280909e+01
2.110024916590160782e-01 -7.104807910614013622e+01
2.080719014970853209e-01 -7.095149894510906563e+01
2.051413113351543416e-01 -7.085584802576700270e+01
2.022107211732238063e-01 -7.076146907018024024e+01
1.992801310112928270e-01 -7.066799822285970833e+01
1.963495408493620697e-01 -7.057577684122719575e+01
1.934189506874313125e-01 -7.048444290796915368e+01
1.904883605255005552e-01 -7.039433626734417260e+01
1.875577703635697979e-01 -7.030509672470091687e+01
1.846271802016388186e-01 -7.021706248219807378e+01
1.816965900397082834e-01 -7.012987552312215200e+01
1.787659998777775261e-01 -7.004387192230224457e+01
1.758354097158465468e-01 -6.995869611384073039e+01
1.729048195539160115e-01 -6.987468228683469817e+01
1.699742293919850322e-01 -6.979147710952759098e+01
1.670436392300542749e-01 -6.970941253077189970e+01
1.641130490681235177e-01 -6.962813792317709272e+01
1.611824589061927604e-01 -6.954798276062011553e+01
1.582518687442620031e-01 -6.946859918874103812e+01
1.553212785823312458e-01 -6.939031419881185059e+01
1.523906884204004886e-01 -6.931278273620607422e+01
1.494600982584697313e-01 -6.923632919667562646e+01
1.465295080965387520e-01 -6.916061176427204771e+01
1.435989179346082167e-01 -6.908595177129109288e+01
1.406683277726774595e-01 -6.901201063156128157e+01
1.377377376107464801e-01 -6.893910680491130449e+01
1.348071474488157229e-01 -6.886690493011475667e+01
1.318765572868849656e-01 -6.879572040735880023e+01
1.289459671249542083e-01 -6.872522135136922827e+01
1.260153769630234510e-01 -6.865571991246541472e+01
1.230847868010926938e-01 -6.858688778254189344e+01
1.201541966391619365e-01 -6.851903396123249479e+01
1.172236064772311792e-01 -6.845183369420369957e+01
1.142930163153004219e-01 -6.838559241434732883e+01
1.113624261533696647e-01 -6.831998920796712582e+01
1.084318359914386853e-01 -6.825532620620727187e+01
1.055012458295079281e-01 -6.819128603591920523e+01
1.025706556675771708e-01 -6.812816736679077678e+01
9.964006550564641351e-02 -6.806565665740967574e+01
9.670947534371565624e-02 -6.800404916966755309e+01
9.377888518178489896e-02 -6.794303504536948424e+01
9.084829501985414169e-02 -6.788290605341592254e+01
8.791770485792338441e-02 -6.782335616963703728e+01
8.498711469599262713e-02 -6.776467363255819976e+01
8.205652453406186986e-02 -6.770655636469523131e+01
7.912593437213089054e-02 -6.764928876953125325e+01
7.619534421020013326e-02 -6.759257279459636436e+01
7.326475404826959803e-02 -6.753668928044636743e+01
7.033416388633861871e-02 -6.748134405212401532e+01
6.740357372440786143e-02 -6.742681422602335317e+01
6.447298356247710416e-02 -6.737280972976684268e+01
6.154239340054634688e-02 -6.731960369974773073e+01
5.861180323861558961e-02 -6.726691025644939259e+01
5.568121307668461029e-02 -6.721499888509113418e+01
5.275062291475407505e-02 -6.716358767115275441e+01
4.982003275282331778e-02 -6.711294214502969169e+01
4.688944259089233846e-02 -6.706278453648886284e+01
4.395885242896180323e-02 -6.701337675094605117e+01
4.102826226703082391e-02 -6.696444501291911422e+01
3.809767210510006663e-02 -6.691624732615152027e+01
3.516708194316953140e-02 -6.686851406275431486e+01
3.223649178123855208e-02 -6.682149914271036550e+01
2.930590161930779480e-02 -6.677493746846515421e+01
2.637531145737703753e-02 -6.672907908706665125e+01
2.344472129544628025e-02 -6.668366288172404666e+01
2.051413113351552298e-02 -6.663893391342162431e+01
1.758354097158454366e-02 -6.659463634770712304e+01
1.465295080965400842e-02 -6.655101428883870085e+01
1.172236064772325115e-02 -6.650781142298382065e+01
8.791770485792271828e-03 -6.646526527379354832e+01
5.861180323861736596e-03 -6.642313008982341671e+01
2.930590161930757276e-03 -6.638164208297730795e+01
0.000000000000000000e+00 -6.634055399551391474e+01
-2.930590161930757276e-03 -6.630009579569500033e+01
-5.861180323861736596e-03 -6.626002750803631614e+01
-8.791770485792049783e-03 -6.622057685012818240e+01
-1.172236064772302910e-02 -6.618150636189780300e+01
-1.465295080965378638e-02 -6.614303967564900688e+01
-1.758354097158454366e-02 -6.610494373423259162e+01
-2.051413113351552298e-02 -6.606743839772541094e+01
-2.344472129544628025e-02 -6.603029444173176898e+01
-2.637531145737703753e-02 -6.599372836278280374e+01
-2.930590161930757276e-02 -6.595751472167968643e+01
-3.223649178123833003e-02 -6.592186588795979674e+01
-3.516708194316930935e-02 -6.588656062062581498e+01
-3.809767210510006663e-02 -6.585180805918375313e+01
-4.102826226703082391e-02 -6.581739031829833664e+01
-4.395885242896180323e-02 -6.578351281890869018e+01
-4.688944259089256050e-02 -6.574996175333662052e+01
-4.982003275282309573e-02 -6.571693893839517386e+01
-5.275062291475385301e-02 -6.568423444900511754e+01
-5.568121307668461029e-02 -6.565204617411293953e+01
-5.861180323861558961e-02 -6.562016823552450262e+01
-6.154239340054634688e-02 -6.558879522628784287e+01
-6.447298356247710416e-02 -6.555772466074625981e+01
-6.740357372440763939e-02 -6.552714738337199663e+01
-7.033416388633839667e-02 -6.549686486638387350e+01
-7.326475404826937599e-02 -6.546706475982665552e+01
-7.619534421020013326e-02 -6.543755186665853785e+01
-7.912593437213089054e-02 -6.540851036758424186e+01
-8.205652453406186986e-02 -6.537974881896971624e+01
-8.498711469599262713e-02 -6.535144795761110004e+01
-8.791770485792316236e-02 -6.532341990534463605e+01
-9.084829501985391964e-02 -6.529584194335936331e+01
-9.377888518178489896e-02 -6.526852994410198505e+01
-9.670947534371565624e-02 -6.524165758310954288e+01
-9.964006550564641351e-02 -6.521504443333944323e+01
-1.025706556675771708e-01 -6.518886096165975630e+01
-1.055012458295081501e-01 -6.516292997360228867e+01
-1.084318359914386853e-01 -6.513741877695719040e+01
-1.113624261533694426e-01 -6.511215350875856700e+01
-1.142930163153001999e-01 -6.508729832433066065e+01
-1.172236064772311792e-01 -6.506268280105589952e+01
-1.201541966391619365e-01 -6.503846804885864685e+01
-1.230847868010926938e-01 -6.501448689651488166e+01
-1.260153769630232290e-01 -6.499089703420003161e+01
-1.289459671249539863e-01 -6.496753472391763751e+01
-1.318765572868849656e-01 -6.494455461781819849e+01
-1.348071474488157229e-01 -6.492179614232382789e+01
-1.377377376107464801e-01 -6.489941086959838401e+01
-1.406683277726774595e-01 -6.487724153772990121e+01
-1.435989179346082167e-01 -6.485543651962279910e+01
-1.465295080965387520e-01 -6.483384195098875580e+01
-1.494600982584695092e-01 -6.481260353215535019e+01
-1.523906884204002665e-01 -6.479157001368204760e+01
-1.553212785823312458e-01 -6.477088385925291902e+01
-1.582518687442620031e-01 -6.475039724121091922e+01
-1.611824589061927604e-01 -6.473025031153360942e+01
-1.641130490681237397e-01 -6.471029767176310088e+01
-1.670436392300540529e-01 -6.469067623621623397e+01
-1.699742293919850322e-01 -6.467124413172403763e+01
-1.729048195539157895e-01 -6.465213557968138502e+01
-1.758354097158465468e-01 -6.463321145782470012e+01
-1.787659998777775261e-01 -6.461460323511759896e+01
-1.816965900397082834e-01 -6.459617452799479054e+01
-1.846271802016390406e-01 -6.457805426050823883e+01
-1.875577703635695759e-01 -6.456010870463055085e+01
-1.904883605255003332e-01 -6.454246431248984095e+01
-1.934189506874313125e-01 -6.452499007212321658e+01
-1.963495408493620697e-01 -6.450780948460895559e+01
-1.992801310112928270e-01 -6.449079467976888225e+01
-2.022107211732238063e-01 -6.447406642583210612e+01
-2.051413113351541195e-01 -6.445749960174561011e+01
-2.080719014970850989e-01 -6.444121256128947550e+01
-2.110024916590158561e-01 -6.442508257420857376e+01
-2.139330818209466134e-01 -6.440922578786214103e+01
-2.168636719828775927e-01 -6.439352186533608347e+01
-2.197942621448083500e-01 -6.437808444951375009e+01
-2.227248523067391073e-01 -6.436279593073525973e+01
-2.256554424686696425e-01 -6.434776761322021343e+01
-2.285860326306003998e-01 -6.433288421936033785e+01
-2.315166227925313791e-01 -6.431825463333130699e+01
-2.344472129544621364e-01 -6.430376604385375572e+01
-2.373778031163928937e-01 -6.428952529907226676e+01
-2.403083932783238730e-01 -6.427542187728882084e+01
-2.432389834402546303e-01 -6.426156001434326015e+01
-2.461695736021851655e-01 -6.424783186213176123e+01
-2.491001637641159228e-01 -6.423433947219849927e+01
-2.520307539260466800e-01 -6.422097720464068971e+01
-2.549613440879776594e-01 -6.420784528859456941e+01
-2.578919342499084166e-01 -6.419484002380370669e+01
-2.608225244118391739e-01 -6.418205779774983455e+01
-2.637531145737697091e-01 -6.416939816945394170e+01
-2.666837047357004664e-01 -6.415695603052773777e+01
-2.696142948976314457e-01 -6.414463007863362520e+01
-2.725448850595622030e-01 -6.413252457784017224e+01
-2.754754752214929603e-01 -6.412054435602823332e+01
-2.784060653834239396e-01 -6.410875969619750947e+01
-2.813366555453546969e-01 -6.409709058685302807e+01
-2.842672457072852321e-01 -6.408562578481037519e+01
-2.871978358692159894e-01 -6.407427156041462979e+01
-2.901284260311469687e-01 -6.406311493199666529e+01
-2.930590161930777260e-01 -6.405206589228313874e+01
-2.959896063550084833e-01 -6.404121002731324097e+01
-2.989201965169392405e-01 -6.403045891621906094e+01
-3.018507866788702199e-01 -6.401989589487712351e+01
-3.047813768408007551e-01 -6.400943464024861385e+01
-3.077119670027315124e-01 -6.399915714543659817e+01
-3.106425571646622696e-01 -6.398897845662435913e+01
-3.135731473265932490e-01 -6.397897900263468074e+01
-3.165037374885240062e-01 -6.396907588984171156e+01
-3.194343276504547635e-01 -6.395934701105753106e+01
-3.223649178123852987e-01 -6.394971194356282496e+01
-3.252955079743160560e-01 -6.394024708913168809e+01
-3.282260981362470353e-01 -6.393087348480224819e+01
-3.311566882981777926e-01 -6.392166562627156878e+01
-3.340872784601085499e-01 -6.391254645945232937e+01
-3.370178686220395292e-01 -6.390358911768595362e+01
-3.399484587839702865e-01 -6.389471815795897669e+01
-3.428790489459008217e-01 -6.388600469334919296e+01
-3.458096391078315790e-01 -6.387737528152465671e+01
-3.487402292697623363e-01 -6.386889931259155162e+01
-3.516708194316933156e-01 -6.386050511296590315e+01
-3.546014095936240729e-01 -6.385226058959960938e+01
-3.575319997555548301e-01 -6.384409583129883003e+01
-3.604625899174858095e-01 -6.383607667770386485e+01
-3.633931800794161227e-01 -6.382813485844930312e+01
-3.663237702413471020e-01 -6.382033548889160102e+01
-3.692543604032778592e-01 -6.381261124471028978e+01
-3.721849505652086165e-01 -6.380502553990682202e+01
-3.751155407271395958e-01 -6.379751273269653211e+01
-3.780461308890703531e-01 -6.379013535257975320e+01
-3.809767210510008884e-01 -6.378282886937459750e+01
-3.839073112129316456e-01 -6.377565407562257604e+01
-3.868379013748624029e-01 -6.376854832687379115e+01
-3.897684915367933822e-01 -6.376157108484904512e+01
-3.926990816987241395e-01 -6.375466100947062387e+01
-3.956296718606548968e-01 -6.374787581456501329e+01
-3.985602620225858761e-01 -6.374115586496988328e+01
-4.014908521845161893e-01 -6.373455794754029569e+01
-4.044214423464471686e-01 -6.372802352650960245e+01
-4.073520325083779259e-01 -6.372160761337280377e+01
-4.102826226703086832e-01 -6.371525347925821592e+01
-4.132132128322396625e-01 -6.370901526056925945e+01
-4.161438029941704198e-01 -6.370283709742227529e+01
-4.190743931561011770e-01 -6.369677138900756574e+01
-4.220049833180317123e-01 -6.369076418228149805e+01
-4.249355734799624695e-01 -6.368486666692097486e+01
-4.278661636418934489e-01 -6.367902597783407259e+01
-4.307967538038242061e-01 -6.367329210586547816e+01
-4.337273439657551855e-01 -6.366761369730632936e+01
-4.366579341276857207e-01 -6.366203909734090161e+01
-4.395885242896167000e-01 -6.365651840286255947e+01
-4.425191144515472352e-01 -6.365109906387330341e+01
-4.454497046134782146e-01 -6.364573197555542805e+01
-4.483802947754087498e-01 -6.364046367848713714e+01
-4.513108849373397291e-01 -6.363524603830973803e+01
-4.542414750992707084e-01 -6.363012476476033186e+01
-4.571720652612012437e-01 -6.362505278142293008e+01
-4.601026554231317789e-01 -6.362007458877563693e+01
-4.630332455850627582e-01 -6.361514439773559815e+01
-4.659638357469932934e-01 -6.361030533650716023e+01
-4.688944259089242728e-01 -6.360551288019816241e+01
-4.718250160708552521e-01 -6.360080940907796077e+01
-4.747556062327857873e-01 -6.359615113881429238e+01
-4.776861963947167666e-01 -6.359157943954468095e+01
-4.806167865566473019e-01 -6.358705180536906454e+01
-4.835473767185782812e-01 -6.358260834782917925e+01
-4.864779668805088164e-01 -6.357820774841308520e+01
-4.894085570424397957e-01 -6.357388912760417554e+01
-4.923391472043707751e-01 -6.356961215362548501e+01
-4.952697373663013103e-01 -6.356541508407593000e+01
-4.982003275282322896e-01 -6.356125847956339214e+01
-5.011309176901628248e-01 -6.355717947921752398e+01
-5.040615078520933601e-01 -6.355313970184326422e+01
-5.069920980140243394e-01 -6.354917597885130931e+01
-5.099226881759553187e-01 -6.354525023040771003e+01
-5.128532783378858539e-01 -6.354139839604695794e+01
-5.157838684998168333e-01 -6.353758366978963323e+01
-5.187144586617473685e-01 -6.353384093831380852e+01
-5.216450488236783478e-01 -6.353013421452840248e+01
-5.245756389856088830e-01 -6.352649778671264613e+01
-5.275062291475398624e-01 -6.352289627100626035e+01
-5.304368193094708417e-01 -6.351936514790851618e+01
-5.333674094714013769e-01 -6.351586820653280085e+01
-5.362979996333323562e-01 -6.351243585840860817e+01
-5.392285897952628915e-01 -6.350903641306559422e+01
-5.421591799571934267e-01 -6.350572871449787726e+01
-5.450897701191244060e-01 -6.350246109924314908e+01
-5.480203602810553853e-01 -6.349917187576293998e+01
-5.509509504429859206e-01 -6.349590821456907008e+01
-5.538815406049168999e-01 -6.349278153813679637e+01
-5.568121307668478792e-01 -6.348969087931315869e+01
-5.597427209287784144e-01 -6.348661938654581860e+01
-5.626733110907089497e-01 -6.348357931874593163e+01
-5.656039012526399290e-01 -6.348060933303833053e+01
-5.685344914145709083e-01 -6.347766791102091588e+01
-5.714650815765014435e-01 -6.347478035532633811e+01
-5.743956717384324229e-01 -6.347192074000040662e+01
-5.773262619003629581e-01 -6.346911641260782488e+01
-5.802568520622939374e-01 -6.346633900171916309e+01
-5.831874422242244727e-01 -6.346361516952514847e+01
-5.861180323861554520e-01 -6.346091740137736537e+01
-5.890486225480859872e-01 -6.345827120717365233e+01
-5.919792127100169665e-01 -6.345565032272338613e+01
-5.949098028719479458e-01 -6.345308004531860036e+01
-5.978403930338784811e-01 -6.345053423283893324e+01
-6.007709831958090163e-01 -6.344803722559610293e+01
-6.037015733577399956e-01 -6.344556423365275322e+01
-6.066321635196709749e-01 -6.344313875401813618e+01
-6.095627536816015102e-01 -6.344073646799723321e+01
-6.124933438435324895e-01 -6.343838106206258232e+01
-6.154239340054634688e-01 -6.343604828923542982e+01
-6.183545241673940041e-01 -6.343376044438680594e+01
-6.212851143293245393e-01 -6.343149467951457154e+01
-6.242157044912555186e-01 -6.342927320632934141e+01
-6.271462946531864979e-01 -6.342707311859132346e+01
-6.300768848151170332e-01 -6.342491609802246444e+01
-6.330074749770480125e-01 -6.342277973175048089e+01
-6.359380651389785477e-01 -6.342068531570433976e+01
-6.388686553009090829e-01 -6.341861103795369559e+01
-6.417992454628400623e-01 -6.341657767766316312e+01
-6.447298356247710416e-01 -6.341456401163737411e+01
-6.476604257867015768e-01 -6.341258923110961376e+01
-6.505910159486325561e-01 -6.341063365961710474e+01
-6.535216061105635355e-01 -6.340871648203532374e+01
-6.564521962724940707e-01 -6.340681797154744714e+01
-6.593827864344246059e-01 -6.340495642267863019e+01
-6.623133765963555852e-01 -6.340311283340454196e+01
-6.652439667582865646e-01 -6.340130550155639355e+01
-6.681745569202170998e-01 -6.339951544723510324e+01
-6.711051470821480791e-01 -6.339776089909871359e+01
-6.740357372440790584e-01 -6.339602303619385282e+01
-6.769663274060091496e-01 -6.339431952336629195e+01
-6.798969175679401289e-01 -6.339263236211141361e+01
-6.828275077298711082e-01 -6.339097838211059610e+01
-6.857580978918016434e-01 -6.338934033584594374e+01
-6.886886880537326228e-01 -6.338773502120971415e+01
-6.916192782156636021e-01 -6.338614516372680896e+01
-6.945498683775941373e-01 -6.338458639755249635e+01
-6.974804585395246725e-01 -6.338304253667195098e+01
-7.004110487014556519e-01 -6.338152980219523158e+01
-7.033416388633866312e-01 -6.338003140055338491e+01
-7.062722290253171664e-01 -6.337856291122436403e+01
-7.092028191872481457e-01 -6.337710838801066160e+01
-7.121334093491791251e-01 -6.337568317082722302e+01
-7.150639995111092162e-01 -6.337427165959676501e+01
-7.179945896730401955e-01 -6.337288823420207251e+01
-7.209251798349711748e-01 -6.337151823476155954e+01
-7.238557699969017101e-01 -6.337017568028768011e+01
-7.267863601588326894e-01 -6.336884592539469452e+01
-7.297169503207636687e-01 -6.336754320246379280e+01
-7.326475404826942039e-01 -6.336625294570922762e+01
-7.355781306446247392e-01 -6.336498847071329976e+01
-7.385087208065557185e-01 -6.336373598302205323e+01
-7.414393109684866978e-01 -6.336250890477499098e+01
-7.443699011304172330e-01 -6.336129356358846110e+01
-7.473004912923482124e-01 -6.336010252685547073e+01
-7.502310814542791917e-01 -6.335892291234334550e+01
-7.531616716162097269e-01 -6.335776726531982206e+01
-7.560922617781402622e-01 -6.335662267532349290e+01
-7.590228519400712415e-01 -6.335550123926797994e+01
-7.619534421020017767e-01 -6.335439066085815085e+01
-7.648840322639327560e-01 -6.335330249913533862e+01
-7.678146224258637353e-01 -6.335222478281657033e+01
-7.707452125877942706e-01 -6.335116916427612210e+01
-7.736758027497248058e-01 -6.335012359008788962e+01
-7.766063929116557851e-01 -6.334909925003051967e+01
-7.795369830735867644e-01 -6.334808472569783788e+01
-7.824675732355172997e-01 -6.334709085006713991e+01
-7.853981633974482790e-01 -6.334610660730997722e+01
-7.883287535593792583e-01 -6.334514223963419965e+01
-7.912593437213097936e-01 -6.334418730036417600e+01
-7.941899338832403288e-01 -6.334325178095499354e+01
-7.971205240451713081e-01 -6.334232535934448549e+01
-8.000511142071022874e-01 -6.334141772588093744e+01
-8.029817043690328227e-01 -6.334051897710165946e+01
-8.059122945309638020e-01 -6.333963837356567694e+01
-8.088428846928947813e-01 -6.333876644617716778e+01
-8.117734748548253165e-01 -6.333791255366007533e+01
-8.147040650167558518e-01 -6.333706674753825183e+01
-8.176346551786868311e-01 -6.333623839696249291e+01
-8.205652453406173663e-01 -6.333541781895954870e+01
-8.234958355025483456e-01 -6.333461552708943287e+01
-8.264264256644793250e-01 -6.333382139307658321e+01
-8.293570158264098602e-01 -6.333303732274373488e+01
-8.322876059883403954e-01 -6.333225823949178590e+01
-8.352181961502713747e-01 -6.333150793584186999e+01
-8.381487863122023541e-01 -6.333076215031942269e+01
-8.410793764741328893e-01 -6.333002852121988724e+01
-8.440099666360638686e-01 -6.332930205663045342e+01
-8.469405567979948479e-01 -6.332859135665891870e+01
-8.498711469599253832e-01 -6.332788746922810219e+01
-8.528017371218559184e-01 -6.332719804458618285e+01
-8.557323272837868977e-01 -6.332651528040567968e+01
-8.586629174457174329e-01 -6.332584671910603902e+01
-8.615935076076484123e-01 -6.332518461201986071e+01
-8.645240977695793916e-01 -6.332453625564574651e+01
-8.674546879315099268e-01 -6.332389409561157123e+01
-8.703852780934409061e-01 -6.332326551589965646e+01
-8.733158682553714414e-01 -6.332264295323690106e+01
-8.762464584173024207e-01 -6.332203321584065492e+01
-8.791770485792329559e-01 -6.332142947514851983e+01
-8.821076387411639352e-01 -6.332083832244872923e+01
-8.850382289030949146e-01 -6.332025272420247575e+01
-8.879688190650254498e-01 -6.331967958017985154e+01
-8.908994092269559850e-01 -6.331911188837686666e+01
-8.938299993888869643e-01 -6.331855617218017329e+01
-8.967605895508174996e-01 -6.331800572535196636e+01
-8.996911797127484789e-01 -6.331746685638427863e+01
-9.026217698746794582e-01 -6.331693331680297376e+01
-9.055523600366099934e-01 -6.331641096242268674e+01
-9.084829501985409728e-01 -6.331589356053670059e+01
-9.114135403604715080e-01 -6.331538733495076343e+01
-9.143441305224024873e-01 -6.331488581771850477e+01
-9.172747206843330225e-01 -6.331439488194784104e+01
-9.202053108462640019e-01 -6.331390874379475520e+01
-9.231359010081949812e-01 -6.331343280868529888e+01
-9.260664911701255164e-01 -6.331296145502726347e+01
-9.289970813320564957e-01 -6.331250032450357423e+01
-9.319276714939870310e-01 -6.331204362004597641e+01
-9.348582616559175662e-01 -6.331159645716349615e+01
-9.377888518178485455e-01 -6.331115369745889154e+01
-9.407194419797795248e-01 -6.331072046381633101e+01
-9.436500321417100601e-01 -6.331029131240845942e+01
-9.465806223036410394e-01 -6.330987125066120313e+01
-9.495112124655720187e-01 -6.330945537007649193e+01
-9.524418026275025539e-01 -6.330904829076131080e+01
-9.553723927894330892e-01 -6.330864523493448814e+01
-9.583029829513640685e-01 -6.330825061213175786e+01
-9.612335731132950478e-01 -6.330785989151000592e+01
-9.641641632752255830e-01 -6.330747753779092335e+01
-9.670947534371565624e-01 -6.330709903539021610e+01
-9.700253435990870976e-01 -6.330672862294515113e+01
-9.729559337610180769e-01 -6.330636181691486541e+01
-9.758865239229486122e-01 -6.330600290883381831e+01
-9.788171140848795915e-01 -6.330564753672281597e+01
-9.817477042468105708e-01 -6.330529965260822678e+01
-9.846782944087411060e-01 -6.330495525309244442e+01
-9.876088845706720853e-01 -6.330461840031941989e+01
-9.905394747326026206e-01 -6.330428467686971317e+01
-9.934700648945331558e-01 -6.330395812250772991e+01
-9.964006550564641351e-01 -6.330363478495279850e+01
-9.993312452183951144e-01 -6.330331851933797793e+01
-1.002261835380325650e+00 -6.330300519332885045e+01
-1.005192425542256629e+00 -6.330269875869750251e+01
-1.008123015704187608e+00 -6.330239527537027300e+01
-1.011053605866118144e+00 -6.330209836756388597e+01
-1.013984196028048679e+00 -6.330180435994466137e+01
-1.016914786189979658e+00 -6.330151677678426836e+01
-1.019845376351910637e+00 -6.330123204091387379e+01
-1.022775966513841173e+00 -6.330095336736044231e+01
-1.025706556675772152e+00 -6.330067735773722859e+01
-1.028637146837702687e+00 -6.330040761591592968e+01
-1.031567736999633222e+00 -6.330014029591878000e+01
-1.034498327161564202e+00 -6.329987883529662440e+01
-1.037428917323495181e+00 -6.329961996587117312e+01
-1.040359507485425716e+00 -6.329936669896441970e+01
-1.043290097647356696e+00 -6.329911595586141004e+01
-1.046220687809287675e+00 -6.329887068659464688e+01
-1.049151277971218210e+00 -6.329862793604532811e+01
-1.052081868133148745e+00 -6.329839046961466664e+01
-1.055012458295079725e+00 -6.329815534439087088e+01
-1.057943048457010704e+00 -6.329792552286784257e+01
-1.060873638618941239e+00 -6.329769783681233264e+01
-1.063804228780872219e+00 -6.329747518259684824e+01
-1.066734818942803198e+00 -6.329725466766358011e+01
-1.069665409104733289e+00 -6.329703906377156386e+01
-1.072595999266664268e+00 -6.329682578430174544e+01
-1.075526589428595248e+00 -6.329661674550374784e+01
-1.078457179590525783e+00 -6.329640998407999319e+01
-1.081387769752456762e+00 -6.329620808537801224e+01
-1.084318359914387742e+00 -6.329600807952881070e+01
-1.087248950076318277e+00 -6.329581228815714411e+01
-1.090179540238248812e+00 -6.329561859410603120e+01
-1.093110130400179791e+00 -6.329542941665649636e+01
-1.096040720562110771e+00 -6.329524211018879498e+01
-1.098971310724041306e+00 -6.329505882288614771e+01
-1.101901900885972285e+00 -6.329487757797241443e+01
-1.104832491047903265e+00 -6.329470233306884097e+01
-1.107763081209833356e+00 -6.329452991994219957e+01
-1.110693671371764335e+00 -6.329436623179118016e+01
-1.113624261533695314e+00 -6.329419805857340009e+01
-1.116554851695625850e+00 -6.329402805760700801e+01
-1.119485441857556829e+00 -6.329386041132609364e+01
-1.122416032019487808e+00 -6.329369454625447844e+01
-1.125346622181418343e+00 -6.329353050867716490e+01
-1.128277212343348879e+00 -6.329337474543253705e+01
-1.131207802505279858e+00 -6.329322040379842917e+01
-1.134138392667210837e+00 -6.329306923955279984e+01
-1.137068982829141373e+00 -6.329291954625447403e+01
-1.139999572991072352e+00 -6.329277376734415839e+01
-1.142930163153003331e+00 -6.329262936274211881e+01
-1.145860753314933866e+00 -6.329248827692667589e+01
-1.148791343476864402e+00 -6.329234854685465450e+01
-1.151721933638795381e+00 -6.329221204198201178e+01
-1.154652523800725916e+00 -6.329207691624959153e+01
-1.157583113962656896e+00 -6.329194488143920694e+01
-1.160513704124587875e+00 -6.329181410649617590e+01
-1.163444294286518410e+00 -6.329168644866943083e+01
-1.166374884448448945e+00 -6.329155998102825009e+01
-1.169305474610379925e+00 -6.329143646418254576e+01
-1.172236064772310904e+00 -6.329131412938436085e+01
-1.175166654934241439e+00 -6.329119462661743256e+01
-1.178097245096172418e+00 -6.329107635370890250e+01
-1.181027835258103398e+00 -6.329096071573893312e+01
-1.183958425420033933e+00 -6.329084622217813916e+01
-1.186889015581964468e+00 -6.329073452428182378e+01
-1.189819605743895448e+00 -6.329062374750773046e+01
-1.192750195905826427e+00 -6.329051564865113022e+01
-1.195680786067756962e+00 -6.329040859273275288e+01
-1.198611376229687941e+00 -6.329030416030884254e+01
-1.201541966391618921e+00 -6.329020074157715925e+01
-1.204472556553549456e+00 -6.329009969991047058e+01
-1.207403146715479991e+00 -6.328999968490600025e+01
-1.210333736877410971e+00 -6.328990209935507494e+01
-1.213264327039341506e+00 -6.328980555725097901e+01
-1.216194917201272485e+00 -6.328971117324829265e+01
-1.219125507363203464e+00 -6.328961775538126489e+01
-1.222056097525134000e+00 -6.328952659759521282e+01
-1.224986687687064535e+00 -6.328943640136719040e+01
-1.227917277848995514e+00 -6.328934829584757438e+01
-1.230847868010926494e+00 -6.328926104838053845e+01
-1.233778458172857029e+00 -6.328917586924234939e+01
-1.236709048334788008e+00 -6.328909151204427985e+01
-1.239639638496718987e+00 -6.328900926640828573e+01
-1.242570228658649523e+00 -6.328892783610026385e+01
-1.245500818820580058e+00 -6.328884836273193315e+01
-1.248431408982511037e+00 -6.328876970367431198e+01
-1.251361999144441572e+00 -6.328869293823242259e+01
-1.254292589306372552e+00 -6.328861690750122193e+01
-1.257223179468303531e+00 -6.328854294687905480e+01
-1.260153769630234066e+00 -6.328846964136759112e+01
-1.263084359792165046e+00 -6.328839812164306267e+01
-1.266014949954095581e+00 -6.328832731908162401e+01
-1.268945540116026560e+00 -6.328825829696656058e+01
-1.271876130277957095e+00 -6.328819000396728001e+01
-1.274806720439888075e+00 -6.328812333374024490e+01
-1.277737310601819054e+00 -6.328805732727050781e+01
-1.280667900763749589e+00 -6.328799304504394030e+01
-1.283598490925680125e+00 -6.328792930425007057e+01
-1.286529081087611104e+00 -6.328786730092366497e+01
-1.289459671249541639e+00 -6.328780586903888405e+01
-1.292390261411472618e+00 -6.328774616139729403e+01
-1.295320851573403598e+00 -6.328768696924845472e+01
-1.298251441735334133e+00 -6.328762924372354348e+01
-1.301182031897265112e+00 -6.328757215321858354e+01
-1.304112622059195647e+00 -6.328751654637655122e+01
-1.307043212221126627e+00 -6.328746151657103525e+01
-1.309973802383057162e+00 -6.328740790405274907e+01
-1.312904392544988141e+00 -6.328735479965210686e+01
-1.315834982706919121e+00 -6.328730308736166421e+01
-1.318765572868849656e+00 -6.328725186971028904e+01
-1.321696163030780635e+00 -6.328720206120809877e+01
-1.324626753192711170e+00 -6.328715281702675810e+01
-1.327557343354641706e+00 -6.328710487085978542e+01
-1.330487933516572685e+00 -6.328705758539835813e+01
-1.333418523678503664e+00 -6.328701143417357855e+01
-1.336349113840434200e+00 -6.328696588567098047e+01
-1.339279704002365179e+00 -6.328692127660116995e+01
-1.342210294164295714e+00 -6.328687742614746270e+01
-1.345140884326226693e+00 -6.328683447240194226e+01
-1.348071474488157229e+00 -6.328679200668334204e+01
-1.351002064650088208e+00 -6.328675084126790296e+01
-1.353932654812019187e+00 -6.328671011835734106e+01
-1.356863244973949723e+00 -6.328667046712237720e+01
-1.359793835135880702e+00 -6.328663136825561253e+01
-1.362724425297811237e+00 -6.328659337056478762e+01
-1.365655015459742216e+00 -6.328655589345295596e+01
-1.368585605621672752e+00 -6.328651950378417013e+01
-1.371516195783603731e+00 -6.328648362452189247e+01
-1.374446785945534266e+00 -6.328644863001505882e+01
-1.377377376107465246e+00 -6.328641414235433160e+01
-1.380307966269396225e+00 -6.328638075917563555e+01
-1.383238556431326760e+00 -6.328634785486855918e+01
-1.386169146593257295e+00 -6.328631566670736674e+01
-1.389099736755188275e+00 -6.328628381373086853e+01
-1.392030326917119254e+00 -6.328625275268554873e+01
-1.394960917079049789e+00 -6.328622181879679687e+01
-1.397891507240980769e+00 -6.328619290466307490e+01
-1.400822097402911304e+00 -6.328616379826863181e+01
-1.403752687564842283e+00 -6.328613546244303478e+01
-1.406683277726772818e+00 -6.328610745137532234e+01
-1.409613867888703798e+00 -6.328608070551554476e+01
-1.412544458050634777e+00 -6.328605423177083367e+01
-1.415475048212565312e+00 -6.328602840627033999e+01
-1.418405638374496291e+00 -6.328600203272501545e+01
-1.421336228536426827e+00 -6.328597819646200406e+01
-1.424266818698357362e+00 -6.328595531260173601e+01
-1.427197408860288341e+00 -6.328593129704793796e+01
-1.430127999022219321e+00 -6.328590754369100324e+01
-1.433058589184149856e+00 -6.328588537368773359e+01
-1.435989179346080835e+00 -6.328586353378296536e+01
-1.438919769508011814e+00 -6.328584225718180534e+01
-1.441850359669942350e+00 -6.328582180684406922e+01
-1.444780949831872885e+00 -6.328580136337281914e+01
-1.447711539993803864e+00 -6.328578183314004235e+01
-1.450642130155734844e+00 -6.328576309560140345e+01
-1.453572720317665379e+00 -6.328574496002197236e+01
-1.456503310479596358e+00 -6.328572682647705960e+01
-1.459433900641527337e+00 -6.328571024373372467e+01
-1.462364490803457429e+00 -6.328569237416584770e+01
-1.465295080965388408e+00 -6.328567548472086912e+01
-1.468225671127319387e+00 -6.328565961761474767e+01
-1.471156261289249922e+00 -6.328564498621624068e+01
-1.474086851451180902e+00 -6.328562962468465258e+01
-1.477017441613111881e+00 -6.328561451085409573e+01
-1.479948031775042416e+00 -6.328560091527302234e+01
-1.482878621936972952e+00 -6.328558791885377843e+01
-1.485809212098903931e+00 -6.328557452494303703e+01
-1.488739802260834910e+00 -6.328556279703775544e+01
-1.491670392422765445e+00 -6.328555044123332607e+01
-1.494600982584696425e+00 -6.328553884862265022e+01
-1.497531572746627404e+00 -6.328552753016153076e+01
-1.500462162908557495e+00 -6.328551718978881979e+01
-1.503392753070488475e+00 -6.328550677312215100e+01
-1.506323343232419454e+00 -6.328549697774251115e+01
-1.509253933394349989e+00 -6.328548709742228340e+01
-1.512184523556280968e+00 -6.328547792231243108e+01
-1.515115113718211948e+00 -6.328546984202065318e+01
-1.518045703880142483e+00 -6.328546328760782558e+01
-1.520976294042073018e+00 -6.328545499445596789e+01
-1.523906884204003997e+00 -6.328544731648764810e+01
-1.526837474365934977e+00 -6.328544085464476865e+01
-1.529768064527865512e+00 -6.328543476791382005e+01
-1.532698654689796491e+00 -6.328542902857463304e+01
-1.535629244851727471e+00 -6.328542311223346672e+01
-1.538559835013658006e+00 -6.328541901550292437e+01
-1.541490425175588541e+00 -6.328541518071492078e+01
-1.544421015337519520e+00 -6.328541039530437473e+01
-1.547351605499450056e+00 -6.328540633468627874e+01
-1.550282195661381035e+00 -6.328540314839679581e+01
-1.553212785823312014e+00 -6.328540053151449740e+01
-1.556143375985242550e+00 -6.328539817021687952e+01
-1.559073966147173085e+00 -6.328539618352255047e+01
-1.562004556309104064e+00 -6.328539478658040451e+01
-1.564935146471035043e+00 -6.328539361317953649e+01
-1.567865736632965579e+00 -6.328539308268230457e+01
-1.570796326794896558e+00 -6.328539279073078916e+01
