1.570796326794896558e+00 1.762212071510298969e-14
1.567865736632965801e+00 1.761763519306758318e-14
1.564935146471035043e+00 1.760418691673053360e-14
1.562004556309104286e+00 1.758179130320103528e-14
1.559073966147173529e+00 1.755048029160873855e-14
1.556143375985242772e+00 1.751029281045192765e-14
1.553212785823311792e+00 1.746128414408271614e-14
1.550282195661381035e+00 1.740351629274710704e-14
1.547351605499450278e+00 1.733706733722237934e-14
1.544421015337519520e+00 1.726202165181467759e-14
1.541490425175588763e+00 1.717847934131262821e-14
1.538559835013658006e+00 1.708654627342870012e-14
1.535629244851727249e+00 1.698634352675205059e-14
1.532698654689796491e+00 1.687799736844236792e-14
1.529768064527865734e+00 1.676164863476074161e-14
1.526837474365934977e+00 1.663744267570221827e-14
1.523906884204004220e+00 1.650553873124977085e-14
1.520976294042073240e+00 1.636609970300794151e-14
1.518045703880142483e+00 1.621930170221871743e-14
1.515115113718211726e+00 1.606532360471239063e-14
1.512184523556280968e+00 1.590435664796017625e-14
1.509253933394350211e+00 1.573659394236668573e-14
1.506323343232419454e+00 1.556224009338938289e-14
1.503392753070488697e+00 1.538150059756214948e-14
1.500462162908557939e+00 1.519459157105343654e-14
1.497531572746627182e+00 1.500172898375405050e-14
1.494600982584696425e+00 1.480313854781534324e-14
1.491670392422765667e+00 1.459904478742950206e-14
1.488739802260834910e+00 1.438968105026881674e-14
1.485809212098903931e+00 1.417527847783506960e-14
1.482878621936973174e+00 1.395607612818804101e-14
1.479948031775042416e+00 1.373230983271528223e-14
1.477017441613111659e+00 1.350422243133918084e-14
1.474086851451180902e+00 1.327205261401186839e-14
1.471156261289250144e+00 1.303604510824670712e-14
1.468225671127319387e+00 1.279643960625984183e-14
1.465295080965388630e+00 1.255348098090450361e-14
1.462364490803457873e+00 1.230740827272767242e-14
1.459433900641527115e+00 1.205846472109538055e-14
1.456503310479596358e+00 1.180688700361766661e-14
1.453572720317665379e+00 1.155291526740920177e-14
1.450642130155734622e+00 1.129678229602187080e-14
1.447711539993803864e+00 1.103872362694845623e-14
1.444780949831873107e+00 1.077896679134667144e-14
1.441850359669942350e+00 1.051774137625452012e-14
1.438919769508011592e+00 1.025526839478123564e-14
1.435989179346080835e+00 9.991770286270756506e-15
1.433058589184150078e+00 9.727460435193097788e-15
1.430127999022219321e+00 9.462553049371682687e-15
1.427197408860288563e+00 9.197252998094451620e-15
1.424266818698357806e+00 8.931765290153181447e-15
1.421336228536426827e+00 8.666285324424749917e-15
1.418405638374496069e+00 8.401008274207578105e-15
1.415475048212565312e+00 8.136119436249247490e-15
1.412544458050634555e+00 7.871803419491262827e-15
1.409613867888703798e+00 7.608234881746974369e-15
1.406683277726773040e+00 7.345587395991918424e-15
1.403752687564842283e+00 7.084024548233676785e-15
1.400822097402911526e+00 6.823708515856998048e-15
1.397891507240980769e+00 6.564791547888816172e-15
1.394960917079050011e+00 6.307424180109544660e-15
1.392030326917119254e+00 6.051747137139613528e-15
1.389099736755188275e+00 5.797899200921436818e-15
1.386169146593257517e+00 5.546009507067555973e-15
1.383238556431326760e+00 5.296205026199598925e-15
1.380307966269396003e+00 5.048603356073959400e-15
1.377377376107465246e+00 4.803319800129611580e-15
1.374446785945534488e+00 4.560460558531277322e-15
1.371516195783603731e+00 4.320129378978890916e-15
1.368585605621672974e+00 4.082421257851476929e-15
1.365655015459742216e+00 3.847428654925846018e-15
1.362724425297811459e+00 3.615235627478589870e-15
1.359793835135880702e+00 3.385923658233464071e-15
1.356863244973949723e+00 3.159566243929281528e-15
1.353932654812018965e+00 2.936234239457858906e-15
1.351002064650088208e+00 2.715990952053848679e-15
1.348071474488157451e+00 2.498897037078926736e-15
1.345140884326226693e+00 2.285006066086632573e-15
1.342210294164295936e+00 2.074368929492242200e-15
1.339279704002365179e+00 1.867029896932210961e-15
1.336349113840434422e+00 1.663030597749215180e-15
1.333418523678503664e+00 1.462406523871277570e-15
1.330487933516572907e+00 1.265190534244040765e-15
1.327557343354642150e+00 1.071409852656999114e-15
1.324626753192711170e+00 8.810890900313703865e-16
1.321696163030780635e+00 6.942477059942194533e-16
1.318765572868849656e+00 5.109025986193036005e-16
1.315834982706918899e+00 3.310659737909552017e-16
1.312904392544988141e+00 1.547475626293014959e-16
1.309973802383057384e+00 -1.804712281517575976e-17
1.307043212221126627e+00 -1.873150056886497516e-16
1.304112622059195870e+00 -3.530567657048347969e-16
1.301182031897265112e+00 -5.152754519141928714e-16
1.298251441735334355e+00 -6.739774109522948704e-16
1.295320851573403598e+00 -8.291713127200850751e-16
1.292390261411472618e+00 -9.808686737717815774e-16
1.289459671249542083e+00 -1.129083287456010155e-15
1.286529081087611104e+00 -1.273831344121604553e-15
1.283598490925680347e+00 -1.415131269262107546e-15
1.280667900763749589e+00 -1.553003491818734549e-15
1.277737310601818832e+00 -1.687470590543486783e-15
1.274806720439888075e+00 -1.818556768770401621e-15
1.271876130277957317e+00 -1.946288332551304578e-15
1.268945540116026560e+00 -2.070692832427178683e-15
1.266014949954095803e+00 -2.191799874496606420e-15
1.263084359792165046e+00 -2.309639953699083766e-15
1.260153769630234066e+00 -2.424245579909280114e-15
1.257223179468303531e+00 -2.535649807732705812e-15
1.254292589306372552e+00 -2.643887672418682324e-15
1.251361999144441794e+00 -2.748994432865368143e-15
1.248431408982511037e+00 -2.851007290987312523e-15
1.245500818820580280e+00 -2.949963372026317524e-15
1.242570228658649523e+00 -3.045901737236829036e-15
1.239639638496718765e+00 -3.138861048515839950e-15
1.236709048334788008e+00 -3.228881900780992977e-15
1.233778458172857251e+00 -3.316004245046933544e-15
1.230847868010926494e+00 -3.400269898828844822e-15
1.227917277848995514e+00 -3.481719830809597824e-15
1.224986687687064979e+00 -3.560396842947730833e-15
1.222056097525134000e+00 -3.636342644473633109e-15
1.219125507363203242e+00 -3.709600792526820112e-15
1.216194917201272485e+00 -3.780213532174317693e-15
1.213264327039341728e+00 -3.848224934795340235e-15
1.210333736877410971e+00 -3.913677572629806439e-15
1.207403146715480213e+00 -3.976615839923166010e-15
1.204472556553549456e+00 -4.037082447986299292e-15
1.201541966391618699e+00 -4.095121924751649054e-15
1.198611376229687941e+00 -4.150776962369254318e-15
1.195680786067756962e+00 -4.204092055032651415e-15
1.192750195905826427e+00 -4.255109718966095118e-15
1.189819605743895448e+00 -4.303874269219519441e-15
1.186889015581964912e+00 -4.350427920114806430e-15
1.183958425420033933e+00 -4.394814665462886287e-15
1.181027835258103176e+00 -4.437076290156169795e-15
1.178097245096172418e+00 -4.477256363771386579e-15
1.175166654934241661e+00 -4.515396137164713875e-15
1.172236064772310904e+00 -4.551538647346847040e-15
1.169305474610380147e+00 -4.585724514186880706e-15
1.166374884448449389e+00 -4.617996144135604483e-15
1.163444294286518410e+00 -4.648393453634464374e-15
1.160513704124587875e+00 -4.676958149773127264e-15
1.157583113962656896e+00 -4.703729356650738511e-15
1.154652523800726138e+00 -4.728748016139713633e-15
1.151721933638795381e+00 -4.752052430324839445e-15
1.148791343476864624e+00 -4.773682681751213827e-15
1.145860753314933866e+00 -4.793676200695830657e-15
1.142930163153003109e+00 -4.812072230744271043e-15
1.139999572991072352e+00 -4.828907269577198468e-15
1.137068982829141373e+00 -4.844219974656600624e-15
1.134138392667210837e+00 -4.858044707986225356e-15
1.131207802505280080e+00 -4.870419821371059185e-15
1.128277212343349323e+00 -4.881379628645945223e-15
1.125346622181418343e+00 -4.890960471880086689e-15
1.122416032019487586e+00 -4.899195861112671316e-15
1.119485441857556829e+00 -4.906121148416243330e-15
1.116554851695626072e+00 -4.911768843469763621e-15
1.113624261533695314e+00 -4.916173292842496751e-15
1.110693671371764557e+00 -4.919365986728783977e-15
1.107763081209833800e+00 -4.921380231189092906e-15
1.104832491047903043e+00 -4.922246487158779107e-15
1.101901900885972285e+00 -4.921997033179017596e-15
1.098971310724041306e+00 -4.920661297218472832e-15
1.096040720562110771e+00 -4.918270525511273423e-15
1.093110130400179791e+00 -4.914853122950450237e-15
1.090179540238249034e+00 -4.910439309174226222e-15
1.087248950076318277e+00 -4.905056466407527357e-15
1.084318359914387520e+00 -4.898733792110691951e-15
1.081387769752456762e+00 -4.891497660977839175e-15
1.078457179590526005e+00 -4.883376259775086257e-15
1.075526589428595248e+00 -4.874394974486166576e-15
1.072595999266664490e+00 -4.864580987855252538e-15
1.069665409104733733e+00 -4.853958704326210953e-15
1.066734818942802754e+00 -4.842554319727237715e-15
1.063804228780872219e+00 -4.830391280368566614e-15
1.060873638618941239e+00 -4.817494807714139877e-15
1.057943048457010704e+00 -4.803887404697477091e-15
1.055012458295079725e+00 -4.789593345052535752e-15
1.052081868133149190e+00 -4.774634207706909216e-15
1.049151277971218210e+00 -4.759033330524897532e-15
1.046220687809287453e+00 -4.742811381855885996e-15
1.043290097647356696e+00 -4.725990791993423069e-15
1.040359507485425938e+00 -4.708591354544965319e-15
1.037428917323495181e+00 -4.690634606939801291e-15
1.034498327161564202e+00 -4.672139474306470887e-15
1.031567736999633667e+00 -4.653126628977514541e-15
1.028637146837702687e+00 -4.633614171367139345e-15
1.025706556675772152e+00 -4.613621908560074703e-15
1.022775966513841173e+00 -4.593167136940303750e-15
1.019845376351910415e+00 -4.572268837071245673e-15
1.016914786189979658e+00 -4.550943493234023547e-15
1.013984196028048901e+00 -4.529209325194683193e-15
1.011053605866118144e+00 -4.507082049850794344e-15
1.008123015704187386e+00 -4.484579062220655443e-15
1.005192425542256629e+00 -4.461715367260621635e-15
1.002261835380325650e+00 -4.438507625079601636e-15
9.993312452183951144e-01 -4.414970098560051182e-15
9.964006550564642462e-01 -4.391118708544926816e-15
9.934700648945334889e-01 -4.366967039164908474e-15
9.905394747326026206e-01 -4.342530298285267178e-15
9.876088845706719743e-01 -4.317821407383303573e-15
9.846782944087412170e-01 -4.292854880804650982e-15
9.817477042468103487e-01 -4.267642990742914013e-15
9.788171140848795915e-01 -4.242199595352690501e-15
9.758865239229487232e-01 -4.216536339740136939e-15
9.729559337610180769e-01 -4.190666440609987252e-15
9.700253435990873196e-01 -4.164600940978920074e-15
9.670947534371564513e-01 -4.138352440480012631e-15
9.641641632752256941e-01 -4.111931402164603052e-15
9.612335731132949368e-01 -4.085349833151963998e-15
9.583029829513641795e-01 -4.058617635897551838e-15
9.553723927894334222e-01 -4.031746236897797366e-15
9.524418026275025539e-01 -4.004745003914798324e-15
9.495112124655717967e-01 -3.977624817944216702e-15
9.465806223036410394e-01 -3.950394533334276669e-15
9.436500321417102821e-01 -3.923064483905503094e-15
9.407194419797794138e-01 -3.895643031940375149e-15
9.377888518178486565e-01 -3.868139994934185117e-15
9.348582616559178993e-01 -3.840563268293449744e-15
9.319276714939871420e-01 -3.812922174712759221e-15
9.289970813320563847e-01 -3.785224141522371038e-15
9.260664911701255164e-01 -3.757478026956501294e-15
9.231359010081947591e-01 -3.729690826432511368e-15
9.202053108462641129e-01 -3.701870918893520987e-15
9.172747206843332446e-01 -3.674024904263265047e-15
9.143441305224024873e-01 -3.646160714816076230e-15
9.114135403604716190e-01 -3.618284531570891133e-15
9.084829501985409728e-01 -3.590403885705773555e-15
9.055523600366102155e-01 -3.562524567179458717e-15
9.026217698746793472e-01 -3.534653701746626477e-15
8.996911797127485899e-01 -3.506796711435171794e-15
8.967605895508178326e-01 -3.478960338180283640e-15
8.938299993888870754e-01 -3.451149641349163707e-15
8.908994092269563181e-01 -3.423370996591940702e-15
8.879688190650254498e-01 -3.395629135251101206e-15
8.850382289030946925e-01 -3.367930062335772442e-15
8.821076387411639352e-01 -3.340278194770738330e-15
8.791770485792331780e-01 -3.312679194623686693e-15
8.762464584173024207e-01 -3.285137172859677666e-15
8.733158682553715524e-01 -3.257657459368742292e-15
8.703852780934407951e-01 -3.230243869991516491e-15
8.674546879315100378e-01 -3.202901426596829382e-15
8.645240977695792806e-01 -3.175633688900050632e-15
8.615935076076485233e-01 -3.148445380992610420e-15
8.586629174457176550e-01 -3.121339645195281350e-15
8.557323272837870087e-01 -3.094320554073105059e-15
8.528017371218561404e-01 -3.067392351691905387e-15
8.498711469599253832e-01 -3.040558411417025065e-15
8.469405567979946259e-01 -3.013821263665338364e-15
8.440099666360638686e-01 -2.987184952209464158e-15
8.410793764741331113e-01 -2.960652131407061722e-15
8.381487863122022430e-01 -2.934226434502753170e-15
8.352181961502714858e-01 -2.907910160685308637e-15
8.322876059883407285e-01 -2.881706716384522518e-15
8.293570158264099712e-01 -2.855618220830127373e-15
8.264264256644792139e-01 -2.829647847085363400e-15
8.234958355025483456e-01 -2.803797507796380148e-15
8.205652453406175884e-01 -2.778070154637709091e-15
8.176346551786868311e-01 -2.752467515126059568e-15
8.147040650167560738e-01 -2.726992328856623562e-15
8.117734748548253165e-01 -2.701646148793411936e-15
8.088428846928944482e-01 -2.676431516546664465e-15
8.059122945309636910e-01 -2.651349809347102443e-15
8.029817043690330447e-01 -2.626403376645555589e-15
8.000511142071021764e-01 -2.601593442900105822e-15
7.971205240451714191e-01 -2.576922173415757540e-15
7.941899338832405508e-01 -2.552390630242829463e-15
7.912593437213099046e-01 -2.528000816686514712e-15
7.883287535593791473e-01 -2.503753639274640272e-15
7.853981633974482790e-01 -2.479650950009981258e-15
7.824675732355174107e-01 -2.455693519798547043e-15
7.795369830735867644e-01 -2.431883029524067430e-15
7.766063929116560072e-01 -2.408220131401401822e-15
7.736758027497251389e-01 -2.384706352593332024e-15
7.707452125877944926e-01 -2.361342223787910705e-15
7.678146224258636243e-01 -2.338129131598380254e-15
7.648840322639328670e-01 -2.315067485883436282e-15
7.619534421020019987e-01 -2.292158544297661380e-15
7.590228519400713525e-01 -2.269402601626936951e-15
7.560922617781404842e-01 -2.246800787264310845e-15
7.531616716162097269e-01 -2.224353300496288707e-15
7.502310814542790807e-01 -2.202061150271849279e-15
7.473004912923482124e-01 -2.179924428226036932e-15
7.443699011304173441e-01 -2.157944032864330853e-15
7.414393109684866978e-01 -2.136119970967477251e-15
7.385087208065558295e-01 -2.114453025099755525e-15
7.355781306446250722e-01 -2.092943106964803509e-15
7.326475404826942039e-01 -2.071590909616114288e-15
7.297169503207635577e-01 -2.050396261996015533e-15
7.267863601588326894e-01 -2.029359752431855780e-15
7.238557699969019321e-01 -2.008481126852936885e-15
7.209251798349712859e-01 -1.987760910810983340e-15
7.179945896730404176e-01 -1.967198754659862036e-15
7.150639995111095493e-01 -1.946795082002639074e-15
7.121334093491789030e-01 -1.926549514051305034e-15
7.092028191872481457e-01 -1.906462366838017301e-15
7.062722290253172774e-01 -1.886533203486289247e-15
7.033416388633864091e-01 -1.866762266483153927e-15
7.004110487014557629e-01 -1.847149056151156144e-15
6.974804585395250056e-01 -1.827693735025871524e-15
6.945498683775941373e-01 -1.808395755650831088e-15
6.916192782156634911e-01 -1.789255217482527009e-15
6.886886880537326228e-01 -1.770271501171529043e-15
6.857580978918018655e-01 -1.751444653164105381e-15
6.828275077298712192e-01 -1.732774015391692532e-15
6.798969175679403509e-01 -1.714259559694011754e-15
6.769663274060094826e-01 -1.695900583300852873e-15
6.740357372440787254e-01 -1.677697014254920058e-15
6.711051470821480791e-01 -1.659648094493289009e-15
6.681745569202172108e-01 -1.641753700595112159e-15
6.652439667582863425e-01 -1.624013041784729148e-15
6.623133765963556963e-01 -1.606425945046588838e-15
6.593827864344249390e-01 -1.588991575622508800e-15
6.564521962724940707e-01 -1.571709712068555115e-15
6.535216061105634244e-01 -1.554579505000261507e-15
6.505910159486325561e-01 -1.537600670627987372e-15
6.476604257867017989e-01 -1.520772329731471583e-15
6.447298356247709306e-01 -1.504094163583679911e-15
6.417992454628402843e-01 -1.487565264361407134e-15
6.388686553009094160e-01 -1.471185263920696300e-15
6.359380651389786587e-01 -1.454953251320153117e-15
6.330074749770479015e-01 -1.438868811946409430e-15
6.300768848151171442e-01 -1.422930997729402968e-15
6.271462946531862759e-01 -1.407139382751225117e-15
6.242157044912556296e-01 -1.391492987386288373e-15
6.212851143293247613e-01 -1.375991353784797693e-15
6.183545241673940041e-01 -1.360633494697667032e-15
6.154239340054631358e-01 -1.345418921267658726e-15
6.124933438435324895e-01 -1.330346604727168149e-15
6.095627536816016212e-01 -1.315416045083486635e-15
6.066321635196708639e-01 -1.300626221693634552e-15
6.037015733577402177e-01 -1.285976573167707913e-15
6.007709831958093494e-01 -1.271466096573598477e-15
5.978403930338784811e-01 -1.257094195037652839e-15
5.949098028719478348e-01 -1.242859844147643555e-15
5.919792127100170775e-01 -1.228762437361197387e-15
5.890486225480862092e-01 -1.214800942498769541e-15
5.861180323861553410e-01 -1.200974732914662373e-15
5.831874422242246947e-01 -1.187282757603640283e-15
5.802568520622939374e-01 -1.173724355845881620e-15
5.773262619003630691e-01 -1.160298592788543031e-15
5.743956717384324229e-01 -1.147004632308893373e-15
5.714650815765015546e-01 -1.133841570998247480e-15
5.685344914145706863e-01 -1.120808637573497788e-15
5.656039012526399290e-01 -1.107904808702230763e-15
5.626733110907091717e-01 -1.095129399224295537e-15
5.597427209287784144e-01 -1.082481340641502029e-15
5.568121307668476572e-01 -1.069959944428140477e-15
5.538815406049168999e-01 -1.057564139821313948e-15
5.509509504429861426e-01 -1.045293227872134760e-15
5.480203602810553853e-01 -1.033146130145914164e-15
5.450897701191246281e-01 -1.021122148237416054e-15
5.421591799571938708e-01 -1.009220204537676057e-15
5.392285897952628915e-01 -9.974395889833637594e-16
5.362979996333321342e-01 -9.857792253180702533e-16
5.333674094714015990e-01 -9.742383942314417351e-16
5.304368193094706196e-01 -9.628160269496577562e-16
5.275062291475398624e-01 -9.515113893416369030e-16
5.245756389856091051e-01 -9.403234307651538967e-16
5.216450488236783478e-01 -9.292514072764346560e-16
5.187144586617475905e-01 -9.182942673782821141e-16
5.157838684998168333e-01 -9.074512630368127001e-16
5.128532783378860760e-01 -8.967213462758699628e-16
5.099226881759553187e-01 -8.861037786475507841e-16
5.069920980140243394e-01 -8.755975123364729041e-16
5.040615078520938042e-01 -8.652017905320314708e-16
5.011309176901628248e-01 -8.549155873945301861e-16
4.982003275282320676e-01 -8.447381544504961908e-16
4.952697373663013103e-01 -8.346684473695335448e-16
4.923391472043705530e-01 -8.247057278972309328e-16
4.894085570424397957e-01 -8.148489717786471539e-16
4.864779668805090385e-01 -8.050974226942001779e-16
4.835473767185782812e-01 -7.954500660228719826e-16
4.806167865566475239e-01 -7.859061602300396161e-16
4.776861963947165446e-01 -7.764646928898480014e-16
4.747556062327860094e-01 -7.671249185387894259e-16
4.718250160708550300e-01 -7.578858355447344239e-16
4.688944259089242728e-01 -7.487467030434754562e-16
4.659638357469937375e-01 -7.397065267656608983e-16
4.630332455850627582e-01 -7.307645679763514213e-16
4.601026554231320009e-01 -7.219198432749350777e-16
4.571720652612012437e-01 -7.131716171691117163e-16
4.542414750992704864e-01 -7.045189139748828028e-16
4.513108849373397291e-01 -6.959610022635484983e-16
4.483802947754087498e-01 -6.874969155452631154e-16
4.454497046134782146e-01 -6.791259323173078961e-16
4.425191144515474573e-01 -6.708470921895450487e-16
4.395885242896164780e-01 -6.626596763019592731e-16
4.366579341276859427e-01 -6.545627300977462085e-16
4.337273439657549634e-01 -6.465555525160039274e-16
4.307967538038242061e-01 -6.386372008518181894e-16
4.278661636418936709e-01 -6.308069618223432819e-16
4.249355734799626916e-01 -6.230639162631031731e-16
4.220049833180319343e-01 -6.154073577183475850e-16
4.190743931561011770e-01 -6.078363740323593450e-16
4.161438029941704198e-01 -6.003502660766974497e-16
4.132132128322396625e-01 -5.929481320215300673e-16
4.102826226703086832e-01 -5.856292757489376851e-16
4.073520325083781479e-01 -5.783928165063467636e-16
4.044214423464473906e-01 -5.712380576689350993e-16
4.014908521845164113e-01 -5.641641278898194887e-16
3.985602620225858761e-01 -5.571703412909866263e-16
3.956296718606548968e-01 -5.502558399860961798e-16
3.926990816987241395e-01 -5.434199391827742933e-16
3.897684915367933822e-01 -5.366617991583359001e-16
3.868379013748626249e-01 -5.299807432142701129e-16
3.839073112129318677e-01 -5.233759330591206276e-16
3.809767210510008884e-01 -5.168467097559871859e-16
3.780461308890703531e-01 -5.103922425495340427e-16
3.751155407271395958e-01 -5.040118783626798825e-16
3.721849505652086165e-01 -4.977048065706047115e-16
3.692543604032780813e-01 -4.914703744891272765e-16
3.663237702413471020e-01 -4.853077843209487258e-16
3.633931800794163447e-01 -4.792163921745391472e-16
3.604625899174855874e-01 -4.731954098557712944e-16
3.575319997555548301e-01 -4.672442023351517448e-16
3.546014095936240729e-01 -4.613620004309694065e-16
3.516708194316933156e-01 -4.555481717021121699e-16
3.487402292697625583e-01 -4.498019538395666513e-16
3.458096391078318010e-01 -4.441227316333215239e-16
3.428790489459008217e-01 -4.385097514807753370e-16
3.399484587839702865e-01 -4.329624075877258184e-16
3.370178686220395292e-01 -4.274799513416422724e-16
3.340872784601085499e-01 -4.220617926100218603e-16
3.311566882981777926e-01 -4.167071928185050887e-16
3.282260981362470353e-01 -4.114155684591809021e-16
3.252955079743162781e-01 -4.061861989824549185e-16
3.223649178123855208e-01 -4.010185038104009393e-16
3.194343276504547635e-01 -3.959117742060809522e-16
3.165037374885240062e-01 -3.908654396802228190e-16
3.135731473265932490e-01 -3.858788022472952519e-16
3.106425571646622696e-01 -3.809512981018076083e-16
3.077119670027317344e-01 -3.760822450677907909e-16
3.047813768408007551e-01 -3.712710845132722476e-16
3.018507866788699978e-01 -3.665171460618459839e-16
2.989201965169392405e-01 -3.618198802637620554e-16
2.959896063550084833e-01 -3.571786551537250914e-16
2.930590161930777260e-01 -3.525929049995572477e-16
2.901284260311469687e-01 -3.480619620820216266e-16
2.871978358692162114e-01 -3.435853178019825937e-16
2.842672457072854542e-01 -3.391623348790797486e-16
2.813366555453544748e-01 -3.347924923651867852e-16
2.784060653834239396e-01 -3.304751619242153864e-16
2.754754752214929603e-01 -3.262098295377006494e-16
2.725448850595622030e-01 -3.219958818924228392e-16
2.696142948976316678e-01 -3.178328128262475933e-16
2.666837047357006885e-01 -3.137200199009158104e-16
2.637531145737699312e-01 -3.096570059014066391e-16
2.608225244118391739e-01 -3.056431786330618648e-16
2.578919342499084166e-01 -3.016780503504078818e-16
2.549613440879776594e-01 -2.977610385744316505e-16
2.520307539260466800e-01 -2.938916637793056651e-16
2.491001637641161448e-01 -2.900693552631737264e-16
2.461695736021853875e-01 -2.862936425037762265e-16
2.432389834402544082e-01 -2.825639589893425458e-16
2.403083932783238730e-01 -2.788798486026478681e-16
2.373778031163928937e-01 -2.752407612559282627e-16
2.344472129544621364e-01 -2.716462396124970014e-16
2.315166227925316011e-01 -2.680957401895037518e-16
2.285860326306006218e-01 -2.645888231860050208e-16
2.256554424686698646e-01 -2.611249567992100267e-16
2.227248523067391073e-01 -2.577036974805080374e-16
2.197942621448083500e-01 -2.543245304519734496e-16
2.168636719828775927e-01 -2.509870249408794655e-16
2.139330818209466134e-01 -2.476906666804812145e-16
2.110024916590160782e-01 -2.444350406932402051e-16
2.080719014970853209e-01 -2.412196461566380827e-16
2.051413113351543416e-01 -2.380440619233529600e-16
2.022107211732238063e-01 -2.349078041276211639e-16
1.992801310112928270e-01 -2.318104628457700405e-16
1.963495408493620697e-01 -2.287515576832893022e-16
1.934189506874313125e-01 -2.257306915042805323e-16
1.904883605255005552e-01 -2.227473905896596695e-16
1.875577703635697979e-01 -2.198012583019521382e-16
1.846271802016388186e-01 -2.168918451436109674e-16
1.816965900397082834e-01 -2.140187571848075208e-16
1.787659998777775261e-01 -2.111815459168894604e-16
1.758354097158465468e-01 -2.083798327473809388e-16
1.729048195539160115e-01 -2.056131784238192506e-16
1.699742293919850322e-01 -2.028812064753689176e-16
1.670436392300542749e-01 -2.001834905829084956e-16
1.641130490681235177e-01 -1.975196633819205725e-16
1.611824589061927604e-01 -1.948893022451314660e-16
1.582518687442620031e-01 -1.922920462933999628e-16
1.553212785823312458e-01 -1.897274876522377669e-16
1.523906884204004886e-01 -1.871952644823015303e-16
1.494600982584697313e-01 -1.846949790118088488e-16
1.465295080965387520e-01 -1.822262880205069497e-16
1.435989179346082167e-01 -1.797887958060063076e-16
1.406683277726774595e-01 -1.773821585109762460e-16
1.377377376107464801e-01 -1.750059930673310281e-16
1.348071474488157229e-01 -1.726599640195182340e-16
1.318765572868849656e-01 -1.703436953601036864e-16
1.289459671249542083e-01 -1.680568584938042441e-16
1.260153769630234510e-01 -1.657990833970810791e-16
1.230847868010926938e-01 -1.635700534280893121e-16
1.201541966391619365e-01 -1.613694033834802903e-16
1.172236064772311792e-01 -1.591968287518983765e-16
1.142930163153004219e-01 -1.570519564345200886e-16
1.113624261533696647e-01 -1.549345000259842040e-16
1.084318359914386853e-01 -1.528440980202457171e-16
1.055012458295079281e-01 -1.507804526757387091e-16
1.025706556675771708e-01 -1.487432318947536559e-16
9.964006550564641351e-02 -1.467321314226533328e-16
9.670947534371565624e-02 -1.447468218264424466e-16
9.377888518178489896e-02 -1.427870165525026117e-16
9.084829501985414169e-02 -1.408523914405212233e-16
8.791770485792338441e-02 -1.389426617240853469e-16
8.498711469599262713e-02 -1.370575111989604352e-16
8.205652453406186986e-02 -1.351966622192668295e-16
7.912593437213089054e-02 -1.333598109905684196e-16
7.619534421020013326e-02 -1.315466761379885008e-16
7.326475404826959803e-02 -1.297569550446616247e-16
7.033416388633861871e-02 -1.279903901804249766e-16
6.740357372440786143e-02 -1.262466757191383586e-16
6.447298356247710416e-02 -1.245255588272125566e-16
6.154239340054634688e-02 -1.228267464818685894e-16
5.861180323861558961e-02 -1.211499824432770893e-16
5.568121307668461029e-02 -1.194949830820683507e-16
5.275062291475407505e-02 -1.178615035458701679e-16
4.982003275282331778e-02 -1.162492629358340147e-16
4.688944259089233846e-02 -1.146580154253407946e-16
4.395885242896180323e-02 -1.130874929699215199e-16
4.102826226703082391e-02 -1.115374586310500534e-16
3.809767210510006663e-02 -1.100076454261377595e-16
3.516708194316953140e-02 -1.084978211405887008e-16
3.223649178123855208e-02 -1.070077197547590364e-16
2.930590161930779480e-02 -1.055371300804440013e-16
2.637531145737703753e-02 -1.040857770551747854e-16
2.344472129544628025e-02 -1.026534574512666708e-16
2.051413113351552298e-02 -1.012399149160095824e-16
1.758354097158454366e-02 -9.984494861777169731e-17
1.465295080965400842e-02 -9.846824052155950141e-17
1.172236064772325115e-02 -9.710964126389760145e-17
8.791770485792271828e-03 -9.576894843484805245e-17
5.861180323861736596e-03 -9.444591475492170548e-17
2.930590161930757276e-03 -9.314029284405288794e-17
0.000000000000000000e+00 -9.185189203608669911e-17
-2.930590161930757276e-03 -9.058048794019970197e-17
-5.861180323861736596e-03 -8.932588039203318202e-17
-8.791770485792049783e-03 -8.808784733056561796e-17
-1.172236064772302910e-02 -8.686619549950253608e-17
-1.465295080965378638e-02 -8.566070914595472039e-17
-1.758354097158454366e-02 -8.447119907387565877e-17
-2.051413113351552298e-02 -8.329745176182887604e-17
-2.344472129544628025e-02 -8.213927935194897518e-17
-2.637531145737703753e-02 -8.099647860463864977e-17
-2.930590161930757276e-02 -7.986886893368876218e-17
-3.223649178123833003e-02 -7.875625213160562409e-17
-3.516708194316930935e-02 -7.765844716469330130e-17
-3.809767210510006663e-02 -7.657525272434199162e-17
-4.102826226703082391e-02 -7.550649660897127378e-17
-4.395885242896180323e-02 -7.445199671323695167e-17
-4.688944259089256050e-02 -7.341157045602602560e-17
-4.982003275282309573e-02 -7.238503537991432523e-17
-5.275062291475385301e-02 -7.137222957578795964e-17
-5.568121307668461029e-02 -7.037295526220067120e-17
-5.861180323861558961e-02 -6.938707534063471281e-17
-6.154239340054634688e-02 -6.841439014550884255e-17
-6.447298356247710416e-02 -6.745475559824480687e-17
-6.740357372440763939e-02 -6.650798395919253904e-17
-7.033416388633839667e-02 -6.557393295273845857e-17
-7.326475404826937599e-02 -6.465242100146536171e-17
-7.619534421020013326e-02 -6.374330267229778344e-17
-7.912593437213089054e-02 -6.284641328471660544e-17
-8.205652453406186986e-02 -6.196160201411580064e-17
-8.498711469599262713e-02 -6.108870820104737067e-17
-8.791770485792316236e-02 -6.022758720523868136e-17
-9.084829501985391964e-02 -5.937807526815042916e-17
-9.377888518178489896e-02 -5.854004270064514709e-17
-9.670947534371565624e-02 -5.771332540229418582e-17
-9.964006550564641351e-02 -5.689779356558934250e-17
-1.025706556675771708e-01 -5.609328834096052364e-17
-1.055012458295081501e-01 -5.529967977692104048e-17
-1.084318359914386853e-01 -5.451681799537701616e-17
-1.113624261533694426e-01 -5.374457285715012051e-17
-1.142930163153001999e-01 -5.298279907801468296e-17
-1.172236064772311792e-01 -5.223137487488375065e-17
-1.201541966391619365e-01 -5.149015104589447737e-17
-1.230847868010926938e-01 -5.075901722337347669e-17
-1.260153769630232290e-01 -5.003782375170858565e-17
-1.289459671249539863e-01 -4.932645816920836450e-17
-1.318765572868849656e-01 -4.862477060007416418e-17
-1.348071474488157229e-01 -4.793265827556589871e-17
-1.377377376107464801e-01 -4.724997291665078080e-17
-1.406683277726774595e-01 -4.657661352880460677e-17
-1.435989179346082167e-01 -4.591244583598052888e-17
-1.465295080965387520e-01 -4.525736822037538538e-17
-1.494600982584695092e-01 -4.461123940942769968e-17
-1.523906884204002665e-01 -4.397396446424652496e-17
-1.553212785823312458e-01 -4.334541521924564398e-17
-1.582518687442620031e-01 -4.272548646848721094e-17
-1.611824589061927604e-01 -4.211404660223618138e-17
-1.641130490681237397e-01 -4.151100485548733156e-17
-1.670436392300540529e-01 -4.091623824472922872e-17
-1.699742293919850322e-01 -4.032965386199614299e-17
-1.729048195539157895e-01 -3.975112677844850895e-17
-1.758354097158465468e-01 -3.918056784642713158e-17
-1.787659998777775261e-01 -3.861785773891550766e-17
-1.816965900397082834e-01 -3.806290959687519321e-17
-1.846271802016390406e-01 -3.751561294752079633e-17
-1.875577703635695759e-01 -3.697586749880479281e-17
-1.904883605255003332e-01 -3.644357322607187075e-17
-1.934189506874313125e-01 -3.591863047997505925e-17
-1.963495408493620697e-01 -3.540093506221127580e-17
-1.992801310112928270e-01 -3.489041033663389139e-17
-2.022107211732238063e-01 -3.438694241156894368e-17
-2.051413113351541195e-01 -3.389045645089882331e-17
-2.080719014970850989e-01 -3.340084274673256182e-17
-2.110024916590158561e-01 -3.291802062858521197e-17
-2.139330818209466134e-01 -3.244189707236939362e-17
-2.168636719828775927e-01 -3.197238702734456560e-17
-2.197942621448083500e-01 -3.150939678431038429e-17
-2.227248523067391073e-01 -3.105284816888400468e-17
-2.256554424686696425e-01 -3.060264592932238303e-17
-2.285860326306003998e-01 -3.015871186267548181e-17
-2.315166227925313791e-01 -2.972096722867491287e-17
-2.344472129544621364e-01 -2.928932381480213364e-17
-2.373778031163928937e-01 -2.886369841076465521e-17
-2.403083932783238730e-01 -2.844401681067020262e-17
-2.432389834402546303e-01 -2.803019450853365163e-17
-2.461695736021851655e-01 -2.762215894820319964e-17
-2.491001637641159228e-01 -2.721982728010940632e-17
-2.520307539260466800e-01 -2.682312708843786577e-17
-2.549613440879776594e-01 -2.643198376805045549e-17
-2.578919342499084166e-01 -2.604632175184849793e-17
-2.608225244118391739e-01 -2.566608052638028868e-17
-2.637531145737697091e-01 -2.529116257510768455e-17
-2.666837047357004664e-01 -2.492147052719563844e-17
-2.696142948976314457e-01 -2.455714388422531310e-17
-2.725448850595622030e-01 -2.419764067077097332e-17
-2.754754752214929603e-01 -2.384328800401324335e-17
-2.784060653834239396e-01 -2.349393972900262551e-17
-2.813366555453546969e-01 -2.314953298770874825e-17
-2.842672457072852321e-01 -2.280996815951889915e-17
-2.871978358692159894e-01 -2.247519210296716943e-17
-2.901284260311469687e-01 -2.214514388078317790e-17
-2.930590161930777260e-01 -2.181975421672738585e-17
-2.959896063550084833e-01 -2.149895810616775548e-17
-2.989201965169392405e-01 -2.118269907104087755e-17
-3.018507866788702199e-01 -2.087090757767843751e-17
-3.047813768408007551e-01 -2.056352421025561538e-17
-3.077119670027315124e-01 -2.026049910022799804e-17
-3.106425571646622696e-01 -1.996175539548359731e-17
-3.135731473265932490e-01 -1.966724987857351884e-17
-3.165037374885240062e-01 -1.937691697803136691e-17
-3.194343276504547635e-01 -1.909070834100395300e-17
-3.223649178123852987e-01 -1.880856394088290172e-17
-3.252955079743160560e-01 -1.853042661978072439e-17
-3.282260981362470353e-01 -1.825624209350354238e-17
-3.311566882981777926e-01 -1.798595539544606333e-17
-3.340872784601085499e-01 -1.771951850607638273e-17
-3.370178686220395292e-01 -1.745686983024931810e-17
-3.399484587839702865e-01 -1.719796805177810031e-17
-3.428790489459008217e-01 -1.694275735431957486e-17
-3.458096391078315790e-01 -1.669118779741901491e-17
-3.487402292697623363e-01 -1.644320855850352264e-17
-3.516708194316933156e-01 -1.619877258198983215e-17
-3.546014095936240729e-01 -1.595782307610999913e-17
-3.575319997555548301e-01 -1.572033015072282624e-17
-3.604625899174858095e-01 -1.548623131379203582e-17
-3.633931800794161227e-01 -1.525548170713068942e-17
-3.663237702413471020e-01 -1.502804117341372787e-17
-3.692543604032778592e-01 -1.480385659792741390e-17
-3.721849505652086165e-01 -1.458289495827964636e-17
-3.751155407271395958e-01 -1.436508934283434403e-17
-3.780461308890703531e-01 -1.415042442748505156e-17
-3.809767210510008884e-01 -1.393883604233578229e-17
-3.839073112129316456e-01 -1.373029638546403661e-17
-3.868379013748624029e-01 -1.352475460371651724e-17
-3.897684915367933822e-01 -1.332217269021640018e-17
-3.926990816987241395e-01 -1.312250906656625826e-17
-3.956296718606548968e-01 -1.292572120672160366e-17
-3.985602620225858761e-01 -1.273176295871872228e-17
-4.014908521845161893e-01 -1.254060599358338333e-17
-4.044214423464471686e-01 -1.235220358101625403e-17
-4.073520325083779259e-01 -1.216653152569164504e-17
-4.102826226703086832e-01 -1.198354190896458769e-17
-4.132132128322396625e-01 -1.180320018847897745e-17
-4.161438029941704198e-01 -1.162546708311267418e-17
-4.190743931561011770e-01 -1.145030504974058178e-17
-4.220049833180317123e-01 -1.127768032071914348e-17
-4.249355734799624695e-01 -1.110755979562379061e-17
-4.278661636418934489e-01 -1.093990541251303246e-17
-4.307967538038242061e-01 -1.077468101537451249e-17
-4.337273439657551855e-01 -1.061186332169818521e-17
-4.366579341276857207e-01 -1.045140508405806019e-17
-4.395885242896167000e-01 -1.029328382309237440e-17
-4.425191144515472352e-01 -1.013745778157803771e-17
-4.454497046134782146e-01 -9.983900360207148666e-18
-4.483802947754087498e-01 -9.832581251338350171e-18
-4.513108849373397291e-01 -9.683465379313385779e-18
-4.542414750992707084e-01 -9.536527249976133346e-18
-4.571720652612012437e-01 -9.391729115386652608e-18
-4.601026554231317789e-01 -9.249044247150955867e-18
-4.630332455850627582e-01 -9.108445054298733228e-18
-4.659638357469932934e-01 -8.969902936357207811e-18
-4.688944259089242728e-01 -8.833385175125171080e-18
-4.718250160708552521e-01 -8.698867151870653985e-18
-4.747556062327857873e-01 -8.566315592232629190e-18
-4.776861963947167666e-01 -8.435702946458695139e-18
-4.806167865566473019e-01 -8.307003063064941818e-18
-4.835473767185782812e-01 -8.180192680714117780e-18
-4.864779668805088164e-01 -8.055243890110907255e-18
-4.894085570424397957e-01 -7.932125127244787499e-18
-4.923391472043707751e-01 -7.810814210099589179e-18
-4.952697373663013103e-01 -7.691285001232337530e-18
-4.982003275282322896e-01 -7.573514955241019264e-18
-5.011309176901628248e-01 -7.457476188041330147e-18
-5.040615078520933601e-01 -7.343140605614092476e-18
-5.069920980140243394e-01 -7.230495688697020015e-18
-5.099226881759553187e-01 -7.119502228093752321e-18
-5.128532783378858539e-01 -7.010147792729840733e-18
-5.157838684998168333e-01 -6.902406555600305061e-18
-5.187144586617473685e-01 -6.796254970617704053e-18
-5.216450488236783478e-01 -6.691666315960093354e-18
-5.245756389856088830e-01 -6.588630195737097152e-18
-5.275062291475398624e-01 -6.487108013780006298e-18
-5.304368193094708417e-01 -6.387100453208957532e-18
-5.333674094714013769e-01 -6.288582661649430724e-18
-5.362979996333323562e-01 -6.191550737969041523e-18
-5.392285897952628915e-01 -6.095982126836659449e-18
-5.421591799571934267e-01 -6.001892420738511271e-18
-5.450897701191244060e-01 -5.909436029214803100e-18
-5.480203602810553853e-01 -5.818573581318114630e-18
-5.509509504429859206e-01 -5.728907102562371676e-18
-5.538815406049168999e-01 -5.639703536136439973e-18
-5.568121307668478792e-01 -5.552085684207972375e-18
-5.597427209287784144e-01 -5.465889653605804524e-18
-5.626733110907089497e-01 -5.381041455426780292e-18
-5.656039012526399290e-01 -5.297468908861148799e-18
-5.685344914145709083e-01 -5.215144577823698961e-18
-5.714650815765014435e-01 -5.134062995707147464e-18
-5.743956717384324229e-01 -5.054194750202407053e-18
-5.773262619003629581e-01 -4.975528621855678543e-18
-5.802568520622939374e-01 -4.898035404772214459e-18
-5.831874422242244727e-01 -4.821699137779812605e-18
-5.861180323861554520e-01 -4.746496660116849283e-18
-5.890486225480859872e-01 -4.672429362882762911e-18
-5.919792127100169665e-01 -4.599459970261464148e-18
-5.949098028719479458e-01 -4.527594287278272849e-18
-5.978403930338784811e-01 -4.456794992050705068e-18
-6.007709831958090163e-01 -4.387062713292391968e-18
-6.037015733577399956e-01 -4.318375151813329094e-18
-6.066321635196709749e-01 -4.250717767080720849e-18
-6.095627536816015102e-01 -4.184072249171233838e-18
-6.124933438435324895e-01 -4.118428269058582162e-18
-6.154239340054634688e-01 -4.053768765612313237e-18
-6.183545241673940041e-01 -3.990087314080438323e-18
-6.212851143293245393e-01 -3.927365707823628506e-18
-6.242157044912555186e-01 -3.865594590988296150e-18
-6.271462946531864979e-01 -3.804753939217917589e-18
-6.300768848151170332e-01 -3.744843594293269543e-18
-6.330074749770480125e-01 -3.685835774105026950e-18
-6.359380651389785477e-01 -3.627727695753254445e-18
-6.388686553009090829e-01 -3.570499357012743106e-18
-6.417992454628400623e-01 -3.514127933113660061e-18
-6.447298356247710416e-01 -3.458613894846069630e-18
-6.476604257867015768e-01 -3.403944525497881004e-18
-6.505910159486325561e-01 -3.350109554843464393e-18
-6.535216061105635355e-01 -3.297079441220982828e-18
-6.564521962724940707e-01 -3.244861281528849855e-18
-6.593827864344246059e-01 -3.193432713436143052e-18
-6.623133765963555852e-01 -3.142787239252221228e-18
-6.652439667582865646e-01 -3.092915272172338776e-18
-6.681745569202170998e-01 -3.043796286740505092e-18
-6.711051470821480791e-01 -2.995431397736989815e-18
-6.740357372440790584e-01 -2.947792072556693051e-18
-6.769663274060091496e-01 -2.900886463761721571e-18
-6.798969175679401289e-01 -2.854694552503241424e-18
-6.828275077298711082e-01 -2.809206498894879394e-18
-6.857580978918016434e-01 -2.764414123016457344e-18
-6.886886880537326228e-01 -2.720298075817201558e-18
-6.916192782156636021e-01 -2.676853472450789678e-18
-6.945498683775941373e-01 -2.634084457700501310e-18
-6.974804585395246725e-01 -2.591961580862176377e-18
-7.004110487014556519e-01 -2.550494549985913584e-18
-7.033416388633866312e-01 -2.509652544987907254e-18
-7.062722290253171664e-01 -2.469446356732633075e-18
-7.092028191872481457e-01 -2.429849930518068450e-18
-7.121334093491791251e-01 -2.390864708773486983e-18
-7.150639995111092162e-01 -2.352475759142663597e-18
-7.179945896730401955e-01 -2.314677589397553370e-18
-7.209251798349711748e-01 -2.277464492464868438e-18
-7.238557699969017101e-01 -2.240829998163811112e-18
-7.267863601588326894e-01 -2.204755256994121574e-18
-7.297169503207636687e-01 -2.169240542029803995e-18
-7.326475404826942039e-01 -2.134267995020183129e-18
-7.355781306446247392e-01 -2.099843477615274225e-18
-7.385087208065557185e-01 -2.065941826600884466e-18
-7.414393109684866978e-01 -2.032564682162868017e-18
-7.443699011304172330e-01 -1.999701531337087964e-18
-7.473004912923482124e-01 -1.967343692436823349e-18
-7.502310814542791917e-01 -1.935485927870539842e-18
-7.531616716162097269e-01 -1.904127175825948158e-18
-7.560922617781402622e-01 -1.873252394161589916e-18
-7.590228519400712415e-01 -1.842853331991033307e-18
-7.619534421020017767e-01 -1.812927866894617004e-18
-7.648840322639327560e-01 -1.783473802807368865e-18
-7.678146224258637353e-01 -1.754470717588126119e-18
-7.707452125877942706e-01 -1.725921825329102807e-18
-7.736758027497248058e-01 -1.697810777000913897e-18
-7.766063929116557851e-01 -1.670143313215386310e-18
-7.795369830735867644e-01 -1.642904856269818865e-18
-7.824675732355172997e-01 -1.616090915034907068e-18
-7.853981633974482790e-01 -1.589696037082900286e-18
-7.883287535593792583e-01 -1.563706384988218758e-18
-7.912593437213097936e-01 -1.538129891179904036e-18
-7.941899338832403288e-01 -1.512941309310804854e-18
-7.971205240451713081e-01 -1.488151433743320363e-18
-8.000511142071022874e-01 -1.463750350011874624e-18
-8.029817043690328227e-01 -1.439736729149055333e-18
-8.059122945309638020e-01 -1.416089761345242805e-18
-8.088428846928947813e-01 -1.392817872535882177e-18
-8.117734748548253165e-01 -1.369911792187912751e-18
-8.147040650167558518e-01 -1.347358462863721816e-18
-8.176346551786868311e-01 -1.325170212695611126e-18
-8.205652453406173663e-01 -1.303327273303682816e-18
-8.234958355025483456e-01 -1.281828142790482550e-18
-8.264264256644793250e-01 -1.260672738008186971e-18
-8.293570158264098602e-01 -1.239876852587922199e-18
-8.322876059883403954e-01 -1.219264011714013583e-18
-8.352181961502713747e-01 -1.199162975674986245e-18
-8.381487863122023541e-01 -1.179297668724766897e-18
-8.410793764741328893e-01 -1.159749571064559477e-18
-8.440099666360638686e-01 -1.140513546985639596e-18
-8.469405567979948479e-01 -1.121578899786700450e-18
-8.498711469599253832e-01 -1.102942405301057987e-18
-8.528017371218559184e-01 -1.084602185728353975e-18
-8.557323272837868977e-01 -1.066552792117313894e-18
-8.586629174457174329e-01 -1.048788383342907471e-18
-8.615935076076484123e-01 -1.031305976993362822e-18
-8.645240977695793916e-01 -1.014102977288799829e-18
-8.674546879315099268e-01 -9.971716922518240633e-19
-8.703852780934409061e-01 -9.805086398908259204e-19
-8.733158682553714414e-01 -9.641092883119181464e-19
-8.762464584173024207e-01 -9.479684513951847091e-19
-8.791770485792329559e-01 -9.320889831654303806e-19
-8.821076387411639352e-01 -9.164631078948705227e-19
-8.850382289030949146e-01 -9.010789777778609181e-19
-8.879688190650254498e-01 -8.859444659418087190e-19
-8.908994092269559850e-01 -8.710471774305938391e-19
-8.938299993888869643e-01 -8.563935418578866958e-19
-8.967605895508174996e-01 -8.419703819664017133e-19
-8.996911797127484789e-01 -8.277764873198258813e-19
-9.026217698746794582e-01 -8.138171605897057510e-19
-9.055523600366099934e-01 -8.000763202549957283e-19
-9.084829501985409728e-01 -7.865505159165748440e-19
-9.114135403604715080e-01 -7.732503583250941205e-19
-9.143441305224024873e-01 -7.601575686682410465e-19
-9.172747206843330225e-01 -7.472757499818300610e-19
-9.202053108462640019e-01 -7.346035546779100824e-19
-9.231359010081949812e-01 -7.221335204534647086e-19
-9.260664911701255164e-01 -7.098635706849493369e-19
-9.289970813320564957e-01 -6.977929974906714061e-19
-9.319276714939870310e-01 -6.859168562195589539e-19
-9.348582616559175662e-01 -6.742304078407232605e-19
-9.377888518178485455e-01 -6.627354695952220073e-19
-9.407194419797795248e-01 -6.514234912199348327e-19
-9.436500321417100601e-01 -6.402925200902157990e-19
-9.465806223036410394e-01 -6.293421311245945793e-19
-9.495112124655720187e-01 -6.185742458504836711e-19
-9.524418026275025539e-01 -6.079717934647646426e-19
-9.553723927894330892e-01 -5.975453533313355166e-19
-9.583029829513640685e-01 -5.872853870043778320e-19
-9.612335731132950478e-01 -5.771960480777368732e-19
-9.641641632752255830e-01 -5.672646414846074460e-19
-9.670947534371565624e-01 -5.575013121444650065e-19
-9.700253435990870976e-01 -5.478916306141620877e-19
-9.729559337610180769e-01 -5.384402822065281193e-19
-9.758865239229486122e-01 -5.291445353924236053e-19
-9.788171140848795915e-01 -5.200063419411917879e-19
-9.817477042468105708e-01 -5.110071326756779527e-19
-9.846782944087411060e-01 -5.021582847275697647e-19
-9.876088845706720853e-01 -4.934556769919566241e-19
-9.905394747326026206e-01 -4.848903787350355746e-19
-9.934700648945331558e-01 -4.764674304437254219e-19
-9.964006550564641351e-01 -4.681831630835490279e-19
-9.993312452183951144e-01 -4.600369296560334571e-19
-1.002261835380325650e+00 -4.520196736887847621e-19
-1.005192425542256629e+00 -4.441379508322649439e-19
-1.008123015704187608e+00 -4.363878617187116952e-19
-1.011053605866118144e+00 -4.287572281296245540e-19
-1.013984196028048679e+00 -4.212538326846774275e-19
-1.016914786189979658e+00 -4.138764349126002818e-19
-1.019845376351910637e+00 -4.066226306805628683e-19
-1.022775966513841173e+00 -3.994830743026034462e-19
-1.025706556675772152e+00 -3.924582162545892908e-19
-1.028637146837702687e+00 -3.855582430201328638e-19
-1.031567736999633222e+00 -3.787650416386422336e-19
-1.034498327161564202e+00 -3.720846076396219065e-19
-1.037428917323495181e+00 -3.655174856438556214e-19
-1.040359507485425716e+00 -3.590558951959138903e-19
-1.043290097647356696e+00 -3.527058448947122332e-19
-1.046220687809287675e+00 -3.464568980954876153e-19
-1.049151277971218210e+00 -3.403180070786101570e-19
-1.052081868133148745e+00 -3.342766642804591460e-19
-1.055012458295079725e+00 -3.283359386117309259e-19
-1.057943048457010704e+00 -3.224985111559913599e-19
-1.060873638618941239e+00 -3.167562254083215053e-19
-1.063804228780872219e+00 -3.111051506194003845e-19
-1.066734818942803198e+00 -3.055506371472970541e-19
-1.069665409104733289e+00 -3.000899553914533907e-19
-1.072595999266664268e+00 -2.947313421715073548e-19
-1.075526589428595248e+00 -2.894449455720636488e-19
-1.078457179590525783e+00 -2.842542714370161233e-19
-1.081387769752456762e+00 -2.791542828471821318e-19
-1.084318359914387742e+00 -2.741404620522263014e-19
-1.087248950076318277e+00 -2.692015184296029690e-19
-1.090179540238248812e+00 -2.643552162683289278e-19
-1.093110130400179791e+00 -2.595902774843915612e-19
-1.096040720562110771e+00 -2.549067823365545927e-19
-1.098971310724041306e+00 -2.503038411736756462e-19
-1.101901900885972285e+00 -2.457894796185427377e-19
-1.104832491047903265e+00 -2.413580324337370650e-19
-1.107763081209833356e+00 -2.370563964023050355e-19
-1.110693671371764335e+00 -2.329851036767927281e-19
-1.113624261533695314e+00 -2.286147787255037759e-19
-1.116554851695625850e+00 -2.242275425701523257e-19
-1.119485441857556829e+00 -2.200039870415435980e-19
-1.122416032019487808e+00 -2.159414611747564762e-19
-1.125346622181418343e+00 -2.119869116080827986e-19
-1.128277212343348879e+00 -2.081037122386085624e-19
-1.131207802505279858e+00 -2.042871372345072580e-19
-1.134138392667210837e+00 -2.005392657602696693e-19
-1.137068982829141373e+00 -1.968560442943784299e-19
-1.139999572991072352e+00 -1.932345673485301165e-19
-1.142930163153003331e+00 -1.896739147511719369e-19
-1.145860753314933866e+00 -1.861721631635390903e-19
-1.148791343476864402e+00 -1.827309761950698641e-19
-1.151721933638795381e+00 -1.793492909370604392e-19
-1.154652523800725916e+00 -1.760266358289695542e-19
-1.157583113962656896e+00 -1.727585737295210407e-19
-1.160513704124587875e+00 -1.695468039717968943e-19
-1.163444294286518410e+00 -1.663900337775394126e-19
-1.166374884448448945e+00 -1.632862889334772038e-19
-1.169305474610379925e+00 -1.602384670751700529e-19
-1.172236064772310904e+00 -1.572432895287855370e-19
-1.175166654934241439e+00 -1.542954152014000273e-19
-1.178097245096172418e+00 -1.514010629973515285e-19
-1.181027835258103398e+00 -1.485539991655749081e-19
-1.183958425420033933e+00 -1.457573845981641722e-19
-1.186889015581964468e+00 -1.430149437358243697e-19
-1.189819605743895448e+00 -1.403120890194811389e-19
-1.192750195905826427e+00 -1.376592602773426402e-19
-1.195680786067756962e+00 -1.350537865241381974e-19
-1.198611376229687941e+00 -1.324926374623858037e-19
-1.201541966391618921e+00 -1.299767254576322379e-19
-1.204472556553549456e+00 -1.275072495148426181e-19
-1.207403146715479991e+00 -1.250815207754426214e-19
-1.210333736877410971e+00 -1.226942434834056206e-19
-1.213264327039341506e+00 -1.203520387443538777e-19
-1.216194917201272485e+00 -1.180519012803427969e-19
-1.219125507363203464e+00 -1.157915746832171911e-19
-1.222056097525134000e+00 -1.135697649214262485e-19
-1.224986687687064535e+00 -1.113899542059377713e-19
-1.227917277848995514e+00 -1.092455261257473926e-19
-1.230847868010926494e+00 -1.071399922051090953e-19
-1.233778458172857029e+00 -1.050706883978628910e-19
-1.236709048334788008e+00 -1.030401126403309404e-19
-1.239639638496718987e+00 -1.010452318960622866e-19
-1.242570228658649523e+00 -9.908569887761897023e-20
-1.245500818820580058e+00 -9.716318240699253093e-20
-1.248431408982511037e+00 -9.527440821663265429e-20
-1.251361999144441572e+00 -9.341953544438718490e-20
-1.254292589306372552e+00 -9.159843516287717541e-20
-1.257223179468303531e+00 -8.981309306231482257e-20
-1.260153769630234066e+00 -8.805570599728383742e-20
-1.263084359792165046e+00 -8.633275296032940071e-20
-1.266014949954095581e+00 -8.464234553954541972e-20
-1.268945540116026560e+00 -8.298119045235872456e-20
-1.271876130277957095e+00 -8.135104960458977836e-20
-1.274806720439888075e+00 -7.975055064963150353e-20
-1.277737310601819054e+00 -7.817836145009508860e-20
-1.280667900763749589e+00 -7.663703709723540477e-20
-1.283598490925680125e+00 -7.512292103161175060e-20
-1.286529081087611104e+00 -7.363949785999907808e-20
-1.289459671249541639e+00 -7.218076675760929821e-20
-1.292390261411472618e+00 -7.075096967496751592e-20
-1.295320851573403598e+00 -6.934502084415090312e-20
-1.298251441735334133e+00 -6.796752846051548897e-20
-1.301182031897265112e+00 -6.661824821846102598e-20
-1.304112622059195647e+00 -6.529118630265115317e-20
-1.307043212221126627e+00 -6.398863918775765283e-20
-1.309973802383057162e+00 -6.271340941485205592e-20
-1.312904392544988141e+00 -6.145939070081748970e-20
-1.315834982706919121e+00 -6.023141622007816151e-20
-1.318765572868849656e+00 -5.902493977414192204e-20
-1.321696163030780635e+00 -5.784027500739719077e-20
-1.324626753192711170e+00 -5.668258483112849835e-20
-1.327557343354641706e+00 -5.554297878336369099e-20
-1.330487933516572685e+00 -5.443515483206047803e-20
-1.333418523678503664e+00 -5.334157594812581596e-20
-1.336349113840434200e+00 -5.227250686042524981e-20
-1.339279704002365179e+00 -5.121764842444972337e-20
-1.342210294164295714e+00 -5.019019548111365116e-20
-1.345140884326226693e+00 -4.917822615100195335e-20
-1.348071474488157229e+00 -4.818718312839365311e-20
-1.351002064650088208e+00 -4.721385776173310706e-20
-1.353932654812019187e+00 -4.626155668409486504e-20
-1.356863244973949723e+00 -4.532725695273658492e-20
-1.359793835135880702e+00 -4.441724075606206797e-20
-1.362724425297811237e+00 -4.352202609154562600e-20
-1.365655015459742216e+00 -4.264868343051192765e-20
-1.368585605621672752e+00 -4.179230517911922574e-20
-1.371516195783603731e+00 -4.095899920441572658e-20
-1.374446785945534266e+00 -4.013910346358073249e-20
-1.377377376107465246e+00 -3.934070838815221728e-20
-1.380307966269396225e+00 -3.855406093048051520e-20
-1.383238556431326760e+00 -3.778935721073552449e-20
-1.386169146593257295e+00 -3.703521124264914300e-20
-1.389099736755188275e+00 -3.630306586297567361e-20
-1.392030326917119254e+00 -3.557449999668392651e-20
-1.394960917079049789e+00 -3.484336179514924245e-20
-1.397891507240980769e+00 -3.417447628076014989e-20
-1.400822097402911304e+00 -3.350206073352887272e-20
-1.403752687564842283e+00 -3.284387528528801484e-20
-1.406683277726772818e+00 -3.220045088610894250e-20
-1.409613867888703798e+00 -3.157212548825709134e-20
-1.412544458050634777e+00 -3.096028864364728792e-20
-1.415475048212565312e+00 -3.036595785429738386e-20
-1.418405638374496291e+00 -2.977144289584579349e-20
-1.421336228536426827e+00 -2.921520922113592902e-20
-1.424266818698357362e+00 -2.866939471970176871e-20
-1.427197408860288341e+00 -2.811369006208554193e-20
-1.430127999022219321e+00 -2.757333488900476835e-20
-1.433058589184149856e+00 -2.705990483517006514e-20
-1.435989179346080835e+00 -2.657079285128784467e-20
-1.438919769508011814e+00 -2.607442460544454772e-20
-1.441850359669942350e+00 -2.561762745681933187e-20
-1.444780949831872885e+00 -2.514078503972840172e-20
-1.447711539993803864e+00 -2.468938655734223578e-20
-1.450642130155734844e+00 -2.424633282101428244e-20
-1.453572720317665379e+00 -2.384357054283428556e-20
-1.456503310479596358e+00 -2.341333373486719764e-20
-1.459433900641527337e+00 -2.305116788713964788e-20
-1.462364490803457429e+00 -2.263278947315349937e-20
-1.465295080965388408e+00 -2.226006571212233691e-20
-1.468225671127319387e+00 -2.188670297456861148e-20
-1.471156261289249922e+00 -2.155158861977256807e-20
-1.474086851451180902e+00 -2.119387801415404341e-20
-1.477017441613111881e+00 -2.084630771908916512e-20
-1.479948031775042416e+00 -2.053205486994481803e-20
-1.482878621936972952e+00 -2.024868060629049660e-20
-1.485809212098903931e+00 -1.992409682699080691e-20
-1.488739802260834910e+00 -1.966043419025946496e-20
-1.491670392422765445e+00 -1.936046552120889036e-20
-1.494600982584696425e+00 -1.910982837734029246e-20
-1.497531572746627404e+00 -1.884213794932000574e-20
-1.500462162908557495e+00 -1.861115211486458295e-20
-1.503392753070488475e+00 -1.836570101621914889e-20
-1.506323343232419454e+00 -1.815676200564358810e-20
-1.509253933394349989e+00 -1.793271778608308138e-20
-1.512184523556280968e+00 -1.774445658385805392e-20
-1.515115113718211948e+00 -1.754168862313363041e-20
-1.518045703880142483e+00 -1.740822010754568235e-20
-1.520976294042073018e+00 -1.719590736612625087e-20
-1.523906884204003997e+00 -1.701112548501685566e-20
-1.526837474365934977e+00 -1.686630160601897356e-20
-1.529768064527865512e+00 -1.672702110421418835e-20
-1.532698654689796491e+00 -1.659599023473357995e-20
-1.535629244851727471e+00 -1.646028389390858857e-20
-1.538559835013658006e+00 -1.635266470580749536e-20
-1.541490425175588541e+00 -1.626280283257413633e-20
-1.544421015337519520e+00 -1.616053648292975834e-20
-1.547351605499450056e+00 -1.609092166823418143e-20
-1.550282195661381035e+00 -1.601056227042331255e-20
-1.553212785823312014e+00 -1.595454888767041754e-20
-1.556143375985242550e+00 -1.589500080594083001e-20
-1.559073966147173085e+00 -1.585047631312975585e-20
-1.562004556309104064e+00 -1.581629076551088613e-20
-1.564935146471035043e+00 -1.579234987436485485e-20
-1.567865736632965579e+00 -1.577755137299957747e-20
-1.570796326794896558e+00 -1.577258582446113094e-20
