1.567126241919207574e+00 3.375593005138654462e+03
1.559786072167829607e+00 3.367985038136226649e+03
1.552445902416451418e+00 3.352825863010315970e+03
1.545105732665073450e+00 3.330228099980186926e+03
1.537765562913695483e+00 3.300358460127297349e+03
1.530425393162317516e+00 3.263435150143073315e+03
1.523085223410939326e+00 3.219724522016545052e+03
1.515745053659561359e+00 3.169537056058329654e+03
1.508404883908183391e+00 3.113222780788788896e+03
1.501064714156805424e+00 3.051166244299222853e+03
1.493724544405427235e+00 2.983781158476875135e+03
1.486384374654049267e+00 2.911504839906365760e+03
1.479044204902671300e+00 2.834792569510451358e+03
1.471704035151293333e+00 2.754111987426785618e+03
1.464363865399915365e+00 2.669937630724724841e+03
1.457023695648537176e+00 2.582745709997861013e+03
1.449683525897159209e+00 2.493009207306478856e+03
1.442343356145781241e+00 2.401193363028751264e+03
1.435003186394403052e+00 2.307751603743248324e+03
1.427663016643025085e+00 2.213121947778155118e+03
1.420322846891647117e+00 2.117723910181899555e+03
1.412982677140269150e+00 2.021955915085014567e+03
1.405642507388891183e+00 1.926193210921722766e+03
1.398302337637512993e+00 1.830786273296571608e+03
1.390962167886135026e+00 1.736059671155149545e+03
1.383621998134757058e+00 1.642311364987630441e+03
1.376281828383379091e+00 1.549812400060958680e+03
1.368941658632000902e+00 1.458806954654764695e+03
1.361601488880622934e+00 1.369512700384530945e+03
1.354261319129244967e+00 1.282121431992133921e+03
1.346921149377867000e+00 1.196799923679318681e+03
1.339580979626488810e+00 1.113690970785981335e+03
1.332240809875110843e+00 1.032914577928683229e+03
1.324900640123732876e+00 9.545692577905174403e+02
1.317560470372354908e+00 8.787334073613627652e+02
1.310220300620976719e+00 8.054667321416025061e+02
1.302880130869598752e+00 7.348116927069295343e+02
1.295539961118220784e+00 6.667949509306682785e+02
1.288199791366842817e+00 6.014287970132542114e+02
1.280859621615464849e+00 5.387125416494719730e+02
1.273519451864086660e+00 4.786338604721759111e+02
1.266179282112708693e+00 4.211700807927957158e+02
1.258839112361330725e+00 3.662894033055879959e+02
1.251498942609952536e+00 3.139520533001352192e+02
1.244158772858574569e+00 2.641113580142267097e+02
1.236818603107196601e+00 2.167147484064271623e+02
1.229478433355818634e+00 1.717046849490910176e+02
1.222138263604440667e+00 1.290195081977613825e+02
1.214798093853062699e+00 8.859421585360195195e+01
1.207457924101684510e+00 5.036116872144106793e+01
1.200117754350306543e+00 1.425072855113472947e+01
1.192777584598928575e+00 -1.980816883535418071e+01
1.185437414847550386e+00 -5.188750146052551315e+01
1.178097245096172418e+00 -8.205970630821313705e+01
1.170757075344794451e+00 -1.103972776987086064e+02
1.163416905593416484e+00 -1.369724149988387012e+02
1.156076735842038294e+00 -1.618567157731512225e+02
1.148736566090660327e+00 -1.851209106011656047e+02
1.141396396339282360e+00 -2.068346359107041224e+02
1.134056226587904170e+00 -2.270662413519011409e+02
1.126716056836526203e+00 -2.458826284096379879e+02
1.119375887085148236e+00 -2.633491171562716318e+02
1.112035717333770268e+00 -2.795293382426943367e+02
1.104695547582392301e+00 -2.944851474314859274e+02
1.097355377831014334e+00 -3.082765601785744138e+02
1.090015208079636366e+00 -3.209617039672207852e+02
1.082675038328258177e+00 -3.325967862888815603e+02
1.075334868576880210e+00 -3.432360763494018556e+02
1.067994698825502020e+00 -3.529318987518671520e+02
1.060654529074124053e+00 -3.617346375725659300e+02
1.053314359322746085e+00 -3.696927493986187301e+02
1.045974189571368118e+00 -3.768527840384626870e+02
1.038634019819990151e+00 -3.832594117515747030e+02
1.031293850068612183e+00 -3.889554559447217343e+02
1.023953680317233772e+00 -3.939819305122383071e+02
1.016613510565855805e+00 -3.983780807304962650e+02
1.009273340814477837e+00 -4.021814274140019165e+02
1.001933171063099870e+00 -4.054278132621006989e+02
9.945930013117217916e-01 -4.081514510949913870e+02
9.872528315603438243e-01 -4.103849733973794400e+02
9.799126618089657459e-01 -4.121594827460020838e+02
9.725724920575877785e-01 -4.135046027501905428e+02
9.652323223062097002e-01 -4.144485291794931072e+02
9.578921525548318439e-01 -4.150180809988564192e+02
9.505519828034536545e-01 -4.152387510721110857e+02
9.432118130520756871e-01 -4.151347563305369022e+02
9.358716433006977198e-01 -4.147290872344560739e+02
9.285314735493196414e-01 -4.140435563848662355e+02
9.211913037979416741e-01 -4.130988461663693556e+02
9.138511340465635957e-01 -4.119145553243266136e+02
9.065109642951856284e-01 -4.105092443997670557e+02
8.991707945438076610e-01 -4.089004799603051765e+02
8.918306247924296937e-01 -4.071048775822186485e+02
8.844904550410516153e-01 -4.051381435504098363e+02
8.771502852896736480e-01 -4.030151152541898227e+02
8.698101155382955696e-01 -4.007498002673052042e+02
8.624699457869176022e-01 -3.983554141073295227e+02
8.551297760355394129e-01 -3.958444166786225651e+02
8.477896062841615565e-01 -3.932285474072292573e+02
8.404494365327833671e-01 -3.905188590827404482e+02
8.331092667814055108e-01 -3.877257504249465683e+02
8.257690970300274325e-01 -3.848589973981934804e+02
8.184289272786493541e-01 -3.819277832978476113e+02
8.110887575272713867e-01 -3.789407276370504860e+02
8.037485877758934194e-01 -3.759059138623863419e+02
7.964084180245152300e-01 -3.728309159296001098e+02
7.890682482731372627e-01 -3.697228237714936654e+02
7.817280785217594063e-01 -3.665882676902770640e+02
7.743879087703812170e-01 -3.634334417078251249e+02
7.670477390190032496e-01 -3.602641259072789808e+02
7.597075692676251712e-01 -3.570857077992657764e+02
7.523673995162473149e-01 -3.539032027466137720e+02
7.450272297648691255e-01 -3.507212734801814236e+02
7.376870600134911582e-01 -3.475442487388666564e+02
7.303468902621131909e-01 -3.443761410660156912e+02
7.230067205107351125e-01 -3.412206637939972325e+02
7.156665507593570341e-01 -3.380812472480487259e+02
7.083263810079791778e-01 -3.349610541993387756e+02
7.009862112566009884e-01 -3.318629945976241515e+02
6.936460415052231321e-01 -3.287897396115953939e+02
6.863058717538450537e-01 -3.257437350056902687e+02
6.789657020024669754e-01 -3.227272138798228980e+02
6.716255322510888970e-01 -3.197422087974196074e+02
6.642853624997110407e-01 -3.167905633338653502e+02
6.569451927483328513e-01 -3.138739430580079670e+02
6.496050229969549950e-01 -3.109938459818123988e+02
6.422648532455769166e-01 -3.081516124961644891e+02
6.349246834941988382e-01 -3.053484348153779138e+02
6.275845137428208709e-01 -3.025853659524874502e+02
6.202443439914429035e-01 -2.998633282460554028e+02
6.129041742400648252e-01 -2.971831214575113904e+02
6.055640044886868578e-01 -2.945454304593118309e+02
5.982238347373086684e-01 -2.919508325313291834e+02
5.908836649859308121e-01 -2.893998042836456079e+02
5.835434952345527337e-01 -2.868927282225486124e+02
5.762033254831746554e-01 -2.844298989761105645e+02
5.688631557317964660e-01 -2.820115291946142406e+02
5.615229859804187207e-01 -2.796377551412720095e+02
5.541828162290405313e-01 -2.773086419877225239e+02
5.468426464776627860e-01 -2.750241888271120274e+02
5.395024767262845966e-01 -2.727843334190233691e+02
5.321623069749066293e-01 -2.705889566784447879e+02
5.248221372235284399e-01 -2.684378869207714047e+02
5.174819674721504725e-01 -2.663309038747622139e+02
5.101417977207725052e-01 -2.642677424740047627e+02
5.028016279693945378e-01 -2.622480964381558692e+02
4.954614582180163485e-01 -2.602716216535221179e+02
4.881212884666386032e-01 -2.583379393630154368e+02
4.807811187152604138e-01 -2.564466391747519651e+02
4.734409489638824464e-01 -2.545972818979725218e+02
4.661007792125042570e-01 -2.527894022147688133e+02
4.587606094611265117e-01 -2.510225111960381241e+02
4.514204397097483223e-01 -2.492960986690024470e+02
4.440802699583703550e-01 -2.476096354438131755e+02
4.367401002069921656e-01 -2.459625754063924035e+02
4.293999304556144203e-01 -2.443543574841973225e+02
4.220597607042362309e-01 -2.427844074911809003e+02
4.147195909528582636e-01 -2.412521398582362337e+02
4.073794212014800742e-01 -2.397569592550134416e+02
4.000392514501023289e-01 -2.382982621085070036e+02
3.926990816987243615e-01 -2.368754380239923023e+02
3.853589119473459501e-01 -2.354878711130306215e+02
3.780187421959682048e-01 -2.341349412336988394e+02
3.706785724445902375e-01 -2.328160251475967470e+02
3.633384026932122701e-01 -2.315304975979526603e+02
3.559982329418340807e-01 -2.302777323129464833e+02
3.486580631904561134e-01 -2.290571029384524309e+02
3.413178934390781460e-01 -2.278679839037129966e+02
3.339777236877001787e-01 -2.267097512241395521e+02
3.266375539363219893e-01 -2.255817832443394479e+02
3.192973841849440220e-01 -2.244834613212511556e+02
3.119572144335660546e-01 -2.234141704626966600e+02
3.046170446821880873e-01 -2.223732999043669452e+02
2.972768749308098979e-01 -2.213602436469024610e+02
2.899367051794319305e-01 -2.203744009450036572e+02
2.825965354280539632e-01 -2.194151767548831060e+02
2.752563656766759959e-01 -2.184819821416869274e+02
2.679161959252978065e-01 -2.175742346492127126e+02
2.605760261739198391e-01 -2.166913586342540441e+02
2.532358564225418718e-01 -2.158327855674720581e+02
2.458956866711639044e-01 -2.149979543033026346e+02
2.385555169197857150e-01 -2.141863113198409110e+02
2.312153471684077477e-01 -2.133973109313521093e+02
2.238751774170297804e-01 -2.126304154748229678e+02
2.165350076656518130e-01 -2.118850954719779622e+02
2.091948379142736236e-01 -2.111608297686262574e+02
2.018546681628956563e-01 -2.104571056523968480e+02
1.945144984115176889e-01 -2.097734189504876952e+02
1.871743286601397216e-01 -2.091092741090490676e+02
1.798341589087615322e-01 -2.084641842546140538e+02
1.724939891573835649e-01 -2.078376712393395565e+02
1.651538194060055975e-01 -2.072292656713005101e+02
1.578136496546276302e-01 -2.066385069303659066e+02
1.504734799032494408e-01 -2.060649431709592534e+02
1.431333101518714734e-01 -2.055081313127447231e+02
1.357931404004935061e-01 -2.049676370197653910e+02
1.284529706491155387e-01 -2.044430346693155514e+02
1.211128008977373494e-01 -2.039339073109370588e+02
1.137726311463593820e-01 -2.034398466166680635e+02
1.064324613949814147e-01 -2.029604528228891525e+02
9.909229164360344733e-02 -2.024953346646494197e+02
9.175212189222525794e-02 -2.020441093031491846e+02
8.441195214084729059e-02 -2.016064022468802648e+02
7.707178238946932325e-02 -2.011818472667527260e+02
6.973161263809135590e-02 -2.007700863064744681e+02
6.239144288671316652e-02 -2.003707693876606015e+02
5.505127313533519917e-02 -1.999835545110404951e+02
4.771110338395723183e-02 -1.996081075536417586e+02
4.037093363257926448e-02 -1.992441021626476356e+02
3.303076388120107509e-02 -1.988912196461469364e+02
2.569059412982310775e-02 -1.985491488613855324e+02
1.835042437844514041e-02 -1.982175861004556623e+02
1.101025462706717306e-02 -1.978962349743143818e+02
3.670084875688983672e-03 -1.975848062947947881e+02
-3.670084875688983672e-03 -1.972830179552971686e+02
-1.101025462706695102e-02 -1.969905948104808715e+02
-1.835042437844514041e-02 -1.967072685549406970e+02
-2.569059412982288571e-02 -1.964327776012944184e+02
-3.303076388120107509e-02 -1.961668669570979944e+02
-4.037093363257904244e-02 -1.959092881034668494e+02
-4.771110338395723183e-02 -1.956597988712777010e+02
-5.505127313533497713e-02 -1.954181633185798148e+02
-6.239144288671316652e-02 -1.951841516086027184e+02
-6.973161263809113386e-02 -1.949575398875248879e+02
-7.707178238946887916e-02 -1.947381101630806768e+02
-8.441195214084706855e-02 -1.945256501838080396e+02
-9.175212189222503589e-02 -1.943199533191322814e+02
-9.909229164360322528e-02 -1.941208184400840651e+02
-1.064324613949809706e-01 -1.939280498015346836e+02
-1.137726311463591600e-01 -1.937414569249991132e+02
-1.211128008977371273e-01 -1.935608544828486117e+02
-1.284529706491153167e-01 -1.933860621838021245e+02
-1.357931404004930620e-01 -1.932169046595529380e+02
-1.431333101518712514e-01 -1.930532113529949356e+02
-1.504734799032492187e-01 -1.928948164076973057e+02
-1.578136496546274081e-01 -1.927415585589054103e+02
-1.651538194060051534e-01 -1.925932810259257053e+02
-1.724939891573833428e-01 -1.924498314065415059e+02
-1.798341589087613102e-01 -1.923110615724199874e+02
-1.871743286601394995e-01 -1.921768275663596626e+02
-1.945144984115172448e-01 -1.920469895014448127e+02
-2.018546681628954342e-01 -1.919214114614511004e+02
-2.091948379142734016e-01 -1.917999614031013209e+02
-2.165350076656515910e-01 -1.916825110601435256e+02
-2.238751774170293363e-01 -1.915689358489953804e+02
-2.312153471684075257e-01 -1.914591147760155820e+02
-2.385555169197854930e-01 -1.913529303467676641e+02
-2.458956866711636824e-01 -1.912502684766694472e+02
-2.532358564225414277e-01 -1.911510184035784334e+02
-2.605760261739196171e-01 -1.910550726019416459e+02
-2.679161959252975844e-01 -1.909623266987997852e+02
-2.752563656766757738e-01 -1.908726793913266988e+02
-2.825965354280535191e-01 -1.907860323664239388e+02
-2.899367051794317085e-01 -1.907022902213186626e+02
-2.972768749308096758e-01 -1.906213603864990205e+02
-3.046170446821878652e-01 -1.905431530500237614e+02
-3.119572144335656105e-01 -1.904675810833565208e+02
-3.192973841849437999e-01 -1.903945599690574397e+02
-3.266375539363217673e-01 -1.903240077298640927e+02
-3.339777236876999567e-01 -1.902558448596450376e+02
-3.413178934390777020e-01 -1.901899942554954350e+02
-3.486580631904558913e-01 -1.901263811517505360e+02
-3.559982329418338587e-01 -1.900649330554568337e+02
-3.633384026932120481e-01 -1.900055796831386488e+02
-3.706785724445897934e-01 -1.899482528992857056e+02
-3.780187421959679828e-01 -1.898928866553138732e+02
-3.853589119473459501e-01 -1.898394169379801610e+02
-3.926990816987241395e-01 -1.897877816927244226e+02
-4.000392514501018848e-01 -1.897379207931409439e+02
-4.073794212014802962e-01 -1.896897759704442024e+02
-4.147195909528580415e-01 -1.896432907637093308e+02
-4.220597607042362309e-01 -1.895984104687833280e+02
-4.293999304556139762e-01 -1.895550820874222211e+02
-4.367401002069919436e-01 -1.895132542781223890e+02
-4.440802699583703550e-01 -1.894728773081390898e+02
-4.514204397097483223e-01 -1.894339030066364558e+02
-4.587606094611262897e-01 -1.893962847192175047e+02
-4.661007792125042570e-01 -1.893599772636953844e+02
-4.734409489638822244e-01 -1.893249368862250606e+02
-4.807811187152601917e-01 -1.892911212199844897e+02
-4.881212884666381591e-01 -1.892584892435856716e+02
-4.954614582180161264e-01 -1.892270012414963389e+02
-5.028016279693945378e-01 -1.891966187650195366e+02
-5.101417977207725052e-01 -1.891673045946322134e+02
-5.174819674721504725e-01 -1.891390227033055567e+02
-5.248221372235284399e-01 -1.891117382203715067e+02
-5.321623069749064072e-01 -1.890854173970009526e+02
-5.395024767262843746e-01 -1.890600275722326558e+02
-5.468426464776623419e-01 -1.890355371400418392e+02
-5.541828162290403093e-01 -1.890119155173969148e+02
-5.615229859804187207e-01 -1.889891331129881564e+02
-5.688631557317962439e-01 -1.889671612970475678e+02
-5.762033254831742113e-01 -1.889459723719240287e+02
-5.835434952345526227e-01 -1.889255395433753506e+02
-5.908836649859305901e-01 -1.889058368930182326e+02
-5.982238347373085574e-01 -1.888868393511431805e+02
-6.055640044886865248e-01 -1.888685226704452305e+02
-6.129041742400644921e-01 -1.888508634006310842e+02
-6.202443439914429035e-01 -1.888338388635539786e+02
-6.275845137428204268e-01 -1.888174271293094364e+02
-6.349246834941983941e-01 -1.888016069927486171e+02
-6.422648532455768056e-01 -1.887863579508529881e+02
-6.496050229969547729e-01 -1.887716601807852044e+02
-6.569451927483327403e-01 -1.887574945183982038e+02
-6.642853624997107076e-01 -1.887438424373945338e+02
-6.716255322510886749e-01 -1.887306860292624151e+02
-6.789657020024670864e-01 -1.887180079838430515e+02
-6.863058717538446096e-01 -1.887057915702561957e+02
-6.936460415052225770e-01 -1.886940206185420550e+02
-7.009862112566009884e-01 -1.886826795017285576e+02
-7.083263810079789558e-01 -1.886717531182396783e+02
-7.156665507593569231e-01 -1.886612268757579614e+02
-7.230067205107348904e-01 -1.886510866733568719e+02
-7.303468902621128578e-01 -1.886413188860511241e+02
-7.376870600134912692e-01 -1.886319103633099985e+02
-7.450272297648687925e-01 -1.886228483748708982e+02
-7.523673995162467598e-01 -1.886141206433728428e+02
-7.597075692676251712e-01 -1.886057153036479690e+02
-7.670477390190031386e-01 -1.885976208942934704e+02
-7.743879087703811059e-01 -1.885898263458699944e+02
-7.817280785217590733e-01 -1.885823209674205145e+02
-7.890682482731370406e-01 -1.885750944342233879e+02
-7.964084180245154521e-01 -1.885681367757947839e+02
-8.037485877758929753e-01 -1.885614383643383292e+02
-8.110887575272709427e-01 -1.885549899033986776e+02
-8.184289272786493541e-01 -1.885487824170638760e+02
-8.257690970300273214e-01 -1.885428072393210357e+02
-8.331092667814052888e-01 -1.885370560039786483e+02
-8.404494365327832561e-01 -1.885315206346211028e+02
-8.477896062841612235e-01 -1.885261933350299444e+02
-8.551297760355396349e-01 -1.885210665799931746e+02
-8.624699457869171582e-01 -1.885161331061884198e+02
-8.698101155382951255e-01 -1.885113859033845074e+02
-8.771502852896735369e-01 -1.885068182063054110e+02
-8.844904550410515043e-01 -1.885024234861083698e+02
-8.918306247924294716e-01 -1.884981954427452138e+02
-8.991707945438074390e-01 -1.884941279971759514e+02
-9.065109642951854063e-01 -1.884902152838232610e+02
-9.138511340465638177e-01 -1.884864516437134796e+02
-9.211913037979413410e-01 -1.884828316171744689e+02
-9.285314735493193083e-01 -1.884793499374236490e+02
-9.358716433006977198e-01 -1.884760015238357482e+02
-9.432118130520756871e-01 -1.884727814757731323e+02
-9.505519828034536545e-01 -1.884696850663448515e+02
-9.578921525548316218e-01 -1.884667077367575132e+02
-9.652323223062095892e-01 -1.884638450904003832e+02
-9.725724920575880006e-01 -1.884610928873527200e+02
-9.799126618089655238e-01 -1.884584470391483535e+02
-9.872528315603434912e-01 -1.884559036035011275e+02
-9.945930013117219026e-01 -1.884534587794380514e+02
-1.001933171063099870e+00 -1.884511089022236945e+02
-1.009273340814477837e+00 -1.884488504390221806e+02
-1.016613510565855805e+00 -1.884466799841167983e+02
-1.023953680317233772e+00 -1.884445942547110633e+02
-1.031293850068611739e+00 -1.884425900866121140e+02
-1.038634019819989707e+00 -1.884406644302001723e+02
-1.045974189571367674e+00 -1.884388143464188374e+02
-1.053314359322746085e+00 -1.884370370030858339e+02
-1.060654529074123609e+00 -1.884353296710150971e+02
-1.067994698825502020e+00 -1.884336897206989079e+02
-1.075334868576879988e+00 -1.884321146185281464e+02
-1.082675038328257955e+00 -1.884306019240321746e+02
-1.090015208079635922e+00 -1.884291492860240567e+02
-1.097355377831013890e+00 -1.884277544396790347e+02
-1.104695547582391857e+00 -1.884264152038856253e+02
-1.112035717333770268e+00 -1.884251294781854256e+02
-1.119375887085147792e+00 -1.884238952397091111e+02
-1.126716056836526203e+00 -1.884227105407324245e+02
-1.134056226587904170e+00 -1.884215735059435701e+02
-1.141396396339282138e+00 -1.884204823300758278e+02
-1.148736566090660105e+00 -1.884194352753466433e+02
-1.156076735842038072e+00 -1.884184306691867050e+02
-1.163416905593416040e+00 -1.884174669019069484e+02
-1.170757075344794451e+00 -1.884165424245078668e+02
-1.178097245096171974e+00 -1.884156557467122468e+02
-1.185437414847550386e+00 -1.884148054348478922e+02
-1.192777584598928353e+00 -1.884139901098165524e+02
-1.200117754350306321e+00 -1.884132084453022742e+02
-1.207457924101684288e+00 -1.884124591658709278e+02
-1.214798093853062255e+00 -1.884117410452936667e+02
-1.222138263604440223e+00 -1.884110529047473221e+02
-1.229478433355818634e+00 -1.884103936113282316e+02
-1.236818603107196157e+00 -1.884097620763491250e+02
-1.244158772858574569e+00 -1.884091572538719390e+02
-1.251498942609952536e+00 -1.884085781392639660e+02
-1.258839112361330503e+00 -1.884080237677589764e+02
-1.266179282112708471e+00 -1.884074932131008779e+02
-1.273519451864086438e+00 -1.884069855862943541e+02
-1.280859621615464405e+00 -1.884065000343400129e+02
-1.288199791366842817e+00 -1.884060357389793978e+02
-1.295539961118220340e+00 -1.884055919155428001e+02
-1.302880130869598752e+00 -1.884051678118498501e+02
-1.310220300620976719e+00 -1.884047627072188789e+02
-1.317560470372354686e+00 -1.884043759113294811e+02
-1.324900640123732654e+00 -1.884040067633223998e+02
-1.332240809875110621e+00 -1.884036546306988384e+02
-1.339580979626488588e+00 -1.884033189086142102e+02
-1.346921149377867000e+00 -1.884029990189005730e+02
-1.354261319129244523e+00 -1.884026944092552185e+02
-1.361601488880622490e+00 -1.884024045524349731e+02
-1.368941658632000902e+00 -1.884021289454709631e+02
-1.376281828383378869e+00 -1.884018671091059787e+02
-1.383621998134756836e+00 -1.884016185865136492e+02
-1.390962167886134804e+00 -1.884013829441310293e+02
-1.398302337637512771e+00 -1.884011597685365018e+02
-1.405642507388891183e+00 -1.884009486682923296e+02
-1.412982677140268706e+00 -1.884007492722656707e+02
-1.420322846891646673e+00 -1.884005612288502789e+02
-1.427663016643025085e+00 -1.884003842059887859e+02
-1.435003186394403052e+00 -1.884002178906891345e+02
-1.442343356145781019e+00 -1.884000619876796350e+02
-1.449683525897158987e+00 -1.883999162205302298e+02
-1.457023695648536954e+00 -1.883997803297361600e+02
-1.464363865399915365e+00 -1.883996540736183931e+02
-1.471704035151292889e+00 -1.883995372263389640e+02
-1.479044204902670856e+00 -1.883994295795998539e+02
-1.486384374654049267e+00 -1.883993309404409615e+02
-1.493724544405426791e+00 -1.883992411323055194e+02
-1.501064714156805202e+00 -1.883991599942354185e+02
-1.508404883908183169e+00 -1.883990873803920465e+02
-1.515745053659561137e+00 -1.883990231603826828e+02
-1.523085223410939104e+00 -1.883989672186886537e+02
-1.530425393162317071e+00 -1.883989194544882650e+02
-1.537765562913695039e+00 -1.883988797818705336e+02
-1.545105732665073450e+00 -1.883988481293495454e+02
-1.552445902416450974e+00 -1.883988244397560550e+02
-1.559786072167829385e+00 -1.883988086703831755e+02
-1.567126241919207352e+00 -1.883988007928116133e+02
