1.570796326794896558e+00 4.357351642227628190e+02
1.568353408712789498e+00 4.361925705617699123e+02
1.565910490630682217e+00 4.353435293115707054e+02
1.563467572548575157e+00 4.354186328874803280e+02
1.561024654466467876e+00 4.341754308751630447e+02
1.558581736384360816e+00 4.338599943912642516e+02
1.556138818302253757e+00 4.322396627166896224e+02
1.553695900220146475e+00 4.315375699961124951e+02
1.551252982138039416e+00 4.295442237911767620e+02
1.548810064055932134e+00 4.284651235760019290e+02
1.546367145973825075e+00 4.261094652881713500e+02
1.543924227891718015e+00 4.246633294169047304e+02
1.541481309809610734e+00 4.219579273766223082e+02
1.539038391727503674e+00 4.201570105468632619e+02
1.536595473645396392e+00 4.171168085195486697e+02
1.534152555563289333e+00 4.149753043560386914e+02
1.531709637481182273e+00 4.116171671221061956e+02
1.529266719399074992e+00 4.091511438286238445e+02
1.526823801316967932e+00 4.054936643442655395e+02
1.524380883234860651e+00 4.027208468104801113e+02
1.521937965152753591e+00 3.987840891353975508e+02
1.519495047070646532e+00 3.957236401970065458e+02
1.517052128988539250e+00 3.915288912477245162e+02
1.514609210906432191e+00 3.882011717018113472e+02
1.512166292824324909e+00 3.837706850329161625e+02
1.509723374742217850e+00 3.801970078196410441e+02
1.507280456660110790e+00 3.755537479211666891e+02
1.504837538578003509e+00 3.717561302543589932e+02
1.502394620495896449e+00 3.669235202091100518e+02
1.499951702413789167e+00 3.629244391497387028e+02
1.497508784331682108e+00 3.579261160112299081e+02
1.495065866249575048e+00 3.537482716680485737e+02
1.492622948167467767e+00 3.486078531600070392e+02
1.490180030085360707e+00 3.442739433424373487e+02
1.487737112003253426e+00 3.390148091606436083e+02
1.485294193921146366e+00 3.345473186083420956e+02
1.482851275839039307e+00 3.291924089875874415e+02
1.480408357756932025e+00 3.246134157690688085e+02
1.477965439674824966e+00 3.191850494624942485e+02
1.475522521592717684e+00 3.145160504734836309e+02
1.473079603510610625e+00 3.090357636384885609e+02
1.470636685428503565e+00 3.042975205857275114e+02
1.468193767346396283e+00 2.987859275358211448e+02
1.465750849264289224e+00 2.939983341784093795e+02
1.463307931182181942e+00 2.884750103878640743e+02
1.460865013100074883e+00 2.836569813253922234e+02
1.458422095017967823e+00 2.781403685822380680e+02
1.455979176935860542e+00 2.733097493500054043e+02
1.453536258853753482e+00 2.678170825070638443e+02
1.451093340771646201e+00 2.629905803926641852e+02
1.448650422689539141e+00 2.575378347937575541e+02
1.446207504607432082e+00 2.527309693544703180e+02
1.443764586525324800e+00 2.473328276765019780e+02
1.441321668443217741e+00 2.425598997389640203e+02
1.438878750361110459e+00 2.372297367925445997e+02
1.436435832279003399e+00 2.325038144282704877e+02
1.433992914196896340e+00 2.272536982344548733e+02
1.431549996114789058e+00 2.225866180807153398e+02
1.429107078032681999e+00 2.174273254404183433e+02
1.426664159950574717e+00 2.128297076677358746e+02
1.424221241868467658e+00 2.077707524209228609e+02
1.421778323786360598e+00 2.032520275470877493e+02
1.419335405704253317e+00 1.983016996481961769e+02
1.416892487622146257e+00 1.938701454507286712e+02
1.414449569540038976e+00 1.890355590684417280e+02
1.412006651457931916e+00 1.846983458760834083e+02
1.409563733375824857e+00 1.799854947804099936e+02
1.407120815293717575e+00 1.757487375012451878e+02
1.404677897211610516e+00 1.711625561013890149e+02
1.402234979129503234e+00 1.670313714462945143e+02
1.399792061047396174e+00 1.625757999650471106e+02
1.397349142965289115e+00 1.585543674453830647e+02
1.394906224883181833e+00 1.542324198444273406e+02
1.392463306801074774e+00 1.503240452573115817e+02
1.390020388718967492e+00 1.461378786855802616e+02
1.387577470636860433e+00 1.423450589318470918e+02
1.385134552554753373e+00 1.382960435981152330e+02
1.382691634472646092e+00 1.346205318345517981e+02
1.380248716390539032e+00 1.307093203713895377e+02
1.377805798308431751e+00 1.271521906178217307e+02
1.375362880226324691e+00 1.233787861307354206e+02
1.372919962144217632e+00 1.199404966026991843e+02
1.370477044062110350e+00 1.163043187447695033e+02
1.368034125980003290e+00 1.129847733048919736e+02
1.365591207897896009e+00 1.094847218402455269e+02
1.363148289815788949e+00 1.062833290808632825e+02
1.360705371733681890e+00 1.029178445183376596e+02
1.358262453651574608e+00 9.983357409593476461e+01
1.355819535569467549e+00 9.660069507987822135e+01
1.353376617487360267e+00 9.363213101846780262e+01
1.350933699405253208e+00 9.052954825873597144e+01
1.348490781323146148e+00 8.767493903229842545e+01
1.346047863241038867e+00 8.470004563600157610e+01
1.343604945158931807e+00 8.195735090732431161e+01
1.341162027076824526e+00 7.910728905178140735e+01
1.338719108994717466e+00 7.647422301575922177e+01
1.336276190912610184e+00 7.374592695457117486e+01
1.333833272830503125e+00 7.121999829317014985e+01
1.331390354748396065e+00 6.861023374638040195e+01
1.328947436666288784e+00 6.618878223612964007e+01
1.326504518584181724e+00 6.369418224844297782e+01
1.324061600502074443e+00 6.137441211414245856e+01
1.321618682419967383e+00 5.899150951235452567e+01
1.319175764337860324e+00 5.677051963655158318e+01
1.316732846255753042e+00 5.449577622290700418e+01
1.314289928173645983e+00 5.237058735110412044e+01
1.311847010091538923e+00 5.020042000305028296e+01
1.309404092009431642e+00 4.816799910087257075e+01
1.306961173927324582e+00 4.609880295398736649e+01
1.304518255845217301e+00 4.415608488066973791e+01
1.302075337763110241e+00 4.218425378744509402e+01
1.299632419681003181e+00 4.032816046207954486e+01
1.297189501598895900e+00 3.845010490929489322e+01
1.294746583516788840e+00 3.667756214065921228e+01
1.292303665434681559e+00 3.488972482285844734e+01
1.289860747352574499e+00 3.319767698021895086e+01
1.287417829270467440e+00 3.149654621363825768e+01
1.284974911188360158e+00 2.988196891877624495e+01
1.282531993106252877e+00 2.826409008199588513e+01
1.280089075024145817e+00 2.672400108312841027e+01
1.277646156942038758e+00 2.518598626312985900e+01
1.275203238859931476e+00 2.371745465585767576e+01
1.272760320777824417e+00 2.225599066436908657e+01
1.270317402695717135e+00 2.085614461761186789e+01
1.267874484613610075e+00 1.946799954384173503e+01
1.265431566531503016e+00 1.813403267412663666e+01
1.262988648449395956e+00 1.681606112104617878e+01
1.260545730367288675e+00 1.554523765845257444e+01
1.258102812285181615e+00 1.429438480788791388e+01
1.255659894203074334e+00 1.308404367631024989e+01
1.253216976120967274e+00 1.189734831067063325e+01
1.250774058038860215e+00 1.074490625106838948e+01
1.248331139956752933e+00 9.619502857586635258e+00
1.245888221874645874e+00 8.522456696743672566e+00
1.243445303792538592e+00 7.455576763905102489e+00
1.241002385710431533e+00 6.411504937620343014e+00
1.238559467628324473e+00 5.400477543258316082e+00
1.236116549546217191e+00 4.407040964595545951e+00
1.233673631464110132e+00 3.449292757141789956e+00
1.231230713382002850e+00 2.504235114416030417e+00
1.228787795299895791e+00 1.597289763379861061e+00
1.226344877217788731e+00 6.984373288975956884e-01
1.223901959135681450e+00 -1.600854719806243942e-01
1.221459041053574168e+00 -1.014824459633864251e+00
1.219016122971467109e+00 -1.827210372957673412e+00
1.216573204889360049e+00 -2.639846676303913231e+00
1.214130286807252768e+00 -3.408288416652399455e+00
1.211687368725145708e+00 -4.180753080044580017e+00
1.209244450643038427e+00 -4.907352377480697747e+00
1.206801532560931367e+00 -5.641498250454149321e+00
1.204358614478824308e+00 -6.328268029842531561e+00
1.201915696396717026e+00 -7.025871498632054291e+00
1.199472778314609966e+00 -7.674738222492304196e+00
1.197029860232502685e+00 -8.337501112441112028e+00
1.194586942150395625e+00 -8.950307266217240709e+00
1.192144024068288566e+00 -9.579858871192733716e+00
1.189701105986181506e+00 -1.015836554052131646e+01
1.187258187904074225e+00 -1.075626475420999739e+01
1.184815269821967165e+00 -1.130215427684522034e+01
1.182372351739859884e+00 -1.186989179730931454e+01
1.179929433657752824e+00 -1.238477045528073184e+01
1.177486515575645543e+00 -1.292377103936257932e+01
1.175043597493538483e+00 -1.340917177514062431e+01
1.172600679411431424e+00 -1.392079652262613543e+01
1.170157761329324142e+00 -1.437818165772860368e+01
1.167714843247217082e+00 -1.486373030613463797e+01
1.165271925165110023e+00 -1.529449424684105985e+01
1.162829007083002741e+00 -1.575520746286725071e+01
1.160386089000895460e+00 -1.616067937816941935e+01
1.157943170918788400e+00 -1.659774103519520239e+01
1.155500252836681341e+00 -1.697918749501134172e+01
1.153057334754574059e+00 -1.739372691983519559e+01
1.150614416672467000e+00 -1.775235448865717558e+01
1.148171498590359940e+00 -1.814544867516103466e+01
1.145728580508252659e+00 -1.848240644562501700e+01
1.143285662426145599e+00 -1.885508222386961918e+01
1.140842744344038540e+00 -1.917146429058700718e+01
1.138399826261931258e+00 -1.952470044565918883e+01
1.135956908179823976e+00 -1.982154831012233842e+01
1.133513990097716917e+00 -2.015627764814848177e+01
1.131071072015609857e+00 -2.043458255383307787e+01
1.128628153933502576e+00 -2.075169390795901947e+01
1.126185235851395516e+00 -2.101239909965751451e+01
1.123742317769288235e+00 -2.131273927720063455e+01
1.121299399687181175e+00 -2.155674218593942726e+01
1.118856481605074116e+00 -2.184111784980513349e+01
1.116413563522966834e+00 -2.206927220071749574e+01
1.113970645440859775e+00 -2.233845168810809056e+01
1.111527727358752715e+00 -2.255156952944302873e+01
1.109084809276645434e+00 -2.280628460608202701e+01
1.106641891194538374e+00 -2.300513826161490982e+01
1.104198973112431315e+00 -2.324608580858992468e+01
1.101756055030324033e+00 -2.343140975270319259e+01
1.099313136948216751e+00 -2.365925338997845628e+01
1.096870218866109692e+00 -2.383174604688786857e+01
1.094427300784002632e+00 -2.404711769092318008e+01
1.091984382701895351e+00 -2.420744315868497409e+01
1.089541464619788291e+00 -2.441094451677713906e+01
1.087098546537681232e+00 -2.455973421762513453e+01
1.084655628455573950e+00 -2.475193821987755172e+01
1.082212710373466891e+00 -2.488979247953973228e+01
1.079769792291359831e+00 -2.507124465002458180e+01
1.077326874209252550e+00 -2.519873420613269488e+01
1.074883956127145268e+00 -2.536995397373429384e+01
1.072441038045038209e+00 -2.548762141801161363e+01
1.069998119962931149e+00 -2.564910336873075991e+01
1.067555201880824089e+00 -2.575746452205615711e+01
1.065112283798716808e+00 -2.590967959536585141e+01
1.062669365716609526e+00 -2.600922481974990319e+01
1.060226447634502467e+00 -2.615262145118258985e+01
1.057783529552395407e+00 -2.624381690061664685e+01
1.055340611470288126e+00 -2.637882211093550922e+01
1.052897693388181066e+00 -2.646211092359446582e+01
1.050454775306073785e+00 -2.658913135652784732e+01
1.048011857223966725e+00 -2.666493478882771484e+01
1.045568939141859666e+00 -2.678435770136700711e+01
1.043126021059752606e+00 -2.685307620970552023e+01
1.040683102977645103e+00 -2.696527041396432978e+01
1.038240184895538043e+00 -2.702728468148575658e+01
1.035797266813430983e+00 -2.713260144274778440e+01
1.033354348731323924e+00 -2.718827335867081985e+01
1.030911430649216642e+00 -2.728704724946134874e+01
1.028468512567109583e+00 -2.733672083911901041e+01
1.026025594485002301e+00 -2.742927055130533986e+01
1.023582676402895242e+00 -2.747327286055434925e+01
1.021139758320788182e+00 -2.755990197903780370e+01
1.018696840238681123e+00 -2.759854391443572297e+01
1.016253922156573841e+00 -2.767954165220458407e+01
1.013811004074466560e+00 -2.771311878079745128e+01
1.011368085992359500e+00 -2.778876067812049300e+01
1.008925167910252441e+00 -2.781755398568184745e+01
1.006482249828145381e+00 -2.788810257484687227e+01
1.004039331746038100e+00 -2.791237918807224005e+01
1.001596413663930818e+00 -2.797808462469595270e+01
9.991534955818237584e-01 -2.799809849574296905e+01
9.967105774997166989e-01 -2.805919915919631435e+01
9.942676594176094174e-01 -2.807519171532934266e+01
9.918247413355023578e-01 -2.813191477990480038e+01
9.893818232533951873e-01 -2.814411554469437604e+01
9.869389051712880168e-01 -2.819667751867079630e+01
9.844959870891808462e-01 -2.820530468698678916e+01
9.820530690070737867e-01 -2.825391194446062926e+01
9.796101509249665051e-01 -2.825917299345949374e+01
9.771672328428594456e-01 -2.830402220404611668e+01
9.747243147607522751e-01 -2.830611428512542460e+01
9.722813966786452156e-01 -2.834739300246574700e+01
9.698384785965379340e-01 -2.834650363010787899e+01
9.673955605144308745e-01 -2.838439057478883853e+01
9.649526424323237039e-01 -2.838069796477090279e+01
9.625097243502165334e-01 -2.841536357060711282e+01
9.600668062681093629e-01 -2.840903714728269946e+01
9.576238881860023033e-01 -2.844064389851926933e+01
9.551809701038951328e-01 -2.843184471441256989e+01
9.527380520217879623e-01 -2.846054754196570968e+01
9.502951339396807917e-01 -2.844942868823399706e+01
9.478522158575736212e-01 -2.847537532584182074e+01
9.454092977754665617e-01 -2.846208231863574412e+01
9.429663796933593911e-01 -2.848541364534741405e+01
9.405234616112522206e-01 -2.847008479497663558e+01
9.380805435291450500e-01 -2.849093515984144176e+01
9.356376254470379905e-01 -2.847370192004563805e+01
9.331947073649307089e-01 -2.849219945015842015e+01
9.307517892828236494e-01 -2.847318675002051691e+01
9.283088712007164789e-01 -2.848945364440319850e+01
9.258659531186093083e-01 -2.846878020377197416e+01
9.234230350365021378e-01 -2.848293301219427320e+01
9.209801169543950783e-01 -2.846071164188083813e+01
9.185371988722877967e-01 -2.847286152915977553e+01
9.160942807901807372e-01 -2.844919941539628638e+01
9.136513627080735667e-01 -2.845945241325236097e+01
9.112084446259665071e-01 -2.843445138757603985e+01
9.087655265438592256e-01 -2.844290863479766074e+01
9.063226084617521661e-01 -2.841666543194589423e+01
9.038796903796449955e-01 -2.842342340101842879e+01
9.014367722975378250e-01 -2.839602990262190119e+01
8.989938542154306544e-01 -2.840118061694157703e+01
8.965509361333235949e-01 -2.837272408340682261e+01
8.941080180512164244e-01 -2.837635532228014057e+01
8.916650999691092538e-01 -2.834691861370223975e+01
8.892221818870020833e-01 -2.834911410885836247e+01
8.867792638048949128e-01 -2.831877589464361122e+01
8.843363457227878532e-01 -2.831961551622244144e+01
8.818934276406806827e-01 -2.828845047469168250e+01
8.794505095585735122e-01 -2.828801040872074068e+01
8.770075914764663416e-01 -2.825608941642787997e+01
8.745646733943592821e-01 -2.825444233267344885e+01
8.721217553122520005e-01 -2.822183264446957196e+01
8.696788372301449410e-01 -2.821904785805193328e+01
8.672359191480377705e-01 -2.818581327892108135e+01
8.647930010659305999e-01 -2.818195690230637140e+01
8.623500829838234294e-01 -2.814815795098444795e+01
8.599071649017163699e-01 -2.814329303947925354e+01
8.574642468196090883e-01 -2.810898710255631627e+01
8.550213287375020288e-01 -2.810317379319259246e+01
8.525784106553948583e-01 -2.806841527384322532e+01
8.501354925732877987e-01 -2.806171091720802480e+01
8.476925744911805172e-01 -2.802655137500298466e+01
8.452496564090734577e-01 -2.801901066061852319e+01
8.428067383269662871e-01 -2.798349894553599881e+01
8.403638202448591166e-01 -2.797517402131374098e+01
8.379209021627519460e-01 -2.793935640124102449e+01
8.354779840806448865e-01 -2.793029698793031912e+01
8.330350659985376049e-01 -2.789421726951663061e+01
8.305921479164305454e-01 -2.788447076994012974e+01
8.281492298343233749e-01 -2.784817041482573785e+01
8.257063117522162043e-01 -2.783778201581987943e+01
8.232633936701090338e-01 -2.780130024977981051e+01
8.208204755880019743e-01 -2.779031302241175538e+01
8.183775575058948037e-01 -2.775368694057272023e+01
8.159346394237876332e-01 -2.774214193380353422e+01
8.134917213416804627e-01 -2.770540660035478098e+01
8.110488032595732921e-01 -2.769334293083050014e+01
8.086058851774662326e-01 -2.765653147371562426e+01
8.061629670953590621e-01 -2.764398641137913870e+01
8.037200490132518915e-01 -2.760713011337977463e+01
8.012771309311447210e-01 -2.759413916354774798e+01
7.988342128490376615e-01 -2.755726754829239056e+01
7.963912947669303799e-01 -2.754386452926575402e+01
7.939483766848233204e-01 -2.750700544373899703e+01
7.915054586027161498e-01 -2.749322256128458974e+01
7.890625405206090903e-01 -2.745640225525806599e+01
7.866196224385018088e-01 -2.744227017299506599e+01
7.841767043563946382e-01 -2.740551337184869851e+01
7.817337862742874677e-01 -2.739106128023727038e+01
7.792908681921804082e-01 -2.735439125718535180e+01
7.768479501100732376e-01 -2.733964693752373520e+01
7.744050320279661781e-01 -2.730308558223042681e+01
7.719621139458590076e-01 -2.728807546847012944e+01
7.695191958637517260e-01 -2.725164335165268881e+01
7.670762777816446665e-01 -2.723639258950308317e+01
7.646333596995374959e-01 -2.720010902480293069e+01
7.621904416174303254e-01 -2.718464152820286017e+01
7.597475235353232659e-01 -2.714852463129308902e+01
7.573046054532160953e-01 -2.713286313624338675e+01
7.548616873711090358e-01 -2.709692988096516331e+01
7.524187692890017543e-01 -2.708109599717981908e+01
7.499758512068945837e-01 -2.704536226950301625e+01
7.475329331247875242e-01 -2.702937652909909971e+01
7.450900150426803537e-01 -2.699385717895395231e+01
7.426470969605731831e-01 -2.697773908310687929e+01
7.402041788784661236e-01 -2.694244796989840296e+01
7.377612607963588420e-01 -2.692621603919899442e+01
7.353183427142516715e-01 -2.689116608827804811e+01
7.328754246321446120e-01 -2.687483789190133621e+01
7.304325065500374414e-01 -2.684004112736872827e+01
7.279895884679303819e-01 -2.682363334145064471e+01
7.255466703858232114e-01 -2.678910093601745857e+01
7.231037523037159298e-01 -2.677262937153891187e+01
7.206608342216087593e-01 -2.673837168463909109e+01
7.182179161395016997e-01 -2.672185132901312343e+01
7.157749980573945292e-01 -2.668787794692635984e+01
7.133320799752874697e-01 -2.667132299920522698e+01
7.108891618931802991e-01 -2.663764277165550709e+01
7.084462438110730176e-01 -2.662106667709561236e+01
7.060033257289658470e-01 -2.658768775320838174e+01
7.035604076468587875e-01 -2.657110323584592848e+01
7.011174895647516170e-01 -2.653803309744160899e+01
6.986745714826445575e-01 -2.652145219197064918e+01
6.962316534005373869e-01 -2.648869768622572707e+01
6.937887353184303274e-01 -2.647213176866723217e+01
6.913458172363230458e-01 -2.643969913918960302e+01
6.889028991542158753e-01 -2.642315895462759556e+01
6.864599810721087048e-01 -2.639105387148650195e+01
6.840170629900016452e-01 -2.637454956255725236e+01
6.815741449078944747e-01 -2.634277714928379055e+01
6.791312268257874152e-01 -2.632631828289328269e+01
6.766883087436801336e-01 -2.629488314501519852e+01
6.742453906615729631e-01 -2.627847873673077572e+01
6.718024725794659036e-01 -2.624738498650433982e+01
6.693595544973587330e-01 -2.623104352516806159e+01
6.669166364152516735e-01 -2.620029480631890451e+01
6.644737183331445030e-01 -2.618402427787019349e+01
6.620308002510372214e-01 -2.615362378989045311e+01
6.595878821689300509e-01 -2.613743169901425745e+01
6.571449640868229913e-01 -2.610738221944120596e+01
6.547020460047158208e-01 -2.609127561140675411e+01
6.522591279226087613e-01 -2.606157951700245690e+01
6.498162098405015907e-01 -2.604556499749306298e+01
6.473732917583943092e-01 -2.601622428488201777e+01
6.449303736762871386e-01 -2.600030804037877985e+01
6.424874555941800791e-01 -2.597132434583182814e+01
6.400445375120729086e-01 -2.595551216131924122e+01
6.376016194299658491e-01 -2.592688677998379632e+01
6.351587013478586785e-01 -2.591118405793986312e+01
6.327157832657513969e-01 -2.588291796097169950e+01
6.302728651836443374e-01 -2.586732973813899861e+01
6.278299471015371669e-01 -2.583942359126602994e+01
6.253870290194299963e-01 -2.582395455488585867e+01
6.229441109373229368e-01 -2.579640873322261285e+01
6.205011928552157663e-01 -2.578106323723170590e+01
6.180582747731087068e-01 -2.575387784190155926e+01
6.156153566910014252e-01 -2.573865992261273661e+01
6.131724386088942547e-01 -2.571183479555045537e+01
6.107295205267871951e-01 -2.569674818503954938e+01
6.082866024446800246e-01 -2.567028292354593333e+01
6.058436843625728541e-01 -2.565533106435902866e+01
6.034007662804657945e-01 -2.562922503440548994e+01
6.009578481983585130e-01 -2.561441109255641280e+01
5.985149301162513424e-01 -2.558866344205330989e+01
5.960720120341442829e-01 -2.557399032006647843e+01
5.936290939520371124e-01 -2.554859999192422748e+01
5.911861758699300529e-01 -2.553407034089300609e+01
5.887432577878228823e-01 -2.550903608379583076e+01
5.863003397057156008e-01 -2.549465231567935675e+01
5.838574216236084302e-01 -2.546997269651868834e+01
5.814145035415013707e-01 -2.545573699458529404e+01
5.789715854593942002e-01 -2.543141040948540876e+01
5.765286673772871406e-01 -2.541732473953604554e+01
5.740857492951799701e-01 -2.539334942333339740e+01
5.716428312130726885e-01 -2.537941554415478507e+01
5.691999131309655180e-01 -2.535578958099458902e+01
5.667569950488584585e-01 -2.534200905449061736e+01
5.643140769667513990e-01 -2.531873038689226973e+01
5.618711588846441174e-01 -2.530510458707129473e+01
5.594282408025370579e-01 -2.528217102621713153e+01
5.569853227204299984e-01 -2.526870114848912863e+01
5.545424046383227168e-01 -2.524611038142616337e+01
5.520994865562156573e-01 -2.523279745152160203e+01
5.496565684741083757e-01 -2.521054705030773846e+01
5.472136503920013162e-01 -2.519739193276740963e+01
5.447707323098942567e-01 -2.517547936211276749e+01
5.423278142277869751e-01 -2.516248276776496695e+01
5.398848961456796935e-01 -2.514090539266260294e+01
5.374419780635726340e-01 -2.512806788684423864e+01
5.349990599814655745e-01 -2.510682297954237541e+01
5.325561418993585150e-01 -2.509414498920143899e+01
5.301132238172512334e-01 -2.507322973631029228e+01
5.276703057351441739e-01 -2.506071155768934133e+01
5.252273876530368923e-01 -2.504012306679397426e+01
5.227844695709298328e-01 -2.502776487117394666e+01
5.203415514888225513e-01 -2.500750017728492125e+01
5.178986334067154917e-01 -2.499530201747636227e+01
5.154557153246084322e-01 -2.497535808631351273e+01
5.130127972425013727e-01 -2.496331990837663639e+01
5.105698791603938691e-01 -2.494369364832978420e+01
5.081269610782868096e-01 -2.493181528584769779e+01
5.056840429961797501e-01 -2.491250354769898578e+01
5.032411249140726905e-01 -2.490078473364139811e+01
5.007982068319654090e-01 -2.488178431862582940e+01
4.983552887498583495e-01 -2.487022469745090447e+01
4.959123706677512899e-01 -2.485153235839550590e+01
4.934694525856440084e-01 -2.484013148254062031e+01
4.910265345035367268e-01 -2.482174393246372901e+01
4.885836164214296673e-01 -2.481050127000636962e+01
4.861406983393226078e-01 -2.479241518554103152e+01
4.836977802572155483e-01 -2.478133012525305290e+01
4.812548621751082667e-01 -2.476354215046263008e+01
4.788119440930009851e-01 -2.475261400632579623e+01
4.763690260108939256e-01 -2.473512075693787793e+01
4.739261079287868661e-01 -2.472434877254069363e+01
4.714831898466798066e-01 -2.470714683999573325e+01
4.690402717645725250e-01 -2.469653019263810023e+01
4.665973536824654655e-01 -2.467961614746136689e+01
4.641544356003581839e-01 -2.466915395255854193e+01
4.617115175182511244e-01 -2.465252434793396930e+01
4.592685994361438429e-01 -2.464221566251448792e+01
4.568256813540367833e-01 -2.462586703736189264e+01
4.543827632719297238e-01 -2.461571086363015581e+01
4.519398451898226643e-01 -2.459963974592401215e+01
4.494969271077151607e-01 -2.458963503510313942e+01
4.470540090256081012e-01 -2.457383794460210069e+01
4.446110909435010417e-01 -2.456398360043871776e+01
4.421681728613939821e-01 -2.454845705172574455e+01
4.397252547792867006e-01 -2.453875193352451234e+01
4.372823366971796410e-01 -2.452349243901446485e+01
4.348394186150725815e-01 -2.451393536458899902e+01
4.323965005329653000e-01 -2.449893943633011162e+01
4.299535824508580184e-01 -2.448952918516506827e+01
4.275106643687509589e-01 -2.447479333760198017e+01
4.250677462866438994e-01 -2.446552865402636812e+01
4.226248282045368398e-01 -2.445104940633579815e+01
4.201819101224295583e-01 -2.444192900135798396e+01
4.177389920403222767e-01 -2.442770287961818099e+01
4.152960739582152172e-01 -2.441872543440796406e+01
4.128531558761081577e-01 -2.440474897262170728e+01
4.104102377940008761e-01 -2.439591314035745739e+01
4.079673197118938166e-01 -2.438218288410142875e+01
4.055244016297867571e-01 -2.437348729251164769e+01
4.030814835476794755e-01 -2.435999979951485983e+01
4.006385654655724160e-01 -2.435144305320822156e+01
3.981956473834651344e-01 -2.433819489536203662e+01
3.957527293013580749e-01 -2.432977557799257085e+01
3.933098112192510154e-01 -2.431676334279864093e+01
3.908668931371437338e-01 -2.430848001892537980e+01
3.884239750550364523e-01 -2.429570031128174534e+01
3.859810569729293928e-01 -2.428755152879729451e+01
3.835381388908223332e-01 -2.427500097235617105e+01
3.810952208087152737e-01 -2.426698526340013018e+01
3.786523027266079922e-01 -2.425466050187417011e+01
3.762093846445009326e-01 -2.424677638566149085e+01
3.737664665623938731e-01 -2.423467408347598351e+01
3.713235484802865916e-01 -2.422692006740760817e+01
3.688806303981793100e-01 -2.421503691188472018e+01
3.664377123160722505e-01 -2.420741149342325826e+01
3.639947942339651910e-01 -2.419574419494168183e+01
3.615518761518581314e-01 -2.418824586257064269e+01
3.591089580697508499e-01 -2.417679115641518806e+01
3.566660399876435683e-01 -2.416941839189950869e+01
3.542231219055365088e-01 -2.415817303831105889e+01
3.517802038234294493e-01 -2.415092431742087697e+01
3.493372857413221677e-01 -2.413988510310762337e+01
3.468943676592151082e-01 -2.413275889749446534e+01
3.444514495771080487e-01 -2.412192263609865250e+01
3.420085314950007671e-01 -2.411491741403468936e+01
3.395656134128937076e-01 -2.410428094725849846e+01
3.371226953307864260e-01 -2.409739517525893859e+01
3.346797772486793665e-01 -2.408695537301909440e+01
3.322368591665723070e-01 -2.408018751632462084e+01
3.297939410844650254e-01 -2.406994127794337857e+01
3.273510230023577439e-01 -2.406328980249824667e+01
3.249081049202506843e-01 -2.405323405663038727e+01
3.224651868381436248e-01 -2.404669742948014743e+01
3.200222687560365653e-01 -2.403682913562136747e+01
3.175793506739292837e-01 -2.403040582609726528e+01
3.151364325918222242e-01 -2.402072197418257460e+01
3.126935145097151647e-01 -2.401441045446648559e+01
3.102505964276078831e-01 -2.400490806561028023e+01
3.078076783455006016e-01 -2.399870681217574742e+01
3.053647602633935421e-01 -2.398938293903443153e+01
3.029218421812864825e-01 -2.398329043280763884e+01
3.004789240991794230e-01 -2.397414216007502574e+01
2.980360060170721415e-01 -2.396815688797488519e+01
2.955930879349648599e-01 -2.395918133234934899e+01
2.931501698528578004e-01 -2.395330178718648995e+01
2.907072517707507409e-01 -2.394449609810251189e+01
2.882643336886434593e-01 -2.393872077984878644e+01
2.858214156065363998e-01 -2.393008213914399462e+01
2.833784975244293403e-01 -2.392440955526483037e+01
2.809355794423220587e-01 -2.391593517825387138e+01
2.784926613602149992e-01 -2.391036384454340080e+01
2.760497432781077176e-01 -2.390205097743440987e+01
2.736068251960006581e-01 -2.389657942096541987e+01
2.711639071138935986e-01 -2.388842534788788896e+01
2.687209890317863170e-01 -2.388305209484066083e+01
2.662780709496790355e-01 -2.387505412930696380e+01
2.638351528675719759e-01 -2.386977772914228879e+01
2.613922347854649164e-01 -2.386193322061148692e+01
2.589493167033578569e-01 -2.385675222523566319e+01
2.565063986212505753e-01 -2.384905855391609819e+01
2.540634805391435158e-01 -2.384397152860299585e+01
2.516205624570364563e-01 -2.383642611024168900e+01
2.491776443749291747e-01 -2.383143163030093703e+01
2.467347262928218932e-01 -2.382403191325913738e+01
2.442918082107148336e-01 -2.381912856554613711e+01
2.418488901286077741e-01 -2.381187203235598560e+01
2.394059720465007146e-01 -2.380705841616082097e+01
2.369630539643934330e-01 -2.379994258219275238e+01
2.345201358822861515e-01 -2.379521730853629791e+01
2.320772178001790920e-01 -2.378823972324674330e+01
2.296342997180720324e-01 -2.378360141550866658e+01
2.271913816359647509e-01 -2.377675966111138806e+01
2.247484635538576914e-01 -2.377220695521209137e+01
2.223055454717506318e-01 -2.376549864717905436e+01
2.198626273896433503e-01 -2.376103019259524984e+01
2.174197093075362908e-01 -2.375445298011032236e+01
2.149767912254290092e-01 -2.375006743856620517e+01
2.125338731433219497e-01 -2.374361900293716587e+01
2.100909550612148902e-01 -2.373931505062336100e+01
2.076480369791076086e-01 -2.373299310677204943e+01
2.052051188970003270e-01 -2.372876943275020878e+01
2.027622008148932675e-01 -2.372257172804056324e+01
2.003192827327862080e-01 -2.371842703576298916e+01
1.978763646506791485e-01 -2.371235134957518298e+01
1.954334465685718669e-01 -2.370828435606697226e+01
1.929905284864648074e-01 -2.370232850069116992e+01
1.905476104043577479e-01 -2.369833793719942250e+01
1.881046923222504663e-01 -2.369249975665445263e+01
1.856617742401431848e-01 -2.368858436795944655e+01
1.832188561580361252e-01 -2.368286173844384734e+01
1.807759380759290657e-01 -2.367902028486550847e+01
1.783330199938220062e-01 -2.367341111416105193e+01
1.758901019117147246e-01 -2.366964236956498979e+01
1.734471838296074431e-01 -2.366414459747893773e+01
1.710042657475003836e-01 -2.366044735013106148e+01
1.685613476653933240e-01 -2.365505894681736621e+01
1.661184295832860425e-01 -2.365143199937629959e+01
1.636755115011789830e-01 -2.364615096658286930e+01
1.612325934190719234e-01 -2.364259313669759166e+01
1.587896753369646419e-01 -2.363741750614827453e+01
1.563467572548573603e-01 -2.363392762590077822e+01
1.539038391727503008e-01 -2.362885546040599749e+01
1.514609210906432413e-01 -2.362543237686795905e+01
1.490180030085361818e-01 -2.362046176902078898e+01
1.465750849264289002e-01 -2.361710434357788557e+01
1.441321668443216186e-01 -2.361223341652794616e+01
1.416892487622145591e-01 -2.360894052518461095e+01
1.392463306801074996e-01 -2.360416743116139671e+01
1.368034125980002180e-01 -2.360093796458997417e+01
1.343604945158931585e-01 -2.359626088526119148e+01
1.319175764337860990e-01 -2.359309374870357345e+01
1.294746583516790395e-01 -2.358851089424253189e+01
1.270317402695717579e-01 -2.358540500784449989e+01
1.245888221874644763e-01 -2.358091461817581092e+01
1.221459041053574168e-01 -2.357786891660217066e+01
1.197029860232503573e-01 -2.357346925960202455e+01
1.172600679411432978e-01 -2.357048269168869226e+01
1.148171498590360162e-01 -2.356617206366348682e+01
1.123742317769287347e-01 -2.356324359330644924e+01
1.099313136948216751e-01 -2.355902031799531215e+01
1.074883956127146156e-01 -2.355614892259574233e+01
1.050454775306073341e-01 -2.355201135171052584e+01
1.026025594485002745e-01 -2.354919602401364642e+01
1.001596413663932150e-01 -2.354514253590996731e+01
9.771672328428593346e-02 -2.354238228220548734e+01
9.527380520217865190e-02 -2.353841128276655326e+01
9.283088712007159238e-02 -2.353570512401354264e+01
9.038796903796453286e-02 -2.353181504504577148e+01
8.794505095585747334e-02 -2.352916201659677498e+01
8.550213287375019178e-02 -2.352535131684215131e+01
8.305921479164291021e-02 -2.352275046752540533e+01
8.061629670953585070e-02 -2.351901763092329034e+01
7.817337862742879118e-02 -2.351646802375896073e+01
7.573046054532150961e-02 -2.351281156054458066e+01
7.328754246321445009e-02 -2.351031227259010947e+01
7.084462438110739058e-02 -2.350673071801812242e+01
6.840170629900033106e-02 -2.350428083977118732e+01
6.595878821689304949e-02 -2.350077275419890910e+01
6.351587013478576793e-02 -2.349837139064135982e+01
6.107295205267870841e-02 -2.349493535898943009e+01
5.863003397057164889e-02 -2.349258162742300016e+01
5.618711588846436733e-02 -2.348921625885226305e+01
5.374419780635730781e-02 -2.348690929121496396e+01
5.130127972425002625e-02 -2.348361321899054133e+01
4.885836164214296673e-02 -2.348135215941568887e+01
4.641544356003590721e-02 -2.347812404010864284e+01
4.397252547792862565e-02 -2.347590804901786754e+01
4.152960739582156613e-02 -2.347274656687669747e+01
3.908668931371450661e-02 -2.347057480880586766e+01
3.664377123160722505e-02 -2.346747865745615513e+01
3.420085314949994348e-02 -2.346535032880464300e+01
3.175793506739288397e-02 -2.346231824680981148e+01
2.931501698528582445e-02 -2.346023253159033217e+01
2.687209890317876493e-02 -2.345726325975952875e+01
2.442918082107148336e-02 -2.345521937406789803e+01
2.198626273896420180e-02 -2.345231168608957262e+01
1.954334465685714228e-02 -2.345030885065743576e+01
1.710042657475008276e-02 -2.344746153830362090e+01
1.465750849264280120e-02 -2.344549898906472407e+01
1.221459041053574168e-02 -2.344271086678720195e+01
9.771672328428682164e-03 -2.344078785055907233e+01
7.328754246321622645e-03 -2.343805775372232958e+01
4.885836164214341082e-03 -2.343617353010590065e+01
2.442918082107059519e-03 -2.343350031485014284e+01
0.000000000000000000e+00 -2.343165415477521663e+01
-2.442918082107281563e-03 -2.342903669729583171e+01
-4.885836164214341082e-03 -2.342722788449403737e+01
-7.328754246321622645e-03 -2.342466508167684580e+01
-9.771672328428460119e-03 -2.342289291119103467e+01
-1.221459041053574168e-02 -2.342038368043106900e+01
-1.465750849264280120e-02 -2.341864745995513886e+01
-1.710042657475008276e-02 -2.341619073781174265e+01
-1.954334465685736433e-02 -2.341448978511791168e+01
-2.198626273896420180e-02 -2.341208452791306982e+01
-2.442918082107148336e-02 -2.341041817312650153e+01
-2.687209890317854288e-02 -2.340806335558507811e+01
-2.931501698528582445e-02 -2.340643093929364227e+01
-3.175793506739310601e-02 -2.340412555539770878e+01
-3.420085314949994348e-02 -2.340252643030638424e+01
-3.664377123160722505e-02 -2.340026949213029894e+01
-3.908668931371428457e-02 -2.339870302144742809e+01
-4.152960739582156613e-02 -2.339649355982733070e+01
-4.397252547792862565e-02 -2.339495911757517987e+01
-4.641544356003590721e-02 -2.339279618019879337e+01
-4.885836164214318877e-02 -2.339129315127877717e+01
-5.130127972425002625e-02 -2.338917580459604650e+01
-5.374419780635730781e-02 -2.338770358453491838e+01
-5.618711588846436733e-02 -2.338563091187701559e+01
-5.863003397057164889e-02 -2.338418890666313388e+01
-6.107295205267848637e-02 -2.338216000836560937e+01
-6.351587013478576793e-02 -2.338074763403636425e+01
-6.595878821689304949e-02 -2.337876162754414722e+01
-6.840170629900010901e-02 -2.337737830979889253e+01
-7.084462438110739058e-02 -2.337543432927451192e+01
-7.328754246321422805e-02 -2.337407950506093712e+01
-7.573046054532150961e-02 -2.337217670047483864e+01
-7.817337862742901322e-02 -2.337084981465642741e+01
-8.061629670953585070e-02 -2.336898735173553732e+01
-8.305921479164313226e-02 -2.336768786110093288e+01
-8.550213287375019178e-02 -2.336586492145960037e+01
-8.794505095585747334e-02 -2.336459229119266467e+01
-9.038796903796431081e-02 -2.336280807242521007e+01
-9.283088712007159238e-02 -2.336156177766403630e+01
-9.527380520217887394e-02 -2.335981549181573058e+01
-9.771672328428593346e-02 -2.335859501645137470e+01
-1.001596413663932150e-01 -2.335688589148258387e+01
-1.026025594485000525e-01 -2.335569072912964117e+01
-1.050454775306073341e-01 -2.335401800625053781e+01
-1.074883956127146156e-01 -2.335284765945038288e+01
-1.099313136948216751e-01 -2.335121059566398571e+01
-1.123742317769289567e-01 -2.335006457618001718e+01
-1.148171498590357942e-01 -2.334846244250077874e+01
-1.172600679411432978e-01 -2.334734027023609215e+01
-1.197029860232501353e-01 -2.334577235152391594e+01
-1.221459041053574168e-01 -2.334467355551921131e+01
-1.245888221874646984e-01 -2.334313915001696316e+01
-1.270317402695717579e-01 -2.334206326703173673e+01
-1.294746583516790395e-01 -2.334056168704830014e+01
-1.319175764337858769e-01 -2.333950826320591787e+01
-1.343604945158931585e-01 -2.333803883435817283e+01
-1.368034125980002180e-01 -2.333700742300091235e+01
-1.392463306801074996e-01 -2.333556948343223780e+01
-1.416892487622147812e-01 -2.333455964818799799e+01
-1.441321668443216186e-01 -2.333315254765407687e+01
-1.465750849264289002e-01 -2.333216385799840609e+01
-1.490180030085359597e-01 -2.333078696119761375e+01
-1.514609210906432413e-01 -2.332981899600054732e+01
-1.539038391727505228e-01 -2.332847167908343877e+01
-1.563467572548573603e-01 -2.332752402366332589e+01
-1.587896753369648639e-01 -2.332620567504305598e+01
-1.612325934190717014e-01 -2.332527792297371505e+01
-1.636755115011789830e-01 -2.332398794279579590e+01
-1.661184295832860425e-01 -2.332307969497499656e+01
-1.685613476653933240e-01 -2.332181749513123847e+01
-1.710042657475006056e-01 -2.332092836008244774e+01
-1.734471838296074431e-01 -2.331969336367652090e+01
-1.758901019117147246e-01 -2.331882295720203402e+01
-1.783330199938217842e-01 -2.331761459948850046e+01
-1.807759380759290657e-01 -2.331676254512875346e+01
-1.832188561580359032e-01 -2.331558027173761261e+01
-1.856617742401431848e-01 -2.331474619897920775e+01
-1.881046923222504663e-01 -2.331358946748785854e+01
-1.905476104043575258e-01 -2.331277301286218773e+01
-1.929905284864648074e-01 -2.331164129368280769e+01
-1.954334465685716449e-01 -2.331084209595232792e+01
-1.978763646506791485e-01 -2.330973486179085086e+01
-2.003192827327864300e-01 -2.330895258322297892e+01
-2.027622008148932675e-01 -2.330786932226102692e+01
-2.052051188970005491e-01 -2.330710361407031428e+01
-2.076480369791076086e-01 -2.330604382625903526e+01
-2.100909550612148902e-01 -2.330529435179131070e+01
-2.125338731433217276e-01 -2.330425754588349818e+01
-2.149767912254290092e-01 -2.330352397530645092e+01
-2.174197093075362908e-01 -2.330250966984601391e+01
-2.198626273896433503e-01 -2.330179167931086326e+01
-2.223055454717506318e-01 -2.330079940209443734e+01
-2.247484635538574693e-01 -2.330009667413964181e+01
-2.271913816359647509e-01 -2.329912596251589108e+01
-2.296342997180720324e-01 -2.329843818568474845e+01
-2.320772178001790920e-01 -2.329748858632880015e+01
-2.345201358822863735e-01 -2.329681545475935778e+01
-2.369630539643932110e-01 -2.329588652339981181e+01
-2.394059720465007146e-01 -2.329522773781782163e+01
-2.418488901286075521e-01 -2.329431903855265418e+01
-2.442918082107148336e-01 -2.329367430508701631e+01
-2.467347262928221152e-01 -2.329278541167358085e+01
-2.491776443749291747e-01 -2.329215444177751593e+01
-2.516205624570364563e-01 -2.329128493578122772e+01
-2.540634805391432938e-01 -2.329066744717068005e+01
-2.565063986212505753e-01 -2.328981691886851735e+01
-2.589493167033576349e-01 -2.328921263418365228e+01
-2.613922347854649164e-01 -2.328838068232759895e+01
-2.638351528675721980e-01 -2.328778932980119976e+01
-2.662780709496790355e-01 -2.328697556112749112e+01
-2.687209890317863170e-01 -2.328639687418075610e+01
-2.711639071138933765e-01 -2.328560090371622948e+01
-2.736068251960006581e-01 -2.328503462064725227e+01
-2.760497432781079397e-01 -2.328425607033822686e+01
-2.784926613602149992e-01 -2.328370193559608126e+01
-2.809355794423222807e-01 -2.328294043569301053e+01
-2.833784975244291182e-01 -2.328239819764938545e+01
-2.858214156065363998e-01 -2.328165338600327061e+01
-2.882643336886434593e-01 -2.328112279831764297e+01
-2.907072517707507409e-01 -2.328039431972894846e+01
-2.931501698528580224e-01 -2.327987514078019871e+01
-2.955930879349648599e-01 -2.327916264755194575e+01
-2.980360060170721415e-01 -2.327865464062119116e+01
-3.004789240991792010e-01 -2.327795779191739101e+01
-3.029218421812864825e-01 -2.327746072504528740e+01
-3.053647602633937641e-01 -2.327677918728735662e+01
-3.078076783455006016e-01 -2.327629283302411523e+01
-3.102505964276078831e-01 -2.327562627941414419e+01
-3.126935145097149427e-01 -2.327515041470063650e+01
-3.151364325918222242e-01 -2.327449852510975958e+01
-3.175793506739292837e-01 -2.327403293132983819e+01
-3.200222687560365653e-01 -2.327339539246619182e+01
-3.224651868381438469e-01 -2.327293985524376652e+01
-3.249081049202506843e-01 -2.327231635991496361e+01
-3.273510230023579659e-01 -2.327187066922675385e+01
-3.297939410844650254e-01 -2.327126091631910398e+01
-3.322368591665723070e-01 -2.327082486631740110e+01
-3.346797772486791445e-01 -2.327022856131851469e+01
-3.371226953307864260e-01 -2.326980195017466002e+01
-3.395656134128937076e-01 -2.326921880458195702e+01
-3.420085314950007671e-01 -2.326880143438328474e+01
-3.444514495771080487e-01 -2.326823116551224402e+01
-3.468943676592148861e-01 -2.326782284260855604e+01
-3.493372857413221677e-01 -2.326726517368873814e+01
-3.517802038234296713e-01 -2.326686570839698120e+01
-3.542231219055365088e-01 -2.326632036835694350e+01
-3.566660399876437904e-01 -2.326592957440724874e+01
-3.591089580697508499e-01 -2.326539629798618236e+01
-3.615518761518581314e-01 -2.326501399290902228e+01
-3.639947942339649689e-01 -2.326449252005854973e+01
-3.664377123160722505e-01 -2.326411852516596568e+01
-3.688806303981795320e-01 -2.326360860124466612e+01
-3.713235484802865916e-01 -2.326324274154015725e+01
-3.737664665623938731e-01 -2.326274411734816283e+01
-3.762093846445007106e-01 -2.326238622121286781e+01
-3.786523027266079922e-01 -2.326189865302598747e+01
-3.810952208087150517e-01 -2.326154855207454020e+01
-3.835381388908223332e-01 -2.326107180104153471e+01
-3.859810569729296148e-01 -2.326072933066225801e+01
-3.884239750550364523e-01 -2.326026316261042126e+01
-3.908668931371437338e-01 -2.325992816129868146e+01
-3.933098112192507934e-01 -2.325947234722796253e+01
-3.957527293013580749e-01 -2.325914465706499712e+01
-3.981956473834653565e-01 -2.325869897260733410e+01
-4.006385654655724160e-01 -2.325837843836920271e+01
-4.030814835476796976e-01 -2.325794266399011789e+01
-4.055244016297865350e-01 -2.325762913425481671e+01
-4.079673197118938166e-01 -2.325720305460248483e+01
-4.104102377940008761e-01 -2.325689638054628361e+01
-4.128531558761081577e-01 -2.325647978525940118e+01
-4.152960739582154392e-01 -2.325617982123397454e+01
-4.177389920403222767e-01 -2.325577250457862277e+01
-4.201819101224295583e-01 -2.325547910759580361e+01
-4.226248282045366178e-01 -2.325508086785334072e+01
-4.250677462866438994e-01 -2.325479389767363259e+01
-4.275106643687511809e-01 -2.325440453559091836e+01
-4.299535824508580184e-01 -2.325412385804608562e+01
-4.323965005329655220e-01 -2.325374318433365772e+01
-4.348394186150725815e-01 -2.325346866103906507e+01
-4.372823366971796410e-01 -2.325309648339327495e+01
-4.397252547792867006e-01 -2.325282798636903081e+01
-4.421681728613937601e-01 -2.325246411984519312e+01
-4.446110909435012637e-01 -2.325220151899397081e+01
-4.470540090256083232e-01 -2.325184578229027110e+01
-4.494969271077153827e-01 -2.325158895183707841e+01
-4.519398451898224423e-01 -2.325124116773531568e+01
-4.543827632719295018e-01 -2.325098998425461616e+01
-4.568256813540365613e-01 -2.325064997897939278e+01
-4.592685994361440649e-01 -2.325040432145645397e+01
-4.617115175182511244e-01 -2.325007192488160968e+01
-4.641544356003581839e-01 -2.324983167499905079e+01
-4.665973536824652435e-01 -2.324950672036375110e+01
-4.690402717645723030e-01 -2.324927176231702930e+01
-4.714831898466798066e-01 -2.324895408677296516e+01
-4.739261079287868661e-01 -2.324872430719151239e+01
-4.763690260108939256e-01 -2.324841375148354672e+01
-4.788119440930014292e-01 -2.324818903855569019e+01
-4.812548621751080447e-01 -2.324788544663503842e+01
-4.836977802572155483e-01 -2.324766569165860375e+01
-4.861406983393226078e-01 -2.324736891055422916e+01
-4.885836164214296673e-01 -2.324715400704534929e+01
-4.910265345035371709e-01 -2.324686388729458031e+01
-4.934694525856437863e-01 -2.324665373091246678e+01
-4.959123706677512899e-01 -2.324637012640836886e+01
-4.983552887498583495e-01 -2.324616461464163208e+01
-5.007982068319654090e-01 -2.324588738206159633e+01
-5.032411249140724685e-01 -2.324568641480632536e+01
-5.056840429961795280e-01 -2.324541541374612308e+01
-5.081269610782870316e-01 -2.324521889317616541e+01
-5.105698791603940911e-01 -2.324495398675539093e+01
-5.130127972425011507e-01 -2.324476181667444408e+01
-5.154557153246082102e-01 -2.324450287074474630e+01
-5.178986334067157138e-01 -2.324431495708769191e+01
-5.203415514888227733e-01 -2.324406184017053789e+01
-5.227844695709298328e-01 -2.324387809071837196e+01
-5.252273876530368923e-01 -2.324363067416665274e+01
-5.276703057351439519e-01 -2.324345099916468627e+01
-5.301132238172514555e-01 -2.324320915722045910e+01
-5.325561418993580709e-01 -2.324303346845601581e+01
-5.349990599814655745e-01 -2.324279707805638751e+01
-5.374419780635726340e-01 -2.324262528931202709e+01
-5.398848961456796935e-01 -2.324239423031694685e+01
-5.423278142277871972e-01 -2.324222625679886889e+01
-5.447707323098938126e-01 -2.324200041126227134e+01
-5.472136503920013162e-01 -2.324183617033219207e+01
-5.496565684741088198e-01 -2.324161542262525160e+01
-5.520994865562154352e-01 -2.324145483328787165e+01
-5.545424046383229388e-01 -2.324123907087771457e+01
-5.569853227204299984e-01 -2.324108205342014344e+01
-5.594282408025370579e-01 -2.324087116595609004e+01
-5.618711588846441174e-01 -2.324071764293293541e+01
-5.643140769667511769e-01 -2.324051152236748052e+01
-5.667569950488586805e-01 -2.324036141788885601e+01
-5.691999131309657400e-01 -2.324015995848070304e+01
-5.716428312130727996e-01 -2.324001319784317943e+01
-5.740857492951798591e-01 -2.323981629611229849e+01
-5.765286673772869186e-01 -2.323967280645355871e+01
-5.789715854593939781e-01 -2.323948036118822102e+01
-5.814145035415014817e-01 -2.323934007149793146e+01
-5.838574216236085412e-01 -2.323915198409441629e+01
-5.863003397057156008e-01 -2.323901482438136057e+01
-5.887432577878231044e-01 -2.323883099800334406e+01
-5.911861758699297198e-01 -2.323869689973885500e+01
-5.936290939520372234e-01 -2.323851723927922919e+01
-5.960720120341442829e-01 -2.323838613600368319e+01
-5.985149301162513424e-01 -2.323821054892318827e+01
-6.009578481983588460e-01 -2.323808237510104036e+01
-6.034007662804654615e-01 -2.323791077084811718e+01
-6.058436843625729651e-01 -2.323778546258767363e+01
-6.082866024446800246e-01 -2.323761775247727357e+01
-6.107295205267870841e-01 -2.323749524663596588e+01
-6.131724386088945877e-01 -2.323733134409994960e+01
-6.156153566910012032e-01 -2.323721157942796722e+01
-6.180582747731087068e-01 -2.323705139933982622e+01
-6.205011928552157663e-01 -2.323693431577594737e+01
-6.229441109373228258e-01 -2.323677777524045140e+01
-6.253870290194298853e-01 -2.323666331393640050e+01
-6.278299471015369448e-01 -2.323651033147270084e+01
-6.302728651836444485e-01 -2.323639843517290871e+01
-6.327157832657515080e-01 -2.323624893164048544e+01
-6.351587013478585675e-01 -2.323613954401047010e+01
-6.376016194299656270e-01 -2.323599344147286061e+01
-6.400445375120731306e-01 -2.323588650716273918e+01
-6.424874555941801901e-01 -2.323574372995588888e+01
-6.449303736762872497e-01 -2.323563919515548548e+01
-6.473732917583943092e-01 -2.323549966838137948e+01
-6.498162098405013687e-01 -2.323539748068557742e+01
-6.522591279226088723e-01 -2.323526113185366171e+01
-6.547020460047154877e-01 -2.323516123954678747e+01
-6.571449640868229913e-01 -2.323502799744847991e+01
-6.595878821689300509e-01 -2.323493035059036060e+01
-6.620308002510371104e-01 -2.323480014636450974e+01
-6.644737183331446140e-01 -2.323470469476242428e+01
-6.669166364152512294e-01 -2.323457745194724922e+01
-6.693595544973587330e-01 -2.323448415030239289e+01
-6.718024725794662366e-01 -2.323435981715678267e+01
-6.742453906615728521e-01 -2.323426861105859231e+01
-6.766883087436803557e-01 -2.323414711542499234e+01
-6.791312268257874152e-01 -2.323405796242362698e+01
-6.815741449078944747e-01 -2.323393924073115357e+01
-6.840170629900015342e-01 -2.323385209563110720e+01
-6.864599810721085937e-01 -2.323373608539765556e+01
-6.889028991542160973e-01 -2.323365090385573595e+01
-6.913458172363231569e-01 -2.323353754421050965e+01
-6.937887353184302164e-01 -2.323345428288513759e+01
-6.962316534005372759e-01 -2.323334351449808466e+01
-6.986745714826443354e-01 -2.323326213084001779e+01
-7.011174895647513949e-01 -2.323315389536888631e+01
-7.035604076468588985e-01 -2.323307434780393876e+01
-7.060033257289659581e-01 -2.323296858812702226e+01
-7.084462438110730176e-01 -2.323289083600330684e+01
-7.108891618931805212e-01 -2.323278749648199693e+01
-7.133320799752871366e-01 -2.323271150024708476e+01
-7.157749980573946402e-01 -2.323261052660702219e+01
-7.182179161395016997e-01 -2.323253624726478961e+01
-7.206608342216087593e-01 -2.323243758576588291e+01
-7.231037523037162629e-01 -2.323236498538961570e+01
-7.255466703858228783e-01 -2.323226858410503937e+01
-7.279895884679303819e-01 -2.323219762544045253e+01
-7.304325065500374414e-01 -2.323210343364352681e+01
-7.328754246321445009e-01 -2.323203407998359182e+01
-7.353183427142520046e-01 -2.323194204749849945e+01
-7.377612607963586200e-01 -2.323187426332655647e+01
-7.402041788784661236e-01 -2.323178434154414518e+01
-7.426470969605731831e-01 -2.323171809208838212e+01
-7.450900150426802426e-01 -2.323163023302010188e+01
-7.475329331247873021e-01 -2.323156548449313874e+01
-7.499758512068948058e-01 -2.323147964204000004e+01
-7.524187692890018653e-01 -2.323141636058982940e+01
-7.548616873711089248e-01 -2.323133248921472926e+01
-7.573046054532159843e-01 -2.323127064239069739e+01
-7.597475235353230438e-01 -2.323118869753839988e+01
-7.621904416174305474e-01 -2.323112825322710151e+01
-7.646333596995376070e-01 -2.323104819097184404e+01
-7.670762777816446665e-01 -2.323098911832067515e+01
-7.695191958637517260e-01 -2.323091089607059345e+01
-7.719621139458587855e-01 -2.323085316415576429e+01
-7.744050320279662891e-01 -2.323077674039864604e+01
-7.768479501100729046e-01 -2.323072031971662810e+01
-7.792908681921804082e-01 -2.323064565418783545e+01
-7.817337862742874677e-01 -2.323059051505916273e+01
-7.841767043563945272e-01 -2.323051756753539010e+01
-7.866196224385020308e-01 -2.323046368190581035e+01
-7.890625405206090903e-01 -2.323039241324515913e+01
-7.915054586027161498e-01 -2.323033975278346830e+01
-7.939483766848236534e-01 -2.323027012530430113e+01
-7.963912947669302689e-01 -2.323021866291223958e+01
-7.988342128490377725e-01 -2.323015063918566270e+01
-8.012771309311448320e-01 -2.323010034772032029e+01
-8.037200490132518915e-01 -2.323003389139210029e+01
-8.061629670953589510e-01 -2.322998474515911127e+01
-8.086058851774660106e-01 -2.322991982046098514e+01
-8.110488032595735142e-01 -2.322987179378572264e+01
-8.134917213416805737e-01 -2.322980836629164969e+01
-8.159346394237876332e-01 -2.322976143421883677e+01
-8.183775575058946927e-01 -2.322969946973249833e+01
-8.208204755880017522e-01 -2.322965360757299180e+01
-8.232633936701088118e-01 -2.322959307299099407e+01
-8.257063117522163154e-01 -2.322954825663287082e+01
-8.281492298343233749e-01 -2.322948911947453610e+01
-8.305921479164304344e-01 -2.322944532576105914e+01
-8.330350659985379380e-01 -2.322938755404993572e+01
-8.354779840806445534e-01 -2.322934476023725026e+01
-8.379209021627520571e-01 -2.322928832301459678e+01
-8.403638202448591166e-01 -2.322924650654107381e+01
-8.428067383269661761e-01 -2.322919137336727147e+01
-8.452496564090736797e-01 -2.322915051249649565e+01
-8.476925744911802951e-01 -2.322909665366787024e+01
-8.501354925732877987e-01 -2.322905672675553745e+01
-8.525784106553948583e-01 -2.322900411322067882e+01
-8.550213287375019178e-01 -2.322896509967960554e+01
-8.574642468196094214e-01 -2.322891370317870141e+01
-8.599071649017160368e-01 -2.322887558207009562e+01
-8.623500829838235404e-01 -2.322882537486115240e+01
-8.647930010659305999e-01 -2.322878812632883694e+01
-8.672359191480376595e-01 -2.322873908148369182e+01
-8.696788372301447190e-01 -2.322870268586637010e+01
-8.721217553122522226e-01 -2.322865477687283331e+01
-8.745646733943592821e-01 -2.322861921508109617e+01
-8.770075914764663416e-01 -2.322857241585924370e+01
-8.794505095585734011e-01 -2.322853766926212060e+01
-8.818934276406804607e-01 -2.322849195451900428e+01
-8.843363457227879643e-01 -2.322845800491358048e+01
-8.867792638048950238e-01 -2.322841334983870709e+01
-8.892221818870020833e-01 -2.322838017922375897e+01
-8.916650999691091428e-01 -2.322833655952742049e+01
-8.941080180512162023e-01 -2.322830415029730489e+01
-8.965509361333237059e-01 -2.322826154238525120e+01
-8.989938542154303214e-01 -2.322822987588174115e+01
-9.014367722975378250e-01 -2.322818826146806970e+01
-9.038796903796453286e-01 -2.322815732223414642e+01
-9.063226084617519440e-01 -2.322811666847844592e+01
-9.087655265438594476e-01 -2.322808644256786081e+01
-9.112084446259665071e-01 -2.322804673382501051e+01
-9.136513627080735667e-01 -2.322801720304462592e+01
-9.160942807901810703e-01 -2.322797841677705577e+01
-9.185371988722876857e-01 -2.322794956576752412e+01
-9.209801169543951893e-01 -2.322791168107065474e+01
-9.234230350365022488e-01 -2.322788349447986178e+01
-9.258659531186093083e-01 -2.322784649069186003e+01
-9.283088712007163679e-01 -2.322781895341369918e+01
-9.307517892828234274e-01 -2.322778281042516824e+01
-9.331947073649309310e-01 -2.322775590789231615e+01
-9.356376254470379905e-01 -2.322772060598587274e+01
-9.380805435291450500e-01 -2.322769432386571609e+01
-9.405234616112521095e-01 -2.322765984355110547e+01
-9.429663796933596132e-01 -2.322763416786266788e+01
-9.454092977754662286e-01 -2.322760049029224305e+01
-9.478522158575737322e-01 -2.322757540744860094e+01
-9.502951339396807917e-01 -2.322754251430425043e+01
-9.527380520217878512e-01 -2.322751801113673054e+01
-9.551809701038953548e-01 -2.322748588454156504e+01
-9.576238881860019703e-01 -2.322746194795545094e+01
-9.600668062681094739e-01 -2.322743057061836680e+01
-9.625097243502165334e-01 -2.322740718755702360e+01
-9.649526424323235929e-01 -2.322737654227188031e+01
-9.673955605144310965e-01 -2.322735370053016268e+01
-9.698384785965377120e-01 -2.322732377024786032e+01
-9.722813966786452156e-01 -2.322730145755506115e+01
-9.747243147607522751e-01 -2.322727222610370390e+01
-9.771672328428593346e-01 -2.322725043044804494e+01
-9.796101509249668382e-01 -2.322722188173294455e+01
-9.820530690070734536e-01 -2.322720059163731321e+01
-9.844959870891809572e-01 -2.322717270991471850e+01
-9.869389051712880168e-01 -2.322715191383079514e+01
-9.893818232533950763e-01 -2.322712468365720184e+01
-9.918247413355025799e-01 -2.322710437077015300e+01
-9.942676594176096394e-01 -2.322707777738123625e+01
-9.967105774997166989e-01 -2.322705793665817353e+01
-9.991534955818237584e-01 -2.322703196586031993e+01
-1.001596413663930818e+00 -2.322701258668609725e+01
-1.004039331746037877e+00 -2.322698722378123648e+01
-1.006482249828145381e+00 -2.322696829580333144e+01
-1.008925167910252441e+00 -2.322694352707216225e+01
-1.011368085992359500e+00 -2.322692504001214786e+01
-1.013811004074466560e+00 -2.322690085158925655e+01
-1.016253922156573619e+00 -2.322688279548059853e+01
-1.018696840238681123e+00 -2.322685917421838653e+01
-1.021139758320787738e+00 -2.322684153953137098e+01
-1.023582676402895242e+00 -2.322681847245625164e+01
-1.026025594485002745e+00 -2.322680124963293835e+01
-1.028468512567109361e+00 -2.322677872401772703e+01
-1.030911430649216864e+00 -2.322676190369094229e+01
-1.033354348731323924e+00 -2.322673990708498692e+01
-1.035797266813430983e+00 -2.322672348014537747e+01
-1.038240184895538487e+00 -2.322670200038484012e+01
-1.040683102977645103e+00 -2.322668595824173821e+01
-1.043126021059752606e+00 -2.322666498363532384e+01
-1.045568939141859666e+00 -2.322664931732461469e+01
-1.048011857223966725e+00 -2.322662883617361018e+01
-1.050454775306073785e+00 -2.322661353746284263e+01
-1.052897693388180844e+00 -2.322659353833707740e+01
-1.055340611470288348e+00 -2.322657859898464139e+01
-1.057783529552395407e+00 -2.322655907094727823e+01
-1.060226447634502467e+00 -2.322654448305680575e+01
-1.062669365716609526e+00 -2.322652541515749292e+01
-1.065112283798717030e+00 -2.322651117049010594e+01
-1.067555201880823645e+00 -2.322649255258957623e+01
-1.069998119962931149e+00 -2.322647864369288584e+01
-1.072441038045038209e+00 -2.322646046509061790e+01
-1.074883956127145268e+00 -2.322644688427292792e+01
-1.077326874209252772e+00 -2.322642913514344798e+01
-1.079769792291359387e+00 -2.322641587540092800e+01
-1.082212710373466891e+00 -2.322639854582567054e+01
-1.084655628455573950e+00 -2.322638559966165417e+01
-1.087098546537681010e+00 -2.322636868036241609e+01
-1.089541464619788513e+00 -2.322635604112511842e+01
-1.091984382701895129e+00 -2.322633952219036502e+01
-1.094427300784002632e+00 -2.322632718264084417e+01
-1.096870218866109692e+00 -2.322631105526962259e+01
-1.099313136948216751e+00 -2.322629900883876530e+01
-1.101756055030324255e+00 -2.322628326395635412e+01
-1.104198973112431315e+00 -2.322627150388754558e+01
-1.106641891194538374e+00 -2.322625613289548596e+01
-1.109084809276645434e+00 -2.322624465308124542e+01
-1.111527727358752493e+00 -2.322622964714358673e+01
-1.113970645440859997e+00 -2.322621844124279633e+01
-1.116413563522967056e+00 -2.322620379233456944e+01
-1.118856481605074116e+00 -2.322619285428578095e+01
-1.121299399687181175e+00 -2.322617855367388628e+01
-1.123742317769288235e+00 -2.322616787785899817e+01
-1.126185235851395294e+00 -2.322615391835751453e+01
-1.128628153933502798e+00 -2.322614349858928406e+01
-1.131071072015609857e+00 -2.322612987118262140e+01
-1.133513990097716917e+00 -2.322611970172158280e+01
-1.135956908179823976e+00 -2.322610639875933103e+01
-1.138399826261931036e+00 -2.322609647569724700e+01
-1.140842744344038540e+00 -2.322608349279631668e+01
-1.143285662426145599e+00 -2.322607380892006290e+01
-1.145728580508252659e+00 -2.322606113769578329e+01
-1.148171498590360162e+00 -2.322605168713074875e+01
-1.150614416672466778e+00 -2.322603931932424004e+01
-1.153057334754574281e+00 -2.322603009793468587e+01
-1.155500252836681341e+00 -2.322601802700564022e+01
-1.157943170918788400e+00 -2.322600902949707802e+01
-1.160386089000895904e+00 -2.322599724878509519e+01
-1.162829007083002519e+00 -2.322598847030889857e+01
-1.165271925165110023e+00 -2.322597697313450027e+01
-1.167714843247217082e+00 -2.322596840906388138e+01
-1.170157761329324142e+00 -2.322595718901025919e+01
-1.172600679411431202e+00 -2.322594883465800208e+01
-1.175043597493538261e+00 -2.322593788553355054e+01
-1.177486515575645765e+00 -2.322592973622251833e+01
-1.179929433657752824e+00 -2.322591905199935525e+01
-1.182372351739859884e+00 -2.322591110324172092e+01
-1.184815269821966943e+00 -2.322590067782085654e+01
-1.187258187904074447e+00 -2.322589292532578042e+01
-1.189701105986181062e+00 -2.322588275304970296e+01
-1.192144024068288566e+00 -2.322587519269822920e+01
-1.194586942150395625e+00 -2.322586526776993665e+01
-1.197029860232502685e+00 -2.322585789537039958e+01
-1.199472778314610188e+00 -2.322584821225898111e+01
-1.201915696396716804e+00 -2.322584102374896275e+01
-1.204358614478824308e+00 -2.322583157698479184e+01
-1.206801532560931367e+00 -2.322582456814802043e+01
-1.209244450643038427e+00 -2.322581535258433050e+01
-1.211687368725145930e+00 -2.322580851979638084e+01
-1.214130286807252546e+00 -2.322579952991696572e+01
-1.216573204889360049e+00 -2.322579286933437714e+01
-1.219016122971467109e+00 -2.322578410056378928e+01
-1.221459041053574168e+00 -2.322577760868871621e+01
-1.223901959135681672e+00 -2.322576905598570818e+01
-1.226344877217788731e+00 -2.322576272911395989e+01
-1.228787795299895791e+00 -2.322575438750182641e+01
-1.231230713382002850e+00 -2.322574822233394087e+01
-1.233673631464109910e+00 -2.322574008703877269e+01
-1.236116549546217414e+00 -2.322573408021491659e+01
-1.238559467628324473e+00 -2.322572614714139405e+01
-1.241002385710431533e+00 -2.322572029534893545e+01
-1.243445303792538592e+00 -2.322571256002204976e+01
-1.245888221874645652e+00 -2.322570685974896421e+01
-1.248331139956752711e+00 -2.322569931737066184e+01
-1.250774058038860215e+00 -2.322569376565758859e+01
-1.253216976120967274e+00 -2.322568641223630337e+01
-1.255659894203074334e+00 -2.322568100607836428e+01
-1.258102812285181837e+00 -2.322567383770848437e+01
-1.260545730367288453e+00 -2.322566857400462936e+01
-1.262988648449395956e+00 -2.322566158652017165e+01
-1.265431566531503016e+00 -2.322565646220467883e+01
-1.267874484613610075e+00 -2.322564965154298733e+01
-1.270317402695717579e+00 -2.322564466390142357e+01
-1.272760320777824194e+00 -2.322563802616575401e+01
-1.275203238859931698e+00 -2.322563317276143025e+01
-1.277646156942038758e+00 -2.322562670452658651e+01
-1.280089075024145817e+00 -2.322562198254709642e+01
-1.282531993106253321e+00 -2.322561568013838240e+01
-1.284974911188359936e+00 -2.322561108692446297e+01
-1.287417829270467440e+00 -2.322560494681784604e+01
-1.289860747352574499e+00 -2.322560047971971642e+01
-1.292303665434681559e+00 -2.322559449837028822e+01
-1.294746583516788618e+00 -2.322559015504179314e+01
-1.297189501598896122e+00 -2.322558432896175162e+01
-1.299632419681003181e+00 -2.322558010696643649e+01
-1.302075337763110241e+00 -2.322557443307422531e+01
-1.304518255845217301e+00 -2.322557033006662408e+01
-1.306961173927324360e+00 -2.322556480500894338e+01
-1.309404092009431864e+00 -2.322556081870348521e+01
-1.311847010091538479e+00 -2.322555543954201696e+01
-1.314289928173645983e+00 -2.322555156782419772e+01
-1.316732846255753042e+00 -2.322554633148764935e+01
-1.319175764337860102e+00 -2.322554257218887841e+01
-1.321618682419967605e+00 -2.322553747569520155e+01
-1.324061600502074221e+00 -2.322553382672106537e+01
-1.326504518584181724e+00 -2.322552886631271818e+01
-1.328947436666288784e+00 -2.322552532680241555e+01
-1.331390354748395843e+00 -2.322552050085024433e+01
-1.333833272830503347e+00 -2.322551706656725301e+01
-1.336276190912609962e+00 -2.322551237257185264e+01
-1.338719108994717466e+00 -2.322550904231908575e+01
-1.341162027076824526e+00 -2.322550447715706312e+01
-1.343604945158931585e+00 -2.322550124965842144e+01
-1.346047863241039089e+00 -2.322549681088516849e+01
-1.348490781323146148e+00 -2.322549368423116789e+01
-1.350933699405253208e+00 -2.322548936903125849e+01
-1.353376617487360267e+00 -2.322548634128301970e+01
-1.355819535569467327e+00 -2.322548214774760567e+01
-1.358262453651574830e+00 -2.322547921725775666e+01
-1.360705371733681890e+00 -2.322547514226618404e+01
-1.363148289815788949e+00 -2.322547230743640512e+01
-1.365591207897896009e+00 -2.322546834929777404e+01
-1.368034125980003068e+00 -2.322546560887484546e+01
-1.370477044062110128e+00 -2.322546176536183182e+01
-1.372919962144217632e+00 -2.322545911721631384e+01
-1.375362880226324691e+00 -2.322545538589693948e+01
-1.377805798308431751e+00 -2.322545282887207208e+01
-1.380248716390539254e+00 -2.322544920775666100e+01
-1.382691634472645870e+00 -2.322544674042324786e+01
-1.385134552554753373e+00 -2.322544322741003953e+01
-1.387577470636860433e+00 -2.322544084853872093e+01
-1.390020388718967492e+00 -2.322543744178647884e+01
-1.392463306801074996e+00 -2.322543514987986057e+01
-1.394906224883181611e+00 -2.322543184738509581e+01
-1.397349142965289115e+00 -2.322542964121250364e+01
-1.399792061047396174e+00 -2.322542644110268384e+01
-1.402234979129503234e+00 -2.322542431942067509e+01
-1.404677897211610738e+00 -2.322542121988586672e+01
-1.407120815293717353e+00 -2.322541918151081575e+01
-1.409563733375824857e+00 -2.322541618077802639e+01
-1.412006651457931916e+00 -2.322541422461794980e+01
-1.414449569540038976e+00 -2.322541132101222416e+01
-1.416892487622146035e+00 -2.322540944591852252e+01
-1.419335405704253539e+00 -2.322540663776788961e+01
-1.421778323786360598e+00 -2.322540484270018268e+01
-1.424221241868467658e+00 -2.322540212849282071e+01
-1.426664159950574717e+00 -2.322540041243851050e+01
-1.429107078032681777e+00 -2.322539779065539278e+01
-1.431549996114789280e+00 -2.322539615270121871e+01
-1.433992914196895896e+00 -2.322539362188189571e+01
-1.436435832279003399e+00 -2.322539206104267961e+01
-1.438878750361110459e+00 -2.322538961954543879e+01
-1.441321668443217519e+00 -2.322538813438976746e+01
-1.443764586525325022e+00 -2.322538578035138457e+01
-1.446207504607431638e+00 -2.322538437288821456e+01
-1.448650422689539141e+00 -2.322538211153637633e+01
-1.451093340771646645e+00 -2.322538077239142140e+01
-1.453536258853753260e+00 -2.322537859040435748e+01
-1.455979176935860764e+00 -2.322537732999458271e+01
-1.458422095017967823e+00 -2.322537523269801696e+01
-1.460865013100074883e+00 -2.322537404577422393e+01
-1.463307931182181942e+00 -2.322537203167998854e+01
-1.465750849264289002e+00 -2.322537091680614196e+01
-1.468193767346396506e+00 -2.322536898422860929e+01
-1.470636685428503565e+00 -2.322536794133862870e+01
-1.473079603510610625e+00 -2.322536609010258246e+01
-1.475522521592717684e+00 -2.322536511885060406e+01
-1.477965439674824744e+00 -2.322536334789607082e+01
-1.480408357756932247e+00 -2.322536244687627871e+01
-1.482851275839039307e+00 -2.322536075509961506e+01
-1.485294193921146366e+00 -2.322535992409682493e+01
-1.487737112003253426e+00 -2.322535830866921458e+01
-1.490180030085360485e+00 -2.322535754887374182e+01
-1.492622948167467545e+00 -2.322535601111654913e+01
-1.495065866249575048e+00 -2.322535532058266838e+01
-1.497508784331682108e+00 -2.322535385905605665e+01
-1.499951702413789167e+00 -2.322535323747326430e+01
-1.502394620495896671e+00 -2.322535185053542861e+01
-1.504837538578003286e+00 -2.322535129790442454e+01
-1.507280456660110790e+00 -2.322534998706291631e+01
-1.509723374742217850e+00 -2.322534950173914581e+01
-1.512166292824324909e+00 -2.322534826334354818e+01
-1.514609210906432413e+00 -2.322534784710260425e+01
-1.517052128988539028e+00 -2.322534668244254874e+01
-1.519495047070646532e+00 -2.322534633342013066e+01
-1.521937965152753591e+00 -2.322534524138767509e+01
-1.524380883234860651e+00 -2.322534496002605664e+01
-1.526823801316968154e+00 -2.322534393977740663e+01
-1.529266719399074770e+00 -2.322534372617265319e+01
-1.531709637481182273e+00 -2.322534277660866309e+01
-1.534152555563289333e+00 -2.322534263110858177e+01
-1.536595473645396392e+00 -2.322534175261798239e+01
-1.539038391727503452e+00 -2.322534167480734624e+01
-1.541481309809610956e+00 -2.322534086562532352e+01
-1.543924227891718015e+00 -2.322534085510793389e+01
-1.546367145973825075e+00 -2.322534011660649611e+01
-1.548810064055932134e+00 -2.322534017319542343e+01
-1.551252982138039194e+00 -2.322533950330263863e+01
-1.553695900220146697e+00 -2.322533962808529751e+01
-1.556138818302253313e+00 -2.322533902736504174e+01
-1.558581736384360816e+00 -2.322533921947952962e+01
-1.561024654466467876e+00 -2.322533868536647361e+01
-1.563467572548574935e+00 -2.322533894867768467e+01
-1.565910490630682439e+00 -2.322533848243543986e+01
-1.568353408712789054e+00 -2.322533880425446284e+01
-1.570796326794896558e+00 -2.322533840672462802e+01
