1.570796326794896558e+00 -1.501920328408197040e-14
1.567126241919207574e+00 -1.500966042164354609e-14
1.563456157043518591e+00 -1.498102347634828554e-14
1.559786072167829607e+00 -1.493343978047813646e-14
1.556115987292140623e+00 -1.486703935435616447e-14
1.552445902416451418e+00 -1.478210493335469966e-14
1.548775817540762434e+00 -1.467890019027799884e-14
1.545105732665073450e+00 -1.455783570917251321e-14
1.541435647789384467e+00 -1.441930021188040911e-14
1.537765562913695483e+00 -1.426382096379040777e-14
1.534095478038006499e+00 -1.409189967684876430e-14
1.530425393162317516e+00 -1.390416600805627080e-14
1.526755308286628532e+00 -1.370121982445532294e-14
1.523085223410939326e+00 -1.348377651933092743e-14
1.519415138535250342e+00 -1.325251709646798728e-14
1.515745053659561359e+00 -1.300822430722849715e-14
1.512074968783872375e+00 -1.275164198101051061e-14
1.508404883908183391e+00 -1.248360107100349197e-14
1.504734799032494408e+00 -1.220488922002406297e-14
1.501064714156805424e+00 -1.191636636338737885e-14
1.497394629281116440e+00 -1.161884516362227882e-14
1.493724544405427235e+00 -1.131319587139949453e-14
1.490054459529738251e+00 -1.100023826965501078e-14
1.486384374654049267e+00 -1.068083552314838119e-14
1.482714289778360284e+00 -1.035579797070182306e-14
1.479044204902671300e+00 -1.002596600121724691e-14
1.475374120026982316e+00 -9.692125827295773712e-15
1.471704035151293333e+00 -9.355081516352467584e-15
1.468033950275604349e+00 -9.015582556619237974e-15
1.464363865399915365e+00 -8.674385432113416902e-15
1.460693780524226160e+00 -8.332192694854192984e-15
1.457023695648537176e+00 -7.989704351756904117e-15
1.453353610772848192e+00 -7.647568184031738785e-15
1.449683525897159209e+00 -7.306421239583744806e-15
1.446013441021470225e+00 -6.966850936463554532e-15
1.442343356145781241e+00 -6.629427221492900167e-15
1.438673271270092258e+00 -6.294673708084821154e-15
1.435003186394403052e+00 -5.963091183404118823e-15
1.431333101518714068e+00 -5.635137965049009431e-15
1.427663016643025085e+00 -5.311245400563110719e-15
1.423992931767336101e+00 -4.991806870218151520e-15
1.420322846891647117e+00 -4.677185606213648089e-15
1.416652762015958134e+00 -4.367711617486455488e-15
1.412982677140269150e+00 -4.063682634623154160e-15
1.409312592264580166e+00 -3.765368284061417436e-15
1.405642507388891183e+00 -3.473004403443452623e-15
1.401972422513201977e+00 -3.186803807750779808e-15
1.398302337637512993e+00 -2.906944881592339174e-15
1.394632252761824009e+00 -2.633588064349335513e-15
1.390962167886135026e+00 -2.366859148820680677e-15
1.387292083010446042e+00 -2.106870809379112143e-15
1.383621998134757058e+00 -1.853701430053227074e-15
1.379951913259068075e+00 -1.607421016209332653e-15
1.376281828383379091e+00 -1.368065843776500915e-15
1.372611743507690107e+00 -1.135668095149897496e-15
1.368941658632000902e+00 -9.102270740069940563e-16
1.365271573756311918e+00 -6.917422005980876880e-16
1.361601488880622934e+00 -4.801809008934367249e-16
1.357931404004933951e+00 -2.755144737620232236e-16
1.354261319129244967e+00 -7.768326703707972209e-17
1.350591234253555983e+00 1.133651051323193374e-16
1.346921149377867000e+00 2.977128745725742912e-16
1.343251064502177794e+00 4.754320107568868438e-16
1.339580979626488810e+00 6.466232158250066662e-16
1.335910894750799827e+00 8.113742674682519273e-16
1.332240809875110843e+00 9.698005716974135033e-16
1.328570724999421859e+00 1.122002353495584923e-15
1.324900640123732876e+00 1.268106395795247789e-15
1.321230555248043892e+00 1.408222337568614537e-15
1.317560470372354908e+00 1.542485355871718706e-15
1.313890385496665925e+00 1.671011875774231448e-15
1.310220300620976719e+00 1.793942869665962366e-15
1.306550215745287735e+00 1.911399251158755806e-15
1.302880130869598752e+00 2.023525552282541399e-15
1.299210045993909768e+00 2.130445197091807291e-15
1.295539961118220784e+00 2.232304377894597697e-15
1.291869876242531801e+00 2.329227350610296588e-15
1.288199791366842817e+00 2.421360332688442210e-15
1.284529706491153611e+00 2.508827042492968019e-15
1.280859621615464849e+00 2.591772368332513189e-15
1.277189536739775644e+00 2.670318350952556912e-15
1.273519451864086660e+00 2.744607452382133834e-15
1.269849366988397676e+00 2.814759104113632506e-15
1.266179282112708693e+00 2.880912458106016022e-15
1.262509197237019709e+00 2.943183597539511257e-15
1.258839112361330725e+00 3.001707678659937567e-15
1.255169027485641742e+00 3.056596859234318769e-15
1.251498942609952536e+00 3.107981775592569577e-15
1.247828857734263552e+00 3.155970240304995557e-15
1.244158772858574569e+00 3.200687971595759036e-15
1.240488687982885585e+00 3.242238148323904811e-15
1.236818603107196601e+00 3.280741303067884302e-15
1.233148518231507618e+00 3.316295785074812253e-15
1.229478433355818634e+00 3.349016756059895298e-15
1.225808348480129428e+00 3.378997650897217568e-15
1.222138263604440667e+00 3.406348184049604199e-15
1.218468178728751461e+00 3.431156827927509466e-15
1.214798093853062699e+00 3.453527841554954029e-15
1.211128008977373494e+00 3.473544758543311902e-15
1.207457924101684510e+00 3.491306424678024626e-15
1.203787839225995526e+00 3.506891515493213389e-15
1.200117754350306543e+00 3.520393547717780189e-15
1.196447669474617559e+00 3.531886453769248931e-15
1.192777584598928575e+00 3.541458548369413492e-15
1.189107499723239592e+00 3.549179159410757558e-15
1.185437414847550386e+00 3.555131545667356175e-15
1.181767329971861402e+00 3.559380591668057979e-15
1.178097245096172418e+00 3.562004691178183327e-15
1.174427160220483435e+00 3.563064459748339117e-15
1.170757075344794451e+00 3.562633606303819258e-15
1.167086990469105467e+00 3.560768671680419587e-15
1.163416905593416484e+00 3.557538871918183948e-15
1.159746820717727278e+00 3.552996872807065015e-15
1.156076735842038294e+00 3.547207601868462360e-15
1.152406650966349311e+00 3.540220044561001035e-15
1.148736566090660327e+00 3.532095058100675027e-15
1.145066481214971343e+00 3.522878138251854360e-15
1.141396396339282360e+00 3.512626272598204433e-15
1.137726311463593376e+00 3.501381669090952789e-15
1.134056226587904170e+00 3.489197643180621309e-15
1.130386141712215409e+00 3.476113310974209092e-15
1.126716056836526203e+00 3.462178536057113107e-15
1.123045971960837219e+00 3.447429508709843412e-15
1.119375887085148236e+00 3.431912825619443236e-15
1.115705802209459252e+00 3.415661940702619886e-15
1.112035717333770268e+00 3.398720383901668236e-15
1.108365632458081285e+00 3.381119050650405737e-15
1.104695547582392301e+00 3.362898554780063746e-15
1.101025462706703095e+00 3.344087410929412988e-15
1.097355377831014334e+00 3.324723510200204097e-15
1.093685292955325128e+00 3.304833126238170765e-15
1.090015208079636366e+00 3.284451585662738282e-15
1.086345123203947161e+00 3.263603087665126195e-15
1.082675038328258177e+00 3.242320556690794072e-15
1.079004953452569193e+00 3.220626242298430183e-15
1.075334868576880210e+00 3.198550824901397246e-15
1.071664783701191226e+00 3.176114737482010606e-15
1.067994698825502020e+00 3.153346548431825855e-15
1.064324613949813259e+00 3.130265014796097986e-15
1.060654529074124053e+00 3.106896726230461154e-15
1.056984444198435069e+00 3.083258873645640741e-15
1.053314359322746085e+00 3.059376195373516884e-15
1.049644274447057102e+00 3.035264429818537076e-15
1.045974189571368118e+00 3.010946583524262887e-15
1.042304104695678912e+00 2.986437039597272515e-15
1.038634019819990151e+00 2.961757200200486969e-15
1.034963934944300945e+00 2.936920162980942437e-15
1.031293850068612183e+00 2.911945879259231869e-15
1.027623765192922978e+00 2.886846258598181791e-15
1.023953680317233994e+00 2.861639726448311292e-15
1.020283595441545010e+00 2.836337241822567235e-15
1.016613510565856027e+00 2.810955925708997583e-15
1.012943425690167043e+00 2.785505664267715181e-15
1.009273340814477837e+00 2.760002367830102247e-15
1.005603255938789076e+00 2.734454989199749501e-15
1.001933171063099870e+00 2.708878288455008683e-15
9.982630861874108863e-01 2.683280359164666139e-15
9.945930013117219026e-01 2.657674888228594654e-15
9.909229164360329190e-01 2.632069172831169668e-15
9.872528315603439353e-01 2.606475886095120429e-15
9.835827466846548406e-01 2.580901594643598065e-15
9.799126618089658569e-01 2.555358038055900549e-15
9.762425769332768732e-01 2.529851094159286951e-15
9.725724920575878896e-01 2.504391621728531662e-15
9.689024071818987949e-01 2.478984872396685858e-15
9.652323223062098112e-01 2.453640881765638742e-15
9.615622374305208275e-01 2.428364320427848466e-15
9.578921525548318439e-01 2.403164461249319973e-15
9.542220676791427492e-01 2.378045428123499184e-15
9.505519828034537655e-01 2.353015777076188121e-15
9.468818979277647818e-01 2.328079141428295692e-15
9.432118130520757981e-01 2.303243413171984168e-15
9.395417281763867035e-01 2.278511760044384174e-15
9.358716433006978308e-01 2.253891440800915256e-15
9.322015584250087361e-01 2.229385205659092694e-15
9.285314735493197524e-01 2.204999732417632848e-15
9.248613886736306577e-01 2.180737376414591382e-15
9.211913037979417851e-01 2.156604258594951953e-15
9.175212189222526904e-01 2.132602385349844377e-15
9.138511340465637067e-01 2.108737385728853147e-15
9.101810491708746120e-01 2.085010914306097600e-15
9.065109642951857394e-01 2.061428119839353994e-15
9.028408794194966447e-01 2.037990354062842065e-15
8.991707945438076610e-01 2.014702328960569808e-15
8.955007096681185663e-01 1.991565109406531884e-15
8.918306247924296937e-01 1.968582980671282753e-15
8.881605399167405990e-01 1.945756751392280019e-15
8.844904550410516153e-01 1.923090318688732721e-15
8.808203701653625206e-01 1.900584258252039870e-15
8.771502852896736480e-01 1.878242105906976203e-15
8.734802004139845533e-01 1.856064212672471480e-15
8.698101155382955696e-01 1.834053785909483656e-15
8.661400306626065859e-01 1.812210968528739051e-15
8.624699457869176022e-01 1.790538651569592942e-15
8.587998609112286186e-01 1.769036791612148917e-15
8.551297760355395239e-01 1.747707982254191457e-15
8.514596911598505402e-01 1.726552014661445801e-15
8.477896062841615565e-01 1.705571202346739713e-15
8.441195214084725729e-01 1.684765188026382466e-15
8.404494365327834782e-01 1.664136015723727605e-15
8.367793516570944945e-01 1.643683197248237738e-15
8.331092667814055108e-01 1.623408548209333225e-15
8.294391819057165272e-01 1.603311428852743960e-15
8.257690970300274325e-01 1.583393442481549973e-15
8.220990121543384488e-01 1.563653827191030969e-15
8.184289272786494651e-01 1.544093978026518786e-15
8.147588424029604814e-01 1.524713032951783328e-15
8.110887575272713867e-01 1.505512188584968014e-15
8.074186726515824031e-01 1.486490482373411031e-15
8.037485877758934194e-01 1.467648930846055777e-15
8.000785029002044357e-01 1.448986484796426107e-15
7.964084180245153410e-01 1.430503994985185531e-15
7.927383331488263574e-01 1.412200328769042601e-15
7.890682482731373737e-01 1.394076186186020680e-15
7.853981633974483900e-01 1.376130352392117034e-15
7.817280785217594063e-01 1.358363390229280084e-15
7.780579936460703117e-01 1.340774022068245144e-15
7.743879087703813280e-01 1.323362668859349122e-15
7.707178238946922333e-01 1.306128004091380099e-15
7.670477390190033606e-01 1.289070307768069534e-15
7.633776541433142659e-01 1.272188216196657024e-15
7.597075692676252823e-01 1.255481891442000753e-15
7.560374843919361876e-01 1.238949921781451806e-15
7.523673995162473149e-01 1.222592365831555616e-15
7.486973146405582202e-01 1.206407767291766972e-15
7.450272297648692366e-01 1.190396084447148224e-15
7.413571448891801419e-01 1.174555826976284180e-15
7.376870600134912692e-01 1.158886864618834989e-15
7.340169751378021745e-01 1.143387673447312939e-15
7.303468902621131909e-01 1.128058040087510895e-15
7.266768053864240962e-01 1.112896414619303472e-15
7.230067205107352235e-01 1.097902503784972664e-15
7.193366356350461288e-01 1.083074738469590911e-15
7.156665507593571451e-01 1.068412744228814745e-15
7.119964658836680504e-01 1.053914942995616949e-15
7.083263810079791778e-01 1.039580901495437168e-15
7.046562961322900831e-01 1.025409019807837438e-15
7.009862112566010994e-01 1.011398798918269204e-15
6.973161263809120047e-01 9.975486276585735247e-16
6.936460415052231321e-01 9.838579576445847438e-16
6.899759566295340374e-01 9.703251680959881750e-16
6.863058717538450537e-01 9.569496614930744335e-16
6.826357868781559590e-01 9.437297864870636401e-16
6.789657020024670864e-01 9.306649520008296411e-16
6.752956171267779917e-01 9.177534927400978390e-16
6.716255322510890080e-01 9.049947069433117846e-16
6.679554473753999133e-01 8.923869987200578372e-16
6.642853624997110407e-01 8.799296178411520217e-16
6.606152776240219460e-01 8.676209497694396349e-16
6.569451927483329623e-01 8.554602271714724265e-16
6.532751078726438676e-01 8.434458340694824442e-16
6.496050229969549950e-01 8.315769678944278386e-16
6.459349381212659003e-01 8.198520223795996417e-16
6.422648532455769166e-01 8.082701692727514845e-16
6.385947683698878219e-01 7.968298089396533119e-16
6.349246834941989492e-01 7.855300896347409829e-16
6.312545986185098545e-01 7.743694182295841268e-16
6.275845137428208709e-01 7.633469211047168984e-16
6.239144288671319982e-01 7.524610163225121122e-16
6.202443439914429035e-01 7.417108108493523654e-16
6.165742591157538088e-01 7.310947379392679738e-16
6.129041742400648252e-01 7.206118894952601133e-16
6.092340893643759525e-01 7.102607084675396743e-16
6.055640044886868578e-01 7.000402709144183562e-16
6.018939196129977631e-01 6.899490340949333514e-16
5.982238347373087795e-01 6.799860606219865027e-16
5.945537498616199068e-01 6.701498284386972291e-16
5.908836649859308121e-01 6.604393907841083640e-16
5.872135801102417174e-01 6.508532413176242367e-16
5.835434952345527337e-01 6.413904248303418325e-16
5.798734103588638611e-01 6.320494516618003667e-16
5.762033254831747664e-01 6.228293547003725073e-16
5.725332406074856717e-01 6.137286681617971651e-16
5.688631557317966880e-01 6.047464250282341880e-16
5.651930708561077044e-01 5.958811721205937162e-16
5.615229859804187207e-01 5.871319415787790645e-16
5.578529011047297370e-01 5.784972947039007899e-16
5.541828162290405313e-01 5.699762663685793292e-16
5.505127313533517697e-01 5.615674365640657805e-16
5.468426464776627860e-01 5.532698414080858955e-16
5.431725616019735803e-01 5.450820833412358400e-16
5.395024767262845966e-01 5.370031949683929722e-16
5.358323918505956129e-01 5.290318003381579584e-16
5.321623069749066293e-01 5.211669321162116817e-16
5.284922220992176456e-01 5.134072415488424985e-16
5.248221372235284399e-01 5.057517657583117361e-16
5.211520523478396782e-01 4.981991708519469414e-16
5.174819674721506946e-01 4.907484947352835354e-16
5.138118825964614889e-01 4.833984301392416535e-16
5.101417977207725052e-01 4.761480259748763942e-16
5.064717128450835215e-01 4.689959936394348924e-16
5.028016279693945378e-01 4.619413821289913363e-16
4.991315430937055542e-01 4.549829263074623197e-16
4.954614582180163485e-01 4.481196931146148715e-16
4.917913733423275868e-01 4.413504348567564512e-16
4.881212884666386032e-01 4.346742169653452328e-16
4.844512035909493974e-01 4.280898165557201388e-16
4.807811187152604138e-01 4.215963076600804982e-16
4.771110338395714301e-01 4.151924912389462275e-16
4.734409489638824464e-01 4.088774576498331481e-16
4.697708640881934627e-01 4.026500252404125993e-16
4.661007792125042570e-01 3.965092870460821757e-16
4.624306943368154954e-01 3.904540893683257610e-16
4.587606094611265117e-01 3.844835341191006640e-16
4.550905245854373060e-01 3.785964909736472037e-16
4.514204397097483223e-01 3.727920731234513779e-16
4.477503548340593387e-01 3.670691697367609305e-16
4.440802699583703550e-01 3.614269054316595134e-16
4.404101850826813713e-01 3.558641912353032875e-16
4.367401002069921656e-01 3.503801658224487347e-16
4.330700153313034040e-01 3.449737597409452536e-16
4.293999304556144203e-01 3.396441222586697295e-16
4.257298455799252146e-01 3.343902069605954103e-16
4.220597607042362309e-01 3.292111750127938590e-16
4.183896758285472472e-01 3.241059976267393650e-16
4.147195909528582636e-01 3.190738557734293778e-16
4.110495060771692799e-01 3.141137386002937319e-16
4.073794212014800742e-01 3.092248324767070489e-16
4.037093363257913126e-01 3.044061570852245800e-16
4.000392514501023289e-01 2.996569093445936881e-16
3.963691665744131232e-01 2.949761296566727649e-16
3.926990816987243615e-01 2.903630279336539441e-16
3.890289968230351558e-01 2.858166626740821143e-16
3.853589119473461722e-01 2.813362569136288773e-16
3.816888270716571885e-01 2.769208922580463599e-16
3.780187421959682048e-01 2.725698050665015613e-16
3.743486573202792211e-01 2.682820956291067707e-16
3.706785724445902375e-01 2.640570117851773302e-16
3.670084875689010318e-01 2.598936758735997497e-16
3.633384026932122701e-01 2.557913484439435785e-16
3.596683178175230644e-01 2.517491693564318415e-16
3.559982329418340807e-01 2.477664160954228390e-16
3.523281480661450971e-01 2.438422476956555732e-16
3.486580631904561134e-01 2.399759534584736376e-16
3.449879783147671297e-01 2.361667167308008603e-16
3.413178934390781460e-01 2.324138358106707533e-16
3.376478085633889403e-01 2.287165279132711934e-16
3.339777236877001787e-01 2.250740604911359107e-16
3.303076388120109730e-01 2.214857727122228098e-16
3.266375539363219893e-01 2.179508772816546278e-16
3.229674690606330056e-01 2.144683727339930649e-16
3.192973841849440220e-01 2.110381534896333627e-16
3.156272993092550383e-01 2.076590620046575011e-16
3.119572144335660546e-01 2.043305538133299093e-16
3.082871295578768489e-01 2.010519031725348704e-16
3.046170446821880873e-01 1.978225081587861433e-16
3.009469598064991036e-01 1.946416439411018189e-16
2.972768749308098979e-01 1.915086868887623388e-16
2.936067900551209142e-01 1.884229431199282166e-16
2.899367051794319305e-01 1.853838093991983539e-16
2.862666203037429469e-01 1.823906049783954231e-16
2.825965354280539632e-01 1.794427361693424862e-16
2.789264505523647575e-01 1.765395428279271252e-16
2.752563656766759959e-01 1.736804434990667115e-16
2.715862808009870122e-01 1.708647957812242426e-16
2.679161959252978065e-01 1.680920250506528240e-16
2.642461110496088228e-01 1.653615039312857229e-16
2.605760261739198391e-01 1.626726760561570308e-16
2.569059412982308555e-01 1.600249298706956740e-16
2.532358564225418718e-01 1.574177193732914688e-16
2.495657715468526661e-01 1.548504495444430919e-16
2.458956866711639044e-01 1.523225896507342552e-16
2.422256017954749208e-01 1.498335532871564602e-16
2.385555169197857150e-01 1.473828223781706887e-16
2.348854320440967314e-01 1.449698315635784692e-16
2.312153471684077477e-01 1.425940716044171323e-16
2.275452622927187640e-01 1.402549934351244188e-16
2.238751774170297804e-01 1.379521020121017766e-16
2.202050925413405746e-01 1.356848572028135957e-16
2.165350076656518130e-01 1.334527675405803103e-16
2.128649227899628293e-01 1.312553112646334862e-16
2.091948379142736236e-01 1.290920145541646348e-16
2.055247530385846400e-01 1.269623654739549430e-16
2.018546681628956563e-01 1.248658971323358393e-16
1.981845832872066726e-01 1.228021207744468945e-16
1.945144984115176889e-01 1.207705888390366159e-16
1.908444135358284832e-01 1.187708129774706174e-16
1.871743286601397216e-01 1.168023497283490328e-16
1.835042437844507379e-01 1.148647256896142596e-16
1.798341589087615322e-01 1.129575052856409831e-16
1.761640740330725485e-01 1.110802360547185226e-16
1.724939891573835649e-01 1.092325038000416329e-16
1.688239042816945812e-01 1.074138592302674795e-16
1.651538194060055975e-01 1.056238895373550619e-16
1.614837345303166138e-01 1.038621653788817504e-16
1.578136496546276302e-01 1.021282820225561204e-16
1.541435647789386465e-01 1.004218164136915405e-16
1.504734799032494408e-01 9.874237961099909809e-17
1.468033950275606792e-01 9.708956073490282795e-17
1.431333101518714734e-01 9.546297507312899239e-17
1.394632252761824898e-01 9.386222952206153664e-17
1.357931404004935061e-01 9.228695935653630080e-17
1.321230555248045224e-01 9.073676605293996898e-17
1.284529706491155387e-01 8.921128317367670140e-17
1.247828857734265551e-01 8.771013849233611185e-17
1.211128008977373494e-01 8.623298445093591400e-17
1.174427160220485877e-01 8.477945021777133369e-17
1.137726311463593820e-01 8.334918625752761850e-17
1.101025462706703983e-01 8.194184349987366115e-17
1.064324613949814147e-01 8.055709093189081950e-17
1.027623765192924310e-01 7.919457788268781448e-17
9.909229164360344733e-02 7.785397276167463851e-17
9.542220676791446365e-02 7.653494153476679948e-17
9.175212189222525794e-02 7.523716682309855645e-17
8.808203701653649631e-02 7.396031827078111534e-17
8.441195214084729059e-02 7.270408156261847240e-17
8.074186726515830692e-02 7.146814451049909476e-17
7.707178238946932325e-02 7.025220659665324454e-17
7.340169751378033958e-02 6.905596098216285848e-17
6.973161263809135590e-02 6.787910958201866523e-17
6.606152776240237223e-02 6.672135430897131196e-17
6.239144288671316652e-02 6.558240863844809929e-17
5.872135801102440489e-02 6.446197927507903680e-17
5.505127313533519917e-02 6.335979232410293451e-17
5.138118825964621550e-02 6.227555921316026387e-17
4.771110338395723183e-02 6.120900793083115115e-17
4.404101850826824815e-02 6.015986572100912988e-17
4.037093363257926448e-02 5.912786673527754897e-17
3.670084875689028081e-02 5.811274661178192319e-17
3.303076388120107509e-02 5.711424927331455160e-17
2.936067900551231347e-02 5.613211686891022845e-17
2.569059412982310775e-02 5.516609939369924944e-17
2.202050925413412408e-02 5.421594275911081198e-17
1.835042437844514041e-02 5.328140372304448106e-17
1.468033950275615673e-02 5.236223518795305635e-17
1.101025462706717306e-02 5.145819870398309911e-17
7.340169751378189389e-03 5.056906241608752569e-17
3.670084875688983672e-03 4.969460345658224018e-17
2.220446049250313081e-16 4.883458359126234293e-17
-3.670084875688983672e-03 4.798877201106772445e-17
-7.340169751377745300e-03 4.715695401248124364e-17
-1.101025462706695102e-02 4.633891695938057071e-17
-1.468033950275593469e-02 4.553443957946323023e-17
-1.835042437844514041e-02 4.474331351365205470e-17
-2.202050925413390203e-02 4.396531246411055957e-17
-2.569059412982288571e-02 4.320023848879162966e-17
-2.936067900551209142e-02 4.244788138486877945e-17
-3.303076388120107509e-02 4.170808903032311209e-17
-3.670084875688983672e-02 4.098062558560655493e-17
-4.037093363257904244e-02 4.026527667608440765e-17
-4.404101850826802611e-02 3.956187228309798339e-17
-4.771110338395723183e-02 3.887022215970919497e-17
-5.138118825964599345e-02 3.819014198008419513e-17
-5.505127313533497713e-02 3.752144515405284604e-17
-5.872135801102418284e-02 3.686395289160853667e-17
-6.239144288671316652e-02 3.621748824398963644e-17
-6.606152776240192814e-02 3.558187401547709711e-17
-6.973161263809113386e-02 3.495693626304548103e-17
-7.340169751378011753e-02 3.434250546224152102e-17
-7.707178238946887916e-02 3.373841435029782803e-17
-8.074186726515808488e-02 3.314449957874297446e-17
-8.441195214084706855e-02 3.256059405438250131e-17
-8.808203701653627427e-02 3.198654332476755798e-17
-9.175212189222503589e-02 3.142218776793785272e-17
-9.542220676791401957e-02 3.086737263017680494e-17
-9.909229164360322528e-02 3.032193880593455340e-17
-1.027623765192922090e-01 2.978573956652227829e-17
-1.064324613949809706e-01 2.925862784395191556e-17
-1.101025462706701763e-01 2.874045685962071655e-17
-1.137726311463591600e-01 2.823108017283416239e-17
-1.174427160220483657e-01 2.773035658048848777e-17
-1.211128008977371273e-01 2.723814511771878653e-17
-1.247828857734261110e-01 2.675430740224259828e-17
-1.284529706491153167e-01 2.627871314660763916e-17
-1.321230555248043004e-01 2.581122524280865214e-17
-1.357931404004930620e-01 2.535170772389272938e-17
-1.394632252761822677e-01 2.490003901638250807e-17
-1.431333101518712514e-01 2.445608771045019179e-17
-1.468033950275604571e-01 2.401973111837721667e-17
-1.504734799032492187e-01 2.359083959354299138e-17
-1.541435647789382024e-01 2.316929695387288272e-17
-1.578136496546274081e-01 2.275498103458871062e-17
-1.614837345303163918e-01 2.234777489172886127e-17
-1.651538194060051534e-01 2.194755736546241978e-17
-1.688239042816943591e-01 2.155421735040838858e-17
-1.724939891573833428e-01 2.116764328308090884e-17
-1.761640740330725485e-01 2.078772467456605011e-17
-1.798341589087613102e-01 2.041435073498083441e-17
-1.835042437844502938e-01 2.004741584454896976e-17
-1.871743286601394995e-01 1.968681173227530381e-17
-1.908444135358284832e-01 1.933243409564152931e-17
-1.945144984115172448e-01 1.898417842684317509e-17
-1.981845832872064506e-01 1.864194823227557977e-17
-2.018546681628954342e-01 1.830563455410458446e-17
-2.055247530385846400e-01 1.797515418763663434e-17
-2.091948379142734016e-01 1.765040013618844409e-17
-2.128649227899623853e-01 1.733128447290900528e-17
-2.165350076656515910e-01 1.701770352499978690e-17
-2.202050925413405746e-01 1.670957340458014515e-17
-2.238751774170293363e-01 1.640680324042491107e-17
-2.275452622927185420e-01 1.610930536777488896e-17
-2.312153471684075257e-01 1.581698917168450025e-17
-2.348854320440967314e-01 1.552976994082119370e-17
-2.385555169197854930e-01 1.524755881990437618e-17
-2.422256017954744767e-01 1.497027781769515032e-17
-2.458956866711636824e-01 1.469783563980048681e-17
-2.495657715468526661e-01 1.443016034851308410e-17
-2.532358564225414277e-01 1.416716836968061331e-17
-2.569059412982306334e-01 1.390878479597769978e-17
-2.605760261739196171e-01 1.365492480554921788e-17
-2.642461110496088228e-01 1.340551959921223706e-17
-2.679161959252975844e-01 1.316049471066092035e-17
-2.715862808009865681e-01 1.291977583422511066e-17
-2.752563656766757738e-01 1.268328657917133672e-17
-2.789264505523647575e-01 1.245095761516164603e-17
-2.825965354280535191e-01 1.222271842002994515e-17
-2.862666203037427248e-01 1.199850319138731744e-17
-2.899367051794317085e-01 1.177823847170591198e-17
-2.936067900551209142e-01 1.156186287658871532e-17
-2.972768749308096758e-01 1.134930924239346175e-17
-3.009469598064986595e-01 1.114051225847202018e-17
-3.046170446821878652e-01 1.093540813979413686e-17
-3.082871295578768489e-01 1.073393723934771871e-17
-3.119572144335656105e-01 1.053602830111843366e-17
-3.156272993092548163e-01 1.034163063112859065e-17
-3.192973841849437999e-01 1.015068084562792758e-17
-3.229674690606325616e-01 9.963125986752145934e-18
-3.266375539363217673e-01 9.778898249930943189e-18
-3.303076388120107509e-01 9.597947539066996943e-18
-3.339777236876999567e-01 9.420221077683686918e-18
-3.376478085633889403e-01 9.245656325706086112e-18
-3.413178934390777020e-01 9.074203840181008595e-18
-3.449879783147669077e-01 8.905809526578447994e-18
-3.486580631904558913e-01 8.740414942445371371e-18
-3.523281480661446530e-01 8.577974619669611767e-18
-3.559982329418338587e-01 8.418437608987852477e-18
-3.596683178175228424e-01 8.261750630542020428e-18
-3.633384026932120481e-01 8.107855669006508638e-18
-3.670084875689010318e-01 7.956720665322248791e-18
-3.706785724445897934e-01 7.808293386832309842e-18
-3.743486573202789991e-01 7.662521843742281581e-18
-3.780187421959679828e-01 7.519442440243333720e-18
-3.816888270716567444e-01 7.378841126944767590e-18
-3.853589119473459501e-01 7.240853552856919389e-18
-3.890289968230349338e-01 7.105303487961487310e-18
-3.926990816987241395e-01 6.972189710620008682e-18
-3.963691665744131232e-01 6.841475168814854780e-18
-4.000392514501018848e-01 6.713120654282862192e-18
-4.037093363257910905e-01 6.587082511845524816e-18
-4.073794212014800742e-01 6.463314560818858482e-18
-4.110495060771688358e-01 6.341786069274217448e-18
-4.147195909528580415e-01 6.222456996301975707e-18
-4.183896758285470252e-01 6.105289795243954894e-18
-4.220597607042362309e-01 5.990240189920368772e-18
-4.257298455799252146e-01 5.877276389456585690e-18
-4.293999304556139762e-01 5.766359848405991782e-18
-4.330700153313031819e-01 5.657457960366123422e-18
-4.367401002069919436e-01 5.550532477920590009e-18
-4.404101850826811493e-01 5.445554127929785481e-18
-4.440802699583703550e-01 5.342478766914344009e-18
-4.477503548340591166e-01 5.241283317896007107e-18
-4.514204397097483223e-01 5.141938018796643596e-18
-4.550905245854370840e-01 5.044403062844179521e-18
-4.587606094611262897e-01 4.948640109838333620e-18
-4.624306943368154954e-01 4.854625728290669323e-18
-4.661007792125042570e-01 4.762331133088175548e-18
-4.697708640881930187e-01 4.671727279342958395e-18
-4.734409489638822244e-01 4.582776944632152285e-18
-4.771110338395709860e-01 4.495454512816359993e-18
-4.807811187152601917e-01 4.409736733473111248e-18
-4.844512035909493974e-01 4.325589763071636588e-18
-4.881212884666381591e-01 4.242984905912971289e-18
-4.917913733423273648e-01 4.161896431835060306e-18
-4.954614582180161264e-01 4.082294671246086142e-18
-4.991315430937053321e-01 4.004156511699889881e-18
-5.028016279693945378e-01 3.927456267875465120e-18
-5.064717128450832995e-01 3.852169745914995446e-18
-5.101417977207725052e-01 3.778270629357834085e-18
-5.138118825964612668e-01 3.705735106439791791e-18
-5.174819674721504725e-01 3.634537488831105067e-18
-5.211520523478396782e-01 3.564653903320293673e-18
-5.248221372235284399e-01 3.496061965715408152e-18
-5.284922220992172015e-01 3.428741875188376241e-18
-5.321623069749064072e-01 3.362665274415860008e-18
-5.358323918505951688e-01 3.297817897177305781e-18
-5.395024767262843746e-01 3.234171252685867110e-18
-5.431725616019735803e-01 3.171708475437387767e-18
-5.468426464776623419e-01 3.110398038682218041e-18
-5.505127313533515476e-01 3.050228565913986016e-18
-5.541828162290403093e-01 2.991172456430353876e-18
-5.578529011047295150e-01 2.933215213112031867e-18
-5.615229859804187207e-01 2.876339389429137725e-18
-5.651930708561074823e-01 2.820523651476043557e-18
-5.688631557317962439e-01 2.765746795692476988e-18
-5.725332406074854497e-01 2.711992088991851649e-18
-5.762033254831742113e-01 2.659246329182905819e-18
-5.798734103588638611e-01 2.607488169175073250e-18
-5.835434952345526227e-01 2.556693979109786373e-18
-5.872135801102413843e-01 2.506849163826398426e-18
-5.908836649859305901e-01 2.457935759795923449e-18
-5.945537498616193517e-01 2.409938540245958773e-18
-5.982238347373085574e-01 2.362833534026852697e-18
-6.018939196129977631e-01 2.316615282805670458e-18
-6.055640044886865248e-01 2.271272408103072054e-18
-6.092340893643757305e-01 2.226782779053644596e-18
-6.129041742400644921e-01 2.183127000256024145e-18
-6.165742591157536978e-01 2.140294470120812839e-18
-6.202443439914429035e-01 2.098270114831116070e-18
-6.239144288671316652e-01 2.057041079072803198e-18
-6.275845137428204268e-01 2.016581330548648417e-18
-6.312545986185096325e-01 1.976889270746184867e-18
-6.349246834941983941e-01 1.937943194270129390e-18
-6.385947683698880439e-01 1.899732636975868089e-18
-6.422648532455768056e-01 1.862246116040324697e-18
-6.459349381212655672e-01 1.825466459826770194e-18
-6.496050229969547729e-01 1.789388188908904977e-18
-6.532751078726435345e-01 1.753991797657355886e-18
-6.569451927483327403e-01 1.719272025514486256e-18
-6.606152776240219460e-01 1.685210433734940912e-18
-6.642853624997107076e-01 1.651790695943976726e-18
-6.679554473753999133e-01 1.619009995900673660e-18
-6.716255322510886749e-01 1.586847882778495773e-18
-6.752956171267778807e-01 1.555302445446991483e-18
-6.789657020024670864e-01 1.524360231391137658e-18
-6.826357868781558480e-01 1.494009953064973466e-18
-6.863058717538446096e-01 1.464236745370009762e-18
-6.899759566295338153e-01 1.435033367088769120e-18
-6.936460415052225770e-01 1.406386378512406447e-18
-6.973161263809122268e-01 1.378289753300237935e-18
-7.009862112566009884e-01 1.350729133435809949e-18
-7.046562961322897500e-01 1.323697201232664799e-18
-7.083263810079789558e-01 1.297173786763650142e-18
-7.119964658836677174e-01 1.271163703102309897e-18
-7.156665507593569231e-01 1.245653246098529451e-18
-7.193366356350461288e-01 1.220634102352780800e-18
-7.230067205107348904e-01 1.196087144113164176e-18
-7.266768053864240962e-01 1.171989431906710653e-18
-7.303468902621128578e-01 1.148455060691261136e-18
-7.340169751378020635e-01 1.125321535096609061e-18
-7.376870600134912692e-01 1.102589225487880381e-18
-7.413571448891800308e-01 1.080327674330682483e-18
-7.450272297648687925e-01 1.058495296084797444e-18
-7.486973146405579982e-01 1.037086309238377061e-18
-7.523673995162467598e-01 1.016090863335726582e-18
-7.560374843919364096e-01 9.955030832001781218e-19
-7.597075692676251712e-01 9.753135071886820825e-19
-7.633776541433139329e-01 9.555169508491958676e-19
-7.670477390190031386e-01 9.361022353110270995e-19
-7.707178238946919002e-01 9.170662081347365549e-19
-7.743879087703811059e-01 8.983996246508427310e-19
-7.780579936460703117e-01 8.800980429533313195e-19
-7.817280785217590733e-01 8.621515221322263901e-19
-7.853981633974478349e-01 8.445562647397870478e-19
-7.890682482731370406e-01 8.273033270085831490e-19
-7.927383331488262463e-01 8.103884786682457345e-19
-7.964084180245154521e-01 7.937994334047778228e-19
-8.000785029002042137e-01 7.775348388962558400e-19
-8.037485877758929753e-01 7.615876471550750623e-19
-8.074186726515821810e-01 7.459534474112995692e-19
-8.110887575272709427e-01 7.306254404569323313e-19
-8.147588424029601484e-01 7.155989319416798107e-19
-8.184289272786493541e-01 7.008701089147367278e-19
-8.220990121543381157e-01 6.864321815882286567e-19
-8.257690970300273214e-01 6.722739175022476796e-19
-8.294391819057160831e-01 6.583967479835475402e-19
-8.331092667814052888e-01 6.447871886336146185e-19
-8.367793516570944945e-01 6.314502135887907239e-19
-8.404494365327832561e-01 6.183766571537121037e-19
-8.441195214084720178e-01 6.055621041255266102e-19
-8.477896062841612235e-01 5.929954553262454561e-19
-8.514596911598504292e-01 5.806788198955801929e-19
-8.551297760355396349e-01 5.686033353279777415e-19
-8.587998609112283965e-01 5.567693571027702332e-19
-8.624699457869171582e-01 5.451742990064364926e-19
-8.661400306626063639e-01 5.338095817866429831e-19
-8.698101155382951255e-01 5.226698100195765511e-19
-8.734802004139843312e-01 5.117460283728626491e-19
-8.771502852896735369e-01 5.010467552493070211e-19
-8.808203701653622986e-01 4.905524994396330546e-19
-8.844904550410515043e-01 4.802696633114279104e-19
-8.881605399167402659e-01 4.701875511902286167e-19
-8.918306247924294716e-01 4.603140420888672796e-19
-8.955007096681186773e-01 4.506377335136600716e-19
-8.991707945438074390e-01 4.411465398807570725e-19
-9.028408794194962006e-01 4.318428900097816771e-19
-9.065109642951854063e-01 4.227196065725491066e-19
-9.101810491708746120e-01 4.137737414914431249e-19
-9.138511340465638177e-01 4.049911517950398153e-19
-9.175212189222525794e-01 3.963847954899448490e-19
-9.211913037979413410e-01 3.879624938656261513e-19
-9.248613886736305467e-01 3.797208839985295637e-19
-9.285314735493193083e-01 3.716507560513113978e-19
-9.322015584250085141e-01 3.637505776845275169e-19
-9.358716433006977198e-01 3.560152124647239744e-19
-9.395417281763864814e-01 3.484393601474088239e-19
-9.432118130520756871e-01 3.410125545024466153e-19
-9.468818979277644488e-01 3.337352445038352756e-19
-9.505519828034536545e-01 3.265912523285348095e-19
-9.542220676791428602e-01 3.195893872954167995e-19
-9.578921525548316218e-01 3.127306029525640391e-19
-9.615622374305203834e-01 3.060144387238234007e-19
-9.652323223062095892e-01 2.994331314575772159e-19
-9.689024071818983508e-01 2.929891914829298047e-19
-9.725724920575880006e-01 2.866759889691509257e-19
-9.762425769332767622e-01 2.804937465576793770e-19
-9.799126618089655238e-01 2.744351811407843590e-19
-9.835827466846547296e-01 2.684996140136825143e-19
-9.872528315603434912e-01 2.626838995894404990e-19
-9.909229164360326969e-01 2.569876417935700315e-19
-9.945930013117219026e-01 2.514072058453681888e-19
-9.982630861874106643e-01 2.459429042878544118e-19
-1.001933171063099870e+00 2.405886391166017281e-19
-1.005603255938788632e+00 2.353442086293981335e-19
-1.009273340814477837e+00 2.302102492288574476e-19
-1.012943425690167043e+00 2.251827984912622301e-19
-1.016613510565855805e+00 2.202583594781834590e-19
-1.020283595441544566e+00 2.154367268474058203e-19
-1.023953680317233772e+00 2.107122089019840262e-19
-1.027623765192922534e+00 2.060808024082460489e-19
-1.031293850068611739e+00 2.015487038974308987e-19
-1.034963934944300945e+00 1.971068435288797223e-19
-1.038634019819989707e+00 1.927539079965682953e-19
-1.042304104695678912e+00 1.884941033131818762e-19
-1.045974189571367674e+00 1.843234995485256113e-19
-1.049644274447056880e+00 1.802411790474779442e-19
-1.053314359322746085e+00 1.762458117832643999e-19
-1.056984444198434847e+00 1.723314419681223971e-19
-1.060654529074123609e+00 1.685014080953276538e-19
-1.064324613949812814e+00 1.647397097543334745e-19
-1.067994698825502020e+00 1.610553215077767255e-19
-1.071664783701191226e+00 1.574605566429424274e-19
-1.075334868576879988e+00 1.539590360384708485e-19
-1.079004953452568749e+00 1.508738115346414131e-19
-1.082675038328257955e+00 1.470707341481140249e-19
-1.086345123203946716e+00 1.434336195175633894e-19
-1.090015208079635922e+00 1.404489238117914560e-19
-1.093685292955325128e+00 1.373080707082679189e-19
-1.097355377831013890e+00 1.342288987581409875e-19
-1.101025462706703095e+00 1.311964840372111040e-19
-1.104695547582391857e+00 1.282317736394419871e-19
-1.108365632458081063e+00 1.253315297517251199e-19
-1.112035717333770268e+00 1.224884760415447155e-19
-1.115705802209459030e+00 1.197040227304890705e-19
-1.119375887085147792e+00 1.169786400697850308e-19
-1.123045971960836997e+00 1.143085348490490983e-19
-1.126716056836526203e+00 1.116936859047264928e-19
-1.130386141712215409e+00 1.091337602383246670e-19
-1.134056226587904170e+00 1.066277450836472447e-19
-1.137726311463592932e+00 1.041744302380624327e-19
-1.141396396339282138e+00 1.017741414894643390e-19
-1.145066481214970899e+00 9.942627234723964767e-20
-1.148736566090660105e+00 9.712791737233621231e-20
-1.152406650966349311e+00 9.487896178086735895e-20
-1.156076735842038072e+00 9.267821799864055047e-20
-1.159746820717727278e+00 9.052543454201386236e-20
-1.163416905593416040e+00 8.841559521218579504e-20
-1.167086990469105245e+00 8.635024519492865023e-20
-1.170757075344794451e+00 8.432737464650687644e-20
-1.174427160220483213e+00 8.234927137339117341e-20
-1.178097245096171974e+00 8.041563662229484294e-20
-1.181767329971861180e+00 7.852699319942380584e-20
-1.185437414847550386e+00 7.667966811479435879e-20
-1.189107499723239592e+00 7.487348545288273199e-20
-1.192777584598928353e+00 7.311140354611580000e-20
-1.196447669474617115e+00 7.138779865132147755e-20
-1.200117754350306321e+00 6.969284778371089419e-20
-1.203787839225995082e+00 6.803417776165701504e-20
-1.207457924101684288e+00 6.641564535516060490e-20
-1.211128008977373494e+00 6.483203404572242959e-20
-1.214798093853062255e+00 6.328028220542338341e-20
-1.218468178728751461e+00 6.176482491286505333e-20
-1.222138263604440223e+00 6.028872007417132578e-20
-1.225808348480129428e+00 5.884621652421408608e-20
-1.229478433355818634e+00 5.742846363451194040e-20
-1.233148518231507396e+00 5.604312983201751015e-20
-1.236818603107196157e+00 5.469189702672235240e-20
-1.240488687982885363e+00 5.337318413309963772e-20
-1.244158772858574569e+00 5.208279610424765590e-20
-1.247828857734263330e+00 5.082284223651264313e-20
-1.251498942609952536e+00 4.958800079533284812e-20
-1.255169027485641298e+00 4.837980857147519852e-20
-1.258839112361330503e+00 4.719758888830355045e-20
-1.262509197237019265e+00 4.604295418972293494e-20
-1.266179282112708471e+00 4.491237947784645663e-20
-1.269849366988397676e+00 4.380816481128071041e-20
-1.273519451864086438e+00 4.272830549403753928e-20
-1.277189536739775200e+00 4.167351484384441115e-20
-1.280859621615464405e+00 4.064456263885172057e-20
-1.284529706491153611e+00 3.964086607356807513e-20
-1.288199791366842817e+00 3.866128408908770873e-20
-1.291869876242531578e+00 3.770427994414008125e-20
-1.295539961118220340e+00 3.677006159426392386e-20
-1.299210045993909546e+00 3.585762059157199171e-20
-1.302880130869598752e+00 3.496455412326808726e-20
-1.306550215745287513e+00 3.409210368428269424e-20
-1.310220300620976719e+00 3.323963261418984841e-20
-1.313890385496665481e+00 3.240889660328106363e-20
-1.317560470372354686e+00 3.159476674356990960e-20
-1.321230555248043448e+00 3.080007829698400060e-20
-1.324900640123732654e+00 3.002482207616054955e-20
-1.328570724999421859e+00 2.927019523943609926e-20
-1.332240809875110621e+00 2.853585149952028599e-20
-1.335910894750799383e+00 2.782102672027596780e-20
-1.339580979626488588e+00 2.712534209493457474e-20
-1.343251064502177794e+00 2.644554614940868670e-20
-1.346921149377867000e+00 2.578191312648696596e-20
-1.350591234253555761e+00 2.513508581395745293e-20
-1.354261319129244523e+00 2.450191035640219242e-20
-1.357931404004933729e+00 2.388542427749553029e-20
-1.361601488880622490e+00 2.328322686746573800e-20
-1.365271573756311696e+00 2.269928926430156894e-20
-1.368941658632000902e+00 2.213381568367997602e-20
-1.372611743507689663e+00 2.158136857988749270e-20
-1.376281828383378869e+00 2.106496226121914078e-20
-1.379951913259067631e+00 2.055828320808511198e-20
-1.383621998134756836e+00 1.999242999488635383e-20
-1.387292083010446042e+00 1.946442451218128628e-20
-1.390962167886134804e+00 1.901050068027814315e-20
-1.394632252761823565e+00 1.855511080754520146e-20
-1.398302337637512771e+00 1.810608089734119819e-20
-1.401972422513201977e+00 1.766582242913682808e-20
-1.405642507388891183e+00 1.723065080806581769e-20
-1.409312592264579944e+00 1.681143093799585000e-20
-1.412982677140268706e+00 1.639770386306432401e-20
-1.416652762015957912e+00 1.599740273140089009e-20
-1.420322846891646673e+00 1.561592800324248230e-20
-1.423992931767335879e+00 1.524607420282568030e-20
-1.427663016643025085e+00 1.488546400787749210e-20
-1.431333101518713846e+00 1.453903461162142989e-20
-1.435003186394403052e+00 1.420425840979668812e-20
-1.438673271270091814e+00 1.387426538236616125e-20
-1.442343356145781019e+00 1.356194164084880016e-20
-1.446013441021470225e+00 1.323890861863514881e-20
-1.449683525897158987e+00 1.295107266687246344e-20
-1.453353610772847748e+00 1.266151346390019352e-20
-1.457023695648536954e+00 1.239569413189280814e-20
-1.460693780524226160e+00 1.212539163309170421e-20
-1.464363865399915365e+00 1.187428599118136573e-20
-1.468033950275604127e+00 1.163680969655972628e-20
-1.471704035151292889e+00 1.140851456396227935e-20
-1.475374120026982094e+00 1.117628578131693644e-20
-1.479044204902670856e+00 1.095801635853906840e-20
-1.482714289778360062e+00 1.075837782457965947e-20
-1.486384374654049267e+00 1.055233312540560074e-20
-1.490054459529738029e+00 1.036403187870184819e-20
-1.493724544405426791e+00 1.018262086044385129e-20
-1.497394629281115996e+00 1.001763964894571125e-20
-1.501064714156805202e+00 9.854239991451011093e-21
-1.504734799032494408e+00 9.701190730511457073e-21
-1.508404883908183169e+00 9.556713832555491445e-21
-1.512074968783871931e+00 9.423690020849479717e-21
-1.515745053659561137e+00 9.293624200684773306e-21
-1.519415138535250342e+00 9.174995351235868693e-21
-1.523085223410939104e+00 9.065651530332347699e-21
-1.526755308286628310e+00 8.959522633873354790e-21
-1.530425393162317071e+00 8.870282114931753879e-21
-1.534095478038006277e+00 8.788721446331670914e-21
-1.537765562913695039e+00 8.710693672623931060e-21
-1.541435647789384245e+00 8.643221954351826524e-21
-1.545105732665073450e+00 8.567692746005339716e-21
-1.548775817540762212e+00 8.533353526326281872e-21
-1.552445902416450974e+00 8.487023767445802502e-21
-1.556115987292140179e+00 8.450224275727834664e-21
-1.559786072167829385e+00 8.421703838745741268e-21
-1.563456157043518591e+00 8.402642672356150904e-21
-1.567126241919207352e+00 8.390666711479717604e-21
-1.570796326794896114e+00 8.387599734749248817e-21
