1.570796326794896558e+00 -3.004393205768175051e+07
1.567126241919207574e+00 -3.001839412320823222e+07
1.563456157043518591e+00 -2.996752459948207065e+07
1.559786072167829607e+00 -2.986594990166705847e+07
1.556115987292140623e+00 -2.973941436366202310e+07
1.552445902416451418e+00 -2.956327463090422750e+07
1.548775817540762434e+00 -2.936290443713988736e+07
1.545105732665073450e+00 -2.911472856347322837e+07
1.541435647789384467e+00 -2.884339056725968421e+07
1.537765562913695483e+00 -2.852669020521996543e+07
1.534095478038006499e+00 -2.818820288580787182e+07
1.530425393162317516e+00 -2.780737120931984112e+07
1.526755308286628532e+00 -2.740639550340044871e+07
1.523085223410939326e+00 -2.696658405586823449e+07
1.519415138535250342e+00 -2.650849413162611425e+07
1.515745053659561359e+00 -2.601547352300231904e+07
1.512074968783872375e+00 -2.550621345533500239e+07
1.508404883908183391e+00 -2.496622411834311113e+07
1.504734799032494408e+00 -2.441215673372273892e+07
1.501064714156805424e+00 -2.383175599205550179e+07
1.497394629281116440e+00 -2.323951006296053156e+07
1.493724544405427235e+00 -2.262542143251578510e+07
1.490054459529738251e+00 -2.200174295708701015e+07
1.486384374654049267e+00 -2.136071295623578876e+07
1.482714289778360284e+00 -2.071232552568386123e+07
1.479044204902671300e+00 -2.005099239184469357e+07
1.475374120026982316e+00 -1.938447071103949845e+07
1.471704035151293333e+00 -1.870924839698780701e+07
1.468033950275604349e+00 -1.803090797122801840e+07
1.464363865399915365e+00 -1.734788771441232786e+07
1.460693780524226160e+00 -1.666369263534505852e+07
1.457023695648537176e+00 -1.597856333643103577e+07
1.453353610772848192e+00 -1.529405306592845358e+07
1.449683525897159209e+00 -1.461204074401183240e+07
1.446013441021470225e+00 -1.393227586767579615e+07
1.442343356145781241e+00 -1.325810162620215304e+07
1.438673271270092258e+00 -1.258762776726432331e+07
1.435003186394403052e+00 -1.192548303530917130e+07
1.431333101518714068e+00 -1.126831150893513300e+07
1.427663016643025085e+00 -1.062184882834163308e+07
1.423992931767336101e+00 -9.981452180484257638e+06
1.420322846891647117e+00 -9.353789486579418182e+06
1.416652762015958134e+00 -8.733109793776201084e+06
1.412982677140269150e+00 -8.126845971834445372e+06
1.409312592264580166e+00 -7.528313660047147423e+06
1.405642507388891183e+00 -6.945553128036574461e+06
1.401972422513201977e+00 -6.371114076787469909e+06
1.398302337637512993e+00 -5.813498221791264601e+06
1.394632252761824009e+00 -5.264647026575217023e+06
1.390962167886135026e+00 -4.733390480368843302e+06
1.387292083010446042e+00 -4.211207924939508550e+06
1.383621998134757058e+00 -3.707137875930990558e+06
1.379951913259068075e+00 -3.212330891765161417e+06
1.376281828383379091e+00 -2.735927874971909449e+06
1.372611743507690107e+00 -2.268870514510567766e+06
1.368941658632000902e+00 -1.820309377350242343e+06
1.365271573756311918e+00 -1.381083584850853775e+06
1.361601488880622934e+00 -9.602735788178676739e+05
1.357931404004933951e+00 -5.487087905959916534e+05
1.354261319129244967e+00 -1.553319777973328019e+05
1.350591234253555983e+00 2.289571837907095032e+05
1.346921149377867000e+00 5.954098043710156344e+05
1.343251064502177794e+00 9.529882718915615696e+05
1.339580979626488810e+00 1.293183323730542557e+06
1.335910894750799827e+00 1.624763108699242119e+06
1.332240809875110843e+00 1.939494326682370389e+06
1.328570724999421859e+00 2.245905023056482896e+06
1.324900640123732876e+00 2.536065782888122834e+06
1.321230555248043892e+00 2.818228122511928435e+06
1.317560470372354908e+00 3.084787015300497878e+06
1.313890385496665925e+00 3.343689450049248524e+06
1.310220300620976719e+00 3.587668824779643212e+06
1.306550215745287735e+00 3.824347035810895264e+06
1.302880130869598752e+00 4.046804372164246161e+06
1.299210045993909768e+00 4.262323552812046371e+06
1.295539961118220784e+00 4.464335484799264930e+06
1.291869876242531801e+00 4.659775207187476568e+06
1.288199791366842817e+00 4.842423991422491148e+06
1.284529706491153611e+00 5.018865444683027454e+06
1.280859621615464849e+00 5.183227652877431363e+06
1.277189536739775644e+00 5.341743030121397227e+06
1.273519451864086660e+00 5.488880240887058899e+06
1.269849366988397676e+00 5.630524050339994952e+06
1.266179282112708693e+00 5.761475318304857239e+06
1.262509197237019709e+00 5.887277398928558454e+06
1.258839112361330725e+00 6.003053287554724142e+06
1.255169027485641742e+00 6.114013319271023385e+06
1.251498942609952536e+00 6.215591295828685164e+06
1.247828857734263552e+00 6.312674607535811141e+06
1.244158772858574569e+00 6.400995613329784945e+06
1.240488687982885585e+00 6.485130107018285431e+06
1.236818603107196601e+00 6.561096131806638092e+06
1.233148518231507618e+00 6.633170157238483429e+06
1.229478433355818634e+00 6.697642663289887831e+06
1.225808348480129428e+00 6.758503694195872173e+06
1.222138263604440667e+00 6.812302751736826263e+06
1.218468178728751461e+00 6.862756730688110925e+06
1.214798093853062699e+00 6.906660742339661345e+06
1.211128008977373494e+00 6.947471977019796148e+06
1.207457924101684510e+00 6.982217883794411086e+06
1.203787839225995526e+00 7.014109392021907493e+06
1.200117754350306543e+00 7.040393267357246950e+06
1.196447669474617559e+00 7.064047481769060716e+06
1.192777584598928575e+00 7.082525432861156762e+06
1.189107499723239592e+00 7.098585188521852717e+06
1.185437414847550386e+00 7.109874495799447410e+06
1.181767329971861402e+00 7.118944235188948922e+06
1.178097245096172418e+00 7.123624671118140221e+06
1.174427160220483435e+00 7.126271810888772830e+06
1.170757075344794451e+00 7.124887088538048789e+06
1.167086990469105467e+00 7.121643501339031383e+06
1.163416905593416484e+00 7.114702811236277223e+06
1.159746820717727278e+00 7.106066383599260822e+06
1.156076735842038294e+00 7.094045984524056315e+06
1.152406650966349311e+00 7.080482218620870262e+06
1.148736566090660327e+00 7.063827054121080786e+06
1.145066481214971343e+00 7.045770687059774995e+06
1.141396396339282360e+00 7.024896004810661077e+06
1.137726311463593376e+00 7.002752624188559130e+06
1.134056226587904170e+00 6.978045579853458330e+06
1.130386141712215409e+00 6.952193218582745641e+06
1.126716056836526203e+00 6.924014449715109542e+06
1.123045971960837219e+00 6.894805146845316514e+06
1.119375887085148236e+00 6.863490305648207664e+06
1.115705802209459252e+00 6.831251622946305200e+06
1.112035717333770268e+00 6.797112859448513947e+06
1.108365632458081285e+00 6.762149346155268140e+06
1.104695547582392301e+00 6.725476735701419413e+06
1.101025462706703095e+00 6.688071335979342461e+06
1.097355377831014334e+00 6.649134246766530909e+06
1.093685292955325128e+00 6.609549646203315817e+06
1.090015208079636366e+00 6.568598044243568555e+06
1.086345123203947161e+00 6.527077953174684197e+06
1.082675038328258177e+00 6.484343643272578716e+06
1.079004953452569193e+00 6.441114015927019529e+06
1.075334868576880210e+00 6.396811818317486905e+06
1.071664783701191226e+00 6.352082007723299786e+06
1.067994698825502020e+00 6.306410870839595795e+06
1.064324613949813259e+00 6.260374720160568133e+06
1.060654529074124053e+00 6.213518770626037382e+06
1.056984444198435069e+00 6.166355642236201093e+06
1.053314359322746085e+00 6.118485173671048135e+06
1.049644274447057102e+00 6.070360917683879845e+06
1.045974189571368118e+00 6.021633320309886709e+06
1.042304104695678912e+00 5.972701184630125761e+06
1.038634019819990151e+00 5.923261817890817299e+06
1.034963934944300945e+00 5.873663302100035362e+06
1.031293850068612183e+00 5.823646312725682743e+06
1.027623765192922978e+00 5.773511968271255493e+06
1.023953680317233994e+00 5.723041056333996356e+06
1.020283595441545010e+00 5.672491235550679266e+06
1.016613510565856027e+00 5.621680371091181412e+06
1.012943425690167043e+00 5.570825927724141628e+06
1.009273340814477837e+00 5.519780020579444245e+06
1.005603255938789076e+00 5.468722964369216934e+06
1.001933171063099870e+00 5.417538489797182381e+06
9.982630861874108863e-01 5.366372597728110850e+06
9.945930013117219026e-01 5.315138180371219292e+06
9.909229164360329190e-01 5.263949567122604698e+06
9.872528315603439353e-01 5.212746525810921565e+06
9.835827466846548406e-01 5.161614175860197283e+06
9.799126618089658569e-01 5.110517031643802300e+06
9.762425769332768732e-01 5.059513295396242291e+06
9.725724920575878896e-01 5.008590245128464885e+06
9.689024071818987949e-01 4.957781301350881346e+06
9.652323223062098112e-01 4.907094659022429027e+06
9.615622374305208275e-01 4.856540945756564848e+06
9.578921525548318439e-01 4.806147553685817868e+06
9.542220676791427492e-01 4.755904169703746215e+06
9.505519828034537655e-01 4.705855781584076583e+06
9.468818979277647818e-01 4.655972860345335677e+06
9.432118130520757981e-01 4.606316498027479276e+06
9.395417281763867035e-01 4.556839555992508307e+06
9.358716433006978308e-01 4.507617841787519865e+06
9.322015584250087361e-01 4.458588102820801549e+06
9.285314735493197524e-01 4.409839568992482498e+06
9.248613886736306577e-01 4.361294266501650214e+06
9.211913037979417851e-01 4.313053643517496064e+06
9.175212189222526904e-01 4.265026301860744134e+06
9.138511340465637067e-01 4.217324786878856830e+06
9.101810491708746120e-01 4.169845483476715162e+06
9.065109642951857394e-01 4.122710990435662679e+06
9.028408794194966447e-01 4.075806599936924409e+06
8.991707945438076610e-01 4.029263992539273575e+06
8.955007096681185663e-01 3.982958414293645415e+06
8.918306247924296937e-01 3.937029723079300486e+06
8.881605399167405990e-01 3.891344093083163723e+06
8.844904550410516153e-01 3.846048717709813733e+06
8.808203701653625206e-01 3.801001606120112352e+06
8.771502852896736480e-01 3.756356503888696432e+06
8.734802004139845533e-01 3.711964099120373372e+06
8.698101155382955696e-01 3.667983960713820066e+06
8.661400306626065859e-01 3.624260241055493243e+06
8.624699457869176022e-01 3.580957654386895243e+06
8.587998609112286186e-01 3.537914548020887189e+06
8.551297760355395239e-01 3.495300151029839180e+06
8.514596911598505402e-01 3.452947685263820458e+06
8.477896062841615565e-01 3.411030308429834433e+06
8.441195214084725729e-01 3.369376748897834215e+06
8.404494365327834782e-01 3.328163548194422852e+06
8.367793516570944945e-01 3.287215528729571495e+06
8.331092667814055108e-01 3.246712109683318529e+06
8.294391819057165272e-01 3.206474753509079572e+06
8.257690970300274325e-01 3.166685286982382648e+06
8.220990121543384488e-01 3.127162319827772677e+06
8.184289272786494651e-01 3.088089650103251450e+06
8.147588424029604814e-01 3.049283505801199935e+06
8.110887575272713867e-01 3.010929251489141490e+06
8.074186726515824031e-01 2.972841170574293938e+06
8.037485877758934194e-01 2.935205818850368261e+06
8.000785029002044357e-01 2.897835940637989435e+06
7.964084180245153410e-01 2.860918935254591517e+06
7.927383331488263574e-01 2.824266383848862723e+06
7.890682482731373737e-01 2.788066207352268975e+06
7.853981633974483900e-01 2.752129171990909148e+06
7.817280785217594063e-01 2.716643422535399441e+06
7.780579936460703117e-01 2.681419232658411842e+06
7.743879087703813280e-01 2.646644695779928472e+06
7.707178238946922333e-01 2.612129891178255901e+06
7.670477390190033606e-01 2.578062606867416296e+06
7.633776541433142659e-01 2.544253003235120792e+06
7.597075692676252823e-01 2.510888328621578868e+06
7.560374843919361876e-01 2.477779078825059813e+06
7.523673995162473149e-01 2.445111746765766758e+06
7.486973146405582202e-01 2.412697398106917273e+06
7.450272297648692366e-01 2.380721571946021635e+06
7.413571448891801419e-01 2.348996119687459432e+06
7.376870600134912692e-01 2.317705444441734347e+06
7.340169751378021745e-01 2.286662381834870670e+06
7.303468902621131909e-01 2.256050032035494689e+06
7.266768053864240962e-01 2.225682397082644515e+06
7.230067205107352235e-01 2.195741121489956975e+06
7.193366356350461288e-01 2.166041540648239665e+06
7.156665507593571451e-01 2.136763704039365984e+06
7.119964658836680504e-01 2.107724433063883800e+06
7.083263810079791778e-01 2.079102055285791168e+06
7.046562961322900831e-01 2.050715017395677045e+06
7.009862112566010994e-01 2.022739809850549093e+06
6.973161263809120047e-01 1.994996631386379478e+06
6.936460415052231321e-01 1.967660031115938211e+06
6.899759566295340374e-01 1.940552074848406715e+06
6.863058717538450537e-01 1.913845276367588434e+06
6.826357868781559590e-01 1.887363672599823680e+06
6.789657020024670864e-01 1.861277657622867264e+06
6.752956171267779917e-01 1.835413333242476452e+06
6.716255322510890080e-01 1.809938898416038603e+06
6.679554473753999133e-01 1.784682603982759407e+06
6.642853624997110407e-01 1.759810386787319556e+06
6.606152776240219460e-01 1.735152721830754075e+06
6.569451927483329623e-01 1.710873224717282457e+06
6.532751078726438676e-01 1.686804661317782477e+06
6.496050229969549950e-01 1.663108274217208847e+06
6.459349381212659003e-01 1.639619178984358907e+06
6.422648532455769166e-01 1.616496200281419093e+06
6.385947683698878219e-01 1.593576854831762612e+06
6.349246834941989492e-01 1.571017510894951876e+06
6.312545986185098545e-01 1.548658130916486960e+06
6.275845137428208709e-01 1.526652594272278482e+06
6.239144288671319982e-01 1.504843347261538263e+06
6.202443439914429035e-01 1.483381753496052232e+06
6.165742591157538088e-01 1.462112775247787358e+06
6.129041742400648252e-01 1.441185238710213220e+06
6.092340893643759525e-01 1.420446648635789985e+06
6.055640044886868578e-01 1.400043277015702799e+06
6.018939196129977631e-01 1.379825192356893793e+06
5.982238347373087795e-01 1.359936100204445422e+06
5.945537498616199068e-01 1.340228649213849334e+06
5.908836649859308121e-01 1.320843970464500599e+06
5.872135801102417174e-01 1.301637304608413717e+06
5.835434952345527337e-01 1.282747204170779092e+06
5.798734103588638611e-01 1.264031509416952264e+06
5.762033254831747664e-01 1.245626193881018786e+06
5.725332406074856717e-01 1.227391701123474631e+06
5.688631557317966880e-01 1.209461428640871309e+06
5.651930708561077044e-01 1.191698423314132029e+06
5.615229859804187207e-01 1.174233512698669685e+06
5.578529011047297370e-01 1.156932343628291273e+06
5.541828162290405313e-01 1.139923182724026730e+06
5.505127313533517697e-01 1.123074270259559387e+06
5.468426464776627860e-01 1.106511323620764306e+06
5.431725616019735803e-01 1.090105167095101438e+06
5.395024767262845966e-01 1.073978983016408049e+06
5.358323918505956129e-01 1.058006167568368837e+06
5.321623069749066293e-01 1.042307384506521397e+06
5.284922220992176456e-01 1.026758587307306705e+06
5.248221372235284399e-01 1.011477939729497186e+06
5.211520523478396782e-01 9.963439356482635485e+05
5.174819674721506946e-01 9.814722593407961540e+05
5.138118825964614889e-01 9.667439260810600827e+05
5.101417977207725052e-01 9.522721629530211212e+05
5.064717128450835215e-01 9.379404856952871196e+05
5.028016279693945378e-01 9.238596881042533787e+05
4.991315430937055542e-01 9.099157636804806534e+05
4.954614582180163485e-01 8.962170983133796835e+05
4.917913733423275868e-01 8.826521389448479749e+05
4.881212884666386032e-01 8.693268902759503108e+05
4.844512035909493974e-01 8.561322268989762524e+05
4.807811187152604138e-01 8.431718002560705645e+05
4.771110338395714301e-01 8.303388854625885142e+05
4.734409489638824464e-01 8.177348097225372912e+05
4.697708640881934627e-01 8.052552203387869522e+05
4.661007792125042570e-01 7.929991502747730119e+05
4.624306943368154954e-01 7.808645895992948208e+05
4.587606094611265117e-01 7.689483079042013269e+05
4.550905245854373060e-01 7.571506076281667920e+05
4.514204397097483223e-01 7.455660266318923095e+05
4.477503548340593387e-01 7.340971484612397617e+05
4.440802699583703550e-01 7.228363115629375679e+05
4.404101850826813713e-01 7.116883485606292961e+05
4.367401002069921656e-01 7.007434313936430262e+05
4.330700153313034040e-01 6.899086090609846869e+05
4.293999304556144203e-01 6.792719204077539034e+05
4.257298455799252146e-01 6.687425975213546772e+05
4.220597607042362309e-01 6.584065799944684841e+05
4.183896758285472472e-01 6.481752492144725984e+05
4.147195909528582636e-01 6.381324797201785259e+05
4.110495060771692799e-01 6.281917679863381200e+05
4.073794212014800742e-01 6.184349579838807695e+05
4.037093363257913126e-01 6.087776267118266551e+05
4.000392514501023289e-01 5.992996222844171571e+05
3.963691665744131232e-01 5.899185673778760247e+05
3.926990816987243615e-01 5.807123491257092683e+05
3.890289968230351558e-01 5.716006008158054901e+05
3.853589119473461722e-01 5.626592835857742466e+05
3.816888270716571885e-01 5.538100061103550252e+05
3.780187421959682048e-01 5.451268385734383482e+05
3.743486573202792211e-01 5.365333297078420874e+05
3.706785724445902375e-01 5.281016937947523547e+05
3.670084875689010318e-01 5.197573842448152136e+05
3.633384026932122701e-01 5.115707944515352137e+05
3.596683178175230644e-01 5.034692471193122328e+05
3.559982329418340807e-01 4.955213496906693326e+05
3.523281480661450971e-01 4.876562588225476793e+05
3.486580631904561134e-01 4.799408308257886674e+05
3.449879783147671297e-01 4.723060210515572689e+05
3.413178934390781460e-01 4.648169693448051112e+05
3.376478085633889403e-01 4.574063946162026841e+05
3.339777236877001787e-01 4.501377547379930038e+05
3.303076388120109730e-01 4.429454971941494150e+05
3.266375539363219893e-01 4.358914320958487224e+05
3.229674690606330056e-01 4.289117007770900382e+05
3.192973841849440220e-01 4.220664996432107291e+05
3.156272993092550383e-01 4.152936292336593033e+05
3.119572144335660546e-01 4.086517060103376280e+05
3.082871295578768489e-01 4.020801554427368101e+05
3.046170446821880873e-01 3.956360474659389583e+05
3.009469598064991036e-01 3.892603984557228396e+05
2.972768749308098979e-01 3.830087649531752686e+05
2.936067900551209142e-01 3.768237205119481659e+05
2.899367051794319305e-01 3.707593410666370764e+05
2.862666203037429469e-01 3.647597239458948607e+05
2.825965354280539632e-01 3.588774969080727315e+05
2.789264505523647575e-01 3.530582479992263252e+05
2.752563656766759959e-01 3.473531888579073711e+05
2.715862808009870122e-01 3.417093655528016970e+05
2.679161959252978065e-01 3.361766052693070378e+05
2.642461110496088228e-01 3.307033797838318278e+05
2.605760261739198391e-01 3.253381630931186955e+05
2.569059412982308555e-01 3.200308207612250117e+05
2.532358564225418718e-01 3.148285044452192378e+05
2.495657715468526661e-01 3.096824419846290839e+05
2.458956866711639044e-01 3.046384931202032021e+05
2.422256017954749208e-01 2.996492168753329897e+05
2.385555169197857150e-01 2.947592110625450732e+05
2.348854320440967314e-01 2.899223352290201001e+05
2.312153471684077477e-01 2.851819548031755257e+05
2.275452622927187640e-01 2.804931996360422345e+05
2.238751774170297804e-01 2.758982318653448601e+05
2.202050925413405746e-01 2.713534218748798594e+05
2.165350076656518130e-01 2.668997571478614700e+05
2.128649227899628293e-01 2.624948192861704738e+05
2.091948379142736236e-01 2.581784492933820584e+05
2.055247530385846400e-01 2.539094111360699753e+05
2.018546681628956563e-01 2.497264270460475527e+05
1.981845832872066726e-01 2.455894149690898485e+05
1.945144984115176889e-01 2.415360056037227041e+05
1.908444135358284832e-01 2.375272429597256705e+05
1.871743286601397216e-01 2.335996929677393346e+05
1.835042437844507379e-01 2.297154982621217205e+05
1.798341589087615322e-01 2.259101862978794379e+05
1.761640740330725485e-01 2.221469713710661745e+05
1.724939891573835649e-01 2.184603682783186669e+05
1.688239042816945812e-01 2.148146364926986280e+05
1.651538194060055975e-01 2.112433034933190793e+05
1.614837345303166138e-01 2.077116479263479705e+05
1.578136496546276302e-01 2.042522348196250095e+05
1.541435647789386465e-01 2.008313364675180055e+05
1.504734799032494408e-01 1.974805798386700335e+05
1.468033950275606792e-01 1.941672058310127468e+05
1.431333101518714734e-01 1.909219272731123783e+05
1.394632252761824898e-01 1.877129291000047233e+05
1.357931404004935061e-01 1.845700334482780017e+05
1.321230555248045224e-01 1.814623452008043823e+05
1.284529706491155387e-01 1.784188187804149929e+05
1.247828857734265551e-01 1.754094554052583117e+05
1.211128008977373494e-01 1.724623642983819591e+05
1.174427160220485877e-01 1.695484198716359970e+05
1.137726311463593820e-01 1.666949081981388154e+05
1.101025462706703983e-01 1.638735542133671406e+05
1.064324613949814147e-01 1.611108424322178180e+05
1.027623765192924310e-01 1.583793261093063920e+05
9.909229164360344733e-02 1.557047093362919404e+05
9.542220676791446365e-02 1.530603519469578750e+05
9.175212189222525794e-02 1.504711982947100478e+05
8.808203701653649631e-02 1.479113935107045399e+05
8.441195214084729059e-02 1.454051424477545661e+05
8.074186726515830692e-02 1.429273547080828575e+05
7.707178238946932325e-02 1.405015154405153880e+05
7.340169751378033958e-02 1.381032783416963066e+05
6.973161263809135590e-02 1.357554282150095678e+05
6.606152776240237223e-02 1.334343429210250033e+05
6.239144288671316652e-02 1.311621258450810856e+05
5.872135801102440489e-02 1.289158595216427348e+05
5.505127313533519917e-02 1.267169844191079028e+05
5.138118825964621550e-02 1.245432686905102310e+05
4.771110338395723183e-02 1.224155079672619031e+05
4.404101850826824815e-02 1.203121373962917860e+05
4.037093363257926448e-02 1.182533254368018534e+05
3.670084875689028081e-02 1.162181560284211155e+05
3.303076388120107509e-02 1.142261877149341744e+05
2.936067900551231347e-02 1.122571354451943189e+05
2.569059412982310775e-02 1.103299646995974035e+05
2.202050925413412408e-02 1.084250040660603554e+05
1.835042437844514041e-02 1.065606424169698585e+05
1.468033950275615673e-02 1.047178050157076796e+05
1.101025462706717306e-02 1.029143201909290656e+05
7.340169751378189389e-03 1.011316933178273757e+05
3.670084875688983672e-03 9.938720786136385868e+04
2.220446049250313081e-16 9.766293313796274015e+04
-3.670084875688983672e-03 9.597562304966217198e+04
-7.340169751377745300e-03 9.430789507248456357e+04
-1.101025462706695102e-02 9.267598847546962497e+04
-1.468033950275593469e-02 9.106305349308501172e+04
-1.835042437844514041e-02 8.948482932290766621e+04
-2.202050925413390203e-02 8.792498393268467044e+04
-2.569059412982288571e-02 8.639877065280286479e+04
-2.936067900551209142e-02 8.489036052439945342e+04
-3.303076388120107509e-02 8.341453487100187340e+04
-3.670084875688983672e-02 8.195595351138855040e+04
-4.037093363257904244e-02 8.052893924834592326e+04
-4.404101850826802611e-02 7.911862674409209285e+04
-4.771110338395723183e-02 7.773889346364235098e+04
-5.138118825964599345e-02 7.637533531000644143e+04
-5.505127313533497713e-02 7.504139723749386030e+04
-5.872135801102418284e-02 7.372312314550549490e+04
-6.239144288671316652e-02 7.243353798131749500e+04
-6.606152776240192814e-02 7.115912072756330599e+04
-6.973161263809113386e-02 6.991248850836638303e+04
-7.340169751378011753e-02 6.868054280535783619e+04
-7.707178238946887916e-02 6.747550478990010743e+04
-8.074186726515808488e-02 6.628468618110568787e+04
-8.441195214084706855e-02 6.511992375947761320e+04
-8.808203701653627427e-02 6.396892753670071397e+04
-9.175212189222503589e-02 6.284316116320862056e+04
-9.542220676791401957e-02 6.173072130823721818e+04
-9.909229164360322528e-02 6.064270945722048782e+04
-1.027623765192922090e-01 5.956759760576247209e+04
-1.064324613949809706e-01 5.851613575085885532e+04
-1.101025462706701763e-01 5.747716018039592018e+04
-1.137726311463591600e-01 5.646107979602840351e+04
-1.174427160220483657e-01 5.545708443498019187e+04
-1.211128008977371273e-01 5.447525202002359583e+04
-1.247828857734261110e-01 5.350511547986367077e+04
-1.284529706491153167e-01 5.255643160432369041e+04
-1.321230555248043004e-01 5.161906623400432727e+04
-1.357931404004930620e-01 5.070246460622698214e+04
-1.394632252761822677e-01 4.979681556740553788e+04
-1.431333101518712514e-01 4.891126212447246508e+04
-1.468033950275604571e-01 4.803630648894079786e+04
-1.504734799032492187e-01 4.718079850624164101e+04
-1.541435647789382024e-01 4.633554437394766865e+04
-1.578136496546274081e-01 4.550910959733006166e+04
-1.614837345303163918e-01 4.469259523539770453e+04
-1.651538194060051534e-01 4.389429103274744557e+04
-1.688239042816943591e-01 4.310558403459266265e+04
-1.724939891573833428e-01 4.233449656883078569e+04
-1.761640740330725485e-01 4.157269303442945238e+04
-1.798341589087613102e-01 4.082793645520836435e+04
-1.835042437844502938e-01 4.009216018963301030e+04
-1.871743286601394995e-01 3.937287584543346748e+04
-1.908444135358284832e-01 3.866227757776290673e+04
-1.945144984115172448e-01 3.796763324647330592e+04
-1.981845832872064506e-01 3.728138986806797766e+04
-2.018546681628954342e-01 3.661057900763485668e+04
-2.055247530385846400e-01 3.594789282854526391e+04
-2.091948379142734016e-01 3.530013384551495255e+04
-2.128649227899623853e-01 3.466023186978238664e+04
-2.165350076656515910e-01 3.403476740537727164e+04
-2.202050925413405746e-01 3.341690062389220111e+04
-2.238751774170293363e-01 3.281299685942715587e+04
-2.275452622927185420e-01 3.221643956173981132e+04
-2.312153471684075257e-01 3.163338554090925027e+04
-2.348854320440967314e-01 3.105743464316022801e+04
-2.385555169197854930e-01 3.049454161072469287e+04
-2.422256017954744767e-01 2.993851600106937985e+04
-2.458956866711636824e-01 2.939511676040806560e+04
-2.495657715468526661e-01 2.885835666179592226e+04
-2.532358564225414277e-01 2.833380494739396454e+04
-2.569059412982306334e-01 2.781567129658994963e+04
-2.605760261739196171e-01 2.730934116313485356e+04
-2.642461110496088228e-01 2.680921500503545030e+04
-2.679161959252975844e-01 2.632050023294628409e+04
-2.715862808009865681e-01 2.583778213204445274e+04
-2.752563656766757738e-01 2.536609564742874500e+04
-2.789264505523647575e-01 2.490020511304855972e+04
-2.825965354280535191e-01 2.444497842429168668e+04
-2.862666203037427248e-01 2.399535335294664037e+04
-2.899367051794317085e-01 2.355603600150601414e+04
-2.936067900551209142e-01 2.312213213190997703e+04
-2.972768749308096758e-01 2.269819115787430201e+04
-3.009469598064986595e-01 2.227948154252293898e+04
-3.046170446821878652e-01 2.187040096382328193e+04
-3.082871295578768489e-01 2.146637545305183812e+04
-3.119572144335656105e-01 2.107165575974055173e+04
-3.156272993092548163e-01 2.068182050073601567e+04
-3.192973841849437999e-01 2.030097816224991038e+04
-3.229674690606325616e-01 1.992485511150936145e+04
-3.266375539363217673e-01 1.955742209743787680e+04
-3.303076388120107509e-01 1.919454854558186707e+04
-3.339777236876999567e-01 1.884007185958248374e+04
-3.376478085633889403e-01 1.848999997006471312e+04
-3.413178934390777020e-01 1.814804119582032945e+04
-3.449879783147669077e-01 1.781033755579874196e+04
-3.486580631904558913e-01 1.748047241672231394e+04
-3.523281480661446530e-01 1.715471760053403341e+04
-3.559982329418338587e-01 1.683653553122345693e+04
-3.596683178175228424e-01 1.652232367577669720e+04
-3.633384026932120481e-01 1.621542740420425434e+04
-3.670084875689010318e-01 1.591236579683715718e+04
-3.706785724445897934e-01 1.561637094132713537e+04
-3.743486573202789991e-01 1.532407961847346814e+04
-3.780187421959679828e-01 1.503861428983808764e+04
-3.816888270716567444e-01 1.475672564158671776e+04
-3.853589119473459501e-01 1.448143005348090992e+04
-3.890289968230349338e-01 1.420958845939589446e+04
-3.926990816987241395e-01 1.394411459134409597e+04
-3.963691665744131232e-01 1.368197603576873735e+04
-4.000392514501018848e-01 1.342598721899300654e+04
-4.037093363257910905e-01 1.317321894036854792e+04
-4.073794212014800742e-01 1.292638954380717223e+04
-4.110495060771688358e-01 1.268266968567677577e+04
-4.147195909528580415e-01 1.244468476237532559e+04
-4.183896758285470252e-01 1.220970203714572199e+04
-4.220597607042362309e-01 1.198025699367287780e+04
-4.257298455799252146e-01 1.175371035285951984e+04
-4.293999304556139762e-01 1.153251062771979196e+04
-4.330700153313031819e-01 1.131410894402243503e+04
-4.367401002069919436e-01 1.110086969502118154e+04
-4.404101850826811493e-01 1.089033145252825852e+04
-4.440802699583703550e-01 1.068477725259533690e+04
-4.477503548340591166e-01 1.048183024626022234e+04
-4.514204397097483223e-01 1.028369478947135212e+04
-4.550905245854370840e-01 1.008807583351520771e+04
-4.587606094611262897e-01 9.897101646953145973e+03
-4.624306943368154954e-01 9.708556290327036550e+03
-4.661007792125042570e-01 9.524494457935177707e+03
-4.697708640881930187e-01 9.342776711132442870e+03
-4.734409489638822244e-01 9.165386603213206399e+03
-4.771110338395709860e-01 8.990258669760658449e+03
-4.807811187152601917e-01 8.819307681287858941e+03
-4.844512035909493974e-01 8.650539699406497675e+03
-4.881212884666381591e-01 8.485802995222149548e+03
-4.917913733423273648e-01 8.323172785946684598e+03
-4.954614582180161264e-01 8.164433054624140823e+03
-4.991315430937053321e-01 8.007725877912286705e+03
-5.028016279693945378e-01 7.854773092858803466e+03
-5.064717128450832995e-01 7.703781411056333127e+03
-5.101417977207725052e-01 7.556412597575958898e+03
-5.138118825964612668e-01 7.410935845286032418e+03
-5.174819674721504725e-01 7.268954855560727083e+03
-5.211520523478396782e-01 7.128799216740800148e+03
-5.248221372235284399e-01 6.992016511174845618e+03
-5.284922220992172015e-01 6.856994703496106013e+03
-5.321623069749064072e-01 6.725227138982864744e+03
-5.358323918505951688e-01 6.595158203407373549e+03
-5.395024767262843746e-01 6.468228827568418637e+03
-5.431725616019735803e-01 6.342937924987674705e+03
-5.468426464776623419e-01 6.220675776574613337e+03
-5.505127313533515476e-01 6.099993990914008464e+03
-5.541828162290403093e-01 5.982233906787174419e+03
-5.578529011047295150e-01 5.865998053760087714e+03
-5.615229859804187207e-01 5.752580481537771448e+03
-5.651930708561074823e-01 5.640632923435994599e+03
-5.688631557317962439e-01 5.531403739069717631e+03
-5.725332406074854497e-01 5.423592203972729294e+03
-5.762033254831742113e-01 5.318402536355396478e+03
-5.798734103588638611e-01 5.214579944870423788e+03
-5.835434952345526227e-01 5.113286004050640258e+03
-5.872135801102413843e-01 5.013310299251797915e+03
-5.908836649859305901e-01 4.915773211350164274e+03
-5.945537498616193517e-01 4.819507195802326351e+03
-5.982238347373085574e-01 4.725592842446298164e+03
-6.018939196129977631e-01 4.632904019523019997e+03
-6.055640044886865248e-01 4.542482883090391624e+03
-6.092340893643757305e-01 4.453243302997707360e+03
-6.129041742400644921e-01 4.366190313971614160e+03
-6.165742591157536978e-01 4.280276423778174831e+03
-6.202443439914429035e-01 4.196470815986349407e+03
-6.239144288671316652e-01 4.113763316342623511e+03
-6.275845137428204268e-01 4.033088485118940753e+03
-6.312545986185096325e-01 3.953472189192071255e+03
-6.349246834941983941e-01 3.875815554558566419e+03
-6.385947683698880439e-01 3.799179253224315289e+03
-6.422648532455768056e-01 3.724432126563356633e+03
-6.459349381212655672e-01 3.650668456780453198e+03
-6.496050229969547729e-01 3.578725912253907609e+03
-6.532751078726435345e-01 3.507731229864802572e+03
-6.569451927483327403e-01 3.438491979766828990e+03
-6.606152776240219460e-01 3.370166236049396048e+03
-6.642853624997107076e-01 3.303532509763256257e+03
-6.679554473753999133e-01 3.237779131667624370e+03
-6.716255322510886749e-01 3.173656559121734063e+03
-6.752956171267778807e-01 3.110382334422043186e+03
-6.789657020024670864e-01 3.048679833053271977e+03
-6.826357868781558480e-01 2.987794797730521168e+03
-6.863058717538446096e-01 2.928424461975959275e+03
-6.899759566295338153e-01 2.869841791857475982e+03
-6.936460415052225770e-01 2.812718787381466882e+03
-6.973161263809122268e-01 2.756354693315340228e+03
-7.009862112566009884e-01 2.701397154404476623e+03
-7.046562961322897500e-01 2.647170780407287111e+03
-7.083263810079789558e-01 2.594299709648887983e+03
-7.119964658836677174e-01 2.542133034607135869e+03
-7.156665507593569231e-01 2.491272207756403077e+03
-7.193366356350461288e-01 2.441089950139069970e+03
-7.230067205107348904e-01 2.392165821058064921e+03
-7.266768053864240962e-01 2.343895346943113964e+03
-7.303468902621128578e-01 2.296836963441202897e+03
-7.340169751378020635e-01 2.250408198702513801e+03
-7.376870600134912692e-01 2.205147098446640484e+03
-7.413571448891800308e-01 2.160492434333473284e+03
-7.450272297648687925e-01 2.116962583563106818e+03
-7.486973146405579982e-01 2.074016804731059892e+03
-7.523673995162467598e-01 2.032154499730923135e+03
-7.560374843919364096e-01 1.990854696990274533e+03
-7.597075692676251712e-01 1.950598489885115441e+03
-7.633776541433139329e-01 1.910883982335802330e+03
-7.670477390190031386e-01 1.872174604517603939e+03
-7.707178238946919002e-01 1.833986863859068990e+03
-7.743879087703811059e-01 1.796767151782129986e+03
-7.780579936460703117e-01 1.760049729579186305e+03
-7.817280785217590733e-01 1.724264552589994082e+03
-7.853981633974478349e-01 1.688963008928404179e+03
-7.890682482731370406e-01 1.654559200243975738e+03
-7.927383331488262463e-01 1.620621035215881193e+03
-7.964084180245154521e-01 1.587547324333540018e+03
-8.000785029002042137e-01 1.554921911488725982e+03
-8.037485877758929753e-01 1.523128859900884663e+03
-8.074186726515821810e-01 1.491767382751521154e+03
-8.110887575272709427e-01 1.461207320592544193e+03
-8.147588424029601484e-01 1.431062709644886809e+03
-8.184289272786493541e-01 1.401689675069554369e+03
-8.220990121543381157e-01 1.372716548175003709e+03
-8.257690970300273214e-01 1.344486227954290598e+03
-8.294391819057160831e-01 1.316640831766671226e+03
-8.331092667814052888e-01 1.289510505367845781e+03
-8.367793516570944945e-01 1.262750659655403297e+03
-8.404494365327832561e-01 1.236679144200994870e+03
-8.441195214084720178e-01 1.210964187644827916e+03
-8.477896062841612235e-01 1.185911783853588531e+03
-8.514596911598504292e-01 1.161202520707670374e+03
-8.551297760355396349e-01 1.137130962579916286e+03
-8.587998609112283965e-01 1.113389613018332966e+03
-8.624699457869171582e-01 1.090262017738380791e+03
-8.661400306626063639e-01 1.067452168132755105e+03
-8.698101155382951255e-01 1.045232987662490132e+03
-8.734802004139843312e-01 1.023319542761930734e+03
-8.771502852896735369e-01 1.001974517993519157e+03
-8.808203701653622986e-01 9.809236555049801609e+02
-8.844904550410515043e-01 9.604197709981970092e+02
-8.881605399167402659e-01 9.401988972061785717e+02
-8.918306247924294716e-01 9.205043383821465568e+02
-8.955007096681186773e-01 9.010820458747135717e+02
-8.991707945438074390e-01 8.821661558972284638e+02
-9.028408794194962006e-01 8.635121800124917399e+02
-9.065109642951854063e-01 8.453454198744229870e+02
-9.101810491708746120e-01 8.274306003856910365e+02
-9.138511340465638177e-01 8.099845096360562593e+02
-9.175212189222525794e-01 7.927807520334504261e+02
-9.211913037979413410e-01 7.760279131015495295e+02
-9.248613886736305467e-01 7.595081527815485742e+02
-9.285314735493193083e-01 7.434221516853665435e+02
-9.322015584250085141e-01 7.275603145374051337e+02
-9.358716433006977198e-01 7.121157056930512681e+02
-9.395417281763864814e-01 6.968866743020096237e+02
-9.432118130520756871e-01 6.820589466054248078e+02
-9.468818979277644488e-01 6.674385265859312995e+02
-9.505519828034536545e-01 6.532040712114318239e+02
-9.542220676791428602e-01 6.391689590767728077e+02
-9.578921525548316218e-01 6.255050384578769354e+02
-9.615622374305203834e-01 6.120327916088779148e+02
-9.652323223062095892e-01 5.989175069607395017e+02
-9.689024071818983508e-01 5.859865104245380962e+02
-9.725724920575880006e-01 5.733987723516052029e+02
-9.762425769332767622e-01 5.609882106617892532e+02
-9.799126618089655238e-01 5.489077105123142246e+02
-9.835827466846547296e-01 5.369975393565950981e+02
-9.872528315603434912e-01 5.254047216706983363e+02
-9.909229164360326969e-01 5.139756406514383116e+02
-9.945930013117219026e-01 5.028516768225493934e+02
-9.982630861874106643e-01 4.918851031018033950e+02
-1.001933171063099870e+00 4.812118649905664824e+02
-1.005603255938788632e+00 4.706899074364415014e+02
-1.009273340814477837e+00 4.604499425263600187e+02
-1.012943425690167043e+00 4.503553770697224650e+02
-1.016613510565855805e+00 4.405318839850665995e+02
-1.020283595441544566e+00 4.308481297038123330e+02
-1.023953680317233772e+00 4.214249353668832896e+02
-1.027623765192922534e+00 4.121360316321437267e+02
-1.031293850068611739e+00 4.030975691451029093e+02
-1.034963934944300945e+00 3.941881538878162701e+02
-1.038634019819989707e+00 3.855194404203888325e+02
-1.042304104695678912e+00 3.769747282455013533e+02
-1.045974189571367674e+00 3.686613441833018783e+02
-1.049644274447056880e+00 3.604671058172662015e+02
-1.053314359322746085e+00 3.524951741816174717e+02
-1.056984444198434847e+00 3.446377162744921634e+02
-1.060654529074123609e+00 3.369938839565114677e+02
-1.064324613949812814e+00 3.294600302124434847e+02
-1.067994698825502020e+00 3.221314484218114558e+02
-1.071664783701191226e+00 3.149085217297621284e+02
-1.075334868576879988e+00 3.078828307423742672e+02
-1.079004953452568749e+00 3.009586322952995943e+02
-1.082675038328257955e+00 2.942239306168665394e+02
-1.086345123203946716e+00 2.875867212701091944e+02
-1.090015208079635922e+00 2.811315706793364484e+02
-1.093685292955325128e+00 2.747700821302180998e+02
-1.097355377831013890e+00 2.685834842425934994e+02
-1.101025462706703095e+00 2.624868314804461988e+02
-1.104695547582391857e+00 2.565582015916598948e+02
-1.108365632458081063e+00 2.507159535865993121e+02
-1.112035717333770268e+00 2.450351081225137477e+02
-1.115705802209459030e+00 2.394372210204321050e+02
-1.119375887085147792e+00 2.339943702797404512e+02
-1.123045971960836997e+00 2.286311864406347354e+02
-1.126716056836526203e+00 2.234169166725964715e+02
-1.130386141712215409e+00 2.182791496142307324e+02
-1.134056226587904170e+00 2.132844101202430238e+02
-1.137726311463592932e+00 2.083631313366241784e+02
-1.141396396339282138e+00 2.035792207927276820e+02
-1.145066481214970899e+00 1.988658470956525264e+02
-1.148736566090660105e+00 1.942844010920805999e+02
-1.152406650966349311e+00 1.897706815067809600e+02
-1.156076735842038072e+00 1.853836601523798606e+02
-1.159746820717727278e+00 1.810616644464829506e+02
-1.163416905593416040e+00 1.768613407257672065e+02
-1.167086990469105245e+00 1.727234474374111528e+02
-1.170757075344794451e+00 1.687023960152820905e+02
-1.174427160220483213e+00 1.647412817247423789e+02
-1.178097245096171974e+00 1.608923683397000559e+02
-1.181767329971861180e+00 1.571009968073128675e+02
-1.185437414847550386e+00 1.534173671490384550e+02
-1.189107499723239592e+00 1.497889783339073517e+02
-1.192777584598928353e+00 1.462640481441398776e+02
-1.196447669474617115e+00 1.427921490676394569e+02
-1.200117754350306321e+00 1.394195939417824661e+02
-1.203787839225995082e+00 1.360979479780461929e+02
-1.207457924101684288e+00 1.328716954041784675e+02
-1.211128008977373494e+00 1.296943146384626857e+02
-1.214798093853062255e+00 1.266085334791561081e+02
-1.218468178728751461e+00 1.235696684731193784e+02
-1.222138263604440223e+00 1.206187614059610382e+02
-1.225808348480129428e+00 1.177128931984578912e+02
-1.229478433355818634e+00 1.148914865664070675e+02
-1.233148518231507396e+00 1.121133175920417528e+02
-1.236818603107196157e+00 1.094162556918846292e+02
-1.240488687982885363e+00 1.067607031754297395e+02
-1.244158772858574569e+00 1.041830387471961643e+02
-1.247828857734263330e+00 1.016452259293483849e+02
-1.251498942609952536e+00 9.918221317453283348e+01
-1.255169027485641298e+00 9.675746210436589934e+01
-1.258839112361330503e+00 9.440454995250313175e+01
-1.262509197237019265e+00 9.208837522985413671e+01
-1.266179282112708471e+00 8.984120015222947586e+01
-1.269849366988397676e+00 8.762930126430933342e+01
-1.273519451864086438e+00 8.548368033555973966e+01
-1.277189536739775200e+00 8.337193550422074395e+01
-1.280859621615464405e+00 8.132386049632387426e+01
-1.284529706491153611e+00 7.930832038903824355e+01
-1.288199791366842817e+00 7.735395165075692603e+01
-1.291869876242531578e+00 7.543083301516236361e+01
-1.295539961118220340e+00 7.356649286358859285e+01
-1.299210045993909546e+00 7.173217300677038111e+01
-1.302880130869598752e+00 6.995434089829475965e+01
-1.306550215745287513e+00 6.820535198402939159e+01
-1.310220300620976719e+00 6.651065883344551821e+01
-1.313890385496665481e+00 6.484368305522770015e+01
-1.317560470372354686e+00 6.322890605089735772e+01
-1.321230555248043448e+00 6.164076962083839106e+01
-1.324900640123732654e+00 6.010282728724555312e+01
-1.328570724999421859e+00 5.859049654383547789e+01
-1.332240809875110621e+00 5.712644391025438040e+01
-1.335910894750799383e+00 5.568701999622074084e+01
-1.339580979626488588e+00 5.429404400396389008e+01
-1.343251064502177794e+00 5.292475800749110704e+01
-1.346921149377867000e+00 5.160017290536444534e+01
-1.350591234253555761e+00 5.029838233741346443e+01
-1.354261319129244523e+00 4.903962605281218146e+01
-1.357931404004933729e+00 4.780281028831205248e+01
-1.361601488880622490e+00 4.660744021336174114e+01
-1.365271573756311696e+00 4.543319707641487071e+01
-1.368941658632000902e+00 4.429888620268334165e+01
-1.372611743507689663e+00 4.318492906817884602e+01
-1.376281828383378869e+00 4.210945896822295964e+01
-1.379951913259067631e+00 4.105360921545481290e+01
-1.383621998134756836e+00 4.003487532026220919e+01
-1.387292083010446042e+00 3.903505609567649515e+01
-1.390962167886134804e+00 3.807106124324316454e+01
-1.394632252761823565e+00 3.712531679001809692e+01
-1.398302337637512771e+00 3.621415614502581803e+01
-1.401972422513201977e+00 3.532061467298584745e+01
-1.405642507388891183e+00 3.446048766001411678e+01
-1.409312592264579944e+00 3.361738287208314802e+01
-1.412982677140268706e+00 3.280658534912688395e+01
-1.416652762015957912e+00 3.201224577778577896e+01
-1.420322846891646673e+00 3.124916641733833700e+01
-1.423992931767335879e+00 3.050201178520516976e+01
-1.427663016643025085e+00 2.978513031042220405e+01
-1.431333101518713846e+00 2.908367073430760286e+01
-1.435003186394403052e+00 2.841155488547462937e+01
-1.438673271270091814e+00 2.775438817393685653e+01
-1.442343356145781019e+00 2.712569171185506889e+01
-1.446013441021470225e+00 2.651150138733817840e+01
-1.449683525897158987e+00 2.592496267348890981e+01
-1.453353610772847748e+00 2.535251549451843189e+01
-1.457023695648536954e+00 2.480695426976477691e+01
-1.460693780524226160e+00 2.427509768186298089e+01
-1.464363865399915365e+00 2.376941372819387155e+01
-1.468033950275604127e+00 2.327707473919085501e+01
-1.471704035151292889e+00 2.281024761881035090e+01
-1.475374120026982094e+00 2.235643079864500038e+01
-1.479044204902670856e+00 2.192751474350649943e+01
-1.482714289778360062e+00 2.151130206683935953e+01
-1.486384374654049267e+00 2.111942744720006004e+01
-1.490054459529738029e+00 2.073997477253377042e+01
-1.493724544405426791e+00 2.038434560505530158e+01
-1.497394629281115996e+00 2.004088184067787282e+01
-1.501064714156805202e+00 1.972077480088066892e+01
-1.504734799032494408e+00 1.941260069521271703e+01
-1.508404883908183169e+00 1.912736388084410066e+01
-1.512074968783871931e+00 1.885385217556320470e+01
-1.515745053659561137e+00 1.860290343691998416e+01
-1.519415138535250342e+00 1.836349580896949973e+01
-1.523085223410939104e+00 1.814632275325445931e+01
-1.526755308286628310e+00 1.794053044721532331e+01
-1.530425393162317071e+00 1.775668946017063732e+01
-1.534095478038006277e+00 1.758409216758695592e+01
-1.537765562913695039e+00 1.743320641726174358e+01
-1.541435647789384245e+00 1.729345099616769232e+01
-1.545105732665073450e+00 1.717521155244068964e+01
-1.548775817540762212e+00 1.706801146395080693e+01
-1.552445902416450974e+00 1.698217659477108654e+01
-1.556115987292140179e+00 1.690731300742345411e+01
-1.559786072167829385e+00 1.685370612443863436e+01
-1.563456157043518591e+00 1.681102539174100841e+01
-1.567126241919207352e+00 1.678953666241001486e+01
-1.570796326794896114e+00 1.677895146852205954e+01
