1.570796326794896558e+00 -1.468755409381693687e-14
1.556115987292140623e+00 -1.488123860313378451e-14
1.541435647789384467e+00 -1.410353598653486254e-14
1.526755308286628532e+00 -1.372883853303184600e-14
1.512074968783872375e+00 -1.247221996314761868e-14
1.497394629281116440e+00 -1.166664808085354741e-14
1.482714289778360284e+00 -1.012501114912749362e-14
1.468033950275604349e+00 -9.083169934133570845e-15
1.453353610772848192e+00 -7.466330832418773582e-15
1.438673271270092258e+00 -6.376799420605255805e-15
1.423992931767336101e+00 -4.853017003886548733e-15
1.409312592264580166e+00 -3.855234964654499459e-15
1.394632252761824009e+00 -2.527328685448823822e-15
1.379951913259068075e+00 -1.699336237486547561e-15
1.365271573756311918e+00 -6.083124296070375924e-16
1.350591234253555983e+00 2.333617749440943377e-17
1.335910894750799827e+00 8.802438077025684227e-16
1.321230555248043892e+00 1.322461941209297580e-15
1.306550215745287735e+00 1.972197106052104290e-15
1.291869876242531801e+00 2.248940898635159850e-15
1.277189536739775644e+00 2.727817275625888865e-15
1.262509197237019709e+00 2.868745651269968158e-15
1.247828857734263552e+00 3.213465416714927766e-15
1.233148518231507618e+00 3.247525480594978777e-15
1.218468178728751461e+00 3.490766955672943591e-15
1.203787839225995526e+00 3.443268141139521389e-15
1.189107499723239592e+00 3.612144518197769495e-15
1.174427160220483435e+00 3.503890365832059480e-15
1.159746820717727278e+00 3.619938278514995893e-15
1.145066481214971343e+00 3.467394930113497781e-15
1.130386141712215409e+00 3.547237723894464340e-15
1.115705802209459252e+00 3.363126815364768951e-15
1.101025462706703095e+00 3.419340508397490178e-15
1.086345123203947161e+00 3.213333908266589962e-15
1.071664783701191226e+00 3.255288418223556611e-15
1.056984444198435069e+00 3.034656674823598966e-15
1.042304104695678912e+00 3.069241828464597638e-15
1.027623765192922978e+00 2.839402494770180259e-15
1.012943425690167043e+00 2.871617487937797260e-15
9.982630861874108863e-01 2.636575034410958396e-15
9.835827466846548406e-01 2.669990792346435681e-15
9.689024071818987949e-01 2.432679185702117039e-15
9.542220676791427492e-01 2.469793709539559213e-15
9.395417281763867035e-01 2.232338555427838481e-15
9.248613886736306577e-01 2.274847065084320171e-15
9.101810491708746120e-01 2.038764448782773431e-15
8.955007096681185663e-01 2.087763459196560941e-15
8.808203701653625206e-01 1.854110207559461998e-15
8.661400306626065859e-01 1.910251370955471463e-15
8.514596911598505402e-01 1.679738448073573112e-15
8.367793516570944945e-01 1.743344761223777450e-15
8.220990121543384488e-01 1.516423065921857270e-15
8.074186726515824031e-01 1.587576569360735008e-15
7.927383331488263574e-01 1.364502138641392386e-15
7.780579936460703117e-01 1.443110376481770318e-15
7.633776541433142659e-01 1.223993962535684786e-15
7.486973146405582202e-01 1.309840390984795741e-15
7.340169751378021745e-01 1.094685474475993495e-15
7.193366356350461288e-01 1.187467861376050049e-15
7.046562961322900831e-01 9.761997437906046562e-16
6.899759566295340374e-01 1.075559274335906519e-15
6.752956171267779917e-01 8.680476069992534924e-16
6.606152776240219460e-01 9.735909295436798001e-16
6.459349381212659003e-01 7.696668507677235906e-16
6.312545986185098545e-01 8.809829142653584290e-16
6.165742591157538088e-01 6.804524662507583840e-16
6.018939196129977631e-01 7.971249317215400513e-16
5.872135801102417174e-01 5.997791934878565936e-16
5.725332406074856717e-01 7.213958291396552896e-16
5.578529011047297370e-01 5.270186961383116636e-16
5.431725616019735803e-01 6.531780762300848582e-16
5.284922220992176456e-01 4.615521942361565119e-16
5.138118825964614889e-01 5.918685377124552877e-16
4.991315430937055542e-01 4.027796472558834664e-16
4.844512035909493974e-01 5.368861036308982190e-16
4.697708640881934627e-01 3.501262384292985273e-16
4.550905245854373060e-01 4.876769789780679905e-16
4.404101850826813713e-01 3.030467940246206242e-16
4.257298455799252146e-01 4.437181449117305359e-16
4.110495060771692799e-01 2.610284030250950213e-16
3.963691665744131232e-01 4.045193826572135460e-16
3.816888270716571885e-01 2.235919684323537585e-16
3.670084875689010318e-01 3.696241598257247693e-16
3.523281480661450971e-01 1.902925710491516869e-16
3.376478085633889403e-01 3.386096603076865245e-16
3.229674690606330056e-01 1.607192355412736473e-16
3.082871295578768489e-01 3.110862910832540031e-16
2.936067900551209142e-01 1.344940712302362969e-16
2.789264505523647575e-01 2.866965397382202914e-16
2.642461110496088228e-01 1.112710512863905871e-16
2.495657715468526661e-01 2.651136739007791381e-16
2.348854320440967314e-01 9.073448338310159758e-17
2.202050925413405746e-01 2.460401330282561951e-16
2.055247530385846400e-01 7.259733023729451141e-17
1.908444135358284832e-01 2.292057584791220818e-16
1.761640740330725485e-01 5.659938232235822264e-17
1.614837345303166138e-01 2.143660279701665435e-16
1.468033950275606792e-01 4.250544405832297545e-17
1.321230555248045224e-01 2.013001864598663150e-16
1.174427160220485877e-01 3.010344907517071469e-17
1.027623765192924310e-01 1.898094337279209668e-16
8.808203701653649631e-02 1.920267253562629184e-17
7.340169751378033958e-02 1.797151934152262334e-16
5.872135801102440489e-02 9.631934782305886248e-18
4.404101850826824815e-02 1.708573695852298386e-16
2.936067900551231347e-02 1.237940980845375417e-18
1.468033950275615673e-02 1.630926915787880421e-16
2.220446049250313081e-16 -6.116326884515363624e-18
-1.468033950275593469e-02 1.562932875659377979e-16
-2.936067900551209142e-02 -1.255311214367551263e-17
-4.404101850826802611e-02 1.503451279852374465e-16
-5.872135801102418284e-02 -1.818126684854261624e-17
-7.340169751378011753e-02 1.451467377062002017e-16
-8.808203701653627427e-02 -2.309759887971930706e-17
-1.027623765192922090e-01 1.406079807231597618e-16
-1.174427160220483657e-01 -2.738805010656220267e-17
-1.321230555248043004e-01 1.366489082534749581e-16
-1.468033950275604571e-01 -3.112879534449406710e-17
-1.614837345303163918e-01 1.331986932900276687e-16
-1.761640740330725485e-01 -3.438724431152279693e-17
-1.908444135358284832e-01 1.301946700075501618e-16
-2.055247530385846400e-01 -3.722301570257912992e-17
-2.202050925413405746e-01 1.275815042912686713e-16
-2.348854320440967314e-01 -3.968871480725240821e-17
-2.495657715468526661e-01 1.253103662371572874e-16
-2.642461110496088228e-01 -4.183073610058617311e-17
-2.789264505523647575e-01 1.233382414994671240e-16
-2.936067900551209142e-01 -4.368994345806904154e-17
-3.082871295578768489e-01 1.216272455606857917e-16
-3.229674690606325616e-01 -4.530227381468785896e-17
-3.376478085633889403e-01 1.201440837633072159e-16
-3.523281480661446530e-01 -4.669929132211601619e-17
-3.670084875689010318e-01 1.188595682702274699e-16
-3.816888270716567444e-01 -4.790868233300618442e-17
-3.963691665744131232e-01 1.177480100834421357e-16
-4.110495060771688358e-01 -4.895477541022482455e-17
-4.257298455799252146e-01 1.167869732610628504e-16
-4.404101850826811493e-01 -4.985883568365667531e-17
-4.550905245854370840e-01 1.159567594156395319e-16
-4.697708640881930187e-01 -5.063947589948742203e-17
-4.844512035909493974e-01 1.152402203190362153e-16
-4.991315430937053321e-01 -5.131296342302342095e-17
-5.138118825964612668e-01 1.146222854352481468e-16
-5.284922220992172015e-01 -5.189350141367599936e-17
-5.431725616019735803e-01 1.140898724961693845e-16
-5.578529011047295150e-01 -5.239348393377569346e-17
-5.725332406074854497e-01 1.136315265464487817e-16
-5.872135801102413843e-01 -5.282371321117197085e-17
-6.018939196129977631e-01 1.132373096689497714e-16
-6.165742591157536978e-01 -5.319359455460730361e-17
-6.312545986185096325e-01 1.128985307912921635e-16
-6.459349381212655672e-01 -5.351130575203880595e-17
-6.606152776240219460e-01 1.126076726316253811e-16
-6.752956171267778807e-01 -5.378395959442700809e-17
-6.899759566295338153e-01 1.123581732097743447e-16
-7.046562961322897500e-01 -5.401774146572937326e-17
-7.193366356350461288e-01 1.121443498842468793e-16
-7.340169751378020635e-01 -5.421799432553636298e-17
-7.486973146405579982e-01 1.119612771982931365e-16
-7.633776541433139329e-01 -5.438936663699896799e-17
-7.780579936460703117e-01 1.118046739470826326e-16
-7.927383331488262463e-01 -5.453588785174528333e-17
-8.074186726515821810e-01 1.116708586259652713e-16
-8.220990121543381157e-01 -5.466103751144911579e-17
-8.367793516570944945e-01 1.115566168708826392e-16
-8.514596911598504292e-01 -5.476781722769762680e-17
-8.661400306626063639e-01 1.114591827272224006e-16
-8.808203701653622986e-01 -5.485884688348990947e-17
-8.955007096681186773e-01 1.113761774024503926e-16
-9.101810491708746120e-01 -5.493634986491236751e-17
-9.248613886736305467e-01 1.113055366390063123e-16
-9.395417281763864814e-01 -5.500226807095758457e-17
-9.542220676791428602e-01 1.112454865477394829e-16
-9.689024071818983508e-01 -5.505828365307882570e-17
-9.835827466846547296e-01 1.111944975769205372e-16
-9.982630861874106643e-01 -5.510579325039873120e-17
-1.012943425690167043e+00 1.111512575404464142e-16
-1.027623765192922534e+00 -5.514607468984019088e-17
-1.042304104695678912e+00 1.111146385088061707e-16
-1.056984444198434847e+00 -5.518017853478666184e-17
-1.071664783701191226e+00 1.110836603459367610e-16
-1.086345123203946716e+00 -5.520900442871887798e-17
-1.101025462706703095e+00 1.110574812699968686e-16
-1.115705802209459030e+00 -5.523331848771878660e-17
-1.130386141712215409e+00 1.110354176602531116e-16
-1.145066481214970899e+00 -5.525382473954421039e-17
-1.159746820717727278e+00 1.110168309649494319e-16
-1.174427160220483213e+00 -5.527106920658301720e-17
-1.189107499723239592e+00 1.110012119340214837e-16
-1.203787839225995082e+00 -5.528554427388500048e-17
-1.218468178728751461e+00 1.109881176849447402e-16
-1.233148518231507396e+00 -5.529767268975024788e-17
-1.247828857734263330e+00 1.109771652255967022e-16
-1.262509197237019265e+00 -5.530779410079117469e-17
-1.277189536739775200e+00 1.109680463687967586e-16
-1.291869876242531578e+00 -5.531621911731471608e-17
-1.306550215745287513e+00 1.109604582969952434e-16
-1.321230555248043448e+00 -5.532318709627888981e-17
-1.335910894750799383e+00 1.109542150660417106e-16
-1.350591234253555761e+00 -5.532891751965851376e-17
-1.365271573756311696e+00 1.109490866410519957e-16
-1.379951913259067631e+00 -5.533359929601707960e-17
-1.394632252761823565e+00 1.109449467362447221e-16
-1.409312592264579944e+00 -5.533736137824933627e-17
-1.423992931767335879e+00 1.109416532429996210e-16
-1.438673271270091814e+00 -5.534034333263588440e-17
-1.453353610772847748e+00 1.109391841203597383e-16
-1.468033950275604127e+00 -5.534268390206503166e-17
-1.482714289778360062e+00 1.109376864859911976e-16
-1.497394629281115996e+00 -5.534461746033640388e-17
-1.512074968783871931e+00 1.109379301238930207e-16
-1.526755308286628310e+00 -5.534666730013925278e-17
-1.541435647789384245e+00 1.109413198968437958e-16
-1.556115987292140179e+00 -5.534849564366186232e-17
-1.570796326794896114e+00 1.109347684210697671e-16
