1.570796326794896558e+00 2.893754391570281982e+07
1.565902880293977839e+00 2.891212640895080566e+07
1.561009433793059120e+00 2.888670890219879150e+07
1.556115987292140623e+00 2.881087086332321167e+07
1.551222540791221904e+00 2.873503282444763184e+07
1.546329094290303185e+00 2.861000118978118896e+07
1.541435647789384467e+00 2.848496955511474609e+07
1.536542201288465748e+00 2.831273538711547852e+07
1.531648754787547029e+00 2.814050121911621094e+07
1.526755308286628532e+00 2.792374313483047485e+07
1.521861861785709813e+00 2.770698505054473877e+07
1.516968415284791094e+00 2.744896961139297485e+07
1.512074968783872375e+00 2.719095417224121094e+07
1.507181522282953656e+00 2.689542019644927979e+07
1.502288075782034937e+00 2.659988622065734863e+07
1.497394629281116440e+00 2.627091993080902100e+07
1.492501182780197722e+00 2.594195364096069336e+07
1.487607736279279003e+00 2.558386222885894775e+07
1.482714289778360284e+00 2.522577081675720215e+07
1.477820843277441565e+00 2.484296052248001099e+07
1.472927396776522846e+00 2.446015022820281982e+07
1.468033950275604349e+00 2.405701454161453247e+07
1.463140503774685630e+00 2.365387885502624512e+07
1.458247057273766911e+00 2.323470063311767578e+07
1.453353610772848192e+00 2.281552241120910645e+07
1.448460164271929473e+00 2.238439253639221191e+07
1.443566717771010754e+00 2.195326266157531738e+07
1.438673271270092258e+00 2.151401607873153687e+07
1.433779824769173539e+00 2.107476949588775635e+07
1.428886378268254820e+00 2.063093873962020874e+07
1.423992931767336101e+00 2.018710798335266113e+07
1.419099485266417382e+00 1.974189291176223755e+07
1.414206038765498885e+00 1.929667784017181396e+07
1.409312592264580166e+00 1.885292994400405884e+07
1.404419145763661447e+00 1.840918204783630371e+07
1.399525699262742728e+00 1.796940127066802979e+07
1.394632252761824009e+00 1.752962049349975586e+07
1.389738806260905291e+00 1.709596190258407593e+07
1.384845359759986572e+00 1.666230331166839600e+07
1.379951913259068075e+00 1.623659187738418579e+07
1.375058466758149356e+00 1.581088044309997559e+07
1.370165020257230637e+00 1.539463119812393188e+07
1.365271573756311918e+00 1.497838195314788818e+07
1.360378127255393199e+00 1.457282421353149414e+07
1.355484680754474702e+00 1.416726647391510010e+07
1.350591234253555983e+00 1.377337007268905640e+07
1.345697787752637264e+00 1.337947367146301270e+07
1.340804341251718546e+00 1.299797604677963257e+07
1.335910894750799827e+00 1.261647842209625244e+07
1.331017448249881330e+00 1.224791179867172241e+07
1.326124001748962611e+00 1.187934517524719238e+07
1.321230555248043892e+00 1.152406245235061646e+07
1.316337108747125173e+00 1.116877972945404053e+07
1.311443662246206454e+00 1.082697927998352051e+07
1.306550215745287735e+00 1.048517883051300049e+07
1.301656769244369016e+00 1.015692728398513794e+07
1.296763322743450519e+00 9.828675737457275391e+06
1.291869876242531801e+00 9.513928832103729248e+06
1.286976429741613082e+00 9.199181926750183105e+06
1.282082983240694363e+00 8.897803280628204346e+06
1.277189536739775644e+00 8.596424634506225586e+06
1.272296090238857147e+00 8.308202479290008545e+06
1.267402643737938428e+00 8.019980324073791504e+06
1.262509197237019709e+00 7.744642086387634277e+06
1.257615750736100990e+00 7.469303848701477051e+06
1.252722304235182271e+00 7.206529134330749512e+06
1.247828857734263552e+00 6.943754419960021973e+06
1.242935411233344833e+00 6.693185962245941162e+06
1.238041964732426337e+00 6.442617504531860352e+06
1.233148518231507618e+00 6.203870667732238770e+06
1.228255071730588899e+00 5.965123830932617188e+06
1.223361625229670180e+00 5.737794728416442871e+06
1.218468178728751461e+00 5.510465625900268555e+06
1.213574732227832964e+00 5.294137765251159668e+06
1.208681285726914245e+00 5.077809904602050781e+06
1.203787839225995526e+00 4.872060092224121094e+06
1.198894392725076807e+00 4.666310279846191406e+06
1.194000946224158088e+00 4.470712999359130859e+06
1.189107499723239370e+00 4.275115718872070312e+06
1.184214053222320651e+00 4.089247259216308594e+06
1.179320606721402154e+00 3.903378799560546875e+06
1.174427160220483435e+00 3.726820121700286865e+06
1.169533713719564716e+00 3.550261443840026855e+06
1.164640267218646219e+00 3.382600791103363037e+06
1.159746820717727278e+00 3.214940138366699219e+06
1.154853374216808781e+00 3.055775011474609375e+06
1.149959927715890062e+00 2.896609884582519531e+06
1.145066481214971343e+00 2.745548352226257324e+06
1.140173034714052624e+00 2.594486819869995117e+06
1.135279588213133906e+00 2.451148879878997803e+06
1.130386141712215409e+00 2.307810939888000488e+06
1.125492695211296690e+00 2.171829093772888184e+06
1.120599248710377971e+00 2.035847247657775879e+06
1.115705802209459252e+00 1.906867170688629150e+06
1.110812355708540533e+00 1.777887093719482422e+06
1.105918909207622036e+00 1.655567931312561035e+06
1.101025462706703095e+00 1.533248768905639648e+06
1.096132016205784598e+00 1.417263195144653320e+06
1.091238569704865879e+00 1.301277621383666992e+06
1.086345123203947161e+00 1.191311968467712402e+06
1.081451676703028442e+00 1.081346315551757812e+06
1.076558230202109723e+00 9.771003937988281250e+05
1.071664783701191226e+00 8.728544720458984375e+05
1.066771337200272507e+00 7.740413096694946289e+05
1.061877890699353788e+00 6.752281472930908203e+05
1.056984444198435069e+00 5.815737641448974609e+05
1.052090997697516350e+00 4.879193809967041016e+05
1.047197551196597853e+00 3.991624658050537109e+05
1.042304104695678912e+00 3.104055506134033203e+05
1.037410658194760416e+00 2.262970827217102051e+05
1.032517211693841697e+00 1.421886148300170898e+05
1.027623765192922978e+00 6.249138523864746094e+04
1.022730318692004481e+00 -1.720584435272216797e+04
1.017836872191085540e+00 -9.271755080413818359e+04
1.012943425690167043e+00 -1.682292572555541992e+05
1.008049979189248324e+00 -2.397701551704406738e+05
1.003156532688329605e+00 -3.113110530853271484e+05
9.982630861874108863e-01 -3.790852864685058594e+05
9.933696396864922784e-01 -4.468595198516845703e+05
9.884761931855735595e-01 -5.110611320114135742e+05
9.835827466846548406e-01 -5.752627441711425781e+05
9.786893001837362327e-01 -6.360760682983398438e+05
9.737958536828175138e-01 -6.968893924255371094e+05
9.689024071818987949e-01 -7.544895195045471191e+05
9.640089606809801870e-01 -8.120896465835571289e+05
9.591155141800614681e-01 -8.666428276977539062e+05
9.542220676791427492e-01 -9.211960088119506836e+05
9.493286211782241413e-01 -9.728600890998840332e+05
9.444351746773054224e-01 -1.024524169387817383e+06
9.395417281763867035e-01 -1.073448928569793701e+06
9.346482816754680956e-01 -1.122373687751770020e+06
9.297548351745493767e-01 -1.168701349555969238e+06
9.248613886736306577e-01 -1.215029011360168457e+06
9.199679421727120499e-01 -1.258894439826965332e+06
9.150744956717933309e-01 -1.302759868293762207e+06
9.101810491708746120e-01 -1.344291112602233887e+06
9.052876026699560041e-01 -1.385822356910705566e+06
9.003941561690372852e-01 -1.425140859142303467e+06
8.955007096681185663e-01 -1.464459361373901367e+06
8.906072631671999584e-01 -1.501680322246551514e+06
8.857138166662812395e-01 -1.538901283119201660e+06
8.808203701653625206e-01 -1.574133983402252197e+06
8.759269236644439127e-01 -1.609366683685302734e+06
8.710334771635251938e-01 -1.642714817733764648e+06
8.661400306626064749e-01 -1.676062951782226562e+06
8.612465841616878670e-01 -1.707624846343994141e+06
8.563531376607691481e-01 -1.739186740905761719e+06
8.514596911598504292e-01 -1.769055645198822021e+06
8.465662446589318213e-01 -1.798924549491882324e+06
8.416727981580131024e-01 -1.827188931629180908e+06
8.367793516570943835e-01 -1.855453313766479492e+06
8.318859051561757756e-01 -1.882197063728332520e+06
8.269924586552570567e-01 -1.908940813690185547e+06
8.220990121543383378e-01 -1.934243509929656982e+06
8.172055656534197299e-01 -1.959546206169128418e+06
8.123121191525010110e-01 -1.983483336669921875e+06
8.074186726515822921e-01 -2.007420467170715332e+06
8.025252261506636842e-01 -2.030063574131011963e+06
7.976317796497449653e-01 -2.052706681091308594e+06
7.927383331488262463e-01 -2.074123671245574951e+06
7.878448866479076385e-01 -2.095540661399841309e+06
7.829514401469890306e-01 -2.115795867763519287e+06
7.780579936460703117e-01 -2.136051074127197266e+06
7.731645471451517038e-01 -2.155205618564605713e+06
7.682711006442329849e-01 -2.174360163002014160e+06
7.633776541433142659e-01 -2.192471880477905273e+06
7.584842076423956581e-01 -2.210583597953796387e+06
7.535907611414769391e-01 -2.227707442188262939e+06
7.486973146405582202e-01 -2.244831286422729492e+06
7.438038681396396123e-01 -2.261019310665130615e+06
7.389104216387208934e-01 -2.277207334907531738e+06
7.340169751378021745e-01 -2.292508935729980469e+06
7.291235286368835666e-01 -2.307810536552429199e+06
7.242300821359648477e-01 -2.322272541099548340e+06
7.193366356350461288e-01 -2.336734545646667480e+06
7.144431891341275209e-01 -2.350401378772735596e+06
7.095497426332088020e-01 -2.364068211898803711e+06
7.046562961322900831e-01 -2.376981943382263184e+06
6.997628496313714752e-01 -2.389895674865722656e+06
6.948694031304527563e-01 -2.402096297843933105e+06
6.899759566295340374e-01 -2.414296920822143555e+06
6.850825101286154295e-01 -2.425822261024475098e+06
6.801890636276967106e-01 -2.437347601226806641e+06
6.752956171267779917e-01 -2.448233592052459717e+06
6.704021706258593838e-01 -2.459119582878112793e+06
6.655087241249406649e-01 -2.469400264415740967e+06
6.606152776240219460e-01 -2.479680945953369141e+06
6.557218311231033381e-01 -2.489388594913482666e+06
6.508283846221846192e-01 -2.499096243873596191e+06
6.459349381212659003e-01 -2.508261469776153564e+06
6.410414916203472924e-01 -2.517426695678710938e+06
6.361480451194285735e-01 -2.526078517757415771e+06
6.312545986185098545e-01 -2.534730339836120605e+06
6.263611521175912467e-01 -2.542896261405944824e+06
6.214677056166725277e-01 -2.551062182975769043e+06
6.165742591157538088e-01 -2.558768320732116699e+06
6.116808126148352009e-01 -2.566474458488464355e+06
6.067873661139164820e-01 -2.573745473579406738e+06
6.018939196129977631e-01 -2.581016488670349121e+06
5.970004731120791552e-01 -2.587875873653411865e+06
5.921070266111604363e-01 -2.594735258636474609e+06
5.872135801102417174e-01 -2.601205178157806396e+06
5.823201336093231095e-01 -2.607675097679138184e+06
5.774266871084043906e-01 -2.613776676296234131e+06
5.725332406074856717e-01 -2.619878254913330078e+06
5.676397941065669528e-01 -2.625631358966827393e+06
5.627463476056484559e-01 -2.631384463020324707e+06
5.578529011047297370e-01 -2.636808050121307373e+06
5.529594546038110181e-01 -2.642231637222290039e+06
5.480660081028922992e-01 -2.647343638320922852e+06
5.431725616019735803e-01 -2.652455639419555664e+06
5.382791151010548614e-01 -2.657273037193298340e+06
5.333856686001363645e-01 -2.662090434967041016e+06
5.284922220992176456e-01 -2.666629280784606934e+06
5.235987755982989267e-01 -2.671168126602172852e+06
5.187053290973802078e-01 -2.675443692176818848e+06
5.138118825964614889e-01 -2.679719257751464844e+06
5.089184360955427699e-01 -2.683745977138519287e+06
5.040249895946242731e-01 -2.687772696525573730e+06
4.991315430937055542e-01 -2.691564272441864014e+06
4.942380965927868353e-01 -2.695355848358154297e+06
4.893446500918681163e-01 -2.698925188186645508e+06
4.844512035909493974e-01 -2.702494528015136719e+06
4.795577570900306785e-01 -2.705853941646575928e+06
4.746643105891121817e-01 -2.709213355278015137e+06
4.697708640881934627e-01 -2.712374473613739014e+06
4.648774175872747438e-01 -2.715535591949462891e+06
4.599839710863560249e-01 -2.718509387752532959e+06
4.550905245854373060e-01 -2.721483183555603027e+06
4.501970780845185871e-01 -2.724280100784301758e+06
4.453036315836000902e-01 -2.727077018013000488e+06
4.404101850826813713e-01 -2.729706911113739014e+06
4.355167385817626524e-01 -2.732336804214477539e+06
4.306232920808439335e-01 -2.734809016342163086e+06
4.257298455799252146e-01 -2.737281228469848633e+06
4.208363990790064957e-01 -2.739604636314392090e+06
4.159429525780879988e-01 -2.741928044158935547e+06
4.110495060771692799e-01 -2.744110954261779785e+06
4.061560595762505610e-01 -2.746293864364624023e+06
4.012626130753318421e-01 -2.748344291748046875e+06
3.963691665744131232e-01 -2.750394719131469727e+06
3.914757200734944043e-01 -2.752320018596649170e+06
3.865822735725759074e-01 -2.754245318061828613e+06
3.816888270716571885e-01 -2.756052743667602539e+06
3.767953805707384696e-01 -2.757860169273376465e+06
3.719019340698197507e-01 -2.759556297779083252e+06
3.670084875689010318e-01 -2.761252426284790039e+06
3.621150410679825349e-01 -2.762843674552917480e+06
3.572215945670638160e-01 -2.764434922821044922e+06
3.523281480661450971e-01 -2.765927275733947754e+06
3.474347015652263782e-01 -2.767419628646850586e+06
3.425412550643076592e-01 -2.768818756896972656e+06
3.376478085633889403e-01 -2.770217885147094727e+06
3.327543620624704435e-01 -2.771529177356719971e+06
3.278609155615517246e-01 -2.772840469566345215e+06
3.229674690606330056e-01 -2.774068958648681641e+06
3.180740225597142867e-01 -2.775297447731018066e+06
3.131805760587955678e-01 -2.776447991222381592e+06
3.082871295578768489e-01 -2.777598534713745117e+06
3.033936830569583520e-01 -2.778675631847381592e+06
2.985002365560396331e-01 -2.779752728981018066e+06
2.936067900551209142e-01 -2.780760674900054932e+06
2.887133435542021953e-01 -2.781768620819091797e+06
2.838198970532834764e-01 -2.782711471073150635e+06
2.789264505523647575e-01 -2.783654321327209473e+06
2.740330040514462606e-01 -2.784535887569427490e+06
2.691395575505275417e-01 -2.785417453811645508e+06
2.642461110496088228e-01 -2.786241366729736328e+06
2.593526645486901039e-01 -2.787065279647827148e+06
2.544592180477713850e-01 -2.787834964141845703e+06
2.495657715468526661e-01 -2.788604648635864258e+06
2.446723250459341692e-01 -2.789323312282562256e+06
2.397788785450154503e-01 -2.790041975929260254e+06
2.348854320440967314e-01 -2.790712669322967529e+06
2.299919855431780125e-01 -2.791383362716674805e+06
2.250985390422592936e-01 -2.792008970596313477e+06
2.202050925413405746e-01 -2.792634578475952148e+06
2.153116460404220778e-01 -2.793217802078247070e+06
2.104181995395033589e-01 -2.793801025680541992e+06
2.055247530385846400e-01 -2.794344438739776611e+06
2.006313065376659210e-01 -2.794887851799011230e+06
1.957378600367472021e-01 -2.795393877487182617e+06
1.908444135358284832e-01 -2.795899903175354004e+06
1.859509670349099864e-01 -2.796370788516998291e+06
1.810575205339912674e-01 -2.796841673858642578e+06
1.761640740330725485e-01 -2.797279627292633057e+06
1.712706275321538296e-01 -2.797717580726623535e+06
1.663771810312351107e-01 -2.798124562786102295e+06
1.614837345303163918e-01 -2.798531544845581055e+06
1.565902880293978949e-01 -2.798909537742614746e+06
1.516968415284791760e-01 -2.799287530639648438e+06
1.468033950275604571e-01 -2.799638289100646973e+06
1.419099485266417382e-01 -2.799989047561645508e+06
1.370165020257230193e-01 -2.800314295303344727e+06
1.321230555248043004e-01 -2.800639543045043945e+06
1.272296090238858035e-01 -2.800940883663177490e+06
1.223361625229670846e-01 -2.801242224281311035e+06
1.174427160220483657e-01 -2.801521168479919434e+06
1.125492695211296468e-01 -2.801800112678527832e+06
1.076558230202109279e-01 -2.802058055480957031e+06
1.027623765192922090e-01 -2.802315998283386230e+06
9.786893001837371209e-02 -2.802554325698852539e+06
9.297548351745499318e-02 -2.802792653114318848e+06
8.808203701653627427e-02 -2.803012591594696045e+06
8.318859051561755535e-02 -2.803232530075073242e+06
7.829514401469883644e-02 -2.803435279312133789e+06
7.340169751378011753e-02 -2.803638028549194336e+06
6.850825101286162067e-02 -2.803824711494445801e+06
6.361480451194290175e-02 -2.804011394439697266e+06
5.872135801102418284e-02 -2.804183085803985596e+06
5.382791151010546393e-02 -2.804354777168273926e+06
4.893446500918674502e-02 -2.804512397350311279e+06
4.404101850826802611e-02 -2.804670017532348633e+06
3.914757200734952924e-02 -2.804814552581787109e+06
3.425412550643081033e-02 -2.804959087631225586e+06
2.936067900551209142e-02 -2.805091385379791260e+06
2.446723250459337251e-02 -2.805223683128356934e+06
1.957378600367465360e-02 -2.805344604362487793e+06
1.468033950275593469e-02 -2.805465525596618652e+06
9.786893001837437822e-03 -2.805575822292327881e+06
4.893446500918718911e-03 -2.805686118988037109e+06
0.000000000000000000e+00 -2.805786502231597900e+06
-4.893446500918496866e-03 -2.805886885475158691e+06
-9.786893001837437822e-03 -2.805978051055908203e+06
-1.468033950275593469e-02 -2.806069216636657715e+06
-1.957378600367465360e-02 -2.806151789508819580e+06
-2.446723250459315047e-02 -2.806234362380981445e+06
-2.936067900551209142e-02 -2.806308973316192627e+06
-3.425412550643058829e-02 -2.806383584251403809e+06
-3.914757200734952924e-02 -2.806450783828735352e+06
-4.404101850826802611e-02 -2.806517983406066895e+06
-4.893446500918674502e-02 -2.806578320312500000e+06
-5.382791151010524189e-02 -2.806638657218933105e+06
-5.872135801102418284e-02 -2.806692599700927734e+06
-6.361480451194267971e-02 -2.806746542182922363e+06
-6.850825101286162067e-02 -2.806794520324707031e+06
-7.340169751378011753e-02 -2.806842498466491699e+06
-7.829514401469883644e-02 -2.806885035541534424e+06
-8.318859051561733331e-02 -2.806927572616577148e+06
-8.808203701653627427e-02 -2.806965036331176758e+06
-9.297548351745477113e-02 -2.807002500045776367e+06
-9.786893001837371209e-02 -2.807035267086029053e+06
-1.027623765192922090e-01 -2.807068034126281738e+06
-1.076558230202109279e-01 -2.807096441345214844e+06
-1.125492695211294247e-01 -2.807124848564147949e+06
-1.174427160220483657e-01 -2.807149272418975830e+06
-1.223361625229668626e-01 -2.807173696273803711e+06
-1.272296090238858035e-01 -2.807194433017730713e+06
-1.321230555248043004e-01 -2.807215169761657715e+06
-1.370165020257230193e-01 -2.807232512004852295e+06
-1.419099485266415162e-01 -2.807249854248046875e+06
-1.468033950275604571e-01 -2.807264063583374023e+06
-1.516968415284789540e-01 -2.807278272918701172e+06
-1.565902880293978949e-01 -2.807289624320983887e+06
-1.614837345303163918e-01 -2.807300975723266602e+06
-1.663771810312351107e-01 -2.807309725414276123e+06
-1.712706275321536076e-01 -2.807318475105285645e+06
-1.761640740330725485e-01 -2.807324800533294678e+06
-1.810575205339910454e-01 -2.807331125961303711e+06
-1.859509670349099864e-01 -2.807335268787384033e+06
-1.908444135358284832e-01 -2.807339411613464355e+06
-1.957378600367472021e-01 -2.807341532550811768e+06
-2.006313065376656990e-01 -2.807343653488159180e+06
-2.055247530385846400e-01 -2.807343961349487305e+06
-2.104181995395031368e-01 -2.807344269210815430e+06
-2.153116460404220778e-01 -2.807342935085296631e+06
-2.202050925413405746e-01 -2.807341600959777832e+06
-2.250985390422592936e-01 -2.807338747711181641e+06
-2.299919855431777904e-01 -2.807335894462585449e+06
-2.348854320440967314e-01 -2.807331712455749512e+06
-2.397788785450152282e-01 -2.807327530448913574e+06
-2.446723250459341692e-01 -2.807322125308990479e+06
-2.495657715468526661e-01 -2.807316720169067383e+06
-2.544592180477713850e-01 -2.807310226577758789e+06
-2.593526645486898818e-01 -2.807303732986450195e+06
-2.642461110496088228e-01 -2.807296252143859863e+06
-2.691395575505273197e-01 -2.807288771301269531e+06
-2.740330040514462606e-01 -2.807280437168121338e+06
-2.789264505523647575e-01 -2.807272103034973145e+06
-2.838198970532834764e-01 -2.807262993412017822e+06
-2.887133435542019733e-01 -2.807253883789062500e+06
-2.936067900551209142e-01 -2.807244129047393799e+06
-2.985002365560394111e-01 -2.807234374305725098e+06
-3.033936830569583520e-01 -2.807224000797271729e+06
-3.082871295578768489e-01 -2.807213627288818359e+06
-3.131805760587955678e-01 -2.807202725429534912e+06
-3.180740225597140647e-01 -2.807191823570251465e+06
-3.229674690606330056e-01 -2.807180521415710449e+06
-3.278609155615515025e-01 -2.807169219261169434e+06
-3.327543620624704435e-01 -2.807157544754028320e+06
-3.376478085633889403e-01 -2.807145870246887207e+06
-3.425412550643076592e-01 -2.807133902400970459e+06
-3.474347015652261561e-01 -2.807121934555053711e+06
-3.523281480661450971e-01 -2.807109664581298828e+06
-3.572215945670635939e-01 -2.807097394607543945e+06
-3.621150410679825349e-01 -2.807084965232849121e+06
-3.670084875689010318e-01 -2.807072535858154297e+06
-3.719019340698197507e-01 -2.807059919029235840e+06
-3.767953805707382475e-01 -2.807047302200317383e+06
-3.816888270716571885e-01 -2.807034590644836426e+06
-3.865822735725756853e-01 -2.807021879089355469e+06
-3.914757200734944043e-01 -2.807009121685028076e+06
-3.963691665744131232e-01 -2.806996364280700684e+06
-4.012626130753318421e-01 -2.806983540397644043e+06
-4.061560595762503389e-01 -2.806970716514587402e+06
-4.110495060771692799e-01 -2.806957911392211914e+06
-4.159429525780877768e-01 -2.806945106269836426e+06
-4.208363990790064957e-01 -2.806932324012756348e+06
-4.257298455799252146e-01 -2.806919541755676270e+06
-4.306232920808441555e-01 -2.806906819576263428e+06
-4.355167385817626524e-01 -2.806894097396850586e+06
-4.404101850826811493e-01 -2.806881466850280762e+06
-4.453036315835996461e-01 -2.806868836303710938e+06
-4.501970780845185871e-01 -2.806856300476074219e+06
-4.550905245854370840e-01 -2.806843764648437500e+06
-4.599839710863560249e-01 -2.806831350307464600e+06
-4.648774175872745218e-01 -2.806818935966491699e+06
-4.697708640881934627e-01 -2.806806688377380371e+06
-4.746643105891119596e-01 -2.806794440788269043e+06
-4.795577570900309006e-01 -2.806782313503265381e+06
-4.844512035909493974e-01 -2.806770186218261719e+06
-4.893446500918683384e-01 -2.806758262435913086e+06
-4.942380965927868353e-01 -2.806746338653564453e+06
-4.991315430937053321e-01 -2.806734568309783936e+06
-5.040249895946238290e-01 -2.806722797966003418e+06
-5.089184360955427699e-01 -2.806711236976623535e+06
-5.138118825964612668e-01 -2.806699675987243652e+06
-5.187053290973802078e-01 -2.806688310825347900e+06
-5.235987755982987046e-01 -2.806676945663452148e+06
-5.284922220992176456e-01 -2.806665789272308350e+06
-5.333856686001361425e-01 -2.806654632881164551e+06
-5.382791151010550834e-01 -2.806643701370239258e+06
-5.431725616019735803e-01 -2.806632769859313965e+06
-5.480660081028925212e-01 -2.806622061248779297e+06
-5.529594546038110181e-01 -2.806611352638244629e+06
-5.578529011047295150e-01 -2.806600857666015625e+06
-5.627463476056480118e-01 -2.806590362693786621e+06
-5.676397941065669528e-01 -2.806580111408233643e+06
-5.725332406074854497e-01 -2.806569860122680664e+06
-5.774266871084043906e-01 -2.806559857982635498e+06
-5.823201336093228875e-01 -2.806549855842590332e+06
-5.872135801102418284e-01 -2.806540083827972412e+06
-5.921070266111603253e-01 -2.806530311813354492e+06
-5.970004731120792663e-01 -2.806520739761352539e+06
-6.018939196129977631e-01 -2.806511167709350586e+06
-6.067873661139167041e-01 -2.806501854282379150e+06
-6.116808126148352009e-01 -2.806492540855407715e+06
-6.165742591157536978e-01 -2.806483470790863037e+06
-6.214677056166721947e-01 -2.806474400726318359e+06
-6.263611521175911356e-01 -2.806465566356658936e+06
-6.312545986185096325e-01 -2.806456731986999512e+06
-6.361480451194285735e-01 -2.806448115215301514e+06
-6.410414916203470703e-01 -2.806439498443603516e+06
-6.459349381212660113e-01 -2.806431128402709961e+06
-6.508283846221845081e-01 -2.806422758361816406e+06
-6.557218311231034491e-01 -2.806414615398406982e+06
-6.606152776240219460e-01 -2.806406472434997559e+06
-6.655087241249408869e-01 -2.806398573089599609e+06
-6.704021706258593838e-01 -2.806390673744201660e+06
-6.752956171267778807e-01 -2.806382996292114258e+06
-6.801890636276963775e-01 -2.806375318840026855e+06
-6.850825101286153185e-01 -2.806367857967376709e+06
-6.899759566295338153e-01 -2.806360397094726562e+06
-6.948694031304527563e-01 -2.806353152141571045e+06
-6.997628496313712532e-01 -2.806345907188415527e+06
-7.046562961322901941e-01 -2.806338885746002197e+06
-7.095497426332086910e-01 -2.806331864303588867e+06
-7.144431891341276319e-01 -2.806325050308227539e+06
-7.193366356350461288e-01 -2.806318236312866211e+06
-7.242300821359650698e-01 -2.806311643978118896e+06
-7.291235286368835666e-01 -2.806305051643371582e+06
-7.340169751378020635e-01 -2.806298644660949707e+06
-7.389104216387205604e-01 -2.806292237678527832e+06
-7.438038681396395013e-01 -2.806286041656494141e+06
-7.486973146405579982e-01 -2.806279845634460449e+06
-7.535907611414769391e-01 -2.806273847782135010e+06
-7.584842076423954360e-01 -2.806267849929809570e+06
-7.633776541433143770e-01 -2.806262041622161865e+06
-7.682711006442328738e-01 -2.806256233314514160e+06
-7.731645471451518148e-01 -2.806250616405487061e+06
-7.780579936460703117e-01 -2.806244999496459961e+06
-7.829514401469888085e-01 -2.806239582107543945e+06
-7.878448866479077495e-01 -2.806234164718627930e+06
-7.927383331488262463e-01 -2.806228909282684326e+06
-7.976317796497447432e-01 -2.806223653846740723e+06
-8.025252261506636842e-01 -2.806218598594665527e+06
-8.074186726515821810e-01 -2.806213543342590332e+06
-8.123121191525011220e-01 -2.806208624328613281e+06
-8.172055656534196189e-01 -2.806203705314636230e+06
-8.220990121543385598e-01 -2.806198985832214355e+06
-8.269924586552570567e-01 -2.806194266349792480e+06
-8.318859051561759976e-01 -2.806189674919128418e+06
-8.367793516570944945e-01 -2.806185083488464355e+06
-8.416727981580129914e-01 -2.806180674793243408e+06
-8.465662446589314882e-01 -2.806176266098022461e+06
-8.514596911598504292e-01 -2.806172008255004883e+06
-8.563531376607689261e-01 -2.806167750411987305e+06
-8.612465841616878670e-01 -2.806163645771026611e+06
-8.661400306626063639e-01 -2.806159541130065918e+06
-8.710334771635253048e-01 -2.806155569587707520e+06
-8.759269236644438017e-01 -2.806151598045349121e+06
-8.808203701653627427e-01 -2.806147764053344727e+06
-8.857138166662812395e-01 -2.806143930061340332e+06
-8.906072631672001805e-01 -2.806140236980438232e+06
-8.955007096681186773e-01 -2.806136543899536133e+06
-9.003941561690371742e-01 -2.806133001941680908e+06
-9.052876026699556711e-01 -2.806129459983825684e+06
-9.101810491708746120e-01 -2.806126039100646973e+06
-9.150744956717931089e-01 -2.806122618217468262e+06
-9.199679421727120499e-01 -2.806119309226989746e+06
-9.248613886736305467e-01 -2.806116000236511230e+06
-9.297548351745494877e-01 -2.806112843139648438e+06
-9.346482816754679845e-01 -2.806109686042785645e+06
-9.395417281763864814e-01 -2.806106620151519775e+06
-9.444351746773054224e-01 -2.806103554260253906e+06
-9.493286211782239192e-01 -2.806100599735260010e+06
-9.542220676791428602e-01 -2.806097645210266113e+06
-9.591155141800613571e-01 -2.806094812702178955e+06
-9.640089606809798539e-01 -2.806091980194091797e+06
-9.689024071818983508e-01 -2.806089256355285645e+06
-9.737958536828172917e-01 -2.806086532516479492e+06
-9.786893001837357886e-01 -2.806083926052093506e+06
-9.835827466846547296e-01 -2.806081319587707520e+06
-9.884761931855732264e-01 -2.806078779632568359e+06
-9.933696396864921674e-01 -2.806076239677429199e+06
-9.982630861874106643e-01 -2.806073821823120117e+06
-1.003156532688329605e+00 -2.806071403968811035e+06
-1.008049979189248102e+00 -2.806069068355560303e+06
-1.012943425690167043e+00 -2.806066732742309570e+06
-1.017836872191085540e+00 -2.806064489913940430e+06
-1.022730318692004037e+00 -2.806062247085571289e+06
-1.027623765192922534e+00 -2.806060090778350830e+06
-1.032517211693841475e+00 -2.806057934471130371e+06
-1.037410658194759971e+00 -2.806055870067596436e+06
-1.042304104695678912e+00 -2.806053805664062500e+06
-1.047197551196597409e+00 -2.806051828201293945e+06
-1.052090997697516350e+00 -2.806049850738525391e+06
-1.056984444198434847e+00 -2.806047964649200439e+06
-1.061877890699353788e+00 -2.806046078559875488e+06
-1.066771337200272285e+00 -2.806044212574005127e+06
-1.071664783701191226e+00 -2.806042346588134766e+06
-1.076558230202109723e+00 -2.806040617733001709e+06
-1.081451676703028220e+00 -2.806038888877868652e+06
-1.086345123203946716e+00 -2.806037193717956543e+06
-1.091238569704865657e+00 -2.806035498558044434e+06
-1.096132016205784154e+00 -2.806033867557525635e+06
-1.101025462706703095e+00 -2.806032236557006836e+06
-1.105918909207621592e+00 -2.806030697063446045e+06
-1.110812355708540533e+00 -2.806029157569885254e+06
-1.115705802209459030e+00 -2.806027670036315918e+06
-1.120599248710377971e+00 -2.806026182502746582e+06
-1.125492695211296468e+00 -2.806024766319274902e+06
-1.130386141712215409e+00 -2.806023350135803223e+06
-1.135279588213133906e+00 -2.806021992443084717e+06
-1.140173034714052402e+00 -2.806020634750366211e+06
-1.145066481214970899e+00 -2.806019317424774170e+06
-1.149959927715889840e+00 -2.806018000099182129e+06
-1.154853374216808337e+00 -2.806016733844757080e+06
-1.159746820717727278e+00 -2.806015467590332031e+06
-1.164640267218645775e+00 -2.806014294830322266e+06
-1.169533713719564716e+00 -2.806013122070312500e+06
-1.174427160220483213e+00 -2.806011931976318359e+06
-1.179320606721402154e+00 -2.806010741882324219e+06
-1.184214053222320651e+00 -2.806009677909851074e+06
-1.189107499723239592e+00 -2.806008613937377930e+06
-1.194000946224158088e+00 -2.806007560775756836e+06
-1.198894392725076585e+00 -2.806006507614135742e+06
-1.203787839225995082e+00 -2.806005482509613037e+06
-1.208681285726914023e+00 -2.806004457405090332e+06
-1.213574732227832520e+00 -2.806003499664306641e+06
-1.218468178728751461e+00 -2.806002541923522949e+06
-1.223361625229669958e+00 -2.806001621181488037e+06
-1.228255071730588899e+00 -2.806000700439453125e+06
-1.233148518231507396e+00 -2.805999825405120850e+06
-1.238041964732426337e+00 -2.805998950370788574e+06
-1.242935411233344833e+00 -2.805998116409301758e+06
-1.247828857734263774e+00 -2.805997282447814941e+06
-1.252722304235182271e+00 -2.805996512599945068e+06
-1.257615750736100768e+00 -2.805995742752075195e+06
-1.262509197237019265e+00 -2.805994961757659912e+06
-1.267402643737938206e+00 -2.805994180763244629e+06
-1.272296090238856703e+00 -2.805993464496612549e+06
-1.277189536739775644e+00 -2.805992748229980469e+06
-1.282082983240694141e+00 -2.805992088905334473e+06
-1.286976429741613082e+00 -2.805991429580688477e+06
-1.291869876242531578e+00 -2.805990743705749512e+06
-1.296763322743450519e+00 -2.805990057830810547e+06
-1.301656769244369016e+00 -2.805989442989349365e+06
-1.306550215745287957e+00 -2.805988828147888184e+06
-1.311443662246206454e+00 -2.805988247695922852e+06
-1.316337108747124951e+00 -2.805987667243957520e+06
-1.321230555248043448e+00 -2.805987074176788330e+06
-1.326124001748962389e+00 -2.805986481109619141e+06
-1.331017448249880886e+00 -2.805985964046478271e+06
-1.335910894750799827e+00 -2.805985446983337402e+06
-1.340804341251718323e+00 -2.805984929096221924e+06
-1.345697787752637264e+00 -2.805984411209106445e+06
-1.350591234253555761e+00 -2.805983937301635742e+06
-1.355484680754474702e+00 -2.805983463394165039e+06
-1.360378127255393199e+00 -2.805983023105621338e+06
-1.365271573756312140e+00 -2.805982582817077637e+06
-1.370165020257230637e+00 -2.805982154663085938e+06
-1.375058466758149134e+00 -2.805981726509094238e+06
-1.379951913259067631e+00 -2.805981343757629395e+06
-1.384845359759986572e+00 -2.805980961006164551e+06
-1.389738806260905069e+00 -2.805980588584899902e+06
-1.394632252761824009e+00 -2.805980216163635254e+06
-1.399525699262742506e+00 -2.805979860847473145e+06
-1.404419145763661447e+00 -2.805979505531311035e+06
-1.409312592264579944e+00 -2.805979183959960938e+06
-1.414206038765498885e+00 -2.805978862388610840e+06
-1.419099485266417382e+00 -2.805978562152862549e+06
-1.423992931767336323e+00 -2.805978261917114258e+06
-1.428886378268254820e+00 -2.805977980762481689e+06
-1.433779824769173317e+00 -2.805977699607849121e+06
-1.438673271270091814e+00 -2.805977433032989502e+06
-1.443566717771010754e+00 -2.805977166458129883e+06
-1.448460164271929251e+00 -2.805976928989410400e+06
-1.453353610772848192e+00 -2.805976691520690918e+06
-1.458247057273766689e+00 -2.805976469669342041e+06
-1.463140503774685630e+00 -2.805976247817993164e+06
-1.468033950275604127e+00 -2.805976054988861084e+06
-1.472927396776523068e+00 -2.805975862159729004e+06
-1.477820843277441565e+00 -2.805975683990478516e+06
-1.482714289778360506e+00 -2.805975505821228027e+06
-1.487607736279279003e+00 -2.805975365650177002e+06
-1.492501182780197500e+00 -2.805975225479125977e+06
-1.497394629281115996e+00 -2.805975078018188477e+06
-1.502288075782034937e+00 -2.805974930557250977e+06
-1.507181522282953434e+00 -2.805974816787719727e+06
-1.512074968783872375e+00 -2.805974703018188477e+06
-1.516968415284790872e+00 -2.805974591106414795e+06
-1.521861861785709813e+00 -2.805974479194641113e+06
-1.526755308286628310e+00 -2.805974411479949951e+06
-1.531648754787547251e+00 -2.805974343765258789e+06
-1.536542201288465748e+00 -2.805974269950866699e+06
-1.541435647789384689e+00 -2.805974196136474609e+06
-1.546329094290303185e+00 -2.805974150772094727e+06
-1.551222540791221682e+00 -2.805974105407714844e+06
-1.556115987292140179e+00 -2.805974079803466797e+06
-1.561009433793059120e+00 -2.805974054199218750e+06
-1.565902880293977617e+00 -2.805974044933319092e+06
-1.570796326794896558e+00 -2.805974035667419434e+06
