1.570796326794896558e+00 4.370782947146078641e+02
1.567126241919207574e+00 4.376769718407213645e+02
1.563456157043518591e+00 4.361850449468387865e+02
1.559786072167829607e+00 4.359173279382306987e+02
1.556115987292140623e+00 4.335492616904294323e+02
1.552445902416451418e+00 4.324081608973536959e+02
1.548775817540762434e+00 4.292027594811635254e+02
1.545105732665073450e+00 4.272135427020846805e+02
1.541435647789384467e+00 4.232046148708907936e+02
1.537765562913695483e+00 4.204087055502742487e+02
1.534095478038006499e+00 4.156463603884944860e+02
1.530425393162317516e+00 4.120931232055870623e+02
1.526755308286628532e+00 4.066366575772321994e+02
1.523085223410939326e+00 4.023847146804143335e+02
1.519415138535250342e+00 3.963016906831158508e+02
1.515745053659561359e+00 3.914169528635998176e+02
1.512074968783872375e+00 3.847810017949347525e+02
1.508404883908183391e+00 3.793349798109122162e+02
1.504734799032494408e+00 3.722238834599490360e+02
1.501064714156805424e+00 3.662917794386149808e+02
1.497394629281116440e+00 3.587855105201943502e+02
1.493724544405427235e+00 3.524443670693389663e+02
1.490054459529738251e+00 3.446232451267597412e+02
1.486384374654049267e+00 3.379501879770238020e+02
1.482714289778360284e+00 3.298931865651909447e+02
1.479044204902671300e+00 3.229638319048233370e+02
1.475374120026982316e+00 3.147470896168313743e+02
1.471704035151293333e+00 3.076341568908196109e+02
1.468033950275604349e+00 2.993297228965350314e+02
1.464363865399915365e+00 2.921018812795124404e+02
1.460693780524226160e+00 2.837767130560553710e+02
1.457023695648537176e+00 2.764976739311188680e+02
1.453353610772848192e+00 2.682128904923928303e+02
1.449683525897159209e+00 2.609407452758942441e+02
1.446013441021470225e+00 2.527511273558089329e+02
1.442343356145781241e+00 2.455379189825281401e+02
1.438673271270092258e+00 2.374916380207881446e+02
1.435003186394403052e+00 2.303831460042380854e+02
1.431333101518714068e+00 2.225216968476620139e+02
1.427663016643025085e+00 2.155574100083565838e+02
1.423992931767336101e+00 2.079157178616413262e+02
1.420322846891647117e+00 2.011289654487991925e+02
1.416652762015958134e+00 1.937356355737460376e+02
1.412982677140269150e+00 1.871538462865881058e+02
1.409312592264580166e+00 1.800315248920349234e+02
1.405642507388891183e+00 1.736765838561353803e+02
1.401972422513201977e+00 1.668424001252056428e+02
1.398302337637512993e+00 1.607310757721324421e+02
1.394632252761824009e+00 1.541971376063094397e+02
1.390962167886135026e+00 1.483415532336280194e+02
1.387292083010446042e+00 1.421154726509882664e+02
1.383621998134757058e+00 1.365236008220479675e+02
1.379951913259068075e+00 1.306090286741741693e+02
1.376281828383379091e+00 1.252851902449453121e+02
1.372611743507690107e+00 1.196823437240792316e+02
1.368941658632000902e+00 1.146276968965163263e+02
1.365271573756311918e+00 1.093338669772718958e+02
1.361601488880622934e+00 1.045468751933632063e+02
1.357931404004933951e+00 9.955690452308519411e+01
1.354261319129244967e+00 9.503377511086263496e+01
1.350591234253555983e+00 9.034049985367722968e+01
1.346921149377867000e+00 8.607558803248814172e+01
1.343251064502177794e+00 8.167023971756590583e+01
1.339580979626488810e+00 7.765641484589330901e+01
1.335910894750799827e+00 7.352898037301443424e+01
1.332240809875110843e+00 6.975795317429387410e+01
1.328570724999421859e+00 6.589749280127249165e+01
1.324900640123732876e+00 6.236010375728539401e+01
1.321230555248043892e+00 5.875502817186354321e+01
1.317560470372354908e+00 5.544149836918957419e+01
1.313890385496665925e+00 5.207980687838516332e+01
1.310220300620976719e+00 4.897995337624486467e+01
1.306550215745287735e+00 4.584943588057585373e+01
1.302880130869598752e+00 4.295285418903792163e+01
1.299210045993909768e+00 4.004125999882744935e+01
1.295539961118220784e+00 3.733747656147141925e+01
1.291869876242531801e+00 3.463265330539066156e+01
1.288199791366842817e+00 3.211125101609425769e+01
1.284529706491153611e+00 2.960125693462219587e+01
1.280859621615464849e+00 2.725197672344027566e+01
1.277189536739775644e+00 2.492516956748818657e+01
1.273519451864086660e+00 2.273799100012617203e+01
1.269849366988397676e+00 2.058309660375859806e+01
1.266179282112708693e+00 1.854830028218782445e+01
1.262509197237019709e+00 1.655446367192083201e+01
1.258839112361330725e+00 1.466267802291833888e+01
1.255169027485641742e+00 1.281949968827257180e+01
1.251498942609952536e+00 1.106173450155672988e+01
1.247828857734263552e+00 9.359294197673406757e+00
1.244158772858574569e+00 7.726963039313511139e+00
1.240488687982885585e+00 6.155833236087191906e+00
1.236818603107196601e+00 4.640766627058176219e+00
1.233148518231507618e+00 3.192017468532022395e+00
1.229478433355818634e+00 1.786468490373135154e+00
1.225808348480129428e+00 4.516658903833347671e-01
1.222138263604440667e+00 -8.516903356274487802e-01
1.218468178728751461e+00 -2.080492057097668379e+00
1.214798093853062699e+00 -3.288563769571779094e+00
1.211128008977373494e+00 -4.418833507283916440e+00
1.207457924101684510e+00 -5.538121517598893817e+00
1.203787839225995526e+00 -6.576866239794257218e+00
1.200117754350306543e+00 -7.613476054993173037e+00
1.196447669474617559e+00 -8.567258043483715113e+00
1.192777584598928575e+00 -9.526914141047473805e+00
1.189107499723239592e+00 -1.040186989926768391e+01
1.185437414847550386e+00 -1.128993152302366632e+01
1.181767329971861402e+00 -1.209179176397461575e+01
1.178097245096172418e+00 -1.291326972089249381e+01
1.174427160220483435e+00 -1.364737995525898029e+01
1.170757075344794451e+00 -1.440695398917279135e+01
1.167086990469105467e+00 -1.507829532691937224e+01
1.163416905593416484e+00 -1.578033172641556270e+01
1.159746820717727278e+00 -1.639354158413360452e+01
1.156076735842038294e+00 -1.704211075288101540e+01
1.152406650966349311e+00 -1.760150322617243290e+01
1.148736566090660327e+00 -1.820039700156095108e+01
1.145066481214971343e+00 -1.870998271829492410e+01
1.141396396339282360e+00 -1.926273127464098067e+01
1.137726311463593376e+00 -1.972623659098969995e+01
1.134056226587904170e+00 -2.023612480420774062e+01
1.130386141712215409e+00 -2.065701024447241352e+01
1.126716056836526203e+00 -2.112709342943484714e+01
1.123045971960837219e+00 -2.150857130226397729e+01
1.119375887085148236e+00 -2.194169026130894906e+01
1.115705802209459252e+00 -2.228674141057683400e+01
1.112035717333770268e+00 -2.268553675487158472e+01
1.108365632458081285e+00 -2.299692642400371412e+01
1.104695547582392301e+00 -2.336385214722217540e+01
1.101025462706703095e+00 -2.364414495235230262e+01
1.097355377831014334e+00 -2.398148125068454206e+01
1.093685292955325128e+00 -2.423305527073305754e+01
1.090015208079636366e+00 -2.454292061453580232e+01
1.086345123203947161e+00 -2.476798061626784886e+01
1.082675038328258177e+00 -2.505234308740981675e+01
1.079004953452569193e+00 -2.525293291083136182e+01
1.075334868576880210e+00 -2.551362082633961137e+01
1.071664783701191226e+00 -2.569163496126897073e+01
1.067994698825502020e+00 -2.593034680883736698e+01
1.064324613949813259e+00 -2.608754119720970621e+01
1.060654529074124053e+00 -2.630585491111994045e+01
1.056984444198435069e+00 -2.644385701233460040e+01
1.053314359322746085e+00 -2.664323862111324459e+01
1.049644274447057102e+00 -2.676355677845467795e+01
1.045974189571368118e+00 -2.694536845644407208e+01
1.042304104695678912e+00 -2.704940060386601886e+01
1.038634019819990151e+00 -2.721490815960839882e+01
1.034963934944300945e+00 -2.730394990749834605e+01
1.031293850068612183e+00 -2.745432974200698695e+01
1.027623765192922978e+00 -2.752958188084569002e+01
1.023953680317233994e+00 -2.766592744751085320e+01
1.020283595441545010e+00 -2.772850290549045482e+01
1.016613510565856027e+00 -2.785183070394222327e+01
1.012943425690167043e+00 -2.790276099500447060e+01
1.009273340814477837e+00 -2.801401612993008428e+01
1.005603255938789076e+00 -2.805425732770549274e+01
1.001933171063099870e+00 -2.815431865996468730e+01
9.982630861874108863e-01 -2.818475692880897654e+01
9.945930013117219026e-01 -2.827444184872016208e+01
9.909229164360329190e-01 -2.829589856413796056e+01
9.872528315603439353e-01 -2.837596741272860612e+01
9.835827466846548406e-01 -2.838920390002788352e+01
9.799126618089658569e-01 -2.846036406330064139e+01
9.762425769332768732e-01 -2.846608598254664813e+01
9.725724920575878896e-01 -2.852899568250747464e+01
9.689024071818987949e-01 -2.852785708551497024e+01
9.652323223062098112e-01 -2.858312889005032531e+01
9.615622374305208275e-01 -2.857573597382824815e+01
9.578921525548318439e-01 -2.862394004609148723e+01
9.542220676791427492e-01 -2.861085462532218671e+01
9.505519828034537655e-01 -2.865252173226640409e+01
9.468818979277647818e-01 -2.863426445208753890e+01
9.432118130520757981e-01 -2.866988874995470482e+01
9.395417281763867035e-01 -2.864694205864372378e+01
9.358716433006978308e-01 -2.867698367216527089e+01
9.322015584250087361e-01 -2.864979457203058999e+01
9.285314735493197524e-01 -2.867468198319657446e+01
9.248613886736306577e-01 -2.864366457622952922e+01
9.211913037979417851e-01 -2.866379683700944270e+01
9.175212189222526904e-01 -2.862933468176585450e+01
9.138511340465637067e-01 -2.864508346384404547e+01
9.101810491708746120e-01 -2.860753175718272701e+01
9.065109642951857394e-01 -2.861924325155477433e+01
9.028408794194966447e-01 -2.857893084914636006e+01
8.991707945438076610e-01 -2.858692752703963791e+01
8.955007096681185663e-01 -2.854415881489696716e+01
8.918306247924296937e-01 -2.854874106015788016e+01
8.881605399167405990e-01 -2.850379768870888597e+01
8.844904550410516153e-01 -2.850524531203797451e+01
8.808203701653625206e-01 -2.845838780308086413e+01
8.771502852896736480e-01 -2.845696144671894601e+01
8.734802004139845533e-01 -2.840843068326029552e+01
8.698101155382955696e-01 -2.840437312465805064e+01
8.661400306626065859e-01 -2.835439173234662746e+01
8.624699457869176022e-01 -2.834792909452503551e+01
8.587998609112286186e-01 -2.829670272317683555e+01
8.551297760355395239e-01 -2.828804559865496060e+01
8.514596911598505402e-01 -2.823576411136392750e+01
8.477896062841615565e-01 -2.822510860633260421e+01
8.441195214084725729e-01 -2.817194718319741398e+01
8.404494365327834782e-01 -2.815947588823292591e+01
8.367793516570944945e-01 -2.810559605107138381e+01
8.331092667814055108e-01 -2.809147894343447405e+01
8.294391819057165272e-01 -2.803702950775505087e+01
8.257690970300274325e-01 -2.802142479065125258e+01
8.220990121543384488e-01 -2.796654274998784473e+01
8.184289272786494651e-01 -2.794959763352064286e+01
8.147588424029604814e-01 -2.789440898154397175e+01
8.110887575272713867e-01 -2.787626040961519891e+01
8.074186726515824031e-01 -2.782088090425603610e+01
8.037485877758934194e-01 -2.780165623147665244e+01
8.000785029002044357e-01 -2.774619210575093931e+01
7.964084180245153410e-01 -2.772600972805291519e+01
7.927383331488263574e-01 -2.767055835144179810e+01
7.890682482731373737e-01 -2.764952829366039566e+01
7.853981633974483900e-01 -2.759417878752092435e+01
7.817280785217594063e-01 -2.757240325123593649e+01
7.780579936460703117e-01 -2.751723706172169770e+01
7.743879087703813280e-01 -2.749481093630345185e+01
7.707178238946922333e-01 -2.743990236796440385e+01
7.670477390190033606e-01 -2.741691370714740472e+01
7.633776541433142659e-01 -2.736233041989929404e+01
7.597075692676252823e-01 -2.733886088679904702e+01
7.560374843919361876e-01 -2.728466435907732546e+01
7.523673995162473149e-01 -2.726078964157234807e+01
7.486973146405582202e-01 -2.720703560203289584e+01
7.450272297648692366e-01 -2.718282580072433774e+01
7.413571448891801419e-01 -2.712956463060084644e+01
7.376870600134912692e-01 -2.710508462137948982e+01
7.340169751378021745e-01 -2.705236172978506559e+01
7.303468902621131909e-01 -2.702767150259573015e+01
7.266768053864240962e-01 -2.697552767666383744e+01
7.230067205107352235e-01 -2.695068265230931459e+01
7.193366356350461288e-01 -2.689915438373527223e+01
7.156665507593571451e-01 -2.687420571013329607e+01
7.119964658836680504e-01 -2.682332549996356263e+01
7.083263810079791778e-01 -2.679832032940397823e+01
7.046562961322900831e-01 -2.674811697258492416e+01
7.009862112566010994e-01 -2.672309872094841410e+01
6.973161263809120047e-01 -2.667359757188549807e+01
6.936460415052231321e-01 -2.664860616156775919e+01
6.899759566295340374e-01 -2.659982938213571302e+01
6.863058717538450537e-01 -2.657490146925133701e+01
6.826357868781559590e-01 -2.652686826047420610e+01
6.789657020024670864e-01 -2.650203744789202531e+01
6.752956171267779917e-01 -2.645476426603596565e+01
6.716255322510890080e-01 -2.643006130293406386e+01
6.679554473753999133e-01 -2.638356206177825314e+01
6.642853624997110407e-01 -2.635901503019453074e+01
6.606152776240219460e-01 -2.631330128976336269e+01
6.569451927483329623e-01 -2.628893578008703003e+01
6.532751078726438676e-01 -2.624401692306284062e+01
6.496050229969549950e-01 -2.621985619802850564e+01
6.459349381212659003e-01 -2.617573959440701259e+01
6.422648532455769166e-01 -2.615180474314673731e+01
6.385947683698878219e-01 -2.610849590436027512e+01
6.349246834941989492e-01 -2.608480598673068229e+01
6.312545986185098545e-01 -2.604230870945007581e+01
6.275845137428208709e-01 -2.601888089141102967e+01
6.239144288671319982e-01 -2.597719739204073974e+01
6.202443439914429035e-01 -2.595404707268339095e+01
6.165742591157538088e-01 -2.591317811298288021e+01
6.129041742400648252e-01 -2.589031904362106218e+01
6.092340893643759525e-01 -2.585026404809598333e+01
6.055640044886868578e-01 -2.582770844406175925e+01
6.018939196129977631e-01 -2.578846560961079959e+01
5.982238347373087795e-01 -2.576622425512396219e+01
5.945537498616199068e-01 -2.572779065346874106e+01
5.908836649859308121e-01 -2.570587300009520249e+01
5.872135801102417174e-01 -2.566824467349460548e+01
5.835434952345527337e-01 -2.564665893244266925e+01
5.798734103588638611e-01 -2.560983098310290274e+01
5.762033254831747664e-01 -2.558858421196708122e+01
5.725332406074856717e-01 -2.555255088546287823e+01
5.688631557317966880e-01 -2.553164906948669000e+01
5.651930708561077044e-01 -2.549640383266054044e+01
5.615229859804187207e-01 -2.547585196110170713e+01
5.578529011047297370e-01 -2.544138757482384605e+01
5.541828162290405313e-01 -2.542118971257967530e+01
5.505127313533517697e-01 -2.538749829954323189e+01
5.468426464776627860e-01 -2.536765765438226694e+01
5.431725616019735803e-01 -2.533473076244763078e+01
5.395024767262845966e-01 -2.531524974809051542e+01
5.358323918505956129e-01 -2.528307840927936923e+01
5.321623069749066293e-01 -2.526395870457362491e+01
5.284922220992176456e-01 -2.523253349011857694e+01
5.248221372235284399e-01 -2.521377609452854784e+01
5.211520523478396782e-01 -2.518308716608060749e+01
5.174819674721506946e-01 -2.516469245184677561e+01
5.138118825964614889e-01 -2.513472960926730337e+01
5.101417977207725052e-01 -2.511669737020817195e+01
5.064717128450835215e-01 -2.508745009599318720e+01
5.028016279693945378e-01 -2.506977959333030626e+01
4.991315430937055542e-01 -2.504123709392913000e+01
4.954614582180163485e-01 -2.502392709926885317e+01
4.917913733423275868e-01 -2.499607834355875724e+01
4.881212884666386032e-01 -2.497912717911784597e+01
4.844512035909493974e-01 -2.495196093412432603e+01
4.807811187152604138e-01 -2.493536651050978392e+01
4.771110338395714301e-01 -2.490887137455448652e+01
4.734409489638824464e-01 -2.489263122611238543e+01
4.697708640881934627e-01 -2.486679565960043803e+01
4.661007792125042570e-01 -2.485090697751973110e+01
4.624306943368154954e-01 -2.482571933144847520e+01
4.587606094611265117e-01 -2.481017899476441713e+01
4.550905245854373060e-01 -2.478562753715157996e+01
4.514204397097483223e-01 -2.477043214182339526e+01
4.477503548340593387e-01 -2.474650508215569289e+01
4.440802699583703550e-01 -2.473165096819305475e+01
4.404101850826813713e-01 -2.470833648000849792e+01
4.367401002069921656e-01 -2.469381975690100717e+01
4.330700153313034040e-01 -2.467110599866196097e+01
4.293999304556144203e-01 -2.465692256910674018e+01
4.257298455799252146e-01 -2.463479770337610475e+01
4.220597607042362309e-01 -2.462094328551627598e+01
4.183896758285472472e-01 -2.459939549672419545e+01
4.147195909528582636e-01 -2.458586564484058101e+01
4.110495060771692799e-01 -2.456488315555818147e+01
4.073794212014800742e-01 -2.455167327945259004e+01
4.037093363257913126e-01 -2.453124436523205532e+01
4.000392514501023289e-01 -2.451834974827045244e+01
3.963691665744131232e-01 -2.449846275139836749e+01
3.926990816987243615e-01 -2.448587856735705870e+01
3.890289968230351558e-01 -2.446652190934768356e+01
3.853589119473461722e-01 -2.445424323808155265e+01
3.816888270716571885e-01 -2.443540543105366680e+01
3.780187421959682048e-01 -2.442342727313218731e+01
3.743486573202792211e-01 -2.440509693018792348e+01
3.706785724445902375e-01 -2.439341422043396790e+01
3.670084875689010318e-01 -2.437558006507017438e+01
3.633384026932122701e-01 -2.436418768525138390e+01
3.596683178175230644e-01 -2.434683855985054635e+01
3.559982329418340807e-01 -2.433573135028790091e+01
3.523281480661450971e-01 -2.431885622379176581e+01
3.486580631904561134e-01 -2.430802899437641074e+01
3.449879783147671297e-01 -2.429161696910163570e+01
3.413178934390781460e-01 -2.428106450924701321e+01
3.376478085633889403e-01 -2.426510482699935167e+01
3.339777236877001787e-01 -2.425482191535307663e+01
3.303076388120109730e-01 -2.423930396313415869e+01
3.266375539363219893e-01 -2.422928537508945723e+01
3.229674690606330056e-01 -2.421419868859115354e+01
3.192973841849440220e-01 -2.420443920701516305e+01
3.156272993092550383e-01 -2.418977347898990615e+01
3.119572144335660546e-01 -2.418026789622553352e+01
3.082871295578768489e-01 -2.416601297382108271e+01
3.046170446821880873e-01 -2.415675610458890787e+01
3.009469598064991036e-01 -2.414290199708529983e+01
2.972768749308098979e-01 -2.413388868103700347e+01
2.936067900551209142e-01 -2.412042556092888645e+01
2.899367051794319305e-01 -2.411165066930264089e+01
2.862666203037429469e-01 -2.409856887472997045e+01
2.825965354280539632e-01 -2.409002731543593967e+01
2.789264505523647575e-01 -2.407731735203223522e+01
2.752563656766759959e-01 -2.406900407444844348e+01
2.715862808009870122e-01 -2.405665661650519027e+01
2.679161959252978065e-01 -2.404856661577801447e+01
2.642461110496088228e-01 -2.403657250751117047e+01
2.605760261739198391e-01 -2.402870082848385280e+01
2.569059412982308555e-01 -2.401705108455098525e+01
2.532358564225418718e-01 -2.400939282528745622e+01
2.495657715468526661e-01 -2.399807863126552476e+01
2.458956866711639044e-01 -2.399062894633596343e+01
2.422256017954749208e-01 -2.397964165875267994e+01
2.385555169197857150e-01 -2.397239576199829258e+01
2.348854320440967314e-01 -2.396172690827064145e+01
2.312153471684077477e-01 -2.395468007551164291e+01
2.275452622927187640e-01 -2.394432135343568291e+01
2.238751774170297804e-01 -2.393746892456713837e+01
2.202050925413405746e-01 -2.392741220176991845e+01
2.165350076656518130e-01 -2.392074958294616138e+01
2.128649227899628293e-01 -2.391098689599317950e+01
2.091948379142736236e-01 -2.390450956123107318e+01
2.055247530385846400e-01 -2.389503311464202895e+01
2.018546681628956563e-01 -2.388873660744424043e+01
1.981845832872066726e-01 -2.387953877244445167e+01
1.945144984115176889e-01 -2.387341870704413083e+01
1.908444135358284832e-01 -2.386449202030944861e+01
1.871743286601397216e-01 -2.385854408285954165e+01
1.835042437844507379e-01 -2.384988124492819850e+01
1.798341589087615322e-01 -2.384410119425827190e+01
1.761640740330725485e-01 -2.383569506795707937e+01
1.724939891573835649e-01 -2.383007873641520646e+01
1.688239042816945812e-01 -2.382192234508244866e+01
1.651538194060055975e-01 -2.381646563907865755e+01
1.614837345303166138e-01 -2.380855216476318148e+01
1.578136496546276302e-01 -2.380325106530386137e+01
1.541435647789386465e-01 -2.379557384677631759e+01
1.504734799032494408e-01 -2.379042440950200543e+01
1.468033950275606792e-01 -2.378297694029766163e+01
1.431333101518714734e-01 -2.377797529580860214e+01
1.394632252761824898e-01 -2.377075122198709067e+01
1.357931404004935061e-01 -2.376589357580634854e+01
1.321230555248045224e-01 -2.375888669397396669e+01
1.284529706491155387e-01 -2.375416932645047652e+01
1.247828857734265551e-01 -2.374737358138471777e+01
1.211128008977373494e-01 -2.374279284747481000e+01
1.174427160220485877e-01 -2.373620232991012458e+01
1.137726311463593820e-01 -2.373175465900107284e+01
1.101025462706703983e-01 -2.372536360326912686e+01
1.064324613949814147e-01 -2.372104549869099799e+01
1.027623765192924310e-01 -2.371484828045667470e+01
9.909229164360344733e-02 -2.371065631910930094e+01
9.542220676791446365e-02 -2.370464745282581376e+01
9.175212189222525794e-02 -2.370057828455851379e+01
8.808203701653649631e-02 -2.369475242123507641e+01
8.441195214084729059e-02 -2.369080276835381582e+01
8.074186726515830692e-02 -2.368515469295475384e+01
7.707178238946932325e-02 -2.368132134947352441e+01
7.340169751378033958e-02 -2.367584597866189355e+01
6.973161263809135590e-02 -2.367212580962105761e+01
6.606152776240237223e-02 -2.366681818913227175e+01
6.239144288671316652e-02 -2.366320812981660282e+01
5.872135801102440489e-02 -2.365806343211953688e+01
5.505127313533519917e-02 -2.365456048739004302e+01
5.138118825964621550e-02 -2.364957400916340546e+01
4.771110338395723183e-02 -2.364617525239343721e+01
4.404101850826824815e-02 -2.364134241212825316e+01
4.037093363257926448e-02 -2.363804498449626479e+01
3.670084875689028081e-02 -2.363336131993568046e+01
3.303076388120107509e-02 -2.363016242938747880e+01
2.936067900551231347e-02 -2.362562359527321831e+01
2.569059412982310775e-02 -2.362252051558929367e+01
2.202050925413412408e-02 -2.361812228094918353e+01
1.835042437844514041e-02 -2.361511235087606408e+01
1.468033950275615673e-02 -2.361085059698743294e+01
1.101025462706717306e-02 -2.360793121914191062e+01
7.340169751378189389e-03 -2.360380193688250117e+01
3.670084875688983672e-03 -2.360097057668408738e+01
2.220446049250313081e-16 -2.359696986414600772e+01
-3.670084875688983672e-03 -2.359422404901647852e+01
-7.340169751377745300e-03 -2.359034810924761771e+01
-1.101025462706695102e-02 -2.358768542733728069e+01
-1.468033950275593469e-02 -2.358393056602952953e+01
-1.835042437844514041e-02 -2.358134866537882246e+01
-2.202050925413390203e-02 -2.357771128851193865e+01
-2.569059412982288571e-02 -2.357520787562227227e+01
-2.936067900551209142e-02 -2.357168448669549221e+01
-3.303076388120107509e-02 -2.356925732618370262e+01
-3.670084875688983672e-02 -2.356584452566817944e+01
-4.037093363257904244e-02 -2.356349143797965340e+01
-4.404101850826802611e-02 -2.356018591883956148e+01
-4.771110338395723183e-02 -2.355790478054287362e+01
-5.138118825964599345e-02 -2.355470332736033612e+01
-5.505127313533497713e-02 -2.355249206929206451e+01
-5.872135801102418284e-02 -2.354939155587729616e+01
-6.239144288671316652e-02 -2.354724816222251249e+01
-6.606152776240192814e-02 -2.354424554943694403e+01
-6.973161263809113386e-02 -2.354216805666576207e+01
-7.340169751378011753e-02 -2.353926039034448081e+01
-7.707178238946887916e-02 -2.353724688619434247e+01
-8.074186726515808488e-02 -2.353443129508425358e+01
-8.441195214084706855e-02 -2.353247991741663370e+01
-8.808203701653627427e-02 -2.352975361113935548e+01
-9.175212189222503589e-02 -2.352786254697766566e+01
-9.542220676791401957e-02 -2.352522281402034565e+01
-9.909229164360322528e-02 -2.352339029844285534e+01
-1.027623765192922090e-01 -2.352083450424163402e+01
-1.064324613949809706e-01 -2.351905881935088516e+01
-1.101025462706701763e-01 -2.351658440431547348e+01
-1.137726311463591600e-01 -2.351486387823810986e+01
-1.174427160220483657e-01 -2.351246835588996831e+01
-1.211128008977371273e-01 -2.351080136177048274e+01
-1.247828857734261110e-01 -2.350848231688772216e+01
-1.284529706491153167e-01 -2.350686727183116531e+01
-1.321230555248043004e-01 -2.350462235864453930e+01
-1.357931404004930620e-01 -2.350305772276994531e+01
-1.394632252761822677e-01 -2.350088466313247437e+01
-1.431333101518712514e-01 -2.349936893856853004e+01
-1.468033950275604571e-01 -2.349726552025151705e+01
-1.504734799032492187e-01 -2.349579725015490084e+01
-1.541435647789382024e-01 -2.349376132510628068e+01
-1.578136496546274081e-01 -2.349233909272997423e+01
-1.614837345303163918e-01 -2.349036857540790635e+01
-1.651538194060051534e-01 -2.348899100314317323e+01
-1.688239042816943591e-01 -2.348708386884175781e+01
-1.724939891573833428e-01 -2.348574961728546029e+01
-1.761640740330725485e-01 -2.348390390059145361e+01
-1.798341589087613102e-01 -2.348261166767133545e+01
-1.835042437844502938e-01 -2.348082546083259459e+01
-1.871743286601394995e-01 -2.347957398084475500e+01
-1.908444135358284832e-01 -2.347784543224692300e+01
-1.945144984115172448e-01 -2.347663347499647557e+01
-1.981845832872064506e-01 -2.347496078765455252e+01
-2.018546681628954342e-01 -2.347378715756666523e+01
-2.055247530385846400e-01 -2.347216858763875891e+01
-2.091948379142734016e-01 -2.347103212297583497e+01
-2.128649227899623853e-01 -2.346946597832264558e+01
-2.165350076656515910e-01 -2.346836555025458182e+01
-2.202050925413405746e-01 -2.346685018908886633e+01
-2.238751774170293363e-01 -2.346578470089763968e+01
-2.275452622927185420e-01 -2.346431853034576065e+01
-2.312153471684075257e-01 -2.346328691661230792e+01
-2.348854320440967314e-01 -2.346186839135819824e+01
-2.385555169197854930e-01 -2.346086961717533370e+01
-2.422256017954744767e-01 -2.345949723817104271e+01
-2.458956866711636824e-01 -2.345853029837570958e+01
-2.495657715468526661e-01 -2.345720261159502584e+01
-2.532358564225414277e-01 -2.345626652995263584e+01
-2.569059412982306334e-01 -2.345498212513843939e+01
-2.605760261739196171e-01 -2.345407595362789976e+01
-2.642461110496088228e-01 -2.345283346299353511e+01
-2.679161959252975844e-01 -2.345195628109287611e+01
-2.715862808009865681e-01 -2.345075437813723340e+01
-2.752563656766757738e-01 -2.344990529210413754e+01
-2.789264505523647575e-01 -2.344874269053282489e+01
-2.825965354280535191e-01 -2.344792083264669813e+01
-2.862666203037427248e-01 -2.344679628523230264e+01
-2.899367051794317085e-01 -2.344600081309481965e+01
-2.936067900551209142e-01 -2.344491311050136417e+01
-2.972768749308096758e-01 -2.344414320645866212e+01
-3.009469598064986595e-01 -2.344309117615009441e+01
-3.046170446821878652e-01 -2.344234604658559107e+01
-3.082871295578768489e-01 -2.344132855187160658e+01
-3.119572144335656105e-01 -2.344060742652096252e+01
-3.156272993092548163e-01 -2.343962336548466041e+01
-3.192973841849437999e-01 -2.343892549683893733e+01
-3.229674690606325616e-01 -2.343797380134319042e+01
-3.266375539363217673e-01 -2.343729846401461003e+01
-3.303076388120107509e-01 -2.343637809866386235e+01
-3.339777236876999567e-01 -2.343572458884703735e+01
-3.376478085633889403e-01 -2.343483455012398764e+01
-3.413178934390777020e-01 -2.343420218490865992e+01
-3.449879783147669077e-01 -2.343334150023432372e+01
-3.486580631904558913e-01 -2.343272961709336855e+01
-3.523281480661446530e-01 -2.343189734390930923e+01
-3.559982329418338587e-01 -2.343130530011510260e+01
-3.596683178175228424e-01 -2.343050052503716785e+01
-3.633384026932120481e-01 -2.342992769710447476e+01
-3.670084875689010318e-01 -2.342914953498972253e+01
-3.706785724445897934e-01 -2.342859531827658159e+01
-3.743486573202789991e-01 -2.342784291163452082e+01
-3.780187421959679828e-01 -2.342730671931558106e+01
-3.816888270716567444e-01 -2.342657923691922051e+01
-3.853589119473459501e-01 -2.342606050055661271e+01
-3.890289968230349338e-01 -2.342535713773038708e+01
-3.926990816987241395e-01 -2.342485530528244553e+01
-3.963691665744131232e-01 -2.342417528157393747e+01
-4.000392514501018848e-01 -2.342368981833827135e+01
-4.037093363257910905e-01 -2.342303237841429819e+01
-4.073794212014800742e-01 -2.342256276552796734e+01
-4.110495060771688358e-01 -2.342192717735040475e+01
-4.147195909528580415e-01 -2.342147291192975800e+01
-4.183896758285470252e-01 -2.342085846650529390e+01
-4.220597607042362309e-01 -2.342041906092988057e+01
-4.257298455799252146e-01 -2.341982507153458926e+01
-4.293999304556139762e-01 -2.341940005304581618e+01
-4.330700153313031819e-01 -2.341882585451703136e+01
-4.367401002069919436e-01 -2.341841476480646023e+01
-4.404101850826811493e-01 -2.341785971290227764e+01
-4.440802699583703550e-01 -2.341746210770573100e+01
-4.477503548340591166e-01 -2.341692557848565670e+01
-4.514204397097483223e-01 -2.341654102721667030e+01
-4.550905245854370840e-01 -2.341602241649048466e+01
-4.587606094611262897e-01 -2.341565050179676177e+01
-4.624306943368154954e-01 -2.341514922445970370e+01
-4.661007792125042570e-01 -2.341478954188216477e+01
-4.697708640881930187e-01 -2.341430503139343244e+01
-4.734409489638822244e-01 -2.341395718887424593e+01
-4.771110338395709860e-01 -2.341348889665936284e+01
-4.807811187152601917e-01 -2.341315251428676092e+01
-4.844512035909493974e-01 -2.341269990913199095e+01
-4.881212884666381591e-01 -2.341237461877988935e+01
-4.917913733423273648e-01 -2.341193718639750543e+01
-4.954614582180161264e-01 -2.341162263134102162e+01
-4.991315430937053321e-01 -2.341119987385248535e+01
-5.028016279693945378e-01 -2.341089570845769074e+01
-5.064717128450832995e-01 -2.341048714384929497e+01
-5.101417977207725052e-01 -2.341019303323858836e+01
-5.138118825964612668e-01 -2.340979819485223246e+01
-5.174819674721504725e-01 -2.340951381459847269e+01
-5.211520523478396782e-01 -2.340913225075701121e+01
-5.248221372235284399e-01 -2.340885728649819342e+01
-5.284922220992172015e-01 -2.340848855989679222e+01
-5.321623069749064072e-01 -2.340822270719332465e+01
-5.358323918505951688e-01 -2.340786639460920426e+01
-5.395024767262843746e-01 -2.340760935850882163e+01
-5.431725616019735803e-01 -2.340726505030484006e+01
-5.468426464776623419e-01 -2.340701654509882346e+01
-5.505127313533515476e-01 -2.340668384475063846e+01
-5.541828162290403093e-01 -2.340644359374415373e+01
-5.578529011047295150e-01 -2.340612211751586713e+01
-5.615229859804187207e-01 -2.340588985263660859e+01
-5.651930708561074823e-01 -2.340557922914736722e+01
-5.688631557317962439e-01 -2.340535469084938924e+01
-5.725332406074854497e-01 -2.340505456072354562e+01
-5.762033254831742113e-01 -2.340483749759908250e+01
-5.798734103588638611e-01 -2.340454751304247338e+01
-5.835434952345526227e-01 -2.340433768166813167e+01
-5.872135801102413843e-01 -2.340405750611241231e+01
-5.908836649859305901e-01 -2.340385467070437997e+01
-5.945537498616193517e-01 -2.340358397849755789e+01
-5.982238347373085574e-01 -2.340338791077747871e+01
-6.018939196129977631e-01 -2.340312638679099777e+01
-6.055640044886865248e-01 -2.340293686572141141e+01
-6.092340893643757305e-01 -2.340268420505664082e+01
-6.129041742400644921e-01 -2.340250101666262950e+01
-6.165742591157536978e-01 -2.340225692433534377e+01
-6.202443439914429035e-01 -2.340207986138786111e+01
-6.239144288671316652e-01 -2.340184405198586859e+01
-6.275845137428204268e-01 -2.340167291385959558e+01
-6.312545986185096325e-01 -2.340144511128553972e+01
-6.349246834941983941e-01 -2.340127970375840505e+01
-6.385947683698880439e-01 -2.340105964087610957e+01
-6.422648532455768056e-01 -2.340089977596273130e+01
-6.459349381212655672e-01 -2.340068719435898714e+01
-6.496050229969547729e-01 -2.340053269004823733e+01
-6.532751078726435345e-01 -2.340032733976605783e+01
-6.569451927483327403e-01 -2.340017801985713319e+01
-6.606152776240219460e-01 -2.339997965906881561e+01
-6.642853624997107076e-01 -2.339983535304687834e+01
-6.679554473753999133e-01 -2.339964374784955936e+01
-6.716255322510886749e-01 -2.339950429064749216e+01
-6.752956171267778807e-01 -2.339931921482865107e+01
-6.789657020024670864e-01 -2.339918444668917274e+01
-6.826357868781558480e-01 -2.339900568144434700e+01
-6.863058717538446096e-01 -2.339887544772390982e+01
-6.899759566295338153e-01 -2.339870278136453408e+01
-6.936460415052225770e-01 -2.339857693246246484e+01
-6.973161263809122268e-01 -2.339841016032274368e+01
-7.009862112566009884e-01 -2.339828855140019215e+01
-7.046562961322897500e-01 -2.339812747553789407e+01
-7.083263810079789558e-01 -2.339800996646032516e+01
-7.119964658836677174e-01 -2.339785439541160983e+01
-7.156665507593569231e-01 -2.339774085054419217e+01
-7.193366356350461288e-01 -2.339759059917662043e+01
-7.230067205107348904e-01 -2.339748088733295361e+01
-7.266768053864240962e-01 -2.339733577659747610e+01
-7.303468902621128578e-01 -2.339722977069088472e+01
-7.340169751378020635e-01 -2.339708962741275755e+01
-7.376870600134912692e-01 -2.339698720481577610e+01
-7.413571448891800308e-01 -2.339685186170888187e+01
-7.450272297648687925e-01 -2.339675290329482493e+01
-7.486973146405579982e-01 -2.339662219839481239e+01
-7.523673995162467598e-01 -2.339652658927402129e+01
-7.560374843919364096e-01 -2.339640036611750062e+01
-7.597075692676251712e-01 -2.339630799499994041e+01
-7.633776541433139329e-01 -2.339618610222604644e+01
-7.670477390190031386e-01 -2.339609686146744139e+01
-7.707178238946919002e-01 -2.339597915278875107e+01
-7.743879087703811059e-01 -2.339589293825427774e+01
-7.780579936460703117e-01 -2.339577927220115683e+01
-7.817280785217590733e-01 -2.339569598313959986e+01
-7.853981633974478349e-01 -2.339558622298031665e+01
-7.890682482731370406e-01 -2.339550576193693487e+01
-7.927383331488262463e-01 -2.339539977543231331e+01
-7.964084180245154521e-01 -2.339532204817396277e+01
-8.000785029002042137e-01 -2.339521970750772795e+01
-8.037485877758929753e-01 -2.339514462285766427e+01
-8.074186726515821810e-01 -2.339504580450596194e+01
-8.110887575272709427e-01 -2.339497327426235884e+01
-8.147588424029601484e-01 -2.339487785876908887e+01
-8.184289272786493541e-01 -2.339480779767766094e+01
-8.220990121543381157e-01 -2.339471566959372240e+01
-8.257690970300273214e-01 -2.339464799510076531e+01
-8.294391819057160831e-01 -2.339455904285582477e+01
-8.331092667814052888e-01 -2.339449367519626932e+01
-8.367793516570944945e-01 -2.339440779092135969e+01
-8.404494365327832561e-01 -2.339434465292511334e+01
-8.441195214084720178e-01 -2.339426173234414463e+01
-8.477896062841612235e-01 -2.339420074944558436e+01
-8.514596911598504292e-01 -2.339412069178910869e+01
-8.551297760355396349e-01 -2.339406179185924017e+01
-8.587998609112283965e-01 -2.339398449977125338e+01
-8.624699457869171582e-01 -2.339392761300868884e+01
-8.661400306626063639e-01 -2.339385299238343308e+01
-8.698101155382951255e-01 -2.339379805131941126e+01
-8.734802004139843312e-01 -2.339372601117191763e+01
-8.771502852896735369e-01 -2.339367295057886764e+01
-8.808203701653622986e-01 -2.339360340300284946e+01
-8.844904550410515043e-01 -2.339355215980053160e+01
-8.881605399167402659e-01 -2.339348501983543827e+01
-8.918306247924294716e-01 -2.339343553302143164e+01
-8.955007096681186773e-01 -2.339337071856169459e+01
-8.991707945438074390e-01 -2.339332292920496670e+01
-9.028408794194962006e-01 -2.339326036097650174e+01
-9.065109642951854063e-01 -2.339321421200959605e+01
-9.101810491708746120e-01 -2.339315381334981936e+01
-9.138511340465638177e-01 -2.339310924974371275e+01
-9.175212189222525794e-01 -2.339305094655121664e+01
-9.211913037979413410e-01 -2.339300791503013954e+01
-9.248613886736305467e-01 -2.339295163578362136e+01
-9.285314735493193083e-01 -2.339291008487336399e+01
-9.322015584250085141e-01 -2.339285576043154080e+01
-9.358716433006977198e-01 -2.339281564036273409e+01
-9.395417281763864814e-01 -2.339276320399066833e+01
-9.432118130520756871e-01 -2.339272446658936744e+01
-9.468818979277644488e-01 -2.339267385371035957e+01
-9.505519828034536545e-01 -2.339263645250846224e+01
-9.542220676791428602e-01 -2.339258760072896948e+01
-9.578921525548316218e-01 -2.339255149087576413e+01
-9.615622374305203834e-01 -2.339250433995390566e+01
-9.652323223062095892e-01 -2.339246947792528530e+01
-9.689024071818983508e-01 -2.339242396974396598e+01
-9.725724920575880006e-01 -2.339239031354732035e+01
-9.762425769332767622e-01 -2.339234639185711373e+01
-9.799126618089655238e-01 -2.339231390094315799e+01
-9.835827466846547296e-01 -2.339227151144457650e+01
-9.872528315603434912e-01 -2.339224014664356233e+01
-9.909229164360326969e-01 -2.339219923688543901e+01
-9.945930013117219026e-01 -2.339216896029214610e+01
-9.982630861874106643e-01 -2.339212947963334699e+01
-1.001933171063099870e+00 -2.339210025464763731e+01
-1.005603255938788632e+00 -2.339206215415949686e+01
-1.009273340814477837e+00 -2.339203394545239334e+01
-1.012943425690167043e+00 -2.339199717787424504e+01
-1.016613510565855805e+00 -2.339196995122576439e+01
-1.020283595441544566e+00 -2.339193447093708400e+01
-1.023953680317233772e+00 -2.339190819332833016e+01
-1.027623765192922534e+00 -2.339187395619957144e+01
-1.031293850068611739e+00 -2.339184859582300291e+01
-1.034963934944300945e+00 -2.339181555933118162e+01
-1.038634019819989707e+00 -2.339179108533838658e+01
-1.042304104695678912e+00 -2.339175920837082501e+01
-1.045974189571367674e+00 -2.339173559104147060e+01
-1.049644274447056880e+00 -2.339170483394407185e+01
-1.053314359322746085e+00 -2.339168204446770361e+01
-1.056984444198434847e+00 -2.339165236887442845e+01
-1.060654529074123609e+00 -2.339163037952542723e+01
-1.064324613949812814e+00 -2.339160174850311336e+01
-1.067994698825502020e+00 -2.339158053232635481e+01
-1.071664783701191226e+00 -2.339155290969608814e+01
-1.075334868576879988e+00 -2.339153244145113320e+01
-1.079004953452568749e+00 -2.339150579353728432e+01
-1.082675038328257955e+00 -2.339148604760212180e+01
-1.086345123203946716e+00 -2.339146033894306953e+01
-1.090015208079635922e+00 -2.339144129280157713e+01
-1.093685292955325128e+00 -2.339141649588356842e+01
-1.097355377831013890e+00 -2.339139812233071325e+01
-1.101025462706703095e+00 -2.339137420168585990e+01
-1.104695547582391857e+00 -2.339135648162450565e+01
-1.108365632458081063e+00 -2.339133340941301853e+01
-1.112035717333770268e+00 -2.339131631995521232e+01
-1.115705802209459030e+00 -2.339129406657756860e+01
-1.119375887085147792e+00 -2.339127758703467208e+01
-1.123045971960836997e+00 -2.339125612476981075e+01
-1.126716056836526203e+00 -2.339124023484241377e+01
-1.130386141712215409e+00 -2.339121953672333731e+01
-1.134056226587904170e+00 -2.339120421690760310e+01
-1.137726311463592932e+00 -2.339118425698155690e+01
-1.141396396339282138e+00 -2.339116948843645361e+01
-1.145066481214970899e+00 -2.339115024161047174e+01
-1.148736566090660105e+00 -2.339113600618122391e+01
-1.152406650966349311e+00 -2.339111744827747330e+01
-1.156076735842038072e+00 -2.339110372845124175e+01
-1.159746820717727278e+00 -2.339108583615034220e+01
-1.163416905593416040e+00 -2.339107261500564050e+01
-1.167086990469105245e+00 -2.339105536577676858e+01
-1.170757075344794451e+00 -2.339104262700578118e+01
-1.174427160220483213e+00 -2.339102599913480418e+01
-1.178097245096171974e+00 -2.339101372701288284e+01
-1.181767329971861180e+00 -2.339099769956022001e+01
-1.185437414847550386e+00 -2.339098587894721959e+01
-1.189107499723239592e+00 -2.339097043172120749e+01
-1.192777584598928353e+00 -2.339095904800861092e+01
-1.196447669474617115e+00 -2.339094416154432921e+01
-1.200117754350306321e+00 -2.339093320065633819e+01
-1.203787839225995082e+00 -2.339091885616675981e+01
-1.207457924101684288e+00 -2.339090830451726077e+01
-1.211128008977373494e+00 -2.339089448389290027e+01
-1.214798093853062255e+00 -2.339088432841042930e+01
-1.218468178728751461e+00 -2.339087101421062798e+01
-1.222138263604440223e+00 -2.339086124229725883e+01
-1.225808348480129428e+00 -2.339084841769554401e+01
-1.229478433355818634e+00 -2.339083901725362225e+01
-1.233148518231507396e+00 -2.339082666602092786e+01
-1.236818603107196157e+00 -2.339081762538986098e+01
-1.240488687982885363e+00 -2.339080573196476820e+01
-1.244158772858574569e+00 -2.339079703990416448e+01
-1.247828857734263330e+00 -2.339078558921940854e+01
-1.251498942609952536e+00 -2.339077723490306226e+01
-1.255169027485641298e+00 -2.339076621247306420e+01
-1.258839112361330503e+00 -2.339075818552228014e+01
-1.262509197237019265e+00 -2.339074757736296206e+01
-1.266179282112708471e+00 -2.339073986777694003e+01
-1.269849366988397676e+00 -2.339072966048317070e+01
-1.273519451864086438e+00 -2.339072225865920274e+01
-1.277189536739775200e+00 -2.339071243927103083e+01
-1.280859621615464405e+00 -2.339070533598549773e+01
-1.284529706491153611e+00 -2.339069589208179067e+01
-1.288199791366842817e+00 -2.339068907847795487e+01
-1.291869876242531578e+00 -2.339067999806018605e+01
-1.295539961118220340e+00 -2.339067346561125049e+01
-1.299210045993909546e+00 -2.339066473716607319e+01
-1.302880130869598752e+00 -2.339065847772717532e+01
-1.306550215745287513e+00 -2.339065009017565799e+01
-1.310220300620976719e+00 -2.339064409590212890e+01
-1.313890385496665481e+00 -2.339063603860477158e+01
-1.317560470372354686e+00 -2.339063030201631932e+01
-1.321230555248043448e+00 -2.339062256472755053e+01
-1.324900640123732654e+00 -2.339061707861968742e+01
-1.328570724999421859e+00 -2.339060965153049665e+01
-1.332240809875110621e+00 -2.339060440903097415e+01
-1.335910894750799383e+00 -2.339059728266596849e+01
-1.339580979626488588e+00 -2.339059227719378242e+01
-1.343251064502177794e+00 -2.339058544252311123e+01
-1.346921149377867000e+00 -2.339058066779688616e+01
-1.350591234253555761e+00 -2.339057411609984882e+01
-1.354261319129244523e+00 -2.339056956610510696e+01
-1.357931404004933729e+00 -2.339056328905700255e+01
-1.361601488880622490e+00 -2.339055895805205409e+01
-1.365271573756311696e+00 -2.339055294762273363e+01
-1.368941658632000902e+00 -2.339054883018666331e+01
-1.372611743507689663e+00 -2.339054307881961847e+01
-1.376281828383378869e+00 -2.339053916970948777e+01
-1.379951913259067631e+00 -2.339053367009615769e+01
-1.383621998134756836e+00 -2.339052996423955832e+01
-1.387292083010446042e+00 -2.339052470905065917e+01
-1.390962167886134804e+00 -2.339052120211294650e+01
-1.394632252761823565e+00 -2.339051618481417805e+01
-1.398302337637512771e+00 -2.339051287237538546e+01
-1.401972422513201977e+00 -2.339050808663116143e+01
-1.405642507388891183e+00 -2.339050496406932211e+01
-1.409312592264579944e+00 -2.339050040403363795e+01
-1.412982677140268706e+00 -2.339049746765983073e+01
-1.416652762015957912e+00 -2.339049312704734618e+01
-1.420322846891646673e+00 -2.339049037317316859e+01
-1.423992931767335879e+00 -2.339048624673538868e+01
-1.427663016643025085e+00 -2.339048367176539500e+01
-1.431333101518713846e+00 -2.339047975396688983e+01
-1.435003186394403052e+00 -2.339047735488302138e+01
-1.438673271270091814e+00 -2.339047364098517434e+01
-1.442343356145781019e+00 -2.339047141447042932e+01
-1.446013441021470225e+00 -2.339046789968368145e+01
-1.449683525897158987e+00 -2.339046584309492971e+01
-1.453353610772847748e+00 -2.339046252291519323e+01
-1.457023695648536954e+00 -2.339046063363437966e+01
-1.460693780524226160e+00 -2.339045750389500711e+01
-1.464363865399915365e+00 -2.339045577954059141e+01
-1.468033950275604127e+00 -2.339045283628890814e+01
-1.471704035151292889e+00 -2.339045127478626895e+01
-1.475374120026982094e+00 -2.339044851432884542e+01
-1.479044204902670856e+00 -2.339044711371930418e+01
-1.482714289778360062e+00 -2.339044453263710110e+01
-1.486384374654049267e+00 -2.339044329122561550e+01
-1.490054459529738029e+00 -2.339044088631572293e+01
-1.493724544405426791e+00 -2.339043980269084244e+01
-1.497394629281115996e+00 -2.339043757100030874e+01
-1.501064714156805202e+00 -2.339043664384968224e+01
-1.504734799032494408e+00 -2.339043458260459474e+01
-1.508404883908183169e+00 -2.339043381102393226e+01
-1.512074968783871931e+00 -2.339043191771020958e+01
-1.515745053659561137e+00 -2.339043130073834220e+01
-1.519415138535250342e+00 -2.339042957318045168e+01
-1.523085223410939104e+00 -2.339042911028820271e+01
-1.526755308286628310e+00 -2.339042754636959387e+01
-1.530425393162317071e+00 -2.339042723719262895e+01
-1.534095478038006277e+00 -2.339042583495385941e+01
-1.537765562913695039e+00 -2.339042567928488126e+01
-1.541435647789384245e+00 -2.339042443694737727e+01
-1.545105732665073450e+00 -2.339042443512920499e+01
-1.548775817540762212e+00 -2.339042335107912152e+01
-1.552445902416450974e+00 -2.339042350280955773e+01
-1.556115987292140179e+00 -2.339042257332470598e+01
-1.559786072167829385e+00 -2.339042288415684467e+01
-1.563456157043518591e+00 -2.339042211063772925e+01
-1.567126241919207352e+00 -2.339042256068553627e+01
-1.570796326794896114e+00 -2.339042194264437313e+01
