1.570796326794896558e+00 -2.165699235383361578e+06
1.556115987292140623e+00 -2.025417367943204939e+06
1.541435647789384467e+00 -1.885135500503048301e+06
1.526755308286628532e+00 -1.762017162830203772e+06
1.512074968783872375e+00 -1.638898825157359242e+06
1.497394629281116440e+00 -1.417632603894203901e+06
1.482714289778360284e+00 -1.196366382631048560e+06
1.468033950275604349e+00 -9.176483095762655139e+05
1.453353610772848192e+00 -6.389302365214824677e+05
1.438673271270092258e+00 -3.198957266844958067e+05
1.423992931767336101e+00 -8.612168475091457367e+02
1.409312592264580166e+00 3.369058004910200834e+05
1.394632252761824009e+00 6.746728178295493126e+05
1.379951913259068075e+00 1.014082731207884848e+06
1.365271573756311918e+00 1.353492644586220384e+06
1.350591234253555983e+00 1.681119318352431059e+06
1.335910894750799827e+00 2.008745992118641734e+06
1.321230555248043892e+00 2.315419402224764228e+06
1.306550215745287735e+00 2.622092812330886722e+06
1.291869876242531801e+00 2.902346543576501310e+06
1.277189536739775644e+00 3.182600274822115898e+06
1.262509197237019709e+00 3.433953072290770710e+06
1.247828857734263552e+00 3.685305869759425521e+06
1.233148518231507618e+00 3.907451355696737766e+06
1.218468178728751461e+00 4.129596841634050012e+06
1.203787839225995526e+00 4.323683037195071578e+06
1.189107499723239592e+00 4.517769232756093144e+06
1.174427160220483435e+00 4.685818235322356224e+06
1.159746820717727278e+00 4.853867237888619304e+06
1.145066481214971343e+00 4.998346541871063411e+06
1.130386141712215409e+00 5.142825845853507519e+06
1.115705802209459252e+00 5.266352628676407039e+06
1.101025462706703095e+00 5.389879411499306560e+06
1.086345123203947161e+00 5.495030199441842735e+06
1.071664783701191226e+00 5.600180987384378910e+06
1.056984444198435069e+00 5.689378791637502611e+06
1.042304104695678912e+00 5.778576595890626311e+06
1.027623765192922978e+00 5.854031857768274844e+06
1.012943425690167043e+00 5.929487119645923376e+06
9.982630861874108863e-01 5.993174156284190714e+06
9.835827466846548406e-01 6.056861192922458053e+06
9.689024071818987949e-01 6.110516848555333912e+06
9.542220676791427492e-01 6.164172504188209772e+06
9.395417281763867035e-01 6.209307794921651483e+06
9.248613886736306577e-01 6.254443085655093193e+06
9.101810491708746120e-01 6.292361704386293888e+06
8.955007096681185663e-01 6.330280323117494583e+06
8.808203701653625206e-01 6.362100074500702322e+06
8.661400306626065859e-01 6.393919825883910060e+06
8.514596911598505402e-01 6.420594578834295273e+06
8.367793516570944945e-01 6.447269331784680486e+06
8.220990121543384488e-01 6.469610089762076735e+06
8.074186726515824031e-01 6.491950847739472985e+06
7.927383331488263574e-01 6.510645193922251463e+06
7.780579936460703117e-01 6.529339540105029941e+06
7.633776541433142659e-01 6.544969127852268517e+06
7.486973146405582202e-01 6.560598715599507093e+06
7.340169751378021745e-01 6.573654725475862622e+06
7.193366356350461288e-01 6.586710735352218151e+06
7.046562961322900831e-01 6.597607364978931844e+06
6.899759566295340374e-01 6.608503994605645537e+06
6.752956171267779917e-01 6.617590124828398228e+06
6.606152776240219460e-01 6.626676255051150918e+06
6.459349381212659003e-01 6.634245471281670034e+06
6.312545986185098545e-01 6.641814687512189150e+06
6.165742591157538088e-01 6.648113844706736505e+06
6.018939196129977631e-01 6.654413001901283860e+06
5.872135801102417174e-01 6.659649517009831965e+06
5.725332406074856717e-01 6.664886032118380070e+06
5.578529011047297370e-01 6.669234074926085770e+06
5.431725616019735803e-01 6.673582117733791471e+06
5.284922220992176456e-01 6.677187854792669415e+06
5.138118825964614889e-01 6.680793591851547360e+06
4.991315430937055542e-01 6.683779620672643185e+06
4.844512035909493974e-01 6.686765649493739009e+06
4.697708640881934627e-01 6.689234742882177234e+06
4.550905245854373060e-01 6.691703836270615458e+06
4.404101850826813713e-01 6.693742100888341665e+06
4.257298455799252146e-01 6.695780365506067872e+06
4.110495060771692799e-01 6.697459903936341405e+06
3.963691665744131232e-01 6.699139442366614938e+06
3.816888270716571885e-01 6.700520595339357853e+06
3.670084875689010318e-01 6.701901748312100768e+06
3.523281480661450971e-01 6.703034982073321939e+06
3.376478085633889403e-01 6.704168215834543109e+06
3.229674690606330056e-01 6.705095710244961083e+06
3.082871295578768489e-01 6.706023204655379057e+06
2.936067900551209142e-01 6.706780188837602735e+06
2.789264505523647575e-01 6.707537173019826412e+06
2.642461110496088228e-01 6.708153048272594810e+06
2.495657715468526661e-01 6.708768923525363207e+06
2.348854320440967314e-01 6.709268207129508257e+06
2.202050925413405746e-01 6.709767490733653307e+06
2.055247530385846400e-01 6.710170608881063759e+06
1.908444135358284832e-01 6.710573727028474212e+06
1.761640740330725485e-01 6.710897680904701352e+06
1.614837345303166138e-01 6.711221634780928493e+06
1.468033950275606792e-01 6.711480559736497700e+06
1.321230555248045224e-01 6.711739484692066908e+06
1.174427160220485877e-01 6.711945119699001312e+06
1.027623765192924310e-01 6.712150754705935717e+06
8.808203701653649631e-02 6.712312836172506213e+06
7.340169751378033958e-02 6.712474917639076710e+06
5.872135801102440489e-02 6.712601509786352515e+06
4.404101850826824815e-02 6.712728101933628321e+06
2.936067900551231347e-02 6.712825873732618988e+06
1.468033950275615673e-02 6.712923645531609654e+06
2.220446049250313081e-16 6.712998102815598249e+06
-1.468033950275593469e-02 6.713072560099586844e+06
-2.936067900551209142e-02 6.713128239965155721e+06
-4.404101850826802611e-02 6.713183919830724597e+06
-5.872135801102418284e-02 6.713224553361035883e+06
-7.340169751378011753e-02 6.713265186891347170e+06
-8.808203701653627427e-02 6.713293835334487259e+06
-1.027623765192922090e-01 6.713322483777627349e+06
-1.174427160220483657e-01 6.713341652394697070e+06
-1.321230555248043004e-01 6.713360821011766791e+06
-1.468033950275604571e-01 6.713372554168701172e+06
-1.614837345303163918e-01 6.713384287325635552e+06
-1.761640740330725485e-01 6.713390247953139246e+06
-1.908444135358284832e-01 6.713396208580642939e+06
-2.055247530385846400e-01 6.713397744376197457e+06
-2.202050925413405746e-01 6.713399280171751976e+06
-2.348854320440967314e-01 6.713397478815242648e+06
-2.495657715468526661e-01 6.713395677458733320e+06
-2.642461110496088228e-01 6.713391412607654929e+06
-2.789264505523647575e-01 6.713387147756576538e+06
-2.936067900551209142e-01 6.713381117250390351e+06
-3.082871295578768489e-01 6.713375086744204164e+06
-3.229674690606325616e-01 6.713367844359256327e+06
-3.376478085633889403e-01 6.713360601974308491e+06
-3.523281480661446530e-01 6.713352583789214492e+06
-3.670084875689010318e-01 6.713344565604120493e+06
-3.816888270716567444e-01 6.713336111799098551e+06
-3.963691665744131232e-01 6.713327657994076610e+06
-4.110495060771688358e-01 6.713319030917726457e+06
-4.257298455799252146e-01 6.713310403841376305e+06
-4.404101850826811493e-01 6.713301802904978395e+06
-4.550905245854370840e-01 6.713293201968580484e+06
-4.697708640881930187e-01 6.713284775946490467e+06
-4.844512035909493974e-01 6.713276349924400449e+06
-4.991315430937053321e-01 6.713268207035928965e+06
-5.138118825964612668e-01 6.713260064147457480e+06
-5.284922220992172015e-01 6.713252280357696116e+06
-5.431725616019735803e-01 6.713244496567934752e+06
-5.578529011047295150e-01 6.713237122356802225e+06
-5.725332406074854497e-01 6.713229748145669699e+06
-5.872135801102413843e-01 6.713222814068399370e+06
-6.018939196129977631e-01 6.713215879991129041e+06
-6.165742591157536978e-01 6.713209401162289083e+06
-6.312545986185096325e-01 6.713202922333449125e+06
-6.459349381212655672e-01 6.713196902082875371e+06
-6.606152776240219460e-01 6.713190881832301617e+06
-6.752956171267778807e-01 6.713185314652182162e+06
-6.899759566295338153e-01 6.713179747472062707e+06
-7.046562961322897500e-01 6.713174621396645904e+06
-7.193366356350461288e-01 6.713169495321229100e+06
-7.340169751378020635e-01 6.713164793808184564e+06
-7.486973146405579982e-01 6.713160092295140028e+06
-7.633776541433139329e-01 6.713155795749209821e+06
-7.780579936460703117e-01 6.713151499203279614e+06
-7.927383331488262463e-01 6.713147586148552597e+06
-8.074186726515821810e-01 6.713143673093825579e+06
-8.220990121543381157e-01 6.713140121138982475e+06
-8.367793516570944945e-01 6.713136569184139371e+06
-8.514596911598504292e-01 6.713133355722561479e+06
-8.661400306626063639e-01 6.713130142260983586e+06
-8.808203701653622986e-01 6.713127245065346360e+06
-8.955007096681186773e-01 6.713124347869709134e+06
-9.101810491708746120e-01 6.713121745507434011e+06
-9.248613886736305467e-01 6.713119143145158887e+06
-9.395417281763864814e-01 6.713116815343901515e+06
-9.542220676791428602e-01 6.713114487542644143e+06
-9.689024071818983508e-01 6.713112415454685688e+06
-9.835827466846547296e-01 6.713110343366727233e+06
-9.982630861874106643e-01 6.713108509801454842e+06
-1.012943425690167043e+00 6.713106676236182451e+06
-1.027623765192922534e+00 6.713105065920613706e+06
-1.042304104695678912e+00 6.713103455605044961e+06
-1.056984444198434847e+00 6.713102055441081524e+06
-1.071664783701191226e+00 6.713100655277118087e+06
-1.086345123203946716e+00 6.713099454729661345e+06
-1.101025462706703095e+00 6.713098254182204604e+06
-1.115705802209459030e+00 6.713097245953321457e+06
-1.130386141712215409e+00 6.713096237724438310e+06
-1.145066481214970899e+00 6.713095418469466269e+06
-1.159746820717727278e+00 6.713094599214494228e+06
-1.174427160220483213e+00 6.713093972508795559e+06
-1.189107499723239592e+00 6.713093345803096890e+06
-1.203787839225995082e+00 6.713092920537874103e+06
-1.218468178728751461e+00 6.713092495272651315e+06
-1.233148518231507396e+00 6.713092309935756028e+06
-1.247828857734263330e+00 6.713092124598860741e+06
-1.262509197237019265e+00 6.713092186318069696e+06
-1.277189536739775200e+00 6.713092248037278652e+06
-1.291869876242531578e+00 6.713092836492598057e+06
-1.306550215745287513e+00 6.713093424947917461e+06
-1.321230555248043448e+00 6.713094032396562397e+06
-1.335910894750799383e+00 6.713094639845207334e+06
-1.350591234253555761e+00 6.713098453878499568e+06
-1.365271573756311696e+00 6.713102267911791801e+06
-1.379951913259067631e+00 6.713099006010763347e+06
-1.394632252761823565e+00 6.713095744109734893e+06
-1.409312592264579944e+00 6.713132579323045909e+06
-1.423992931767335879e+00 6.713169414536356926e+06
-1.438673271270091814e+00 6.713067414188683033e+06
-1.453353610772847748e+00 6.712965413841009140e+06
-1.468033950275604127e+00 6.713523647477835417e+06
-1.482714289778360062e+00 6.714081881114661694e+06
-1.497394629281115996e+00 6.712018670911706984e+06
-1.512074968783871931e+00 6.709955460708752275e+06
-1.526755308286628310e+00 6.722014949175305665e+06
-1.541435647789384245e+00 6.734074437641859055e+06
-1.556115987292140179e+00 6.668512550938047469e+06
-1.570796326794896114e+00 6.602950664234235883e+06
