1.570796326794896558e+00 4.353238818122302405e+02
1.567865736632965801e+00 4.368541102387457045e+02
1.564935146471035043e+00 4.354533330750116420e+02
1.562004556309104286e+00 4.349098973132910828e+02
1.559073966147173529e+00 4.343222991086178126e+02
1.556143375985242772e+00 4.328713919187672445e+02
1.553212785823311792e+00 4.313827846813627502e+02
1.550282195661381035e+00 4.295241457179907343e+02
1.547351605499450278e+00 4.275313186367921503e+02
1.544421015337519520e+00 4.251498627572350983e+02
1.541490425175588763e+00 4.226169425781213249e+02
1.538559835013658006e+00 4.197472590417838205e+02
1.535629244851727249e+00 4.167197736353546702e+02
1.532698654689796491e+00 4.133782954866641717e+02
1.529768064527865734e+00 4.098828346757106829e+02
1.526837474365934977e+00 4.060990169639069336e+02
1.523906884204004220e+00 4.021692854416950809e+02
1.520976294042073240e+00 3.979749859225888144e+02
1.518045703880142483e+00 3.936458749371835779e+02
1.515115113718211726e+00 3.890764197515533169e+02
1.512184523556280968e+00 3.843851541130951546e+02
1.509253933394350211e+00 3.794779600984659282e+02
1.506323343232419454e+00 3.744632271598441093e+02
1.503392753070488697e+00 3.692572139448802773e+02
1.500462162908557939e+00 3.639587033109367553e+02
1.497531572746627182e+00 3.584935934195508480e+02
1.494600982584696425e+00 3.529514079772109767e+02
1.491670392422765667e+00 3.472671226468796135e+02
1.488739802260834910e+00 3.415212385497357559e+02
1.485809212098903931e+00 3.356573342886753153e+02
1.482878621936973174e+00 3.297470896418825532e+02
1.479948031775042416e+00 3.237422545178490623e+02
1.477017441613111659e+00 3.177058889959982366e+02
1.474086851451180902e+00 3.115974995050759730e+02
1.471156261289250144e+00 3.054717504600603775e+02
1.468225671127319387e+00 2.992954932624880939e+02
1.465295080965388630e+00 2.931152538478170300e+02
1.462364490803457873e+00 2.869048137659830218e+02
1.459433900641527115e+00 2.807028550019523436e+02
1.456503310479596358e+00 2.744896690002947821e+02
1.453572720317665379e+00 2.682964254251917851e+02
1.450642130155734622e+00 2.621095006316062950e+02
1.447711539993803864e+00 2.559529175772401572e+02
1.444780949831873107e+00 2.498187097062811688e+02
1.441850359669942350e+00 2.437241481938107768e+02
1.438919769508011592e+00 2.376664957873250899e+02
1.435989179346080835e+00 2.316566902240297736e+02
1.433058589184150078e+00 2.256967991535560145e+02
1.430127999022219321e+00 2.197918622364442172e+02
1.427197408860288563e+00 2.139483341134182126e+02
1.424266818698357806e+00 2.081658025696960692e+02
1.421336228536426827e+00 2.024547008463555358e+02
1.418405638374496069e+00 1.968096157072510266e+02
1.415475048212565312e+00 1.912445628174412207e+02
1.412544458050634555e+00 1.857495778231914016e+02
1.409613867888703798e+00 1.803418773539489166e+02
1.406683277726773040e+00 1.750073895291216104e+02
1.403752687564842283e+00 1.697661670504201084e+02
1.400822097402911526e+00 1.646004635663088038e+02
1.397891507240980769e+00 1.595328210516097442e+02
1.394960917079050011e+00 1.545422373064433543e+02
1.392030326917119254e+00 1.496534160213844302e+02
1.389099736755188275e+00 1.448425002468948151e+02
1.386169146593257517e+00 1.401360478652709389e+02
1.383238556431326760e+00 1.355077282820205937e+02
1.380307966269396003e+00 1.309856664915658371e+02
1.377377376107465246e+00 1.265414175782356239e+02
1.374446785945534488e+00 1.222044071441692807e+02
1.371516195783603731e+00 1.179444122197340050e+02
1.368585605621672974e+00 1.137919129669320881e+02
1.365655015459742216e+00 1.097152208531479971e+02
1.362724425297811459e+00 1.057456446462987714e+02
1.359793835135880702e+00 1.018503186597694423e+02
1.356863244973949723e+00 9.806117388266551416e+01
1.353932654812018965e+00 9.434443191930026273e+01
1.351002064650088208e+00 9.073245847000218589e+01
1.348071474488157451e+00 8.719080331137421069e+01
1.345140884326226693e+00 8.375209743781829275e+01
1.342210294164295936e+00 8.038143679729920166e+01
1.339279704002365179e+00 7.711156545362953807e+01
1.336349113840434422e+00 7.390732153660708548e+01
1.333418523678503664e+00 7.080142620948221577e+01
1.330487933516572907e+00 6.775863484478983878e+01
1.327557343354642150e+00 6.481152499903066655e+01
1.324626753192711170e+00 6.192492455761875902e+01
1.321696163030780635e+00 5.913116103017119229e+01
1.318765572868849656e+00 5.639527152443042723e+01
1.315834982706918899e+00 5.374924031671580593e+01
1.312904392544988141e+00 5.115843316057522117e+01
1.309973802383057384e+00 4.865441018056564815e+01
1.307043212221126627e+00 4.620296919823284298e+01
1.304112622059195870e+00 4.383517654154004362e+01
1.301182031897265112e+00 4.151735081885517786e+01
1.298251441735334355e+00 3.928000526185194019e+01
1.295320851573403598e+00 3.709005451040847134e+01
1.292390261411472618e+00 3.497740884058164568e+01
1.289459671249542083e+00 3.290964191586954257e+01
1.286529081087611104e+00 3.091601977381721511e+01
1.283598490925680347e+00 2.896482699894703572e+01
1.280667900763749589e+00 2.708465186382467138e+01
1.277737310601818832e+00 2.524453178753756788e+01
1.274806720439888075e+00 2.347235071790243310e+01
1.271876130277957317e+00 2.173793189054853769e+01
1.268945540116026560e+00 2.006843463692970886e+01
1.266014949954095803e+00 1.843449298864422659e+01
1.263084359792165046e+00 1.686252697454069249e+01
1.260153769630234066e+00 1.532399932984634638e+01
1.257223179468303531e+00 1.384458104873360718e+01
1.254292589306372552e+00 1.239657523420650165e+01
1.251361999144441794e+00 1.100489851827713572e+01
1.248431408982511037e+00 9.642700547999476512e+00
1.245500818820580280e+00 8.334142125906822685e+00
1.242570228658649523e+00 7.053220846095920038e+00
1.239639638496718765e+00 5.823343597631438939e+00
1.236709048334788008e+00 4.619353174429410736e+00
1.233778458172857251e+00 3.463907409481893573e+00
1.230847868010926494e+00 2.332687979463429873e+00
1.227917277848995514e+00 1.247611065744688608e+00
1.224986687687064979e+00 1.851878564250830084e-01
1.222056097525134000e+00 -8.333975406258395946e-01
1.219125507363203242e+00 -1.830816377161737174e+00
1.216194917201272485e+00 -2.786605187810954565e+00
1.213264327039341728e+00 -3.722631774078930977e+00
1.210333736877410971e+00 -4.619140337600327051e+00
1.207403146715480213e+00 -5.497211129223556370e+00
1.204472556553549456e+00 -6.337781740218841442e+00
1.201541966391618699e+00 -7.161162232946993278e+00
1.198611376229687941e+00 -7.948968276174322334e+00
1.195680786067756962e+00 -8.720758254171787627e+00
1.192750195905826427e+00 -9.458809748652090121e+00
1.189819605743895448e+00 -1.018194889950383697e+01
1.186889015581964912e+00 -1.087309837479480379e+01
1.183958425420033933e+00 -1.155037217843472597e+01
1.181027835258103176e+00 -1.219732075449952546e+01
1.178097245096172418e+00 -1.283136655391704650e+01
1.175166654934241661e+00 -1.343667014304607044e+01
1.172236064772310904e+00 -1.402998331113179198e+01
1.169305474610380147e+00 -1.459605887042041772e+01
1.166374884448449389e+00 -1.515099900248923781e+01
1.163444294286518410e+00 -1.568013078383247638e+01
1.160513704124587875e+00 -1.619892786432181708e+01
1.157583113962656896e+00 -1.669327359419730428e+01
1.154652523800726138e+00 -1.717803408763324313e+01
1.151721933638795381e+00 -1.763963106420834848e+01
1.148791343476864624e+00 -1.809234390919243651e+01
1.145860753314933866e+00 -1.852311492568616913e+01
1.142930163153003109e+00 -1.894565731523362828e+01
1.139999572991072352e+00 -1.934741656731057446e+01
1.137068982829141373e+00 -1.974155983511753476e+01
1.134138392667210837e+00 -2.011601828981221374e+01
1.131207802505280080e+00 -2.048343310898655645e+01
1.128277212343349323e+00 -2.083220417104443456e+01
1.125346622181418343e+00 -2.117446607786509460e+01
1.122416032019487586e+00 -2.149907074345353308e+01
1.119485441857556829e+00 -2.181766515046088628e+01
1.116554851695626072e+00 -2.211953699047045063e+01
1.113624261533695314e+00 -2.241586411260029976e+01
1.110693671371764557e+00 -2.269635408305389390e+01
1.107763081209833800e+00 -2.297173361166143835e+01
1.104832491047903043e+00 -2.323211463743383476e+01
1.101901900885972285e+00 -2.348779020857960376e+01
1.098971310724041306e+00 -2.372926156262048636e+01
1.096040720562110771e+00 -2.396640502398267358e+01
1.093110130400179791e+00 -2.419009648412199809e+01
1.090179540238249034e+00 -2.440981194896174600e+01
1.087248950076318277e+00 -2.461678775397552954e+01
1.084318359914387520e+00 -2.482011545226149707e+01
1.081387769752456762e+00 -2.501137805240838574e+01
1.078457179590526005e+00 -2.519929798223031270e+01
1.075526589428595248e+00 -2.537579159921280336e+01
1.072595999266664490e+00 -2.554922699372312422e+01
1.069665409104733733e+00 -2.571184098791861317e+01
1.066734818942802754e+00 -2.587166159423617984e+01
1.063804228780872219e+00 -2.602123364380882364e+01
1.060873638618941239e+00 -2.616825881683408994e+01
1.057943048457010704e+00 -2.630557792831358910e+01
1.055012458295079725e+00 -2.644057956525438158e+01
1.052081868133149190e+00 -2.656638892315862677e+01
1.049151277971218210e+00 -2.669009422655578234e+01
1.046220687809287453e+00 -2.680509386379171843e+01
1.043290097647356696e+00 -2.691818794527229741e+01
1.040359507485425938e+00 -2.702303728059715127e+01
1.037428917323495181e+00 -2.712616562931570385e+01
1.034498327161564202e+00 -2.722148584243008784e+01
1.031567736999633667e+00 -2.731525663657038905e+01
1.028637146837702687e+00 -2.740163291966767289e+01
1.025706556675772152e+00 -2.748661921192498170e+01
1.022775966513841173e+00 -2.756460287597865033e+01
1.019845376351910415e+00 -2.764134465844730215e+01
1.016914786189979658e+00 -2.771145511806853534e+01
1.013984196028048901e+00 -2.778046124274273154e+01
1.011053605866118144e+00 -2.784318790397159304e+01
1.008123015704187386e+00 -2.790493791387203970e+01
1.005192425542256629e+00 -2.796074192216445198e+01
1.002261835380325650e+00 -2.801568776984751352e+01
9.993312452183951144e-01 -2.806500366570596938e+01
9.964006550564642462e-01 -2.811357131294526113e+01
9.934700648945334889e-01 -2.815680859871249453e+01
9.905394747326026206e-01 -2.819939953777357999e+01
9.876088845706719743e-01 -2.823694413242440504e+01
9.846782944087412170e-01 -2.827393681361462185e+01
9.817477042468103487e-01 -2.830615242686413069e+01
9.788171140848795915e-01 -2.833790359722127405e+01
9.758865239229487232e-01 -2.836513303397862629e+01
9.729559337610180769e-01 -2.839197899384556933e+01
9.700253435990873196e-01 -2.841454536249365148e+01
9.670947534371564513e-01 -2.843680315520290591e+01
9.641641632752256941e-01 -2.845501101012552425e+01
9.612335731132949368e-01 -2.847297953540932980e+01
9.583029829513641795e-01 -2.848711594794045610e+01
9.553723927894334222e-01 -2.850107700769177299e+01
9.524418026275025539e-01 -2.851141258741133200e+01
9.495112124655717967e-01 -2.852163186257445915e+01
9.465806223036410394e-01 -2.852842169703426833e+01
9.436500321417102821e-01 -2.853514968822661402e+01
9.407194419797794138e-01 -2.853863423874506466e+01
9.377888518178486565e-01 -2.854210712098021929e+01
9.348582616559178993e-01 -2.854251305759211377e+01
9.319276714939871420e-01 -2.854295350886416927e+01
9.289970813320563847e-01 -2.854049450057786785e+01
9.260664911701255164e-01 -2.853811246364443477e+01
9.231359010081947591e-01 -2.853298992204132745e+01
9.202053108462641129e-01 -2.852798333320121671e+01
9.172747206843332446e-01 -2.852038711070648702e+01
9.143441305224024873e-01 -2.851294257909976437e+01
9.114135403604716190e-01 -2.850305161883150618e+01
9.084829501985409728e-01 -2.849334506407017997e+01
9.055523600366102155e-01 -2.848132802523231177e+01
9.026217698746793472e-01 -2.846952528612634836e+01
8.996911797127485899e-01 -2.845554111743170722e+01
8.967605895508178326e-01 -2.844179851512297574e+01
8.938299993888870754e-01 -2.842599700332171153e+01
8.908994092269563181e-01 -2.841046187137533963e+01
8.879688190650254498e-01 -2.839298415635721895e+01
8.850382289030946925e-01 -2.837579534838696915e+01
8.821076387411639352e-01 -2.835677440976229136e+01
8.791770485792331780e-01 -2.833806277242133120e+01
8.762464584173024207e-01 -2.831762387952824866e+01
8.733158682553715524e-01 -2.829751269463867658e+01
8.703852780934407951e-01 -2.827577384684438755e+01
8.674546879315100378e-01 -2.825437926006831546e+01
8.645240977695792806e-01 -2.823145156452196503e+01
8.615935076076485233e-01 -2.820888297540914635e+01
8.586629174457176550e-01 -2.818487107234355094e+01
8.557323272837870087e-01 -2.816123147524940862e+01
8.528017371218561404e-01 -2.813623387576950208e+01
8.498711469599253832e-01 -2.811162028961499715e+01
8.469405567979946259e-01 -2.808572966654392999e+01
8.440099666360638686e-01 -2.806023340295699597e+01
8.410793764741331113e-01 -2.803353698278882078e+01
8.381487863122022430e-01 -2.800724395234085407e+01
8.352181961502714858e-01 -2.797982379405183195e+01
8.322876059883407285e-01 -2.795281484692817386e+01
8.293570158264099712e-01 -2.792474810974297839e+01
8.264264256644792139e-01 -2.789709927823401614e+01
8.234958355025483456e-01 -2.786845849702410405e+01
8.205652453406175884e-01 -2.784024127287239381e+01
8.176346551786868311e-01 -2.781109461718390108e+01
8.147040650167560738e-01 -2.778237619355931542e+01
8.117734748548253165e-01 -2.775278769782207888e+01
8.088428846928944482e-01 -2.772363121060779534e+01
8.059122945309636910e-01 -2.769366100305706979e+01
8.029817043690330447e-01 -2.766412573950790232e+01
8.000511142071021764e-01 -2.763383025951128857e+01
7.971205240451714191e-01 -2.760397187734963609e+01
7.941899338832405508e-01 -2.757340406688760837e+01
7.912593437213099046e-01 -2.754327478750761315e+01
7.883287535593791473e-01 -2.751248428815586777e+01
7.853981633974482790e-01 -2.748213308432489654e+01
7.824675732355174107e-01 -2.745116641365562060e+01
7.795369830735867644e-01 -2.742063918092856412e+01
7.766063929116560072e-01 -2.738953989933442656e+01
7.736758027497251389e-01 -2.735887962967945342e+01
7.707452125877944926e-01 -2.732768851005297606e+01
7.678146224258636243e-01 -2.729693543891121621e+01
7.648840322639328670e-01 -2.726569060881575624e+01
7.619534421020019987e-01 -2.723488238130573791e+01
7.590228519400713525e-01 -2.720361946943077314e+01
7.560922617781404842e-01 -2.717279125621232794e+01
7.531616716162097269e-01 -2.714154353483565529e+01
7.502310814542790807e-01 -2.711072819131652878e+01
7.473004912923482124e-01 -2.707952668901354798e+01
7.443699011304173441e-01 -2.704875486405017071e+01
7.414393109684866978e-01 -2.701762849858041449e+01
7.385087208065558295e-01 -2.698692875927382318e+01
7.355781306446250722e-01 -2.695590445346433839e+01
7.326475404826942039e-01 -2.692530339483472446e+01
7.297169503207635577e-01 -2.689440617824335433e+01
7.267863601588326894e-01 -2.686392854042208000e+01
7.238557699969019321e-01 -2.683318165897156149e+01
7.209251798349712859e-01 -2.680285041269440072e+01
7.179945896730404176e-01 -2.677227542436266106e+01
7.150639995111095493e-01 -2.674211188465213596e+01
7.121334093491789030e-01 -2.671172874396196306e+01
7.092028191872481457e-01 -2.668175264415483738e+01
7.062722290253172774e-01 -2.665157980740217525e+01
7.033416388633864091e-01 -2.662180939466673024e+01
7.004110487014557629e-01 -2.659186388814104873e+01
6.974804585395250056e-01 -2.656231600816282423e+01
6.945498683775941373e-01 -2.653261350652564587e+01
6.916192782156634911e-01 -2.650330367181135216e+01
6.886886880537326228e-01 -2.647385858282786586e+01
6.857580978918018655e-01 -2.644480104927724540e+01
6.828275077298712192e-01 -2.641562657500589140e+01
6.798969175679403509e-01 -2.638683441731205548e+01
6.769663274060094826e-01 -2.635794262665156040e+01
6.740357372440787254e-01 -2.632942779365105324e+01
6.711051470821480791e-01 -2.630082968456826720e+01
6.681745569202172108e-01 -2.627260307494951519e+01
6.652439667582863425e-01 -2.624430862891784599e+01
6.623133765963556963e-01 -2.621638013933810285e+01
6.593827864344249390e-01 -2.618839838818594856e+01
6.564521962724940707e-01 -2.616077697244055855e+01
6.535216061105634244e-01 -2.613311604899542928e+01
6.505910159486325561e-01 -2.610580977275879633e+01
6.476604257867017989e-01 -2.607847695657835985e+01
6.447298356247709306e-01 -2.605149304780037411e+01
6.417992454628402843e-01 -2.602449482257214441e+01
6.388686553009094160e-01 -2.599783971738414934e+01
6.359380651389786587e-01 -2.597118180707922974e+01
6.330074749770479015e-01 -2.594486119743761066e+01
6.300768848151171442e-01 -2.591854862422572481e+01
6.271462946531862759e-01 -2.589256750284575048e+01
6.242157044912556296e-01 -2.586660461047870285e+01
6.212851143293247613e-01 -2.584096730914070150e+01
6.183545241673940041e-01 -2.581535782009728308e+01
6.154239340054631358e-01 -2.579006804383316620e+01
6.124933438435324895e-01 -2.576481508549648680e+01
6.095627536816016212e-01 -2.573987596160985092e+01
6.066321635196708639e-01 -2.571498210595233047e+01
6.037015733577402177e-01 -2.569039620797926204e+01
6.007709831958093494e-01 -2.566586350282749862e+01
5.978403930338784811e-01 -2.564163289146045344e+01
5.949098028719478348e-01 -2.561746289455725289e+01
5.919792127100170775e-01 -2.559358913575270122e+01
5.890486225480862092e-01 -2.556978295464161022e+01
5.861180323861553410e-01 -2.554626718600880508e+01
5.831874422242246947e-01 -2.552282546068935432e+01
5.802568520622939374e-01 -2.549966832422198593e+01
5.773262619003630691e-01 -2.547659140634632280e+01
5.743956717384324229e-01 -2.545379306647298279e+01
5.714650815765015546e-01 -2.543108089368527303e+01
5.685344914145706863e-01 -2.540864161430793189e+01
5.656039012526399290e-01 -2.538629341737024703e+01
5.626733110907091717e-01 -2.536421258280383384e+01
5.597427209287784144e-01 -2.534222772645697930e+01
5.568121307668476572e-01 -2.532050458137798543e+01
5.538815406049168999e-01 -2.529888196510657750e+01
5.509509504429861426e-01 -2.527751543955739066e+01
5.480203602810553853e-01 -2.525625366494119106e+01
5.450897701191246281e-01 -2.523524240776668748e+01
5.421591799571938708e-01 -2.521433981143736958e+01
5.392285897952628915e-01 -2.519368220749657183e+01
5.362979996333321342e-01 -2.517313687465309968e+01
5.333674094714015990e-01 -2.515283106398814539e+01
5.304368193094706196e-01 -2.513264084902428763e+01
5.275062291475398624e-01 -2.511268473983706428e+01
5.245756389856091051e-01 -2.509284728294391442e+01
5.216450488236783478e-01 -2.507323857144078971e+01
5.187144586617475905e-01 -2.505375131555968338e+01
5.157838684998168333e-01 -2.503448750448542981e+01
5.128532783378860760e-01 -2.501534770555580778e+01
5.099226881759553187e-01 -2.499642611037003093e+01
5.069920980140243394e-01 -2.497763085949862116e+01
5.040615078520938042e-01 -2.495904863228259529e+01
5.011309176901628248e-01 -2.494059486529755532e+01
4.982003275282320676e-01 -2.492234900302973344e+01
4.952697373663013103e-01 -2.490423351446174038e+01
4.923391472043705530e-01 -2.488632087706286100e+01
4.894085570424397957e-01 -2.486854032758320798e+01
4.864779668805090385e-01 -2.485095764226786486e+01
4.835473767185782812e-01 -2.483350857505539366e+01
4.806167865566475239e-01 -2.481625245273258074e+01
4.776861963947165446e-01 -2.479913130403591381e+01
4.747556062327860094e-01 -2.478219824667376869e+01
4.718250160708550300e-01 -2.476540135277751631e+01
4.688944259089242728e-01 -2.474878776211559384e+01
4.659638357469937375e-01 -2.473231137180440697e+01
4.630332455850627582e-01 -2.471601356422555540e+01
4.601026554231320009e-01 -2.469985385129489686e+01
4.571720652612012437e-01 -2.468386806838372394e+01
4.542414750992704864e-01 -2.466802113645267269e+01
4.513108849373397291e-01 -2.465234355276838940e+01
4.483802947754087498e-01 -2.463680544159890573e+01
4.454497046134782146e-01 -2.462143216729347017e+01
4.425191144515474573e-01 -2.460619886266413303e+01
4.395885242896164780e-01 -2.459112594979022148e+01
4.366579341276859427e-01 -2.457619339017222870e+01
4.337273439657549634e-01 -2.456141684766881994e+01
4.307967538038242061e-01 -2.454678093425521368e+01
4.278661636418936709e-01 -2.453229673070562100e+01
4.249355734799626916e-01 -2.451795333145966538e+01
4.220049833180319343e-01 -2.450375740504378896e+01
4.190743931561011770e-01 -2.448970236116392130e+01
4.161438029941704198e-01 -2.447579062133543459e+01
4.132132128322396625e-01 -2.446201974750725583e+01
4.102826226703086832e-01 -2.444838808170711175e+01
4.073520325083781479e-01 -2.443489718135300492e+01
4.044214423464473906e-01 -2.442154145552957090e+01
4.014908521845164113e-01 -2.440832632009819392e+01
3.985602620225858761e-01 -2.439524239657686877e+01
3.956296718606548968e-01 -2.438229881388260267e+01
3.926990816987241395e-01 -2.436948254718362605e+01
3.897684915367933822e-01 -2.435680629750477877e+01
3.868379013748626249e-01 -2.434425353846997808e+01
3.839073112129318677e-01 -2.433184040697994988e+01
3.809767210510008884e-01 -2.431954700705850669e+01
3.780461308890703531e-01 -2.430739278707618212e+01
3.751155407271395958e-01 -2.429535460643824862e+01
3.721849505652086165e-01 -2.428345510107643079e+01
3.692543604032780813e-01 -2.427166800379020373e+01
3.663237702413471020e-01 -2.426001902991339421e+01
3.633931800794163447e-01 -2.424847889991387717e+01
3.604625899174855874e-01 -2.423707628934596769e+01
3.575319997555548301e-01 -2.422577902393913618e+01
3.546014095936240729e-01 -2.421461862983909796e+01
3.516708194316933156e-01 -2.420356014688904978e+01
3.487402292697625583e-01 -2.419263784383253224e+01
3.458096391078318010e-01 -2.418181407980950937e+01
3.428790489459008217e-01 -2.417112576672538182e+01
3.399484587839702865e-01 -2.416053268386168895e+01
3.370178686220395292e-01 -2.415007428817544977e+01
3.340872784601085499e-01 -2.413970787931554440e+01
3.311566882981777926e-01 -2.412947535896665485e+01
3.282260981362470353e-01 -2.411933164042211075e+01
3.252955079743162781e-01 -2.410932098342830798e+01
3.223649178123855208e-01 -2.409939600525451908e+01
3.194343276504547635e-01 -2.408960323567091066e+01
3.165037374885240062e-01 -2.407989308047098831e+01
3.135731473265932490e-01 -2.407031425398310631e+01
3.106425571646622696e-01 -2.406081503914542097e+01
3.077119670027317344e-01 -2.405144624825366151e+01
3.047813768408007551e-01 -2.404215411955368609e+01
3.018507866788699978e-01 -2.403299151108659260e+01
2.989201965169392405e-01 -2.402390267573876059e+01
2.959896063550084833e-01 -2.401494239973615663e+01
2.930590161930777260e-01 -2.400605305124227939e+01
2.901284260311469687e-01 -2.399729135330769836e+01
2.871978358692162114e-01 -2.398859782795610229e+01
2.842672457072854542e-01 -2.398003093508505756e+01
2.813366555453544748e-01 -2.397152948654637683e+01
2.784060653834239396e-01 -2.396315371681135886e+01
2.754754752214929603e-01 -2.395484072189251279e+01
2.725448850595622030e-01 -2.394665241146683243e+01
2.696142948976316678e-01 -2.393852426569686287e+01
2.666837047357006885e-01 -2.393051980244676713e+01
2.637531145737699312e-01 -2.392257294730644190e+01
2.608225244118391739e-01 -2.391474876299700725e+01
2.578919342499084166e-01 -2.390697968011100727e+01
2.549613440879776594e-01 -2.389933225853263821e+01
2.520307539260466800e-01 -2.389173747877851284e+01
2.491001637641161448e-01 -2.388426334513150096e+01
2.461695736021853875e-01 -2.387683944899386645e+01
2.432389834402544082e-01 -2.386953518120358808e+01
2.403083932783238730e-01 -2.386227878772867683e+01
2.373778031163928937e-01 -2.385514100637288237e+01
2.344472129544621364e-01 -2.384804878923145566e+01
2.315166227925316011e-01 -2.384107416099040577e+01
2.285860326306006218e-01 -2.383414283492915331e+01
2.256554424686698646e-01 -2.382732807981476952e+01
2.227248523067391073e-01 -2.382055441259999284e+01
2.197942621448083500e-01 -2.381389629242964290e+01
2.168636719828775927e-01 -2.380727709460611052e+01
2.139330818209466134e-01 -2.380077242428373907e+01
2.110024916590160782e-01 -2.379430455530889432e+01
2.080719014970853209e-01 -2.378795019458394222e+01
2.051413113351543416e-01 -2.378163056097304207e+01
2.022107211732238063e-01 -2.377542342166206879e+01
1.992801310112928270e-01 -2.376924897720621033e+01
1.963495408493620697e-01 -2.376318602117629197e+01
1.934189506874313125e-01 -2.375715376843026050e+01
1.904883605255005552e-01 -2.375123200403141510e+01
1.875577703635697979e-01 -2.374533899529644287e+01
1.846271802016388186e-01 -2.373955547557546453e+01
1.816965900397082834e-01 -2.373379880379176754e+01
1.787659998777775261e-01 -2.372815063484673104e+01
1.758354097158465468e-01 -2.372252744831375537e+01
1.729048195539160115e-01 -2.371701178257583464e+01
1.699742293919850322e-01 -2.371151927193554343e+01
1.670436392300542749e-01 -2.370613330623674031e+01
1.641130490681235177e-01 -2.370076870912085099e+01
1.611824589061927604e-01 -2.369550969426035536e+01
1.582518687442620031e-01 -2.369027029614218804e+01
1.553212785823312458e-01 -2.368513552226335150e+01
1.523906884204004886e-01 -2.368001865421436847e+01
1.494600982584697313e-01 -2.367500546442925469e+01
1.465295080965387520e-01 -2.367000850671784917e+01
1.435989179346082167e-01 -2.366511428774556336e+01
1.406683277726774595e-01 -2.366023466626676353e+01
1.377377376107464801e-01 -2.365545685825238920e+01
1.348071474488157229e-01 -2.365069204532384006e+01
1.318765572868849656e-01 -2.364602812183498415e+01
1.289459671249542083e-01 -2.364137562911329837e+01
1.260153769630234510e-01 -2.363682311665564484e+01
1.230847868010926938e-01 -2.363228050041083961e+01
1.201541966391619365e-01 -2.362783696781719911e+01
1.172236064772311792e-01 -2.362340183307765429e+01
1.142930163153004219e-01 -2.361906489598607450e+01
1.113624261533696647e-01 -2.361473488855746439e+01
1.084318359914386853e-01 -2.361050220743347339e+01
1.055012458295079281e-01 -2.360627502073312556e+01
1.025706556675771708e-01 -2.360214429536356917e+01
9.964006550564641351e-02 -2.359801765733813284e+01
9.670947534371565624e-02 -2.359398663691619902e+01
9.377888518178489896e-02 -2.358995832981365837e+01
9.084829501985414169e-02 -2.358602480395763479e+01
8.791770485792338441e-02 -2.358209264530430005e+01
8.498711469599262713e-02 -2.357825444002419957e+01
8.205652453406186986e-02 -2.357441628919526622e+01
7.912593437213089054e-02 -2.357067127790223537e+01
7.619534421020013326e-02 -2.356692503807052219e+01
7.326475404826959803e-02 -2.356327113110966920e+01
7.033416388633861871e-02 -2.355961474292973534e+01
6.740357372440786143e-02 -2.355604990028889745e+01
6.447298356247710416e-02 -2.355248134327482745e+01
6.154239340054634688e-02 -2.354900355012473412e+01
5.861180323861558961e-02 -2.354552084288453528e+01
5.568121307668461029e-02 -2.354212814104142382e+01
5.275062291475407505e-02 -2.353872934298906827e+01
4.982003275282331778e-02 -2.353541980610455298e+01
4.688944259089233846e-02 -2.353210302156353251e+01
4.395885242896180323e-02 -2.352887475363694136e+01
4.102826226703082391e-02 -2.352563811292640139e+01
3.809767210510006663e-02 -2.352248926793890149e+01
3.516708194316953140e-02 -2.351933094737326968e+01
3.223649178123855208e-02 -2.351625970875898730e+01
2.930590161930779480e-02 -2.351317792020617858e+01
2.637531145737703753e-02 -2.351018250854446734e+01
2.344472129544628025e-02 -2.350717549445539234e+01
2.051413113351552298e-02 -2.350425417160201746e+01
1.758354097158454366e-02 -2.350132022301976775e+01
1.465295080965400842e-02 -2.349847126953142862e+01
1.172236064772325115e-02 -2.349560870500419796e+01
8.791770485792271828e-03 -2.349283047875691111e+01
5.861180323861736596e-03 -2.349003763792095612e+01
2.930590161930757276e-03 -2.348732847917093736e+01
0.000000000000000000e+00 -2.348460373007071667e+01
-2.930590161930757276e-03 -2.348196205976120154e+01
-5.861180323861736596e-03 -2.347930385073253845e+01
-8.791770485792049783e-03 -2.347672808848674464e+01
-1.172236064772302910e-02 -2.347413486424586182e+01
-1.465295080965378638e-02 -2.347162347584014697e+01
-1.758354097158454366e-02 -2.346909371941313438e+01
-2.051413113351552298e-02 -2.346664520211946225e+01
-2.344472129544628025e-02 -2.346417743271383216e+01
-2.637531145737703753e-02 -2.346179031252277269e+01
-2.930590161930757276e-02 -2.345938307539121936e+01
-3.223649178123833003e-02 -2.345705591499531906e+01
-3.516708194316930935e-02 -2.345470778974009463e+01
-3.809767210510006663e-02 -2.345243918140567274e+01
-4.102826226703082391e-02 -2.345014877714568513e+01
-4.395885242896180323e-02 -2.344793734289757126e+01
-4.688944259089256050e-02 -2.344570330079864817e+01
-4.982003275282309573e-02 -2.344354768904255693e+01
-5.275062291475385301e-02 -2.344136867487256026e+01
-5.568121307668461029e-02 -2.343926756915666942e+01
-5.861180323861558961e-02 -2.343714227933221395e+01
-6.154239340054634688e-02 -2.343509438732755612e+01
-6.447298356247710416e-02 -2.343302154691653527e+01
-6.740357372440763939e-02 -2.343102560452570415e+01
-7.033416388633839667e-02 -2.342900396783198147e+01
-7.326475404826937599e-02 -2.342705874004801814e+01
-7.619534421020013326e-02 -2.342508708773639370e+01
-7.912593437213089054e-02 -2.342319136571952143e+01
-8.205652453406186986e-02 -2.342126850365485424e+01
-8.498711469599262713e-02 -2.341942110524233556e+01
-8.791770485792316236e-02 -2.341754586456413989e+01
-9.084829501985391964e-02 -2.341574563454952695e+01
-9.377888518178489896e-02 -2.341391687268633959e+01
-9.670947534371565624e-02 -2.341216268025153369e+01
-9.964006550564641351e-02 -2.341037928329502193e+01
-1.025706556675771708e-01 -2.340867002304957722e+01
-1.055012458295081501e-01 -2.340693089863450638e+01
-1.084318359914386853e-01 -2.340526549102068188e+01
-1.113624261533694426e-01 -2.340356957141586491e+01
-1.142930163153001999e-01 -2.340194696290156529e+01
-1.172236064772311792e-01 -2.340029320513603395e+01
-1.201541966391619365e-01 -2.339871236243685360e+01
-1.230847868010926938e-01 -2.339709974856563690e+01
-1.260153769630232290e-01 -2.339555966221453076e+01
-1.289459671249539863e-01 -2.339398719276993077e+01
-1.318765572868849656e-01 -2.339248687487112477e+01
-1.348071474488157229e-01 -2.339095357449000545e+01
-1.377377376107464801e-01 -2.338949206050927643e+01
-1.406683277726774595e-01 -2.338799697502529895e+01
-1.435989179346082167e-01 -2.338657332292035207e+01
-1.465295080965387520e-01 -2.338511552353511647e+01
-1.494600982584695092e-01 -2.338372881375914147e+01
-1.523906884204002665e-01 -2.338230739093613408e+01
-1.553212785823312458e-01 -2.338095672333815145e+01
-1.582518687442620031e-01 -2.337957078594736871e+01
-1.611824589061927604e-01 -2.337825528537436170e+01
-1.641130490681237397e-01 -2.337690396369894685e+01
-1.670436392300540529e-01 -2.337562276515529547e+01
-1.699742293919850322e-01 -2.337430521429369534e+01
-1.729048195539157895e-01 -2.337305747916464327e+01
-1.758354097158465468e-01 -2.337177286609684757e+01
-1.787659998777775261e-01 -2.337055777645597843e+01
-1.816965900397082834e-01 -2.336930529178610172e+01
-1.846271802016390406e-01 -2.336812204596976628e+01
-1.875577703635695759e-01 -2.336690089595857245e+01
-1.904883605255003332e-01 -2.336574871066300219e+01
-1.934189506874313125e-01 -2.336455812215089978e+01
-1.963495408493620697e-01 -2.336343623591668361e+01
-1.992801310112928270e-01 -2.336227545024963348e+01
-2.022107211732238063e-01 -2.336118311666150049e+01
-2.051413113351541195e-01 -2.336005139919497964e+01
-2.080719014970850989e-01 -2.335898788973359430e+01
-2.110024916590158561e-01 -2.335788451891232498e+01
-2.139330818209466134e-01 -2.335684912089834242e+01
-2.168636719828775927e-01 -2.335577339396555629e+01
-2.197942621448083500e-01 -2.335476541363029668e+01
-2.227248523067391073e-01 -2.335371664024269478e+01
-2.256554424686696425e-01 -2.335273539677910293e+01
-2.285860326306003998e-01 -2.335171290745786621e+01
-2.315166227925313791e-01 -2.335075773807217203e+01
-2.344472129544621364e-01 -2.334976087310468884e+01
-2.373778031163928937e-01 -2.334883113201874494e+01
-2.403083932783238730e-01 -2.334785925209832413e+01
-2.432389834402546303e-01 -2.334695430841517449e+01
-2.461695736021851655e-01 -2.334600678673156082e+01
-2.491001637641159228e-01 -2.334512602334290676e+01
-2.520307539260466800e-01 -2.334420225157085937e+01
-2.549613440879776594e-01 -2.334334506933446463e+01
-2.578919342499084166e-01 -2.334244445119475486e+01
-2.608225244118391739e-01 -2.334161025309330029e+01
-2.637531145737697091e-01 -2.334073220081388556e+01
-2.666837047357004664e-01 -2.333992043609539735e+01
-2.696142948976314457e-01 -2.333906447532458728e+01
-2.725448850595622030e-01 -2.333827447038246206e+01
-2.754754752214929603e-01 -2.333743987350207760e+01
-2.784060653834239396e-01 -2.333667125465319359e+01
-2.813366555453546969e-01 -2.333585756204173833e+01
-2.842672457072852321e-01 -2.333510972745914458e+01
-2.871978358692159894e-01 -2.333431641059380368e+01
-2.901284260311469687e-01 -2.333358883412132911e+01
-2.930590161930777260e-01 -2.333281537755154034e+01
-2.959896063550084833e-01 -2.333210754950391319e+01
-2.989201965169392405e-01 -2.333135344987500304e+01
-3.018507866788702199e-01 -2.333066487550285828e+01
-3.047813768408007551e-01 -2.332992964043061335e+01
-3.077119670027315124e-01 -2.332925983617743526e+01
-3.106425571646622696e-01 -2.332854298587668396e+01
-3.135731473265932490e-01 -2.332789147918300898e+01
-3.165037374885240062e-01 -2.332719254544149834e+01
-3.194343276504547635e-01 -2.332655887849610110e+01
-3.223649178123852987e-01 -2.332587740265734411e+01
-3.252955079743160560e-01 -2.332526112463822798e+01
-3.282260981362470353e-01 -2.332459666418904831e+01
-3.311566882981777926e-01 -2.332399733338338521e+01
-3.340872784601085499e-01 -2.332334945134376980e+01
-3.370178686220395292e-01 -2.332276664484755813e+01
-3.399484587839702865e-01 -2.332213491604111510e+01
-3.428790489459008217e-01 -2.332156821428164406e+01
-3.458096391078315790e-01 -2.332095222415963676e+01
-3.487402292697623363e-01 -2.332040122136417892e+01
-3.516708194316933156e-01 -2.331980056566473181e+01
-3.546014095936240729e-01 -2.331926486409894395e+01
-3.575319997555548301e-01 -2.331867914764806571e+01
-3.604625899174858095e-01 -2.331815836307788459e+01
-3.633931800794161227e-01 -2.331758720034335752e+01
-3.663237702413471020e-01 -2.331708095352185239e+01
-3.692543604032778592e-01 -2.331652397048333469e+01
-3.721849505652086165e-01 -2.331603189252022190e+01
-3.751155407271395958e-01 -2.331548872062937505e+01
-3.780461308890703531e-01 -2.331501045544561990e+01
-3.809767210510008884e-01 -2.331448073760259732e+01
-3.839073112129316456e-01 -2.331401593353159285e+01
-3.868379013748624029e-01 -2.331349932286183346e+01
-3.897684915367933822e-01 -2.331304763682788206e+01
-3.926990816987241395e-01 -2.331254379146212230e+01
-3.956296718606548968e-01 -2.331210489306301881e+01
-3.985602620225858761e-01 -2.331161347886157742e+01
-4.014908521845161893e-01 -2.331118704410114972e+01
-4.044214423464471686e-01 -2.331070773869284452e+01
-4.073520325083779259e-01 -2.331029345230867023e+01
-4.102826226703086832e-01 -2.330982594012059295e+01
-4.132132128322396625e-01 -2.330942349076156361e+01
-4.161438029941704198e-01 -2.330896746555509935e+01
-4.190743931561011770e-01 -2.330857655405933215e+01
-4.220049833180317123e-01 -2.330813171320106747e+01
-4.249355734799624695e-01 -2.330775204475055062e+01
-4.278661636418934489e-01 -2.330731809530141163e+01
-4.307967538038242061e-01 -2.330694938564406016e+01
-4.337273439657551855e-01 -2.330652604159537589e+01
-4.366579341276857207e-01 -2.330616801082233280e+01
-4.395885242896167000e-01 -2.330575499128185868e+01
-4.425191144515472352e-01 -2.330540737166646892e+01
-4.454497046134782146e-01 -2.330500440617144164e+01
-4.483802947754087498e-01 -2.330466692981878296e+01
-4.513108849373397291e-01 -2.330427375402086554e+01
-4.542414750992707084e-01 -2.330394616275560082e+01
-4.571720652612012437e-01 -2.330356251904350628e+01
-4.601026554231317789e-01 -2.330324455925752858e+01
-4.630332455850627582e-01 -2.330287019188954289e+01
-4.659638357469932934e-01 -2.330256162322671543e+01
-4.688944259089242728e-01 -2.330219628484102401e+01
-4.718250160708552521e-01 -2.330189686746708944e+01
-4.747556062327857873e-01 -2.330154032054750246e+01
-4.776861963947167666e-01 -2.330124982185299132e+01
-4.806167865566473019e-01 -2.330090183196621823e+01
-4.835473767185782812e-01 -2.330062002713373914e+01
-4.864779668805088164e-01 -2.330028036529242996e+01
-4.894085570424397957e-01 -2.330000703049675082e+01
-4.923391472043707751e-01 -2.329967547304527287e+01
-4.952697373663013103e-01 -2.329941039455003349e+01
-4.982003275282322896e-01 -2.329908672467307085e+01
-5.011309176901628248e-01 -2.329882969275449511e+01
-5.040615078520933601e-01 -2.329851370106900887e+01
-5.069920980140243394e-01 -2.329826451276989374e+01
-5.099226881759553187e-01 -2.329795599211276169e+01
-5.128532783378858539e-01 -2.329771444696691063e+01
-5.157838684998168333e-01 -2.329741319443346015e+01
-5.187144586617473685e-01 -2.329717909886079141e+01
-5.216450488236783478e-01 -2.329688491530930250e+01
-5.245756389856088830e-01 -2.329665808338394584e+01
-5.275062291475398624e-01 -2.329637077939779743e+01
-5.304368193094708417e-01 -2.329615102406867777e+01
-5.333674094714013769e-01 -2.329587041232811373e+01
-5.362979996333323562e-01 -2.329565755614992284e+01
-5.392285897952628915e-01 -2.329538345321304860e+01
-5.421591799571934267e-01 -2.329517732527759932e+01
-5.450897701191244060e-01 -2.329490957685528940e+01
-5.480203602810553853e-01 -2.329470997888432393e+01
-5.509509504429859206e-01 -2.329444837543972469e+01
-5.538815406049168999e-01 -2.329425518933739525e+01
-5.568121307668478792e-01 -2.329399957114946318e+01
-5.597427209287784144e-01 -2.329381261998462449e+01
-5.626733110907089497e-01 -2.329356282500594588e+01
-5.656039012526399290e-01 -2.329338194564142484e+01
-5.685344914145709083e-01 -2.329313781460103172e+01
-5.714650815765014435e-01 -2.329296285549089163e+01
-5.743956717384324229e-01 -2.329272423113729573e+01
-5.773262619003629581e-01 -2.329255504499255736e+01
-5.802568520622939374e-01 -2.329232177626382594e+01
-5.831874422242244727e-01 -2.329215821899858696e+01
-5.861180323861554520e-01 -2.329193015381201093e+01
-5.890486225480859872e-01 -2.329177208517510067e+01
-5.919792127100169665e-01 -2.329154907888131376e+01
-5.949098028719479458e-01 -2.329139636201212937e+01
-5.978403930338784811e-01 -2.329117827174744804e+01
-6.007709831958090163e-01 -2.329103077254313447e+01
-6.037015733577399956e-01 -2.329081746199276282e+01
-6.066321635196709749e-01 -2.329067505326796805e+01
-6.095627536816015102e-01 -2.329046638398792268e+01
-6.124933438435324895e-01 -2.329032893840076923e+01
-6.154239340054634688e-01 -2.329012478192446878e+01
-6.183545241673940041e-01 -2.328999217745541728e+01
-6.212851143293245393e-01 -2.328979240200528267e+01
-6.242157044912555186e-01 -2.328966451698087070e+01
-6.271462946531864979e-01 -2.328946899966219419e+01
-6.300768848151170332e-01 -2.328934572087908350e+01
-6.330074749770480125e-01 -2.328915433535513202e+01
-6.359380651389785477e-01 -2.328903555146126436e+01
-6.388686553009090829e-01 -2.328884818222079645e+01
-6.417992454628400623e-01 -2.328873378242356296e+01
-6.447298356247710416e-01 -2.328855030925953784e+01
-6.476604257867015768e-01 -2.328844019093017437e+01
-6.505910159486325561e-01 -2.328826050293132965e+01
-6.535216061105635355e-01 -2.328815455891409059e+01
-6.564521962724940707e-01 -2.328797854465585715e+01
-6.593827864344246059e-01 -2.328787667247218351e+01
-6.623133765963555852e-01 -2.328770422031061926e+01
-6.652439667582865646e-01 -2.328760632705046518e+01
-6.681745569202170998e-01 -2.328743733010641748e+01
-6.711051470821480791e-01 -2.328734331814662184e+01
-6.740357372440790584e-01 -2.328717767457071730e+01
-6.769663274060091496e-01 -2.328708745440958694e+01
-6.798969175679401289e-01 -2.328692506362392223e+01
-6.828275077298711082e-01 -2.328683854384369667e+01
-6.857580978918016434e-01 -2.328667930815295861e+01
-6.886886880537326228e-01 -2.328659640452544366e+01
-6.916192782156636021e-01 -2.328644022730940932e+01
-6.945498683775941373e-01 -2.328636085592725991e+01
-6.974804585395246725e-01 -2.328620764509674146e+01
-7.004110487014556519e-01 -2.328613171896968126e+01
-7.033416388633866312e-01 -2.328598137854363159e+01
-7.062722290253171664e-01 -2.328590882107590332e+01
-7.092028191872481457e-01 -2.328576125886478465e+01
-7.121334093491791251e-01 -2.328569199435609960e+01
-7.150639995111092162e-01 -2.328554712613732036e+01
-7.179945896730401955e-01 -2.328548107809751500e+01
-7.209251798349711748e-01 -2.328533881993156740e+01
-7.238557699969017101e-01 -2.328527591966485488e+01
-7.267863601588326894e-01 -2.328513618566844912e+01
-7.297169503207636687e-01 -2.328507635936574616e+01
-7.326475404826942039e-01 -2.328493906919728929e+01
-7.355781306446247392e-01 -2.328488225132911538e+01
-7.385087208065557185e-01 -2.328474732210447584e+01
-7.414393109684866978e-01 -2.328469344469478131e+01
-7.443699011304172330e-01 -2.328456079829328473e+01
-7.473004912923482124e-01 -2.328450980016696548e+01
-7.502310814542791917e-01 -2.328437936017019894e+01
-7.531616716162097269e-01 -2.328433117547270825e+01
-7.560922617781402622e-01 -2.328420286837434006e+01
-7.590228519400712415e-01 -2.328415744117139141e+01
-7.619534421020017767e-01 -2.328403118791214155e+01
-7.648840322639327560e-01 -2.328398846265670130e+01
-7.678146224258637353e-01 -2.328386419417954656e+01
-7.707452125877942706e-01 -2.328382411107424588e+01
-7.736758027497248058e-01 -2.328370175682596965e+01
-7.766063929116557851e-01 -2.328366426463466965e+01
-7.795369830735867644e-01 -2.328354375629251294e+01
-7.824675732355172997e-01 -2.328350880260343558e+01
-7.853981633974482790e-01 -2.328339006918407605e+01
-7.883287535593792583e-01 -2.328335760706392321e+01
-7.912593437213097936e-01 -2.328324058850552092e+01
-7.941899338832403288e-01 -2.328321056305152936e+01
-7.971205240451713081e-01 -2.328309519239401482e+01
-8.000511142071022874e-01 -2.328306755812394258e+01
-8.029817043690328227e-01 -2.328295376918807591e+01
-8.059122945309638020e-01 -2.328292848213049027e+01
-8.088428846928947813e-01 -2.328281621103911903e+01
-8.117734748548253165e-01 -2.328279322791314243e+01
-8.147040650167558518e-01 -2.328268241133651628e+01
-8.176346551786868311e-01 -2.328266169858714463e+01
-8.205652453406173663e-01 -2.328255228120225340e+01
-8.234958355025483456e-01 -2.328253378747378122e+01
-8.264264256644793250e-01 -2.328242571182199327e+01
-8.293570158264098602e-01 -2.328240940208302590e+01
-8.322876059883403954e-01 -2.328230260738120094e+01
-8.352181961502713747e-01 -2.328228843760960842e+01
-8.381487863122023541e-01 -2.328218285203869797e+01
-8.410793764741328893e-01 -2.328217081542668154e+01
-8.440099666360638686e-01 -2.328206639439778414e+01
-8.469405567979948479e-01 -2.328205644130972374e+01
-8.498711469599253832e-01 -2.328195312552529472e+01
-8.528017371218559184e-01 -2.328194522217694740e+01
-8.557323272837868977e-01 -2.328184295994926245e+01
-8.586629174457174329e-01 -2.328183707923906098e+01
-8.615935076076484123e-01 -2.328173581447096652e+01
-8.645240977695793916e-01 -2.328173192501846245e+01
-8.674546879315099268e-01 -2.328163160470682413e+01
-8.703852780934409061e-01 -2.328162968091906393e+01
-8.733158682553714414e-01 -2.328153025044964508e+01
-8.762464584173024207e-01 -2.328153026594186059e+01
-8.791770485792329559e-01 -2.328143167134410518e+01
-8.821076387411639352e-01 -2.328143360143887719e+01
-8.850382289030949146e-01 -2.328133579301269762e+01
-8.879688190650254498e-01 -2.328133961702861399e+01
-8.908994092269559850e-01 -2.328124254151417460e+01
-8.938299993888869643e-01 -2.328124824106360435e+01
-8.967605895508174996e-01 -2.328115185450031177e+01
-8.996911797127484789e-01 -2.328115940530071981e+01
-9.026217698746794582e-01 -2.328106365222255292e+01
-9.055523600366099934e-01 -2.328107303902379499e+01
-9.084829501985409728e-01 -2.328097786571279926e+01
-9.114135403604715080e-01 -2.328098907032058307e+01
-9.143441305224024873e-01 -2.328089442998181369e+01
-9.172747206843330225e-01 -2.328090743854394518e+01
-9.202053108462640019e-01 -2.328081328207212408e+01
-9.231359010081949812e-01 -2.328082808100985801e+01
-9.260664911701255164e-01 -2.328073435988440920e+01
-9.289970813320564957e-01 -2.328075093673015772e+01
-9.319276714939870310e-01 -2.328065759914815658e+01
-9.348582616559175662e-01 -2.328067594390240558e+01
-9.377888518178485455e-01 -2.328058294207918877e+01
-9.407194419797795248e-01 -2.328060304731408792e+01
-9.436500321417100601e-01 -2.328051033120198454e+01
-9.465806223036410394e-01 -2.328053218790363843e+01
-9.495112124655720187e-01 -2.328043970892541381e+01
-9.524418026275025539e-01 -2.328046331029976201e+01
-9.553723927894330892e-01 -2.328037101798663144e+01
-9.583029829513640685e-01 -2.328039635964555742e+01
-9.612335731132950478e-01 -2.328030420712762094e+01
-9.641641632752255830e-01 -2.328033128835238585e+01
-9.670947534371565624e-01 -2.328023922528605283e+01
-9.700253435990870976e-01 -2.328026804245274306e+01
-9.729559337610180769e-01 -2.328017601975279049e+01
-9.758865239229486122e-01 -2.328020657425096118e+01
-9.788171140848795915e-01 -2.328011453845227763e+01
-9.817477042468105708e-01 -2.328014683315359079e+01
-9.846782944087411060e-01 -2.328005473787563773e+01
-9.876088845706720853e-01 -2.328008877682015765e+01
-9.905394747326026206e-01 -2.327999657286976998e+01
-9.934700648945331558e-01 -2.328003235964887807e+01
-9.964006550564641351e-01 -2.327993999293192928e+01
-9.993312452183951144e-01 -2.327997753709239959e+01
-1.002261835380325650e+00 -2.327988495533024960e+01
-1.005192425542256629e+00 -2.327992426574564533e+01
-1.008123015704187608e+00 -2.327983141793514221e+01
-1.011053605866118144e+00 -2.327987250462704694e+01
-1.013984196028048679e+00 -2.327977933671635213e+01
-1.016914786189979658e+00 -2.327982221538101726e+01
-1.019845376351910637e+00 -2.327972867337449614e+01
-1.022775966513841173e+00 -2.327977335581354623e+01
-1.025706556675772152e+00 -2.327967938468125908e+01
-1.028637146837702687e+00 -2.327972588811439536e+01
-1.031567736999633222e+00 -2.327963143109466060e+01
-1.034498327161564202e+00 -2.327967977447364945e+01
-1.037428917323495181e+00 -2.327958477270178150e+01
-1.040359507485425716e+00 -2.327963497876633880e+01
-1.043290097647356696e+00 -2.327953937554726949e+01
-1.046220687809287675e+00 -2.327959146686084679e+01
-1.049151277971218210e+00 -2.327949520286681206e+01
-1.052081868133148745e+00 -2.327954920646178039e+01
-1.055012458295079725e+00 -2.327945222092681377e+01
-1.057943048457010704e+00 -2.327950816434901782e+01
-1.060873638618941239e+00 -2.327941039532925771e+01
-1.063804228780872219e+00 -2.327946830938795486e+01
-1.066734818942803198e+00 -2.327936969095695119e+01
-1.069665409104733289e+00 -2.327942960893375357e+01
-1.072595999266664268e+00 -2.327933007614801397e+01
-1.075526589428595248e+00 -2.327939203221233910e+01
-1.078457179590525783e+00 -2.327929151499507299e+01
-1.081387769752456762e+00 -2.327935555001004886e+01
-1.084318359914387742e+00 -2.327925397839377553e+01
-1.087248950076318277e+00 -2.327932013443103543e+01
-1.090179540238248812e+00 -2.327921743487480555e+01
-1.093110130400179791e+00 -2.327928575930957678e+01
-1.096040720562110771e+00 -2.327918185901358328e+01
-1.098971310724041306e+00 -2.327925239597913176e+01
-1.101901900885972285e+00 -2.327914721353501903e+01
-1.104832491047903265e+00 -2.327922002158100767e+01
-1.107763081209833356e+00 -2.327911348773993438e+01
-1.110693671371764335e+00 -2.327918861366900671e+01
-1.113624261533695314e+00 -2.327908062198994799e+01
-1.116554851695625850e+00 -2.327915813074409357e+01
-1.119485441857556829e+00 -2.327904860575607415e+01
-1.122416032019487808e+00 -2.327912857214177578e+01
-1.125346622181418343e+00 -2.327901743499424114e+01
-1.128277212343348879e+00 -2.327909991024771230e+01
-1.131207802505279858e+00 -2.327898705316349037e+01
-1.134138392667210837e+00 -2.327907211639985618e+01
-1.137068982829141373e+00 -2.327895744236316844e+01
-1.139999572991072352e+00 -2.327904517019267416e+01
-1.142930163153003331e+00 -2.327892857531180937e+01
-1.145860753314933866e+00 -2.327901905227748713e+01
-1.148791343476864402e+00 -2.327890042885440280e+01
-1.151721933638795381e+00 -2.327899374207733274e+01
-1.154652523800725916e+00 -2.327887297653334286e+01
-1.157583113962656896e+00 -2.327896922321613360e+01
-1.160513704124587875e+00 -2.327884619553856638e+01
-1.163444294286518410e+00 -2.327894547523867530e+01
-1.166374884448448945e+00 -2.327882006125300407e+01
-1.169305474610379925e+00 -2.327892248291680133e+01
-1.172236064772310904e+00 -2.327879455042373280e+01
-1.175166654934241439e+00 -2.327890022904420064e+01
-1.178097245096172418e+00 -2.327876964171017704e+01
-1.181027835258103398e+00 -2.327887869959729272e+01
-1.183958425420033933e+00 -2.327874530992041358e+01
-1.186889015581964468e+00 -2.327885787744935797e+01
-1.189819605743895448e+00 -2.327872153143504619e+01
-1.192750195905826427e+00 -2.327883775128632493e+01
-1.195680786067756962e+00 -2.327869828356826787e+01
-1.198611376229687941e+00 -2.327881830271093122e+01
-1.201541966391618921e+00 -2.327867554223725577e+01
-1.204472556553549456e+00 -2.327879952082738768e+01
-1.207403146715479991e+00 -2.327865328044025262e+01
-1.210333736877410971e+00 -2.327878139087266973e+01
-1.213264327039341506e+00 -2.327863147938874633e+01
-1.216194917201272485e+00 -2.327876390312887978e+01
-1.219125507363203464e+00 -2.327861011264113955e+01
-1.222056097525134000e+00 -2.327874704806836448e+01
-1.224986687687064535e+00 -2.327858915687716390e+01
-1.227917277848995514e+00 -2.327873081429186897e+01
-1.230847868010926494e+00 -2.327856858621114000e+01
-1.233778458172857029e+00 -2.327871519287149837e+01
-1.236709048334788008e+00 -2.327854837994410886e+01
-1.239639638496718987e+00 -2.327870018070156277e+01
-1.242570228658649523e+00 -2.327852851389346256e+01
-1.245500818820580058e+00 -2.327868576567003700e+01
-1.248431408982511037e+00 -2.327850895554599475e+01
-1.251361999144441572e+00 -2.327867194126148576e+01
-1.254292589306372552e+00 -2.327848967928698798e+01
-1.257223179468303531e+00 -2.327865870073942389e+01
-1.260153769630234066e+00 -2.327847065937843141e+01
-1.263084359792165046e+00 -2.327864604669260373e+01
-1.266014949954095581e+00 -2.327845187105327085e+01
-1.268945540116026560e+00 -2.327863397222175124e+01
-1.271876130277957095e+00 -2.327843327818784402e+01
-1.274806720439888075e+00 -2.327862247743796686e+01
-1.277737310601819054e+00 -2.327841484935835581e+01
-1.280667900763749589e+00 -2.327861155966091644e+01
-1.283598490925680125e+00 -2.327839655336071800e+01
-1.286529081087611104e+00 -2.327860122101179385e+01
-1.289459671249541639e+00 -2.327837835057851024e+01
-1.292390261411472618e+00 -2.327859146245485888e+01
-1.295320851573403598e+00 -2.327836020568223319e+01
-1.298251441735334133e+00 -2.327858229397939738e+01
-1.301182031897265112e+00 -2.327834207945683787e+01
-1.304112622059195647e+00 -2.327857371822269528e+01
-1.307043212221126627e+00 -2.327832392926939065e+01
-1.309973802383057162e+00 -2.327856574628285102e+01
-1.312904392544988141e+00 -2.327830570479419592e+01
-1.315834982706919121e+00 -2.327855838645697517e+01
-1.318765572868849656e+00 -2.327828735165770624e+01
-1.321696163030780635e+00 -2.327855165370920076e+01
-1.324626753192711170e+00 -2.327826882065405556e+01
-1.327557343354641706e+00 -2.327854556545071674e+01
-1.330487933516572685e+00 -2.327825005970365524e+01
-1.333418523678503664e+00 -2.327854014070005562e+01
-1.336349113840434200e+00 -2.327823097823694454e+01
-1.339279704002365179e+00 -2.327853542675144638e+01
-1.342210294164295714e+00 -2.327821149884458762e+01
-1.345140884326226693e+00 -2.327853150702111051e+01
-1.348071474488157229e+00 -2.327819155266362472e+01
-1.351002064650088208e+00 -2.327852824938496212e+01
-1.353932654812019187e+00 -2.327817103125361342e+01
-1.356863244973949723e+00 -2.327852576419169495e+01
-1.359793835135880702e+00 -2.327814983470072008e+01
-1.362724425297811237e+00 -2.327852407836137871e+01
-1.365655015459742216e+00 -2.327812783749102721e+01
-1.368585605621672752e+00 -2.327852332957526826e+01
-1.371516195783603731e+00 -2.327810491176566288e+01
-1.374446785945534266e+00 -2.327852356468434536e+01
-1.377377376107465246e+00 -2.327808088559283917e+01
-1.380307966269396225e+00 -2.327852483232008751e+01
-1.383238556431326760e+00 -2.327805558492879712e+01
-1.386169146593257295e+00 -2.327852722704719213e+01
-1.389099736755188275e+00 -2.327802879531338220e+01
-1.392030326917119254e+00 -2.327853085727385007e+01
-1.394960917079049789e+00 -2.327800034681015617e+01
-1.397891507240980769e+00 -2.327853583803894466e+01
-1.400822097402911304e+00 -2.327796971482739252e+01
-1.403752687564842283e+00 -2.327854233679176943e+01
-1.406683277726772818e+00 -2.327793680298194445e+01
-1.409613867888703798e+00 -2.327855052867422359e+01
-1.412544458050634777e+00 -2.327790112303225101e+01
-1.415475048212565312e+00 -2.327856062043694862e+01
-1.418405638374496291e+00 -2.327786218840558519e+01
-1.421336228536426827e+00 -2.327857288667473057e+01
-1.424266818698357362e+00 -2.327781948482460450e+01
-1.427197408860288341e+00 -2.327858760661840165e+01
-1.430127999022219321e+00 -2.327777221858254464e+01
-1.433058589184149856e+00 -2.327860520091310192e+01
-1.435989179346080835e+00 -2.327771958971643684e+01
-1.438919769508011814e+00 -2.327862612486676142e+01
-1.441850359669942350e+00 -2.327766055639839138e+01
-1.444780949831872885e+00 -2.327865095952770247e+01
-1.447711539993803864e+00 -2.327759379240898596e+01
-1.450642130155734844e+00 -2.327868043689847610e+01
-1.453572720317665379e+00 -2.327751767523407267e+01
-1.456503310479596358e+00 -2.327871548197495954e+01
-1.459433900641527337e+00 -2.327743010705980353e+01
-1.462364490803457429e+00 -2.327875727394008010e+01
-1.465295080965388408e+00 -2.327732845678327678e+01
-1.468225671127319387e+00 -2.327880735015998681e+01
-1.471156261289249922e+00 -2.327720919993623738e+01
-1.474086851451180902e+00 -2.327886770144420225e+01
-1.477017441613111881e+00 -2.327706773430142206e+01
-1.479948031775042416e+00 -2.327894101225651369e+01
-1.482878621936972952e+00 -2.327689787947198852e+01
-1.485809212098903931e+00 -2.327903091765029231e+01
-1.488739802260834910e+00 -2.327669110327213176e+01
-1.491670392422765445e+00 -2.327914243888665879e+01
-1.494600982584696425e+00 -2.327643554926007141e+01
-1.497531572746627404e+00 -2.327928264397474578e+01
-1.500462162908557495e+00 -2.327611393000072582e+01
-1.503392753070488475e+00 -2.327946201935059278e+01
-1.506323343232419454e+00 -2.327570163544895010e+01
-1.509253933394349989e+00 -2.327969537436650782e+01
-1.512184523556280968e+00 -2.327515729425631363e+01
-1.515115113718211948e+00 -2.328000927214262106e+01
-1.518045703880142483e+00 -2.327442958153266162e+01
-1.520976294042073018e+00 -2.328043240142276105e+01
-1.523906884204003997e+00 -2.327337521360453110e+01
-1.526837474365934977e+00 -2.328107102183839672e+01
-1.529768064527865512e+00 -2.327196724203627554e+01
-1.532698654689796491e+00 -2.328188685594612295e+01
-1.535629244851727471e+00 -2.326923137317954726e+01
-1.538559835013658006e+00 -2.328375899321333975e+01
-1.541490425175588541e+00 -2.326687800096491898e+01
-1.544421015337519520e+00 -2.328458953548514998e+01
-1.547351605499450056e+00 -2.325296706074255937e+01
-1.550282195661381035e+00 -2.329680563618678590e+01
-1.553212785823312014e+00 -2.326368822407684789e+01
-1.556143375985242550e+00 -2.327518887228002242e+01
-1.559073966147173085e+00 -2.309994159129470859e+01
-1.562004556309104064e+00 -2.348439870622313563e+01
-1.564935146471035043e+00 -2.368419886003098185e+01
-1.567865736632965579e+00 -2.261766301858625994e+01
-1.570796326794896558e+00 -2.443644909775681384e+01
