0.000000000000000000e+00 1.687448449608176457e-22 0.000000000000000000e+00 1.638659672165151596e+10 0.000000000000000000e+00
5.333333333333333030e+03 1.522012327097570922e-22 -4.204822563042301422e-13 1.621593021691684914e+10 0.000000000000000000e+00
1.066666666666666606e+04 1.579914969976282859e-22 -8.419885035654857669e-13 1.604526371218218231e+10 0.000000000000000000e+00
1.600000000000000000e+04 1.861156378244312268e-22 -1.265541712605412675e-12 1.587459753436223221e+10 0.000000000000000000e+00
2.133333333333333212e+04 2.283018490646356383e-22 -1.692172631043949383e-12 1.570393135654228210e+10 0.000000000000000000e+00
2.666666666666666424e+04 2.518764965223969270e-22 -2.122908879780652834e-12 1.553326551486042023e+10 0.000000000000000000e+00
3.200000000000000000e+04 2.299562102897416936e-22 -2.558793690092211932e-12 1.536259967317855835e+10 0.000000000000000000e+00
3.733333333333332848e+04 3.387304608404648329e-22 -3.000864858613447240e-12 1.519193418324709702e+10 0.000000000000000000e+00
4.266666666666666424e+04 3.515517603350367618e-22 -3.450183735391127144e-12 1.502126869331563568e+10 0.000000000000000000e+00
4.800000000000000000e+04 4.193805705643850312e-22 -3.907803581518304813e-12 1.485060357750482559e+10 0.000000000000000000e+00
5.333333333333332848e+04 5.111976185577711031e-22 -4.374809314766454302e-12 1.467993846169401550e+10 0.000000000000000000e+00
5.866666666666666424e+04 5.029258124322408263e-22 -4.852274598285877513e-12 1.450927374966702271e+10 0.000000000000000000e+00
6.400000000000000000e+04 5.136791603954301861e-22 -5.341313057423530520e-12 1.433860903764002991e+10 0.000000000000000000e+00
6.933333333333332848e+04 4.876229711000098143e-22 -5.843023193376522201e-12 1.416794476707308197e+10 0.000000000000000000e+00
7.466666666666665697e+04 5.451120236724452377e-22 -6.358552006625828733e-12 1.399728049650613403e+10 0.000000000000000000e+00
8.000000000000000000e+04 4.756288522179909131e-22 -6.889026562902618667e-12 1.382661671402077103e+10 0.000000000000000000e+00
8.533333333333332848e+04 2.605618929542037176e-22 -7.435631204990600940e-12 1.365595293153540802e+10 0.000000000000000000e+00
9.066666666666665697e+04 3.767807690179041059e-22 -7.999524292349702051e-12 1.348528969387685776e+10 0.000000000000000000e+00
9.600000000000000000e+04 2.919947562312187692e-22 -8.581930449154213300e-12 1.331462645621830750e+10 0.000000000000000000e+00
1.013333333333333285e+05 3.271499322647224454e-22 -9.184040649623366738e-12 1.314396383172459793e+10 0.000000000000000000e+00
1.066666666666666570e+05 2.349192939650598597e-22 -9.807121238624056690e-12 1.297330120723088837e+10 0.000000000000000000e+00
1.120000000000000000e+05 2.444318710094196779e-22 -1.045239512600371802e-11 1.280263927764805603e+10 0.000000000000000000e+00
1.173333333333333285e+05 -6.700162961679524166e-23 -1.112116962177143182e-11 1.263197734806522369e+10 0.000000000000000000e+00
1.226666666666666570e+05 -6.617444900424221399e-23 -1.181469603393286708e-11 1.246131621077500153e+10 0.000000000000000000e+00
1.280000000000000000e+05 1.530284133223101199e-22 -1.253431866071111437e-11 1.229065507348477936e+10 0.000000000000000000e+00
1.333333333333333139e+05 6.410649747285964480e-23 -1.328130955195102808e-11 1.211999484422531891e+10 0.000000000000000000e+00
1.386666666666666570e+05 2.481541837659083025e-23 -1.405704126748047584e-11 1.194933461496585846e+10 0.000000000000000000e+00
1.440000000000000000e+05 -7.465305028291074766e-23 -1.486279296364411076e-11 1.177867543113252258e+10 0.000000000000000000e+00
1.493333333333333139e+05 -1.064478050779177489e-22 -1.569994969628351769e-11 1.160801624729918671e+10 0.000000000000000000e+00
1.546666666666666570e+05 -1.707794750075636793e-22 -1.656977535531957453e-11 1.143735827191852570e+10 0.000000000000000000e+00
1.600000000000000000e+05 -1.725881248039564810e-22 -1.747364123735364170e-11 1.126670029653786469e+10 0.000000000000000000e+00
1.653333333333333139e+05 -5.586336801895596227e-23 -1.841276075663237618e-11 1.109604372297840500e+10 0.000000000000000000e+00
1.706666666666666570e+05 2.224512022076352074e-23 -1.938844951643600805e-11 1.092538714941894531e+10 0.000000000000000000e+00
1.760000000000000000e+05 -9.884949683882896320e-23 -2.040181626762771833e-11 1.075473220686987686e+10 0.000000000000000000e+00
1.813333333333333139e+05 -4.527407283179381247e-22 -2.145405545419183567e-11 1.058407726432080841e+10 0.000000000000000000e+00
1.866666666666666570e+05 -4.535058098000321543e-22 -2.254608901031638005e-11 1.041342422380838394e+10 0.000000000000000000e+00
1.920000000000000000e+05 -3.852872391746322875e-22 -2.367888958922598349e-11 1.024277118329595947e+10 0.000000000000000000e+00
1.973333333333333139e+05 -3.855671396455791860e-22 -2.485306852860789364e-11 1.007212036407365036e+10 0.000000000000000000e+00
2.026666666666666570e+05 -2.605536130701425178e-22 -2.606922327916964151e-11 9.901469544851341248e+09 0.000000000000000000e+00
2.080000000000000000e+05 -7.340824039624647456e-25 -2.732747130993356192e-11 9.730821318814945221e+09 0.000000000000000000e+00
2.133333333333333139e+05 6.569987028366125329e-23 -2.862780523484915982e-11 9.560173092778549194e+09 0.000000000000000000e+00
2.186666666666666570e+05 2.459743528255036685e-22 -2.996957519063966425e-11 9.389527888815223694e+09 0.000000000000000000e+00
2.240000000000000000e+05 -2.678738383738100342e-22 -3.135182541812551831e-11 9.218882684851898193e+09 0.000000000000000000e+00
2.293333333333333139e+05 1.034335233828575704e-22 -3.277276027575921443e-11 9.048240971604560852e+09 0.000000000000000000e+00
2.346666666666666570e+05 -4.983858106376107933e-22 -3.422999739517857693e-11 8.877599258357223511e+09 0.000000000000000000e+00
2.400000000000000000e+05 -2.445399133989987477e-22 -3.572001787055910507e-11 8.706961557352153778e+09 0.000000000000000000e+00
2.453333333333333139e+05 -4.938660036821544182e-22 -3.723830798304886997e-11 8.536323856347084045e+09 0.000000000000000000e+00
2.506666666666666570e+05 -4.720194286124830362e-22 -3.877908954449244433e-11 8.365690539220310211e+09 0.000000000000000000e+00
2.560000000000000000e+05 -3.308722450212110699e-22 -4.033505920267626930e-11 8.195057222093536377e+09 0.000000000000000000e+00
2.613333333333333139e+05 -2.988735223505501239e-22 -4.189688944995363719e-11 8.024428921906879425e+09 0.000000000000000000e+00
2.666666666666666279e+05 -3.397076891080781387e-22 -4.345317808320454210e-11 7.853800621720222473e+09 0.000000000000000000e+00
2.720000000000000000e+05 -5.766488903712046276e-22 -4.499269467654391008e-11 7.683176032310405731e+09 0.000000000000000000e+00
2.773333333333333139e+05 -7.896020558186850504e-23 -4.650190787612964245e-11 7.512551442900588989e+09 0.000000000000000000e+00
2.826666666666666279e+05 -4.164038512701878564e-22 -4.796056857559292478e-11 7.341934418487091064e+09 0.000000000000000000e+00
2.880000000000000000e+05 -3.761430159967999894e-22 -4.934683158363943638e-11 7.171317394073593140e+09 0.000000000000000000e+00
2.933333333333333139e+05 -3.466173533313451900e-22 -5.066334681732415003e-11 7.000688941092082977e+09 0.000000000000000000e+00
2.986666666666666279e+05 -2.328812307956543042e-22 -5.191363478241744521e-11 6.830060488110572815e+09 0.000000000000000000e+00
3.040000000000000000e+05 -4.879442709912627116e-22 -5.302105456492817167e-11 6.659481913587112427e+09 0.000000000000000000e+00
3.093333333333333139e+05 5.702134009717350639e-23 -5.391309715802710660e-11 6.488903339063652039e+09 0.000000000000000000e+00
3.146666666666666279e+05 4.551613827154886292e-23 -5.484418506031065644e-11 6.318131290719253540e+09 0.000000000000000000e+00
3.200000000000000000e+05 -4.857230406305520789e-22 -5.607659810619236383e-11 6.147359242374855042e+09 0.000000000000000000e+00
3.253333333333333139e+05 -3.335815846447490141e-22 -5.634830473731783168e-11 5.975279822166999817e+09 0.000000000000000000e+00
3.306666666666666279e+05 -3.645418886851004708e-22 -5.688939590932316598e-11 5.803200401959144592e+09 0.000000000000000000e+00
3.360000000000000000e+05 -3.301589633015974728e-22 -5.745779988657157673e-11 5.632981947532848358e+09 0.000000000000000000e+00
3.413333333333333139e+05 -2.647935195546519944e-22 -5.781346365625265785e-11 5.462763493106552124e+09 0.000000000000000000e+00
3.466666666666666279e+05 -2.457768472983852942e-22 -5.803598775506229980e-11 5.292010558755939484e+09 0.000000000000000000e+00
3.520000000000000000e+05 -2.996566782137045773e-22 -5.820533236786995161e-11 5.121257624405326843e+09 0.000000000000000000e+00
3.573333333333333139e+05 -2.614100761994973495e-22 -5.831562608611710845e-11 4.950613841096092224e+09 0.000000000000000000e+00
3.626666666666666279e+05 -2.263663756782322649e-22 -5.835996236888157868e-11 4.779970057786857605e+09 0.000000000000000000e+00
3.680000000000000000e+05 -2.125769355936751761e-22 -5.835186488388813536e-11 4.609274664131317139e+09 0.000000000000000000e+00
3.733333333333333139e+05 -1.635353842475808532e-22 -5.830295132388993497e-11 4.438579270475776672e+09 0.000000000000000000e+00
3.786666666666666279e+05 -1.527052958955315934e-22 -5.821572204759360016e-11 4.267892008130962372e+09 0.000000000000000000e+00
3.840000000000000000e+05 -8.908105118213889932e-23 -5.809053764980138137e-11 4.097204745786148071e+09 0.000000000000000000e+00
3.893333333333333139e+05 -8.549727502238156799e-23 -5.792485573341645568e-11 3.926537987044044495e+09 0.000000000000000000e+00
3.946666666666666279e+05 -1.483553275375256813e-22 -5.771370154100799060e-11 3.755871228301940918e+09 0.000000000000000000e+00
4.000000000000000000e+05 -7.020614669687127759e-23 -5.745114882491911658e-11 3.585220558818431854e+09 0.000000000000000000e+00
4.053333333333333139e+05 -7.763421244172612718e-23 -5.712838448573773445e-11 3.414569889334922791e+09 0.000000000000000000e+00
4.106666666666666279e+05 -6.872384550152478757e-23 -5.672054340465487742e-11 3.244041508020462036e+09 0.000000000000000000e+00
4.160000000000000000e+05 -1.159983484199240440e-22 -5.619987259398228811e-11 3.073513126706001282e+09 0.000000000000000000e+00
4.213333333333333139e+05 -7.366269536983456413e-23 -5.558328610074368435e-11 2.902759656040142059e+09 0.000000000000000000e+00
4.266666666666666279e+05 -6.313633739895711918e-23 -5.488652029426166234e-11 2.732006185374282837e+09 0.000000000000000000e+00
4.320000000000000000e+05 -6.615990872003718030e-23 -5.395248973426275588e-11 2.562325677393627167e+09 0.000000000000000000e+00
4.373333333333333139e+05 -4.878346130145497492e-23 -5.262660898415840952e-11 2.392645169412971497e+09 0.000000000000000000e+00
4.426666666666666279e+05 -1.094964179995731458e-23 -5.141207278823105627e-11 2.219121434396575928e+09 0.000000000000000000e+00
4.480000000000000000e+05 -2.776144151524404502e-23 -5.081764108667312248e-11 2.045597699380180359e+09 0.000000000000000000e+00
4.533333333333333139e+05 6.262783134856441320e-23 -4.805805358715316215e-11 1.874767081478622437e+09 0.000000000000000000e+00
4.586666666666666279e+05 -8.092694057931270082e-22 -4.549270960638320708e-11 1.703936463577064514e+09 0.000000000000000000e+00
4.640000000000000000e+05 -3.753638991014802675e-22 -4.266245643922055619e-11 1.533471938891147614e+09 0.000000000000000000e+00
4.693333333333333139e+05 1.935715724473457243e-22 -3.911328848500929937e-11 1.363007414205230713e+09 0.000000000000000000e+00
4.746666666666666279e+05 -1.125409919533938112e-22 -3.504870959047504370e-11 1.192415034149818420e+09 0.000000000000000000e+00
4.800000000000000000e+05 4.103405527566888078e-22 -3.067113849777336919e-11 1.021822654094406128e+09 0.000000000000000000e+00
4.853333333333333139e+05 6.668659012568617839e-22 -2.600890724133599729e-11 8.512313886432533264e+08 0.000000000000000000e+00
4.906666666666666279e+05 7.148948833667888996e-22 -2.108541410000671505e-11 6.806401231921005249e+08 0.000000000000000000e+00
4.960000000000000000e+05 2.884778249891262456e-22 -1.596801644009109481e-11 5.100137014754486084e+08 0.000000000000000000e+00
5.013333333333333139e+05 9.132073962585425531e-22 -1.071822258775541769e-11 3.393872797587966919e+08 0.000000000000000000e+00
5.066666666666666279e+05 7.874759431504823465e-22 -5.381568026790634112e-12 1.687350952644805908e+08 0.000000000000000000e+00
5.120000000000000000e+05 8.337980574534518963e-22 0.000000000000000000e+00 -1.917089229835510254e+06 0.000000000000000000e+00
