1.570796326794896558e+00 1.475162504853246219e+03
1.567865736632965801e+00 1.474630204947297898e+03
1.564935146471035043e+00 1.473488712637478557e+03
1.562004556309104286e+00 1.471286781987214908e+03
1.559073966147173529e+00 1.468481309217165517e+03
1.556143375985242772e+00 1.464627823059181765e+03
1.553212785823311792e+00 1.460181985156088103e+03
1.550282195661381035e+00 1.454708595489104482e+03
1.547351605499450278e+00 1.448659375856477709e+03
1.544421015337519520e+00 1.441610747776634980e+03
1.541490425175588763e+00 1.434007831718368152e+03
1.538559835013658006e+00 1.425440850153244583e+03
1.535629244851727249e+00 1.416345744378218114e+03
1.532698654689796491e+00 1.406328520675582922e+03
1.529768064527865734e+00 1.395813484881806517e+03
1.526837474365934977e+00 1.384424193278985285e+03
1.523906884204004220e+00 1.372571015753748725e+03
1.520976294042073240e+00 1.359896593648619955e+03
1.518045703880142483e+00 1.346795246267454331e+03
1.515115113718211726e+00 1.332929994885680571e+03
1.512184523556280968e+00 1.318677204773003723e+03
1.509253933394350211e+00 1.303721327929773452e+03
1.506323343232419454e+00 1.288419103447777843e+03
1.503392753070488697e+00 1.272477221723714138e+03
1.500462162908557939e+00 1.256231369425647472e+03
1.497531572746627182e+00 1.239411045275061952e+03
1.494600982584696425e+00 1.222329712164760394e+03
1.491670392422765667e+00 1.204740018556757377e+03
1.488739802260834910e+00 1.186932290602242119e+03
1.485809212098903931e+00 1.168682451913552768e+03
1.482878621936973174e+00 1.150257035549932652e+03
1.479948031775042416e+00 1.131455164878127789e+03
1.477017441613111659e+00 1.112519173557613385e+03
1.474086851451180902e+00 1.093271125653199078e+03
1.471156261289250144e+00 1.073928988361913980e+03
1.468225671127319387e+00 1.054337342332090429e+03
1.465295080965388630e+00 1.034689845999381987e+03
1.462364490803457873e+00 1.014853026838322876e+03
1.459433900641527115e+00 9.949964996234563159e+02
1.456503310479596358e+00 9.750080429651543454e+02
1.453572720317665379e+00 9.550336808690364023e+02
1.450642130155734622e+00 9.349816410250194849e+02
1.447711539993803864e+00 9.149749762037228038e+02
1.444780949831873107e+00 8.949414738031496199e+02
1.441850359669942350e+00 8.749819795236693381e+02
1.438919769508011592e+00 8.550428819612378675e+02
1.435989179346080835e+00 8.352037062759171704e+02
1.433058589184150078e+00 8.154284316889882120e+02
1.430127999022219321e+00 7.957762497109055175e+02
1.427197408860288563e+00 7.762276833615721898e+02
1.424266818698357806e+00 7.568226564999733910e+02
1.421336228536426827e+00 7.375571672568628401e+02
1.418405638374496069e+00 7.184529967594869504e+02
1.415475048212565312e+00 6.995205406426915715e+02
1.412544458050634555e+00 6.807646023756565228e+02
1.409613867888703798e+00 6.622088999956913540e+02
1.406683277726773040e+00 6.438424473758647082e+02
1.403752687564842283e+00 6.257012223218458757e+02
1.400822097402911526e+00 6.077596447153239296e+02
1.397891507240980769e+00 5.900649104786557473e+02
1.394960917079050011e+00 5.725780350288216596e+02
1.392030326917119254e+00 5.553564188899912324e+02
1.389099736755188275e+00 5.383488446523451785e+02
1.386169146593257517e+00 5.216219379333226698e+02
1.383238556431326760e+00 5.051133922228502229e+02
1.380307966269396003e+00 4.888981174153927896e+02
1.377377376107465246e+00 4.729038254028235997e+02
1.374446785945534488e+00 4.572128118431743928e+02
1.371516195783603731e+00 4.417438716037324866e+02
1.368585605621672974e+00 4.265858325312882471e+02
1.365655015459742216e+00 4.116495889000025841e+02
1.362724425297811459e+00 3.970296938834210323e+02
1.359793835135880702e+00 3.826301055870418963e+02
1.356863244973949723e+00 3.685503433804320252e+02
1.353932654812018965e+00 3.546883389627374754e+02
1.351002064650088208e+00 3.411478668627875095e+02
1.348071474488157451e+00 3.278216858810826579e+02
1.345140884326226693e+00 3.148171625674019083e+02
1.342210294164295936e+00 3.020226794080313653e+02
1.339279704002365179e+00 2.895485790644687540e+02
1.336349113840434422e+00 2.772796074875867589e+02
1.333418523678503664e+00 2.653285137153674782e+02
1.330487933516572907e+00 2.535770909096343360e+02
1.327557343354642150e+00 2.421399695517817463e+02
1.324626753192711170e+00 2.308966190434819055e+02
1.321696163030780635e+00 2.199630695600868364e+02
1.318765572868849656e+00 2.092170427988790209e+02
1.315834982706918899e+00 1.987755282525410223e+02
1.312904392544988141e+00 1.885150250800028289e+02
1.309973802383057384e+00 1.785530811394932016e+02
1.307043212221126627e+00 1.687654496593304430e+02
1.304112622059195870e+00 1.592698732956907861e+02
1.301182031897265112e+00 1.499417899031529657e+02
1.298251441735334355e+00 1.408988086576796377e+02
1.295320851573403598e+00 1.320164391658023249e+02
1.292390261411472618e+00 1.234118620170806793e+02
1.289459671249542083e+00 1.149610049431745438e+02
1.286529081087611104e+00 1.067803559013057537e+02
1.283598490925680347e+00 9.874656905988342714e+01
1.280667900763749589e+00 9.097520467328273241e+01
1.277737310601818832e+00 8.334391626621074067e+01
1.274806720439888075e+00 7.596712825780555534e+01
1.271876130277957317e+00 6.872373366700118424e+01
1.268945540116026560e+00 6.172683790817907834e+01
1.266014949954095803e+00 5.485678338889002248e+01
1.263084359792165046e+00 4.822519640644437544e+01
1.260153769630234066e+00 4.171405084711233968e+01
1.257223179468303531e+00 3.543335501371274177e+01
1.254292589306372552e+00 2.926687088988462548e+01
1.251361999144441794e+00 2.332286940245280249e+01
1.248431408982511037e+00 1.748703399375010648e+01
1.245500818820580280e+00 1.186579668448911917e+01
1.242570228658649523e+00 6.346874569257416887e+00
1.239639638496718765e+00 1.034775527977266130e+00
1.236709048334788008e+00 -4.180656701523096430e+00
1.233778458172857251e+00 -9.196908779524035182e+00
1.230847868010926494e+00 -1.412193470108920579e+01
1.227917277848995514e+00 -1.885527259894667651e+01
1.224986687687064979e+00 -2.350261423344496947e+01
1.222056097525134000e+00 -2.796559395312748464e+01
1.219125507363203242e+00 -3.234759538350201069e+01
1.216194917201272485e+00 -3.655238283274744049e+01
1.213264327039341728e+00 -4.068099849252679689e+01
1.210333736877410971e+00 -4.463936047662866713e+01
1.207403146715480213e+00 -4.852614749213248757e+01
1.204472556553549456e+00 -5.224944642714528698e+01
1.201541966391618699e+00 -5.590556045786908612e+01
1.198611376229687941e+00 -5.940475228237455951e+01
1.195680786067756962e+00 -6.284094636348351059e+01
1.192750195905826427e+00 -6.612658117752658882e+01
1.189819605743895448e+00 -6.935320711543670313e+01
1.186889015581964912e+00 -7.243543212993853331e+01
1.183958425420033933e+00 -7.546244405403349731e+01
1.181027835258103176e+00 -7.835100847663970569e+01
1.178097245096172418e+00 -8.118796819645345408e+01
1.175166654934241661e+00 -8.389222972454771821e+01
1.172236064772310904e+00 -8.654831357585705121e+01
1.169305474610380147e+00 -8.907724620820005157e+01
1.166374884448449389e+00 -9.156125311797504196e+01
1.163444294286518410e+00 -9.392345602690934925e+01
1.160513704124587875e+00 -9.624381655370872579e+01
1.157583113962656896e+00 -9.844752379754898186e+01
1.154652523800726138e+00 -1.006123099388902489e+02
1.151721933638795381e+00 -1.026654008196429118e+02
1.148791343476864624e+00 -1.046823363978164707e+02
1.145860753314933866e+00 -1.065923462999236904e+02
1.142930163153003109e+00 -1.084688177896448451e+02
1.139999572991072352e+00 -1.102429493453937255e+02
1.137068982829141373e+00 -1.119860169542684929e+02
1.134138392667210837e+00 -1.136311514107752600e+02
1.131207802505280080e+00 -1.152475603827011952e+02
1.128277212343349323e+00 -1.167702691067254506e+02
1.125346622181418343e+00 -1.182664610578893019e+02
1.122416032019487586e+00 -1.196730170061644145e+02
1.119485441857556829e+00 -1.210551412653619252e+02
1.116554851695626072e+00 -1.223515304244905622e+02
1.113624261533695314e+00 -1.236254552979385863e+02
1.110693671371764557e+00 -1.248173879901556376e+02
1.107763081209833800e+00 -1.259887118809376148e+02
1.104832491047903043e+00 -1.270816338926262716e+02
1.101901900885972285e+00 -1.281556962349070830e+02
1.098971310724041306e+00 -1.291547997277370428e+02
1.096040720562110771e+00 -1.301366916952933934e+02
1.093110130400179791e+00 -1.310469258640136729e+02
1.090179540238249034e+00 -1.319415008218592220e+02
1.087248950076318277e+00 -1.327675822735132556e+02
1.084318359914387520e+00 -1.335794659483305225e+02
1.081387769752456762e+00 -1.343258887813238971e+02
1.078457179590526005e+00 -1.350594891321314890e+02
1.075526589428595248e+00 -1.357305347015724521e+02
1.072595999266664490e+00 -1.363900514775559145e+02
1.069665409104733733e+00 -1.369897978347859180e+02
1.066734818942802754e+00 -1.375792318115018418e+02
1.063804228780872219e+00 -1.381115628133590292e+02
1.060873638618941239e+00 -1.386347247003631367e+02
1.057943048457010704e+00 -1.391033387838830606e+02
1.055012458295079725e+00 -1.395638578042045879e+02
1.052081868133149190e+00 -1.399722764256389951e+02
1.049151277971218210e+00 -1.403736085646283982e+02
1.046220687809287453e+00 -1.407251843072356792e+02
1.043290097647356696e+00 -1.410706202351998968e+02
1.040359507485425938e+00 -1.413685445868633224e+02
1.037428917323495181e+00 -1.416612172587894065e+02
1.034498327161564202e+00 -1.419085280667412405e+02
1.031567736999633667e+00 -1.421514200053936179e+02
1.028637146837702687e+00 -1.423510086144255240e+02
1.025706556675772152e+00 -1.425469588833514081e+02
1.022775966513841173e+00 -1.427015769649648291e+02
1.019845376351910415e+00 -1.428532878390877556e+02
1.016914786189979658e+00 -1.429655539199670216e+02
1.013984196028048901e+00 -1.430755972629709163e+02
1.011053605866118144e+00 -1.431480029625972463e+02
1.008123015704187386e+00 -1.432188263194310309e+02
1.005192425542256629e+00 -1.432537423060258845e+02
1.002261835380325650e+00 -1.432876747207912160e+02
9.993312452183951144e-01 -1.432873563950072366e+02
9.964006550564642462e-01 -1.432866139630785369e+02
9.934700648945334889e-01 -1.432532068800682623e+02
9.905394747326026206e-01 -1.432198980449135206e+02
9.876088845706719743e-01 -1.431554430846022967e+02
9.846782944087412170e-01 -1.430915736890551386e+02
9.817477042468103487e-01 -1.429980119844105673e+02
9.788171140848795915e-01 -1.429054900860462283e+02
9.758865239229487232e-01 -1.427846677201133048e+02
9.729559337610180769e-01 -1.426653081804756198e+02
9.700253435990873196e-01 -1.425189806609871255e+02
9.670947534371564513e-01 -1.423745095191006271e+02
9.641641632752256941e-01 -1.422043460407764996e+02
9.612335731132949368e-01 -1.420364046789055408e+02
9.583029829513641795e-01 -1.418439921833291351e+02
9.553723927894334222e-01 -1.416541412955584462e+02
9.524418026275025539e-01 -1.414409883365581777e+02
9.495112124655717967e-01 -1.412307117085898653e+02
9.465806223036410394e-01 -1.409982521337746562e+02
9.436500321417102821e-01 -1.407689602419313246e+02
9.407194419797794138e-01 -1.405185566974607525e+02
9.377888518178486565e-01 -1.402715901367979825e+02
9.348582616559178993e-01 -1.400045374039813737e+02
9.319276714939871420e-01 -1.397411701522842407e+02
9.289970813320563847e-01 -1.394586983250072763e+02
9.260664911701255164e-01 -1.391801408506557891e+02
9.231359010081947591e-01 -1.388834183596638638e+02
9.202053108462641129e-01 -1.385908205817720784e+02
9.172747206843332446e-01 -1.382809570749993782e+02
9.143441305224024873e-01 -1.379754111819458160e+02
9.114135403604716190e-01 -1.376534602663928410e+02
9.084829501985409728e-01 -1.373360033997483640e+02
9.055523600366102155e-01 -1.370029652527670976e+02
9.026217698746793472e-01 -1.366745820639869748e+02
8.996911797127485899e-01 -1.363314059192729246e+02
8.967605895508178326e-01 -1.359930310043412192e+02
8.938299993888870754e-01 -1.356406175206911655e+02
8.908994092269563181e-01 -1.352931377396067205e+02
8.879688190650254498e-01 -1.349323412558229336e+02
8.850382289030946925e-01 -1.345765979423369743e+02
8.821076387411639352e-01 -1.342082286259815476e+02
8.791770485792331780e-01 -1.338450196923229214e+02
8.762464584173024207e-01 -1.334698455864042330e+02
8.733158682553715524e-01 -1.330999275295111488e+02
8.703852780934407951e-01 -1.327186765029971696e+02
8.674546879315100378e-01 -1.323427663164924581e+02
8.645240977695792806e-01 -1.319561279222241694e+02
8.615935076076485233e-01 -1.315749049176017138e+02
8.586629174457176550e-01 -1.311835321646642001e+02
8.557323272837870087e-01 -1.307976397090742182e+02
8.528017371218561404e-01 -1.304021507502888255e+02
8.498711469599253832e-01 -1.300121979234200182e+02
8.469405567979946259e-01 -1.296131776643463240e+02
8.440099666360638686e-01 -1.292197408349976513e+02
8.410793764741331113e-01 -1.288177424709282946e+02
8.381487863122022430e-01 -1.284213668049609680e+02
8.352181961502714858e-01 -1.280169132829388730e+02
8.322876059883407285e-01 -1.276181141791980167e+02
8.293570158264099712e-01 -1.272116995948421305e+02
8.264264256644792139e-01 -1.268109640554376796e+02
8.234958355025483456e-01 -1.264030549844825373e+02
8.205652453406175884e-01 -1.260008429226896567e+02
8.176346551786868311e-01 -1.255918796919073230e+02
8.147040650167560738e-01 -1.251886251796727549e+02
8.117734748548253165e-01 -1.247790230795498161e+02
8.088428846928944482e-01 -1.243751355386509942e+02
8.059122945309636910e-01 -1.239652859806318617e+02
8.029817043690330447e-01 -1.235611513194397872e+02
8.000511142071021764e-01 -1.231514229407243732e+02
7.971205240451714191e-01 -1.227474046395977894e+02
7.941899338832405508e-01 -1.223381443581738210e+02
7.912593437213099046e-01 -1.219345845061053666e+02
7.883287535593791473e-01 -1.215261185279584737e+02
7.853981633974482790e-01 -1.211233388123322783e+02
7.824675732355174107e-01 -1.207159735930915048e+02
7.795369830735867644e-01 -1.203142762453332182e+02
7.766063929116560072e-01 -1.199082994089391150e+02
7.736758027497251389e-01 -1.195079681075954170e+02
7.707452125877944926e-01 -1.191036493241022072e+02
7.678146224258636243e-01 -1.187049500578844174e+02
7.648840322639328670e-01 -1.183025418818592271e+02
7.619534421020019987e-01 -1.179057237743511308e+02
7.590228519400713525e-01 -1.175054624463225252e+02
7.560922617781404842e-01 -1.171107585438705314e+02
7.531616716162097269e-01 -1.167128647559143531e+02
7.502310814542790807e-01 -1.163204927810094063e+02
7.473004912923482124e-01 -1.159251724085532800e+02
7.443699011304173441e-01 -1.155353354799735399e+02
7.414393109684866978e-01 -1.151427802812666670e+02
7.385087208065558295e-01 -1.147556676022984732e+02
7.355781306446250722e-01 -1.143660558872531112e+02
7.326475404826942039e-01 -1.139818434039460726e+02
7.297169503207635577e-01 -1.135953406735189759e+02
7.267863601588326894e-01 -1.132141917039009940e+02
7.238557699969019321e-01 -1.128309512614041239e+02
7.209251798349712859e-01 -1.124530170974814496e+02
7.179945896730404176e-01 -1.120731806334063947e+02
7.150639995111095493e-01 -1.116986011166356008e+02
7.121334093491789030e-01 -1.113222992673658069e+02
7.092028191872481457e-01 -1.109512033393772583e+02
7.062722290253172774e-01 -1.105785562219991505e+02
7.033416388633864091e-01 -1.102110624508069208e+02
7.004110487014557629e-01 -1.098421801748032465e+02
6.974804585395250056e-01 -1.094783972587899541e+02
6.945498683775941373e-01 -1.091133804148217905e+02
6.916192782156634911e-01 -1.087534076645883374e+02
6.886886880537326228e-01 -1.083923477927180272e+02
6.857580978918018655e-01 -1.080362755918324353e+02
6.828275077298712192e-01 -1.076792556289978791e+02
6.798969175679403509e-01 -1.073271658752549769e+02
6.769663274060094826e-01 -1.069742605835461688e+02
6.740357372440787254e-01 -1.066262271107016630e+02
6.711051470821480791e-01 -1.062775034870817592e+02
6.681745569202172108e-01 -1.059335924687825354e+02
6.652439667582863425e-01 -1.055891101367940053e+02
6.623133765963556963e-01 -1.052493804725305182e+02
6.593827864344249390e-01 -1.049091920574297774e+02
6.564521962724940707e-01 -1.045736957422452633e+02
6.535216061105634244e-01 -1.042378472295792733e+02
6.505910159486325561e-01 -1.039066297075876975e+02
6.476604257867017989e-01 -1.035751607861310788e+02
6.447298356247709306e-01 -1.032482612887164066e+02
6.417992454628402843e-01 -1.029212056791406980e+02
6.388686553009094160e-01 -1.025986575486047343e+02
6.359380651389786587e-01 -1.022760433173430812e+02
6.330074749770479015e-01 -1.019578743167009662e+02
6.300768848151171442e-01 -1.016397241761725923e+02
6.271462946531862759e-01 -1.013259567850489020e+02
6.242157044912556296e-01 -1.010122883811832111e+02
6.212851143293247613e-01 -1.007029400792079201e+02
6.183545241673940041e-01 -1.003937662662875852e+02
6.154239340054631358e-01 -1.000888498042690173e+02
6.124933438435324895e-01 -9.978417890760154307e+01
6.095627536816016212e-01 -9.948370256675502787e+01
6.066321635196708639e-01 -9.918353863424326278e+01
6.037015733577402177e-01 -9.888750647398029514e+01
6.007709831958093494e-01 -9.859184951647475259e+01
5.978403930338784811e-01 -9.830026161158430398e+01
5.949098028719478348e-01 -9.800910783266900239e+01
5.919792127100170775e-01 -9.772196050011852719e+01
5.890486225480862092e-01 -9.743530251595184666e+01
5.861180323861553410e-01 -9.715258853153187601e+01
5.831874422242246947e-01 -9.687041558105850925e+01
5.802568520622939374e-01 -9.659212438761882424e+01
5.773262619003630691e-01 -9.631442253329650782e+01
5.743956717384324229e-01 -9.604054043403972685e+01
5.714650815765015546e-01 -9.576729275225459048e+01
5.685344914145706863e-01 -9.549780311069041261e+01
5.656039012526399290e-01 -9.522898987781798041e+01
5.626733110907091717e-01 -9.496387328601630884e+01
5.597427209287784144e-01 -9.469947215356907577e+01
5.568121307668476572e-01 -9.443870661446635495e+01
5.538815406049168999e-01 -9.417869277339401890e+01
5.509509504429861426e-01 -9.392225386082843386e+01
5.480203602810553853e-01 -9.366660020387999452e+01
5.450897701191246281e-01 -9.341446122255516116e+01
5.421591799571938708e-01 -9.316313849626216381e+01
5.392285897952628915e-01 -9.291527063168823020e+01
5.362979996333321342e-01 -9.266824758211264168e+01
5.333674094714015990e-01 -9.242462004462771574e+01
5.304368193094706196e-01 -9.218186355654252395e+01
5.275062291475398624e-01 -9.194244371840289887e+01
5.245756389856091051e-01 -9.170391894783310249e+01
5.216450488236783478e-01 -9.146867247437302240e+01
5.187144586617475905e-01 -9.123434297546120320e+01
5.157838684998168333e-01 -9.100323394992335579e+01
5.128532783378860760e-01 -9.077306179543576548e+01
5.099226881759553187e-01 -9.054605283821307182e+01
5.069920980140243394e-01 -9.031999873492580377e+01
5.040615078520938042e-01 -9.009705111724358062e+01
5.011309176901628248e-01 -8.987507451551091719e+01
4.982003275282320676e-01 -8.965614826782882574e+01
4.952697373663013103e-01 -8.943820746634507657e+01
4.923391472043705530e-01 -8.922326148139607938e+01
4.894085570424397957e-01 -8.900931372671618647e+01
4.864779668805090385e-01 -8.879830585803065901e+01
4.835473767185782812e-01 -8.858830743956893627e+01
4.806167865566475239e-01 -8.838119459506025066e+01
4.776861963947165446e-01 -8.817510093529210735e+01
4.747556062327860094e-01 -8.797183916652443258e+01
4.718250160708550300e-01 -8.776960490706071027e+01
4.688944259089242728e-01 -8.757014949393119707e+01
4.659638357469937375e-01 -8.737172857716616647e+01
4.630332455850627582e-01 -8.717603410879262071e+01
4.601026554231320009e-01 -8.698137985571477770e+01
4.571720652612012437e-01 -8.678940030707498465e+01
4.542414750992704864e-01 -8.659846549124651460e+01
4.513108849373397291e-01 -8.641015429615336529e+01
4.483802947754087498e-01 -8.622289121369612985e+01
4.454497046134782146e-01 -8.603820133402855674e+01
4.425191144515474573e-01 -8.585456187024222174e+01
4.395885242896164780e-01 -8.567344586167847353e+01
4.366579341276859427e-01 -8.549338155445063592e+01
4.337273439657549634e-01 -8.531579162895873480e+01
4.307967538038242061e-01 -8.513925372862991026e+01
4.278661636418936709e-01 -8.496514181377183661e+01
4.249355734799626916e-01 -8.479208134001972041e+01
4.220049833180319343e-01 -8.462139913492686105e+01
4.190743931561011770e-01 -8.445176693054797568e+01
4.161438029941704198e-01 -8.428446595915617934e+01
4.132132128322396625e-01 -8.411821274107452950e+01
4.102826226703086832e-01 -8.395424440230300434e+01
4.073520325083781479e-01 -8.379132080972911467e+01
4.044214423464473906e-01 -8.363063642528265973e+01
4.014908521845164113e-01 -8.347099306540043528e+01
3.985602620225858761e-01 -8.331354392462984038e+01
3.956296718606548968e-01 -8.315713141561295174e+01
3.926990816987241395e-01 -8.300286881820053964e+01
3.897684915367933822e-01 -8.284963783002049809e+01
3.868379013748626249e-01 -8.269851312594411752e+01
3.839073112129318677e-01 -8.254841441846147632e+01
3.809767210510008884e-01 -8.240037904607052610e+01
3.780461308890703531e-01 -8.225336350528303342e+01
3.751155407271395958e-01 -8.210836902667800530e+01
3.721849505652086165e-01 -8.196438769862217555e+01
3.692543604032780813e-01 -8.182238583343972493e+01
3.663237702413471020e-01 -8.168138995629053056e+01
3.633931800794163447e-01 -8.154233261306841030e+01
3.604625899174855874e-01 -8.140427364700009605e+01
3.575319997555548301e-01 -8.126811295301141058e+01
3.546014095936240729e-01 -8.113294260848505246e+01
3.516708194316933156e-01 -8.099963093726665875e+01
3.487402292697625583e-01 -8.086730120124748566e+01
3.458096391078318010e-01 -8.073679119897454370e+01
3.428790489459008217e-01 -8.060725435980450015e+01
3.399484587839702865e-01 -8.047949896941896952e+01
3.370178686220395292e-01 -8.035270763966263985e+01
3.340872784601085499e-01 -8.022766012374499667e+01
3.311566882981777926e-01 -8.010356726194379462e+01
3.282260981362470353e-01 -7.998118122387920437e+01
3.252955079743162781e-01 -7.985974015427733264e+01
3.223649178123855208e-01 -7.973996955810109455e+01
3.194343276504547635e-01 -7.962113398945017195e+01
3.165037374885240062e-01 -7.950393317804007154e+01
3.135731473265932490e-01 -7.938765722065352293e+01
3.106425571646622696e-01 -7.927298093295240733e+01
3.077119670027317344e-01 -7.915921911476131356e+01
3.047813768408007551e-01 -7.904702250123855833e+01
3.018507866788699978e-01 -7.893572978245595095e+01
2.989201965169392405e-01 -7.882596841991700387e+01
2.959896063550084833e-01 -7.871710020692434284e+01
2.930590161930777260e-01 -7.860973011211680728e+01
2.901284260311469687e-01 -7.850324226834919727e+01
2.871978358692162114e-01 -7.839821990916129835e+01
2.842672457072854542e-01 -7.829406876902199031e+01
2.813366555453544748e-01 -7.819135107631049664e+01
2.784060653834239396e-01 -7.808949345356444383e+01
2.754754752214929603e-01 -7.798903783207467200e+01
2.725448850595622030e-01 -7.788943102943541419e+01
2.696142948976316678e-01 -7.779119536581526972e+01
2.666837047357006885e-01 -7.769379718377818733e+01
2.637531145737699312e-01 -7.759773985569684385e+01
2.608225244118391739e-01 -7.750250859983835028e+01
2.578919342499084166e-01 -7.740858848293019889e+01
2.549613440879776594e-01 -7.731548297072204434e+01
2.520307539260466800e-01 -7.722365944540779026e+01
2.491001637641161448e-01 -7.713263901184743077e+01
2.461695736021853875e-01 -7.704287196906942370e+01
2.432389834402544082e-01 -7.695389647213097817e+01
2.403083932783238730e-01 -7.686614631854298807e+01
2.373778031163928937e-01 -7.677917614357559728e+01
2.344472129544621364e-01 -7.669340380587151174e+01
2.315166227925316011e-01 -7.660839986895943809e+01
2.285860326306006218e-01 -7.652456679749059276e+01
2.256554424686698646e-01 -7.644149054875275340e+01
2.227248523067391073e-01 -7.635955872047976811e+01
2.197942621448083500e-01 -7.627837214668394950e+01
2.168636719828775927e-01 -7.619830406789473898e+01
2.139330818209466134e-01 -7.611896969424699932e+01
2.110024916590160782e-01 -7.604072840219902218e+01
2.080719014970853209e-01 -7.596320929352110340e+01
2.051413113351543416e-01 -7.588675835779601186e+01
2.022107211732238063e-01 -7.581101811934053103e+01
1.992801310112928270e-01 -7.573632164242296483e+01
1.963495408493620697e-01 -7.566232442042471007e+01
1.934189506874313125e-01 -7.558934703860381887e+01
1.904883605255005552e-01 -7.551705751978647640e+01
1.875577703635697979e-01 -7.544576440242002491e+01
1.846271802016388186e-01 -7.537514781379525175e+01
1.816965900397082834e-01 -7.530550466304917734e+01
1.787659998777775261e-01 -7.523652677046484882e+01
1.758354097158465468e-01 -7.516849982008811537e+01
1.729048195539160115e-01 -7.510112692704645099e+01
1.699742293919850322e-01 -7.503468294097139335e+01
1.670436392300542749e-01 -7.496888188681204213e+01
1.641130490681235177e-01 -7.490398815762662821e+01
1.611824589061927604e-01 -7.483972631547065646e+01
1.582518687442620031e-01 -7.477635066215017901e+01
1.553212785823312458e-01 -7.471359593629975393e+01
1.523906884204004886e-01 -7.465170670190819635e+01
1.494600982584697313e-01 -7.459042752520159070e+01
1.465295080965387520e-01 -7.452999357411916037e+01
1.435989179346082167e-01 -7.447015890487647027e+01
1.406683277726774595e-01 -7.441114961970228592e+01
1.377377376107464801e-01 -7.435272893819077922e+01
1.348071474488157229e-01 -7.429511421653678838e+01
1.318765572868849656e-01 -7.423807752181171793e+01
1.289459671249542083e-01 -7.418182777285656471e+01
1.260153769630234510e-01 -7.412614557861067510e+01
1.230847868010926938e-01 -7.407123171922958704e+01
1.201541966391619365e-01 -7.401687504984360544e+01
1.172236064772311792e-01 -7.396326850058542846e+01
1.142930163153004219e-01 -7.391020888695071278e+01
1.113624261533696647e-01 -7.385788156810491500e+01
1.084318359914386853e-01 -7.380609104342092053e+01
1.055012458295079281e-01 -7.375501537052747381e+01
1.025706556675771708e-01 -7.370446646523673451e+01
9.964006550564641351e-02 -7.365461534450606962e+01
9.670947534371565624e-02 -7.360528108184665541e+01
9.377888518178489896e-02 -7.355662790558142206e+01
9.084829501985414169e-02 -7.350848179678320093e+01
8.791770485792338441e-02 -7.346100043855305728e+01
8.498711469599262713e-02 -7.341401647772157446e+01
8.205652453406186986e-02 -7.336768128744238027e+01
7.912593437213089054e-02 -7.332183394636625451e+01
7.619534421020013326e-02 -7.327661974516936993e+01
7.326475404826959803e-02 -7.323188396796965094e+01
7.033416388633861871e-02 -7.318776604281636367e+01
6.740357372440786143e-02 -7.314411724072917309e+01
6.447298356247710416e-02 -7.310107133944725888e+01
6.154239340054634688e-02 -7.305848538536717740e+01
5.861180323861558961e-02 -7.301648771111840119e+01
5.568121307668461029e-02 -7.297494093384541713e+01
5.275062291475407505e-02 -7.293396813931499878e+01
4.982003275282331778e-02 -7.289343731831701234e+01
4.688944259089233846e-02 -7.285346650082905740e+01
4.395885242896180323e-02 -7.281392886022426580e+01
4.102826226703082391e-02 -7.277493755590258218e+01
3.809767210510006663e-02 -7.273637075897245552e+01
3.516708194316953140e-02 -7.269833693698846844e+01
3.223649178123855208e-02 -7.266071908024062509e+01
2.930590161930779480e-02 -7.262362113702504018e+01
2.637531145737703753e-02 -7.258693074445588422e+01
2.344472129544628025e-02 -7.255074749816732549e+01
2.051413113351552298e-02 -7.251496351516014727e+01
1.758354097158454366e-02 -7.247967419996408012e+01
1.465295080965400842e-02 -7.244477598796864015e+01
1.172236064772325115e-02 -7.241036024712663277e+01
8.791770485792271828e-03 -7.237632757720388099e+01
5.861180323861736596e-03 -7.234276545978838158e+01
2.930590161930757276e-03 -7.230957850709769730e+01
0.000000000000000000e+00 -7.227685045954173404e+01
-2.930590161930757276e-03 -7.224448979691061368e+01
-5.861180323861736596e-03 -7.221257665848872875e+01
-8.791770485792049783e-03 -7.218102325103971850e+01
-1.172236064772302910e-02 -7.214990624769960448e+01
-1.465295080965378638e-02 -7.211914144664881121e+01
-1.758354097158454366e-02 -7.208880218529786532e+01
-2.051413113351552298e-02 -7.205880772209600593e+01
-2.344472129544628025e-02 -7.202922818466302601e+01
-2.637531145737703753e-02 -7.199998616500283788e+01
-2.930590161930757276e-02 -7.197114870254605989e+01
-3.223649178123833003e-02 -7.194264160063133318e+01
-3.516708194316930935e-02 -7.191452892768235472e+01
-3.809767210510006663e-02 -7.188673958025168531e+01
-4.102826226703082391e-02 -7.185933476898493666e+01
-4.395885242896180323e-02 -7.183224636948175146e+01
-4.688944259089256050e-02 -7.180553284393795366e+01
-4.982003275282309573e-02 -7.177912893670770700e+01
-5.275062291475385301e-02 -7.175309046695790016e+01
-5.568121307668461029e-02 -7.172735494143930168e+01
-5.861180323861558961e-02 -7.170197563798453189e+01
-6.154239340054634688e-02 -7.167689272303661596e+01
-6.447298356247710416e-02 -7.165215703112605183e+01
-6.740357372440763939e-02 -7.162771128913834673e+01
-7.033416388633839667e-02 -7.160360398306349339e+01
-7.326475404826937599e-02 -7.157978030444385809e+01
-7.619534421020013326e-02 -7.155628648199254371e+01
-7.912593437213089054e-02 -7.153307007939771722e+01
-8.205652453406186986e-02 -7.151017515629794730e+01
-8.498711469599262713e-02 -7.148755155916882131e+01
-8.791770485792316236e-02 -7.146524126356364093e+01
-9.084829501985391964e-02 -7.144319631248860958e+01
-9.377888518178489896e-02 -7.142145667941403531e+01
-9.670947534371565624e-02 -7.139997652062966438e+01
-9.964006550564641351e-02 -7.137879388656033086e+01
-1.025706556675771708e-01 -7.135786496665909340e+01
-1.055012458295081501e-01 -7.133722596429791452e+01
-1.084318359914386853e-01 -7.131683502464626656e+01
-1.113624261533694426e-01 -7.129672657750869291e+01
-1.142930163153001999e-01 -7.127686064896687412e+01
-1.172236064772311792e-01 -7.125726996609371611e+01
-1.201541966391619365e-01 -7.123791636369381308e+01
-1.230847868010926938e-01 -7.121883093445886459e+01
-1.260153769630232290e-01 -7.119997725223957730e+01
-1.289459671249539863e-01 -7.118138484117737619e+01
-1.318765572868849656e-01 -7.116301894700103503e+01
-1.348071474488157229e-01 -7.114490758870236675e+01
-1.377377376107464801e-01 -7.112701761909178799e+01
-1.406683277726774595e-01 -7.110937561322563738e+01
-1.435989179346082167e-01 -7.109194996837106828e+01
-1.465295080965387520e-01 -7.107476587460446638e+01
-1.494600982584695092e-01 -7.105779321333260157e+01
-1.523906884204002665e-01 -7.104105584644365479e+01
-1.553212785823312458e-01 -7.102452508135600340e+01
-1.582518687442620031e-01 -7.100822350636261149e+01
-1.611824589061927604e-01 -7.099212379887151769e+01
-1.641130490681237397e-01 -7.097624732627170374e+01
-1.670436392300540529e-01 -7.096056808185322495e+01
-1.699742293919850322e-01 -7.094510626286755439e+01
-1.729048195539157895e-01 -7.092983712634162430e+01
-1.758354097158465468e-01 -7.091477974819621011e+01
-1.787659998777775261e-01 -7.089991059893851855e+01
-1.816965900397082834e-01 -7.088524768031943779e+01
-1.846271802016390406e-01 -7.087076862769579577e+01
-1.875577703635695759e-01 -7.085649041410226801e+01
-1.904883605255003332e-01 -7.084239179301960121e+01
-1.934189506874313125e-01 -7.082848875241515429e+01
-1.963495408493620697e-01 -7.081476111869736201e+01
-1.992801310112928270e-01 -7.080122393688836269e+01
-2.022107211732238063e-01 -7.078785806310919781e+01
-2.051413113351541195e-01 -7.077467763955516489e+01
-2.080719014970850989e-01 -7.076166451027440019e+01
-2.110024916590158561e-01 -7.074883195377090317e+01
-2.139330818209466134e-01 -7.073616276156357685e+01
-2.168636719828775927e-01 -7.072366938590529628e+01
-2.197942621448083500e-01 -7.071133552700557345e+01
-2.227248523067391073e-01 -7.069917284697581294e+01
-2.256554424686696425e-01 -7.068716591719481812e+01
-2.285860326306003998e-01 -7.067532564433709297e+01
-2.315166227925313791e-01 -7.066363743493241145e+01
-2.344472129544621364e-01 -7.065211147353470267e+01
-2.373778031163928937e-01 -7.064073396716817399e+01
-2.403083932783238730e-01 -7.062951441036254607e+01
-2.432389834402546303e-01 -7.061843977709250453e+01
-2.461695736021851655e-01 -7.060751890290808319e+01
-2.491001637641159228e-01 -7.059673949634350265e+01
-2.520307539260466800e-01 -7.058610976372906975e+01
-2.549613440879776594e-01 -7.057561811723405754e+01
-2.578919342499084166e-01 -7.056527216241130418e+01
-2.608225244118391739e-01 -7.055506098545764360e+01
-2.637531145737697091e-01 -7.054499161801648199e+01
-2.666837047357004664e-01 -7.053505379209853743e+01
-2.696142948976314457e-01 -7.052525399207195278e+01
-2.725448850595622030e-01 -7.051558256634537258e+01
-2.754754752214929603e-01 -7.050604547940105249e+01
-2.784060653834239396e-01 -7.049663366975501333e+01
-2.813366555453546969e-01 -7.048735260443261552e+01
-2.842672457072852321e-01 -7.047819378742282481e+01
-2.871978358692159894e-01 -7.046916221168592642e+01
-2.901284260311469687e-01 -7.046024992165800427e+01
-2.930590161930777260e-01 -7.045146145916612568e+01
-2.959896063550084833e-01 -7.044278938519522626e+01
-2.989201965169392405e-01 -7.043423781206301726e+01
-3.018507866788702199e-01 -7.042579979454880856e+01
-3.047813768408007551e-01 -7.041747903613885740e+01
-3.077119670027315124e-01 -7.040926906338368951e+01
-3.106425571646622696e-01 -7.040117319098436610e+01
-3.135731473265932490e-01 -7.039318539605528713e+01
-3.165037374885240062e-01 -7.038530862361041329e+01
-3.194343276504547635e-01 -7.037753728119949415e+01
-3.223649178123852987e-01 -7.036987396248051141e+01
-3.252955079743160560e-01 -7.036231348562338894e+01
-3.282260981362470353e-01 -7.035485811082901364e+01
-3.311566882981777926e-01 -7.034750304819834810e+01
-3.340872784601085499e-01 -7.034025024118899694e+01
-3.370178686220395292e-01 -7.033309527360171387e+01
-3.399484587839702865e-01 -7.032603978875640394e+01
-3.428790489459008217e-01 -7.031907972685553432e+01
-3.458096391078315790e-01 -7.031221644618803168e+01
-3.487402292697623363e-01 -7.030544622706432278e+01
-3.516708194316933156e-01 -7.029877015766510340e+01
-3.546014095936240729e-01 -7.029218484214109708e+01
-3.575319997555548301e-01 -7.028569111310264361e+01
-3.604625899174858095e-01 -7.027928588311021940e+01
-3.633931800794161227e-01 -7.027296974289835418e+01
-3.663237702413471020e-01 -7.026673989861187408e+01
-3.692543604032778592e-01 -7.026059671235448434e+01
-3.721849505652086165e-01 -7.025453766957573976e+01
-3.751155407271395958e-01 -7.024856291637620131e+01
-3.780461308890703531e-01 -7.024267020401168793e+01
-3.809767210510008884e-01 -7.023685947448389300e+01
-3.839073112129316456e-01 -7.023112873175841742e+01
-3.868379013748624029e-01 -7.022547772544182010e+01
-3.897684915367933822e-01 -7.021990469954714342e+01
-3.926990816987241395e-01 -7.021440922243252203e+01
-3.956296718606548968e-01 -7.020898976602816788e+01
-3.985602620225858761e-01 -7.020364572811772064e+01
-4.014908521845161893e-01 -7.019837579695743557e+01
-4.044214423464471686e-01 -7.019317920983324655e+01
-4.073520325083779259e-01 -7.018805486035412855e+01
-4.102826226703086832e-01 -7.018300183498168110e+01
-4.132132128322396625e-01 -7.017801922193828545e+01
-4.161438029941704198e-01 -7.017310596629636166e+01
-4.190743931561011770e-01 -7.016826134064316989e+01
-4.220049833180317123e-01 -7.016348415749460798e+01
-4.249355734799624695e-01 -7.015877386397365001e+01
-4.278661636418934489e-01 -7.015412914861431659e+01
-4.307967538038242061e-01 -7.014954962369598945e+01
-4.337273439657551855e-01 -7.014503386186403588e+01
-4.366579341276857207e-01 -7.014058163158026105e+01
-4.395885242896167000e-01 -7.013619139735843078e+01
-4.425191144515472352e-01 -7.013186307521169738e+01
-4.454497046134782146e-01 -7.012759502894708419e+01
-4.483802947754087498e-01 -7.012338731384545554e+01
-4.513108849373397291e-01 -7.011923820010662212e+01
-4.542414750992707084e-01 -7.011514787437398866e+01
-4.571720652612012437e-01 -7.011111452001505029e+01
-4.601026554231317789e-01 -7.010713844746790357e+01
-4.630332455850627582e-01 -7.010321775968868963e+01
-4.659638357469932934e-01 -7.009935288361427297e+01
-4.688944259089242728e-01 -7.009554184805016064e+01
-4.718250160708552521e-01 -7.009178518945726921e+01
-4.747556062327857873e-01 -7.008808086829905903e+01
-4.776861963947167666e-01 -7.008442952393953362e+01
-4.806167865566473019e-01 -7.008082905417755626e+01
-4.835473767185782812e-01 -7.007728019483064941e+01
-4.864779668805088164e-01 -7.007378078639048624e+01
-4.894085570424397957e-01 -7.007033165506362593e+01
-4.923391472043707751e-01 -7.006693058913295147e+01
-4.952697373663013103e-01 -7.006357849942487803e+01
-4.982003275282322896e-01 -7.006027312678068597e+01
-5.011309176901628248e-01 -7.005701546103639998e+01
-5.040615078520933601e-01 -7.005380320032587349e+01
-5.069920980140243394e-01 -7.005063740816352436e+01
-5.099226881759553187e-01 -7.004751574426190075e+01
-5.128532783378858539e-01 -7.004443934080323686e+01
-5.157838684998168333e-01 -7.004140582327157460e+01
-5.187144586617473685e-01 -7.003841638757006649e+01
-5.216450488236783478e-01 -7.003546862901531256e+01
-5.245756389856088830e-01 -7.003256380269586145e+01
-5.275062291475398624e-01 -7.002969947733242861e+01
-5.304368193094708417e-01 -7.002687696297421382e+01
-5.333674094714013769e-01 -7.002409380524457561e+01
-5.362979996333323562e-01 -7.002135136455945030e+01
-5.392285897952628915e-01 -7.001864716726136351e+01
-5.421591799571934267e-01 -7.001598262049196819e+01
-5.450897701191244060e-01 -7.001335523428339513e+01
-5.480203602810553853e-01 -7.001076645736131354e+01
-5.509509504429859206e-01 -7.000821378718326571e+01
-5.538815406049168999e-01 -7.000569871250046106e+01
-5.568121307668478792e-01 -7.000321871957714848e+01
-5.597427209287784144e-01 -7.000077533232663995e+01
-5.626733110907089497e-01 -6.999836602978017197e+01
-5.656039012526399290e-01 -6.999599236834396265e+01
-5.685344914145709083e-01 -6.999365182168941146e+01
-5.714650815765014435e-01 -6.999134597530849078e+01
-5.743956717384324229e-01 -6.998907230034902227e+01
-5.773262619003629581e-01 -6.998683240830048646e+01
-5.802568520622939374e-01 -6.998462377010106650e+01
-5.831874422242244727e-01 -6.998244802055734226e+01
-5.861180323861554520e-01 -6.998030263242263516e+01
-5.890486225480859872e-01 -6.997818926100013925e+01
-5.919792127100169665e-01 -6.997610538308886419e+01
-5.949098028719479458e-01 -6.997405267175592769e+01
-5.978403930338784811e-01 -6.997202860983237827e+01
-6.007709831958090163e-01 -6.997003488585488640e+01
-6.037015733577399956e-01 -6.996806899027376403e+01
-6.066321635196709749e-01 -6.996613262495378649e+01
-6.095627536816015102e-01 -6.996422328970973581e+01
-6.124933438435324895e-01 -6.996234269736791589e+01
-6.154239340054634688e-01 -6.996048835879662420e+01
-6.183545241673940041e-01 -6.995866199560538234e+01
-6.212851143293245393e-01 -6.995686113135734274e+01
-6.242157044912555186e-01 -6.995508749432148932e+01
-6.271462946531864979e-01 -6.995333862221308152e+01
-6.300768848151170332e-01 -6.995161624842157266e+01
-6.330074749770480125e-01 -6.994991792569727806e+01
-6.359380651389785477e-01 -6.994824539086974369e+01
-6.388686553009090829e-01 -6.994659621320829501e+01
-6.417992454628400623e-01 -6.994497213098310340e+01
-6.447298356247710416e-01 -6.994337073116015802e+01
-6.476604257867015768e-01 -6.994179375207980343e+01
-6.505910159486325561e-01 -6.994023879947964417e+01
-6.535216061105635355e-01 -6.993870761003644532e+01
-6.564521962724940707e-01 -6.993719780928667262e+01
-6.593827864344246059e-01 -6.993571113116740889e+01
-6.623133765963555852e-01 -6.993424522164973212e+01
-6.652439667582865646e-01 -6.993280181061810197e+01
-6.681745569202170998e-01 -6.993137856541018493e+01
-6.711051470821480791e-01 -6.992997721051420967e+01
-6.740357372440790584e-01 -6.992859543555779567e+01
-6.769663274060091496e-01 -6.992723495843010539e+01
-6.798969175679401289e-01 -6.992589349160743950e+01
-6.828275077298711082e-01 -6.992457274543174606e+01
-6.857580978918016434e-01 -6.992327045599196822e+01
-6.886886880537326228e-01 -6.992198832484071147e+01
-6.916192782156636021e-01 -6.992072411234680374e+01
-6.945498683775941373e-01 -6.991947951023341545e+01
-6.974804585395246725e-01 -6.991825230381493839e+01
-7.004110487014556519e-01 -6.991704417418249307e+01
-7.033416388633866312e-01 -6.991585293176686378e+01
-7.062722290253171664e-01 -6.991468024644981938e+01
-7.092028191872481457e-01 -6.991352395431304956e+01
-7.121334093491791251e-01 -6.991238571303003368e+01
-7.150639995111092162e-01 -6.991126338479594438e+01
-7.179945896730401955e-01 -6.991015861428857647e+01
-7.209251798349711748e-01 -6.990906929021933536e+01
-7.238557699969017101e-01 -6.990799704364314948e+01
-7.267863601588326894e-01 -6.990693979001530067e+01
-7.297169503207636687e-01 -6.990589914618215062e+01
-7.326475404826942039e-01 -6.990487305465120471e+01
-7.355781306446247392e-01 -6.990386311747826653e+01
-7.385087208065557185e-01 -6.990286730436378093e+01
-7.414393109684866978e-01 -6.990188720208139728e+01
-7.443699011304172330e-01 -6.990092080781990092e+01
-7.473004912923482124e-01 -6.989996969248815617e+01
-7.502310814542791917e-01 -6.989903188084784347e+01
-7.531616716162097269e-01 -6.989810892757566307e+01
-7.560922617781402622e-01 -6.989719888522571978e+01
-7.590228519400712415e-01 -6.989630329171751555e+01
-7.619534421020017767e-01 -6.989542022743319194e+01
-7.648840322639327560e-01 -6.989455121336018806e+01
-7.678146224258637353e-01 -6.989369435768870176e+01
-7.707452125877942706e-01 -6.989285116404042242e+01
-7.736758027497248058e-01 -6.989201976853857445e+01
-7.766063929116557851e-01 -6.989120165710147603e+01
-7.795369830735867644e-01 -6.989039499389114951e+01
-7.824675732355172997e-01 -6.988960124684410857e+01
-7.853981633974482790e-01 -6.988881860794441536e+01
-7.883287535593792583e-01 -6.988804852711034243e+01
-7.912593437213097936e-01 -6.988728922417197964e+01
-7.941899338832403288e-01 -6.988654213062362430e+01
-7.971205240451713081e-01 -6.988580549417933696e+01
-8.000511142071022874e-01 -6.988508072763707446e+01
-8.029817043690328227e-01 -6.988436610664551552e+01
-8.059122945309638020e-01 -6.988366302519636974e+01
-8.088428846928947813e-01 -6.988296978654790337e+01
-8.117734748548253165e-01 -6.988228776599210335e+01
-8.147040650167558518e-01 -6.988161529420716533e+01
-8.176346551786868311e-01 -6.988095372750665035e+01
-8.205652453406173663e-01 -6.988030142409486700e+01
-8.234958355025483456e-01 -6.987965972097504164e+01
-8.264264256644793250e-01 -6.987902700390340271e+01
-8.293570158264098602e-01 -6.987840459069312260e+01
-8.322876059883403954e-01 -6.987779089452003234e+01
-8.352181961502713747e-01 -6.987718721304999292e+01
-8.381487863122023541e-01 -6.987659198697281226e+01
-8.410793764741328893e-01 -6.987600649573482769e+01
-8.440099666360638686e-01 -6.987542920541770286e+01
-8.469405567979948479e-01 -6.987486137666721220e+01
-8.498711469599253832e-01 -6.987430150220103542e+01
-8.528017371218559184e-01 -6.987375082351995559e+01
-8.557323272837868977e-01 -6.987320785955290603e+01
-8.586629174457174329e-01 -6.987267383263659326e+01
-8.615935076076484123e-01 -6.987214728788279672e+01
-8.645240977695793916e-01 -6.987162942861544934e+01
-8.674546879315099268e-01 -6.987111882554157205e+01
-8.703852780934409061e-01 -6.987061666305895358e+01
-8.733158682553714414e-01 -6.987012153757000021e+01
-8.762464584173024207e-01 -6.986963461441904144e+01
-8.791770485792329559e-01 -6.986915451528921039e+01
-8.821076387411639352e-01 -6.986868238670258791e+01
-8.850382289030949146e-01 -6.986821687544679094e+01
-8.879688190650254498e-01 -6.986775910931089584e+01
-8.908994092269559850e-01 -6.986730775976707264e+01
-8.938299993888869643e-01 -6.986686393599455869e+01
-8.967605895508174996e-01 -6.986642633403555180e+01
-8.996911797127484789e-01 -6.986599604441984468e+01
-9.026217698746794582e-01 -6.986557178746035390e+01
-9.055523600366099934e-01 -6.986515463534425407e+01
-9.084829501985409728e-01 -6.986474333223104338e+01
-9.114135403604715080e-01 -6.986433893210038093e+01
-9.143441305224024873e-01 -6.986394020274848060e+01
-9.172747206843330225e-01 -6.986354817994343591e+01
-9.202053108462640019e-01 -6.986316165501132502e+01
-9.231359010081949812e-01 -6.986278164556250658e+01
-9.260664911701255164e-01 -6.986240696604622258e+01
-9.289970813320564957e-01 -6.986203861628258949e+01
-9.319276714939870310e-01 -6.986167543349944253e+01
-9.348582616559175662e-01 -6.986131839982395775e+01
-9.377888518178485455e-01 -6.986096637492006778e+01
-9.407194419797795248e-01 -6.986062032342611872e+01
-9.436500321417100601e-01 -6.986027912725390365e+01
-9.465806223036410394e-01 -6.985994373359818610e+01
-9.495112124655720187e-01 -6.985961304624827051e+01
-9.524418026275025539e-01 -6.985928799531578193e+01
-9.553723927894330892e-01 -6.985896750610099559e+01
-9.583029829513640685e-01 -6.985865249176576697e+01
-9.612335731132950478e-01 -6.985834189882207568e+01
-9.641641632752255830e-01 -6.985803662364918409e+01
-9.670947534371565624e-01 -6.985773563373626871e+01
-9.700253435990870976e-01 -6.985743980888365456e+01
-9.729559337610180769e-01 -6.985714813712007754e+01
-9.758865239229486122e-01 -6.985686148194506018e+01
-9.788171140848795915e-01 -6.985657885174477144e+01
-9.817477042468105708e-01 -6.985630109365682472e+01
-9.846782944087411060e-01 -6.985602723617613208e+01
-9.876088845706720853e-01 -6.985575811049488948e+01
-9.905394747326026206e-01 -6.985549276473317093e+01
-9.934700648945331558e-01 -6.985523201436083696e+01
-9.964006550564641351e-01 -6.985497492675190756e+01
-9.993312452183951144e-01 -6.985472230193819598e+01
-1.002261835380325650e+00 -6.985447322631294753e+01
-1.005192425542256629e+00 -6.985422848451891298e+01
-1.008123015704187608e+00 -6.985398718174765520e+01
-1.011053605866118144e+00 -6.985375008748992798e+01
-1.013984196028048679e+00 -6.985351632532668020e+01
-1.016914786189979658e+00 -6.985328664990906589e+01
-1.019845376351910637e+00 -6.985306020286728312e+01
-1.022775966513841173e+00 -6.985283772419039394e+01
-1.025706556675772152e+00 -6.985261837330597245e+01
-1.028637146837702687e+00 -6.985240287573338946e+01
-1.031567736999633222e+00 -6.985219040837475291e+01
-1.034498327161564202e+00 -6.985198168248857087e+01
-1.037428917323495181e+00 -6.985177589223782491e+01
-1.040359507485425716e+00 -6.985157373476432952e+01
-1.043290097647356696e+00 -6.985137442114539397e+01
-1.046220687809287675e+00 -6.985117863476482114e+01
-1.049151277971218210e+00 -6.985098560319751471e+01
-1.052081868133148745e+00 -6.985079599626152458e+01
-1.055012458295079725e+00 -6.985060905783137741e+01
-1.057943048457010704e+00 -6.985042544432590716e+01
-1.060873638618941239e+00 -6.985024441562667619e+01
-1.063804228780872219e+00 -6.985006661496180413e+01
-1.066734818942803198e+00 -6.984989131796531581e+01
-1.069665409104733289e+00 -6.984971915485621707e+01
-1.072595999266664268e+00 -6.984954941671954032e+01
-1.075526589428595248e+00 -6.984938272103167378e+01
-1.078457179590525783e+00 -6.984921837401951450e+01
-1.081387769752456762e+00 -6.984905698064122248e+01
-1.084318359914387742e+00 -6.984889786192026406e+01
-1.087248950076318277e+00 -6.984874161060336917e+01
-1.090179540238248812e+00 -6.984858756221893827e+01
-1.093110130400179791e+00 -6.984843629739992821e+01
-1.096040720562110771e+00 -6.984828716599655252e+01
-1.098971310724041306e+00 -6.984814073673670975e+01
-1.101901900885972285e+00 -6.984799637347336443e+01
-1.104832491047903265e+00 -6.984785463341378886e+01
-1.107763081209833356e+00 -6.984771489380911191e+01
-1.110693671371764335e+00 -6.984757770085215611e+01
-1.113624261533695314e+00 -6.984744244499913179e+01
-1.116554851695625850e+00 -6.984730966058810964e+01
-1.119485441857556829e+00 -6.984717875225359762e+01
-1.122416032019487808e+00 -6.984705024321056044e+01
-1.125346622181418343e+00 -6.984692355064659353e+01
-1.128277212343348879e+00 -6.984679918709001356e+01
-1.131207802505279858e+00 -6.984667658231970222e+01
-1.134138392667210837e+00 -6.984655623827295301e+01
-1.137068982829141373e+00 -6.984643759714299449e+01
-1.139999572991072352e+00 -6.984632115046986200e+01
-1.142930163153003331e+00 -6.984620635256905530e+01
-1.145860753314933866e+00 -6.984609368475149438e+01
-1.148791343476864402e+00 -6.984598261327215596e+01
-1.151721933638795381e+00 -6.984587360935719857e+01
-1.154652523800725916e+00 -6.984576615097047636e+01
-1.157583113962656896e+00 -6.984566069952238365e+01
-1.160513704124587875e+00 -6.984555674434258776e+01
-1.163444294286518410e+00 -6.984545473730844378e+01
-1.166374884448448945e+00 -6.984535417880599084e+01
-1.169305474610379925e+00 -6.984525551135432409e+01
-1.172236064772310904e+00 -6.984515824624445202e+01
-1.175166654934241439e+00 -6.984506281671495742e+01
-1.178097245096172418e+00 -6.984496874480034023e+01
-1.181027835258103398e+00 -6.984487645470112227e+01
-1.183958425420033933e+00 -6.984478547886773470e+01
-1.186889015581964468e+00 -6.984469623268329030e+01
-1.189819605743895448e+00 -6.984460825878137769e+01
-1.192750195905826427e+00 -6.984452196385859679e+01
-1.195680786067756962e+00 -6.984443690060153642e+01
-1.198611376229687941e+00 -6.984435346724761473e+01
-1.201541966391618921e+00 -6.984427122620927264e+01
-1.204472556553549456e+00 -6.984419056743315934e+01
-1.207403146715479991e+00 -6.984411106290022531e+01
-1.210333736877410971e+00 -6.984403309439041152e+01
-1.213264327039341506e+00 -6.984395624329992813e+01
-1.216194917201272485e+00 -6.984388088344293521e+01
-1.219125507363203464e+00 -6.984380660518961292e+01
-1.222056097525134000e+00 -6.984373377478631539e+01
-1.224986687687064535e+00 -6.984366199147865473e+01
-1.227917277848995514e+00 -6.984359161382737113e+01
-1.230847868010926494e+00 -6.984352224986115232e+01
-1.233778458172857029e+00 -6.984345425074718605e+01
-1.236709048334788008e+00 -6.984338723300278673e+01
-1.239639638496718987e+00 -6.984332154055397268e+01
-1.242570228658649523e+00 -6.984325679815776766e+01
-1.245500818820580058e+00 -6.984319334270388424e+01
-1.248431408982511037e+00 -6.984313080704960441e+01
-1.251361999144441572e+00 -6.984306952116268974e+01
-1.254292589306372552e+00 -6.984300912578092380e+01
-1.257223179468303531e+00 -6.984294994421486535e+01
-1.260153769630234066e+00 -6.984289162480622792e+01
-1.263084359792165046e+00 -6.984283448430728924e+01
-1.266014949954095581e+00 -6.984277817864482074e+01
-1.268945540116026560e+00 -6.984272301818153039e+01
-1.271876130277957095e+00 -6.984266866602673929e+01
-1.274806720439888075e+00 -6.984261542636775744e+01
-1.277737310601819054e+00 -6.984256296946252007e+01
-1.280667900763749589e+00 -6.984251159332906411e+01
-1.283598490925680125e+00 -6.984246097523815422e+01
-1.286529081087611104e+00 -6.984241140730838993e+01
-1.289459671249541639e+00 -6.984236257349570565e+01
-1.292390261411472618e+00 -6.984231476025446739e+01
-1.295320851573403598e+00 -6.984226765808658399e+01
-1.298251441735334133e+00 -6.984222154779095604e+01
-1.301182031897265112e+00 -6.984217612630850169e+01
-1.304112622059195647e+00 -6.984213166894778624e+01
-1.307043212221126627e+00 -6.984208787882577951e+01
-1.309973802383057162e+00 -6.984204502601930642e+01
-1.312904392544988141e+00 -6.984200281975643065e+01
-1.315834982706919121e+00 -6.984196152481695208e+01
-1.318765572868849656e+00 -6.984192085639222114e+01
-1.321696163030780635e+00 -6.984188107429866932e+01
-1.324626753192711170e+00 -6.984184189937860765e+01
-1.327557343354641706e+00 -6.984180358656219312e+01
-1.330487933516572685e+00 -6.984176586245905582e+01
-1.333418523678503664e+00 -6.984172897669117219e+01
-1.336349113840434200e+00 -6.984169266202437143e+01
-1.339279704002365179e+00 -6.984165716326191387e+01
-1.342210294164295714e+00 -6.984162221787381952e+01
-1.345140884326226693e+00 -6.984158806546372489e+01
-1.348071474488157229e+00 -6.984155445202164003e+01
-1.351002064650088208e+00 -6.984152160969087220e+01
-1.353932654812019187e+00 -6.984148929004462047e+01
-1.356863244973949723e+00 -6.984145772166198185e+01
-1.359793835135880702e+00 -6.984142665996658650e+01
-1.362724425297811237e+00 -6.984139633094123667e+01
-1.365655015459742216e+00 -6.984136649257020224e+01
-1.368585605621672752e+00 -6.984133736867991615e+01
-1.371516195783603731e+00 -6.984130872076629259e+01
-1.374446785945534266e+00 -6.984128076947588681e+01
-1.377377376107465246e+00 -6.984125328054108195e+01
-1.380307966269396225e+00 -6.984122647078443435e+01
-1.383238556431326760e+00 -6.984120011012258544e+01
-1.386169146593257295e+00 -6.984117441190113595e+01
-1.389099736755188275e+00 -6.984114915021103798e+01
-1.392030326917119254e+00 -6.984112453456933167e+01
-1.394960917079049789e+00 -6.984110034252323373e+01
-1.397891507240980769e+00 -6.984107678361472438e+01
-1.400822097402911304e+00 -6.984105363624041729e+01
-1.403752687564842283e+00 -6.984103110495466638e+01
-1.406683277726772818e+00 -6.984100897498095151e+01
-1.409613867888703798e+00 -6.984098744723129926e+01
-1.412544458050634777e+00 -6.984096631016831225e+01
-1.415475048212565312e+00 -6.984094576167080959e+01
-1.418405638374496291e+00 -6.984092559416303914e+01
-1.421336228536426827e+00 -6.984090600109753666e+01
-1.424266818698357362e+00 -6.984088677999430672e+01
-1.427197408860288341e+00 -6.984086812080521156e+01
-1.430127999022219321e+00 -6.984084982384401030e+01
-1.433058589184149856e+00 -6.984083207791341863e+01
-1.435989179346080835e+00 -6.984081468453278774e+01
-1.438919769508011814e+00 -6.984079783165029198e+01
-1.441850359669942350e+00 -6.984078132284848550e+01
-1.444780949831872885e+00 -6.984076534320014673e+01
-1.447711539993803864e+00 -6.984074969969620383e+01
-1.450642130155734844e+00 -6.984073457569424193e+01
-1.453572720317665379e+00 -6.984071978010769044e+01
-1.456503310479596358e+00 -6.984070549432284736e+01
-1.459433900641527337e+00 -6.984069152991546048e+01
-1.462364490803457429e+00 -6.984067806595142258e+01
-1.465295080965388408e+00 -6.984066491668677656e+01
-1.468225671127319387e+00 -6.984065225931647092e+01
-1.471156261289249922e+00 -6.984063991063611354e+01
-1.474086851451180902e+00 -6.984062804507352951e+01
-1.477017441613111881e+00 -6.984061648228981767e+01
-1.479948031775042416e+00 -6.984060539543597201e+01
-1.482878621936972952e+00 -6.984059460549391929e+01
-1.485809212098903931e+00 -6.984058428453504064e+01
-1.488739802260834910e+00 -6.984057425534311392e+01
-1.491670392422765445e+00 -6.984056468833213671e+01
-1.494600982584696425e+00 -6.984055540825005437e+01
-1.497531572746627404e+00 -6.984054658429282370e+01
-1.500462162908557495e+00 -6.984053804282180522e+01
-1.503392753070488475e+00 -6.984052995175481726e+01
-1.506323343232419454e+00 -6.984052213910024420e+01
-1.509253933394349989e+00 -6.984051477164886990e+01
-1.512184523556280968e+00 -6.984050767876242105e+01
-1.515115113718211948e+00 -6.984050102649318603e+01
-1.518045703880142483e+00 -6.984049464530208695e+01
-1.520976294042073018e+00 -6.984048870045255342e+01
-1.523906884204003997e+00 -6.984048302367529004e+01
-1.526837474365934977e+00 -6.984047777945845326e+01
-1.529768064527865512e+00 -6.984047280060394769e+01
-1.532698654689796491e+00 -6.984046825098160127e+01
-1.535629244851727471e+00 -6.984046396433321036e+01
-1.538559835013658006e+00 -6.984046010394918369e+01
-1.541490425175588541e+00 -6.984045650455763621e+01
-1.544421015337519520e+00 -6.984045332907682280e+01
-1.547351605499450056e+00 -6.984045041286084654e+01
-1.550282195661381035e+00 -6.984044791852511480e+01
-1.553212785823312014e+00 -6.984044568207484360e+01
-1.556143375985242550e+00 -6.984044386602670329e+01
-1.559073966147173085e+00 -6.984044230686886578e+01
-1.562004556309104064e+00 -6.984044116696847482e+01
-1.564935146471035043e+00 -6.984044028330451681e+01
-1.567865736632965579e+00 -6.984043981822382818e+01
-1.570796326794896558e+00 -6.984043960904112680e+01
