1.570796326794896558e+00 -1.501903812047002693e-14
1.567865736632965801e+00 -1.501295439673803365e-14
1.564935146471035043e+00 -1.499468682492862592e-14
1.562004556309104286e+00 -1.496430826751212746e-14
1.559073966147173529e+00 -1.492185886769988913e-14
1.556143375985242772e+00 -1.486746706435644561e-14
1.553212785823311792e+00 -1.480122822611081361e-14
1.550282195661381035e+00 -1.472332429730106112e-14
1.547351605499450278e+00 -1.463390376917844152e-14
1.544421015337519520e+00 -1.453319897217928087e-14
1.541490425175588763e+00 -1.442140841561164140e-14
1.538559835013658006e+00 -1.429881083756556180e-14
1.535629244851727249e+00 -1.416565077532141428e-14
1.532698654689796491e+00 -1.402224863794545957e-14
1.529768064527865734e+00 -1.386889025874667947e-14
1.526837474365934977e+00 -1.370593235475286428e-14
1.523906884204004220e+00 -1.353369673231074122e-14
1.520976294042073240e+00 -1.335257058048508383e-14
1.518045703880142483e+00 -1.316290592313868968e-14
1.515115113718211726e+00 -1.296511427535286121e-14
1.512184523556280968e+00 -1.275957185294894552e-14
1.509253933394350211e+00 -1.254670820456581514e-14
1.506323343232419454e+00 -1.232691760340737659e-14
1.503392753070488697e+00 -1.210064135087749879e-14
1.500462162908557939e+00 -1.186828568686756766e-14
1.497531572746627182e+00 -1.163029754357179191e-14
1.494600982584696425e+00 -1.138708922108170457e-14
1.491670392422765667e+00 -1.113910744984931035e-14
1.488739802260834910e+00 -1.088676499168668412e-14
1.485809212098903931e+00 -1.063050294381874838e-14
1.482878621936973174e+00 -1.037072934245219199e-14
1.479948031775042416e+00 -1.010787471165753702e-14
1.477017441613111659e+00 -9.842337667888673081e-15
1.474086851451180902e+00 -9.574533780812381492e-15
1.471156261289250144e+00 -9.304848105998667208e-15
1.468225671127319387e+00 -9.033677480938614469e-15
1.465295080965388630e+00 -8.761389849820866442e-15
1.462364490803457873e+00 -8.488360167697904012e-15
1.459433900641527115e+00 -8.214936324498779079e-15
1.456503310479596358e+00 -7.941468873165169734e-15
1.453572720317665379e+00 -7.668283313075241939e-15
1.450642130155734622e+00 -7.395703892335999310e-15
1.447711539993803864e+00 -7.124031972051168080e-15
1.444780949831873107e+00 -6.853564181626688102e-15
1.441850359669942350e+00 -6.584576553624060158e-15
1.438919769508011592e+00 -6.317337333316575468e-15
1.435989179346080835e+00 -6.052096550551301460e-15
1.433058589184150078e+00 -5.789093800453431400e-15
1.430127999022219321e+00 -5.528552902532481490e-15
1.427197408860288563e+00 -5.270684980232002195e-15
1.424266818698357806e+00 -5.015687847686209090e-15
1.421336228536426827e+00 -4.763744720871599314e-15
1.418405638374496069e+00 -4.515027968971685785e-15
1.415475048212565312e+00 -4.269693791259398561e-15
1.412544458050634555e+00 -4.027889970542319850e-15
1.409613867888703798e+00 -3.789746847705850764e-15
1.406683277726773040e+00 -3.555388720072155340e-15
1.403752687564842283e+00 -3.324921439678000129e-15
1.400822097402911526e+00 -3.098447108233787189e-15
1.397891507240980769e+00 -2.876048616957819564e-15
1.394960917079050011e+00 -2.657807301418536173e-15
1.392030326917119254e+00 -2.443784730275517539e-15
1.389099736755188275e+00 -2.234042997156187363e-15
1.386169146593257517e+00 -2.028624053426120215e-15
1.383238556431326760e+00 -1.827572329867053083e-15
1.380307966269396003e+00 -1.630911894957977738e-15
1.377377376107465246e+00 -1.438671115946663420e-15
1.374446785945534488e+00 -1.250857909579707688e-15
1.371516195783603731e+00 -1.067486169616899578e-15
1.368585605621672974e+00 -8.885493618159833719e-16
1.365655015459742216e+00 -7.140484628382366534e-16
1.362724425297811459e+00 -5.439641356706571124e-16
1.359793835135880702e+00 -3.782859429071275836e-16
1.356863244973949723e+00 -2.169833230455462706e-16
1.353932654812018965e+00 -6.003585896226917385e-17
1.351002064650088208e+00 9.259674016938652953e-17
1.348071474488157451e+00 2.409435169361381838e-16
1.345140884326226693e+00 3.850530888070376522e-16
1.342210294164295936e+00 5.249618575917290572e-16
1.339279704002365179e+00 6.607254633400350207e-16
1.336349113840434422e+00 7.923864937547269372e-16
1.333418523678503664e+00 9.200064092650056631e-16
1.330487933516572907e+00 1.043632905445562473e-15
1.327557343354642150e+00 1.163332163678044563e-15
1.324626753192711170e+00 1.279156004919475438e-15
1.321696163030780635e+00 1.391174333793104831e-15
1.318765572868849656e+00 1.499442208222987629e-15
1.315834982706918899e+00 1.604032357491278279e-15
1.312904392544988141e+00 1.705002279283574157e-15
1.309973802383057384e+00 1.802426724317288398e-15
1.307043212221126627e+00 1.896364920144067907e-15
1.304112622059195870e+00 1.986892926337315753e-15
1.301182031897265112e+00 2.074071073108526514e-15
1.298251441735334355e+00 2.157976101628918415e-15
1.295320851573403598e+00 2.238668895077390756e-15
1.292390261411472618e+00 2.316226328540705973e-15
1.289459671249542083e+00 2.390709360507712325e-15
1.286529081087611104e+00 2.462194525929038188e-15
1.283598490925680347e+00 2.530742447341435539e-15
1.280667900763749589e+00 2.596428913139313059e-15
1.277737310601818832e+00 2.659313859346617585e-15
1.274806720439888075e+00 2.719471983043576074e-15
1.271876130277957317e+00 2.776962238388517759e-15
1.268945540116026560e+00 2.831857942234363914e-15
1.266014949954095803e+00 2.884216821289549676e-15
1.263084359792165046e+00 2.934110573552814316e-15
1.260153769630234066e+00 2.981595497353807306e-15
1.257223179468303531e+00 3.026741478169067331e-15
1.254292589306372552e+00 3.069603224792898211e-15
1.251361999144441794e+00 3.110248656529035927e-15
1.248431408982511037e+00 3.148730766690591683e-15
1.245500818820580280e+00 3.185115390091597812e-15
1.242570228658649523e+00 3.219453709612019279e-15
1.239639638496718765e+00 3.251809388321780063e-15
1.236709048334788008e+00 3.282231730795943469e-15
1.233778458172857251e+00 3.310782168214031270e-15
1.230847868010926494e+00 3.337508082503403168e-15
1.227917277848995514e+00 3.362468636295853759e-15
1.224986687687064979e+00 3.385709264821120347e-15
1.222056097525134000e+00 3.407286845755596584e-15
1.219125507363203242e+00 3.427244860903913868e-15
1.216194917201272485e+00 3.445637903879924897e-15
1.213264327039341728e+00 3.462507511066613689e-15
1.210333736877410971e+00 3.477906007540893045e-15
1.207403146715480213e+00 3.491873004643210766e-15
1.204472556553549456e+00 3.504458586710997900e-15
1.201541966391618699e+00 3.515700470693003881e-15
1.198611376229687941e+00 3.525646538185946743e-15
1.195680786067756962e+00 3.534332650810958772e-15
1.192750195905826427e+00 3.541804533752838969e-15
1.189819605743895448e+00 3.548096239172060991e-15
1.186889015581964912e+00 3.553251388863279489e-15
1.183958425420033933e+00 3.557302276746360575e-15
1.181027835258103176e+00 3.560290479552237055e-15
1.178097245096172418e+00 3.562246588302262937e-15
1.175166654934241661e+00 3.563210196981274390e-15
1.172236064772310904e+00 3.563210252124585952e-15
1.169305474610380147e+00 3.562284430268820096e-15
1.166374884448449389e+00 3.560460093961693643e-15
1.163444294286518410e+00 3.557773069620393491e-15
1.160513704124587875e+00 3.554249197636395891e-15
1.157583113962656896e+00 3.549922522850067919e-15
1.154652523800726138e+00 3.544817426013759975e-15
1.151721933638795381e+00 3.538966239511159347e-15
1.148791343476864624e+00 3.532391946956976394e-15
1.145860753314933866e+00 3.525125237285593346e-15
1.142930163153003109e+00 3.517187759366488954e-15
1.139999572991072352e+00 3.508608627610526396e-15
1.137068982829141373e+00 3.499408216917081219e-15
1.134138392667210837e+00 3.489614134518184234e-15
1.131207802505280080e+00 3.479245542427670426e-15
1.128277212343349323e+00 3.468328607320619292e-15
1.125346622181418343e+00 3.456881336756358607e-15
1.122416032019487586e+00 3.444928521860846771e-15
1.119485441857556829e+00 3.432487073183781501e-15
1.116554851695626072e+00 3.419580469708653706e-15
1.113624261533695314e+00 3.406224580519913297e-15
1.110693671371764557e+00 3.392441633952330852e-15
1.107763081209833800e+00 3.378246511356048599e-15
1.104832491047903043e+00 3.363660249967010890e-15
1.101901900885972285e+00 3.348696795189818026e-15
1.098971310724041306e+00 3.333376050653462854e-15
1.096040720562110771e+00 3.317711075611634457e-15
1.093110130400179791e+00 3.301720695486946688e-15
1.090179540238249034e+00 3.285417131144764349e-15
1.087248950076318277e+00 3.268818183056841990e-15
1.084318359914387520e+00 3.251935279432184040e-15
1.081387769752456762e+00 3.234785246910202148e-15
1.078457179590526005e+00 3.217378764744503391e-15
1.075526589428595248e+00 3.199731734723375780e-15
1.072595999266664490e+00 3.181854128833096704e-15
1.069665409104733733e+00 3.163760970877361417e-15
1.066734818942802754e+00 3.145461565311344616e-15
1.063804228780872219e+00 3.126970102721760622e-15
1.060873638618941239e+00 3.108295257835114529e-15
1.057943048457010704e+00 3.089450430765888942e-15
1.055012458295079725e+00 3.070443702432696732e-15
1.052081868133149190e+00 3.051287723225589077e-15
1.049151277971218210e+00 3.031990014369583964e-15
1.046220687809287453e+00 3.012562515341718499e-15
1.043290097647356696e+00 2.993012220020992466e-15
1.040359507485425938e+00 2.973350393919941756e-15
1.037428917323495181e+00 2.953583534224144569e-15
1.034498327161564202e+00 2.933722267621911213e-15
1.031567736999633667e+00 2.913772623633686536e-15
1.028637146837702687e+00 2.893744623520965790e-15
1.025706556675772152e+00 2.873643856606125523e-15
1.022775966513841173e+00 2.853479770446470833e-15
1.019845376351910415e+00 2.833257540137004098e-15
1.016914786189979658e+00 2.812986069658550923e-15
1.013984196028048901e+00 2.792670144422591339e-15
1.011053605866118144e+00 2.772318153415921932e-15
1.008123015704187386e+00 2.751934515553400624e-15
1.005192425542256629e+00 2.731527131947996709e-15
1.002261835380325650e+00 2.711100076906003714e-15
9.993312452183951144e-01 2.690660789391051129e-15
9.964006550564642462e-01 2.670213019753203983e-15
9.934700648945334889e-01 2.649763769184430237e-15
9.905394747326026206e-01 2.629316483572765770e-15
9.876088845706719743e-01 2.608877749454480117e-15
9.846782944087412170e-01 2.588450726631475534e-15
9.817477042468103487e-01 2.568041608876727862e-15
9.788171140848795915e-01 2.547653287247584717e-15
9.758865239229487232e-01 2.527291583499610819e-15
9.729559337610180769e-01 2.506959136277540291e-15
9.700253435990873196e-01 2.486661414980807609e-15
9.670947534371564513e-01 2.466400821236115706e-15
9.641641632752256941e-01 2.446182490703710261e-15
9.612335731132949368e-01 2.426008602500368010e-15
9.583029829513641795e-01 2.405883976187247133e-15
9.553723927894334222e-01 2.385810582030240335e-15
9.524418026275025539e-01 2.365792940195165760e-15
9.495112124655717967e-01 2.345832824980729689e-15
9.465806223036410394e-01 2.325934472968960349e-15
9.436500321417102821e-01 2.306099474616629612e-15
9.407194419797794138e-01 2.286331797911996304e-15
9.377888518178486565e-01 2.266632860883519275e-15
9.348582616559178993e-01 2.247006377118336140e-15
9.319276714939871420e-01 2.227453602975540024e-15
9.289970813320563847e-01 2.207978011081291249e-15
9.260664911701255164e-01 2.188580706245549472e-15
9.231359010081947591e-01 2.169264932875678805e-15
9.202053108462641129e-01 2.150031653767810754e-15
9.172747206843332446e-01 2.130883897170065745e-15
9.143441305224024873e-01 2.111822492846704775e-15
9.114135403604716190e-01 2.092850264313749417e-15
9.084829501985409728e-01 2.073967916758962244e-15
9.055523600366102155e-01 2.055178079798668842e-15
9.026217698746793472e-01 2.036481342002398044e-15
8.996911797127485899e-01 2.017880149342872098e-15
8.967605895508178326e-01 1.999374981278993080e-15
8.938299993888870754e-01 1.980968109865694722e-15
8.908994092269563181e-01 1.962659912503709463e-15
8.879688190650254498e-01 1.944452496550774930e-15
8.850382289030946925e-01 1.926346144003796608e-15
8.821076387411639352e-01 1.908342806256852293e-15
8.791770485792331780e-01 1.890442676163845069e-15
8.762464584173024207e-01 1.872647557445002802e-15
8.733158682553715524e-01 1.854957559706673232e-15
8.703852780934407951e-01 1.837374346850778639e-15
8.674546879315100378e-01 1.819897950795069067e-15
8.645240977695792806e-01 1.802529903077682982e-15
8.615935076076485233e-01 1.785270163153213795e-15
8.586629174457176550e-01 1.768120137255090046e-15
8.557323272837870087e-01 1.751079717303916098e-15
8.528017371218561404e-01 1.734150190974366036e-15
8.498711469599253832e-01 1.717331387283146859e-15
8.469405567979946259e-01 1.700624481650467796e-15
8.440099666360638686e-01 1.684029244612288878e-15
8.410793764741331113e-01 1.667546745384775824e-15
8.381487863122022430e-01 1.651176700119302929e-15
8.352181961502714858e-01 1.634920077565982235e-15
8.322876059883407285e-01 1.618776543378285664e-15
8.293570158264099712e-01 1.602746971280322052e-15
8.264264256644792139e-01 1.586830980081387778e-15
8.234958355025483456e-01 1.571029353655232097e-15
8.205652453406175884e-01 1.555341667412320913e-15
8.176346551786868311e-01 1.539768620275734125e-15
8.147040650167560738e-01 1.524309747510102309e-15
8.117734748548253165e-01 1.508965667750626962e-15
8.088428846928944482e-01 1.493735879175634677e-15
8.059122945309636910e-01 1.478620924557682520e-15
8.029817043690330447e-01 1.463620267876273101e-15
8.000511142071021764e-01 1.448734380241579951e-15
7.971205240451714191e-01 1.433962694158664306e-15
7.941899338832405508e-01 1.419305613070000897e-15
7.912593437213099046e-01 1.404762540568447557e-15
7.883287535593791473e-01 1.390333816229630582e-15
7.853981633974482790e-01 1.376018817141227282e-15
7.824675732355174107e-01 1.361817822626524323e-15
7.795369830735867644e-01 1.347730185541472624e-15
7.766063929116560072e-01 1.333756128386106264e-15
7.736758027497251389e-01 1.319894981931748905e-15
7.707452125877944926e-01 1.306146915115299808e-15
7.678146224258636243e-01 1.292511238644358653e-15
7.648840322639328670e-01 1.278988070988512582e-15
7.619534421020019987e-01 1.265576704703007032e-15
7.590228519400713525e-01 1.252277210734692802e-15
7.560922617781404842e-01 1.239088865277910364e-15
7.531616716162097269e-01 1.226011694559714313e-15
7.502310814542790807e-01 1.213044960102542826e-15
7.473004912923482124e-01 1.200188646085325218e-15
7.443699011304173441e-01 1.187442000945636418e-15
7.414393109684866978e-01 1.174804969345593111e-15
7.385087208065558295e-01 1.162276788140325705e-15
7.355781306446250722e-01 1.149857364884087928e-15
7.326475404826942039e-01 1.137545926262616903e-15
7.297169503207635577e-01 1.125342345014659631e-15
7.267863601588326894e-01 1.113245838982885993e-15
7.238557699969019321e-01 1.101256248270927293e-15
7.209251798349712859e-01 1.089372783130451799e-15
7.179945896730404176e-01 1.077595253107605385e-15
7.150639995111095493e-01 1.065922862030843959e-15
7.121334093491789030e-01 1.054355390864319474e-15
7.092028191872481457e-01 1.042892038123420700e-15
7.062722290253172774e-01 1.031532558060742007e-15
7.033416388633864091e-01 1.020276144921781275e-15
7.004110487014557629e-01 1.009122528034272669e-15
6.974804585395250056e-01 9.980708983465718994e-16
6.945498683775941373e-01 9.871209619590368384e-16
6.916192782156634911e-01 9.762719074461961734e-16
6.886886880537326228e-01 9.655234192910157325e-16
6.857580978918018655e-01 9.548746845555295538e-16
6.828275077298712192e-01 9.443253676414231860e-16
6.798969175679403509e-01 9.338746549091495294e-16
6.769663274060094826e-01 9.235221921362870674e-16
6.740357372440787254e-01 9.132671657407102804e-16
6.711051470821480791e-01 9.031092042664052514e-16
6.681745569202172108e-01 8.930474948985132849e-16
6.652439667582863425e-01 8.830816502631397828e-16
6.623133765963556963e-01 8.732108589822670642e-16
6.593827864344249390e-01 8.634347190195967137e-16
6.564521962724940707e-01 8.537524210552509271e-16
6.535216061105634244e-01 8.441635495836121431e-16
6.505910159486325561e-01 8.346672979254615839e-16
6.476604257867017989e-01 8.252632382345468776e-16
6.447298356247709306e-01 8.159505670244714635e-16
6.417992454628402843e-01 8.067288451819853858e-16
6.388686553009094160e-01 7.975972729202933377e-16
6.359380651389786587e-01 7.885554008842481697e-16
6.330074749770479015e-01 7.796024334605937971e-16
6.300768848151171442e-01 7.707379120163386880e-16
6.271462946531862759e-01 7.619610455601776914e-16
6.242157044912556296e-01 7.532713671020331444e-16
6.212851143293247613e-01 7.446680906816962003e-16
6.183545241673940041e-01 7.361507418287838003e-16
6.154239340054631358e-01 7.277185399939060362e-16
6.124933438435324895e-01 7.193710040559625707e-16
6.095627536816016212e-01 7.111073592344382143e-16
6.066321635196708639e-01 7.029271185393717634e-16
6.037015733577402177e-01 6.948295132892814479e-16
6.007709831958093494e-01 6.868140513713427542e-16
5.978403930338784811e-01 6.788799705057049085e-16
5.949098028719478348e-01 6.710267741640932730e-16
5.919792127100170775e-01 6.632537067497790822e-16
5.890486225480862092e-01 6.555602679872403306e-16
5.861180323861553410e-01 6.479457092196354134e-16
5.831874422242246947e-01 6.404095270511952126e-16
5.802568520622939374e-01 6.329509800234279672e-16
5.773262619003630691e-01 6.255695622324636483e-16
5.743956717384324229e-01 6.182645395428092364e-16
5.714650815765015546e-01 6.110354041330598159e-16
5.685344914145706863e-01 6.038814295277291927e-16
5.656039012526399290e-01 5.968021064513330506e-16
5.626733110907091717e-01 5.897967161963516788e-16
5.597427209287784144e-01 5.828647485812247888e-16
5.568121307668476572e-01 5.760054928329880380e-16
5.538815406049168999e-01 5.692184383430687577e-16
5.509509504429861426e-01 5.625028824232836152e-16
5.480203602810553853e-01 5.558583144884585426e-16
5.450897701191246281e-01 5.492840400661052480e-16
5.421591799571938708e-01 5.427795490183720565e-16
5.392285897952628915e-01 5.363441552050200146e-16
5.362979996333321342e-01 5.299773493362160178e-16
5.333674094714015990e-01 5.236784537092256967e-16
5.304368193094706196e-01 5.174469602585883208e-16
5.275062291475398624e-01 5.112821998068619969e-16
5.245756389856091051e-01 5.051836658690648743e-16
5.216450488236783478e-01 4.991506978734624391e-16
5.187144586617475905e-01 4.931827912471454569e-16
5.157838684998168333e-01 4.872792940883092418e-16
5.128532783378860760e-01 4.814397040503120927e-16
5.099226881759553187e-01 4.756633779576128919e-16
5.069920980140243394e-01 4.699498159836442785e-16
5.040615078520938042e-01 4.642983837217754110e-16
5.011309176901628248e-01 4.587085841402277681e-16
4.982003275282320676e-01 4.531797916396915068e-16
4.952697373663013103e-01 4.477115122371469666e-16
4.923391472043705530e-01 4.423031291652981283e-16
4.894085570424397957e-01 4.369541517307820491e-16
4.864779668805090385e-01 4.316639720161526784e-16
4.835473767185782812e-01 4.264321028423237988e-16
4.806167865566475239e-01 4.212579451475557333e-16
4.776861963947165446e-01 4.161410154760840725e-16
4.747556062327860094e-01 4.110807236246215874e-16
4.718250160708550300e-01 4.060765900534056430e-16
4.688944259089242728e-01 4.011280334088737476e-16
4.659638357469937375e-01 3.962345782461503938e-16
4.630332455850627582e-01 3.913956520512570692e-16
4.601026554231320009e-01 3.866107836395542883e-16
4.571720652612012437e-01 3.818794093166132122e-16
4.542414750992704864e-01 3.772010623109637346e-16
4.513108849373397291e-01 3.725751877200199727e-16
4.483802947754087498e-01 3.680013233271159484e-16
4.454497046134782146e-01 3.634789229900057224e-16
4.425191144515474573e-01 3.590075291740478323e-16
4.395885242896164780e-01 3.545866044625414519e-16
4.366579341276859427e-01 3.502156961235609156e-16
4.337273439657549634e-01 3.458942754192988541e-16
4.307967538038242061e-01 3.416218945284071884e-16
4.278661636418936709e-01 3.373980333469309081e-16
4.249355734799626916e-01 3.332222490609028115e-16
4.220049833180319343e-01 3.290940301480606655e-16
4.190743931561011770e-01 3.250129388913870896e-16
4.161438029941704198e-01 3.209784722944556551e-16
4.132132128322396625e-01 3.169901978131646779e-16
4.102826226703086832e-01 3.130476209180767783e-16
4.073520325083781479e-01 3.091503143103291307e-16
4.044214423464473906e-01 3.052977918651296778e-16
4.014908521845164113e-01 3.014896315894533670e-16
3.985602620225858761e-01 2.977253556960111448e-16
3.956296718606548968e-01 2.940045475514860073e-16
3.926990816987241395e-01 2.903267376390496738e-16
3.897684915367933822e-01 2.866915147328732122e-16
3.868379013748626249e-01 2.830984175087698102e-16
3.839073112129318677e-01 2.795470401910268759e-16
3.809767210510008884e-01 2.760369295751173523e-16
3.780461308890703531e-01 2.725676853651469816e-16
3.751155407271395958e-01 2.691388623988254126e-16
3.721849505652086165e-01 2.657500658882791887e-16
3.692543604032780813e-01 2.624008586352004027e-16
3.663237702413471020e-01 2.590908513786330201e-16
3.633931800794163447e-01 2.558196148006066833e-16
3.604625899174855874e-01 2.525867651833507682e-16
3.575319997555548301e-01 2.493918810076874221e-16
3.546014095936240729e-01 2.462345841074955143e-16
3.516708194316933156e-01 2.431144606734626400e-16
3.487402292697625583e-01 2.400311380989520295e-16
3.458096391078318010e-01 2.369842101993659456e-16
3.428790489459008217e-01 2.339733099250941853e-16
3.399484587839702865e-01 2.309980386265130596e-16
3.370178686220395292e-01 2.280580348061152073e-16
3.340872784601085499e-01 2.251529072624910300e-16
3.311566882981777926e-01 2.222823000414865549e-16
3.282260981362470353e-01 2.194458292952135803e-16
3.252955079743162781e-01 2.166431446011568880e-16
3.223649178123855208e-01 2.138738693756141833e-16
3.194343276504547635e-01 2.111376587092095732e-16
3.165037374885240062e-01 2.084341431876208981e-16
3.135731473265932490e-01 2.057629833953006205e-16
3.106425571646622696e-01 2.031238169966883158e-16
3.077119670027317344e-01 2.005163100449572826e-16
3.047813768408007551e-01 1.979401071865922659e-16
3.018507866788699978e-01 1.953948799156027939e-16
2.989201965169392405e-01 1.928802797694874620e-16
2.959896063550084833e-01 1.903959836644423953e-16
2.930590161930777260e-01 1.879416499231009532e-16
2.901284260311469687e-01 1.855169608170150898e-16
2.871978358692162114e-01 1.831215814025241033e-16
2.842672457072854542e-01 1.807551992954221812e-16
2.813366555453544748e-01 1.784174861368764904e-16
2.784060653834239396e-01 1.761081348560966904e-16
2.754754752214929603e-01 1.738268236004422635e-16
2.725448850595622030e-01 1.715732505676742933e-16
2.696142948976316678e-01 1.693471003152888798e-16
2.666837047357006885e-01 1.671480762687522006e-16
2.637531145737699312e-01 1.649758693013307205e-16
2.608225244118391739e-01 1.628301880148592068e-16
2.578919342499084166e-01 1.607107295073943720e-16
2.549613440879776594e-01 1.586172075133461576e-16
2.520307539260466800e-01 1.565493252571748901e-16
2.491001637641161448e-01 1.545068015588722793e-16
2.461695736021853875e-01 1.524893456762169997e-16
2.432389834402544082e-01 1.504966814638236435e-16
2.403083932783238730e-01 1.485285241184395458e-16
2.373778031163928937e-01 1.465846024819362854e-16
2.344472129544621364e-01 1.446646375906987857e-16
2.315166227925316011e-01 1.427683632220105885e-16
2.285860326306006218e-01 1.408955061621864469e-16
2.256554424686698646e-01 1.390458050662787150e-16
2.227248523067391073e-01 1.372189923796677474e-16
2.197942621448083500e-01 1.354148115827499972e-16
2.168636719828775927e-01 1.336330006859657505e-16
2.139330818209466134e-01 1.318733079401652623e-16
2.110024916590160782e-01 1.301354768263597304e-16
2.080719014970853209e-01 1.284192603099336720e-16
2.051413113351543416e-01 1.267244072525633853e-16
2.022107211732238063e-01 1.250506752761419998e-16
1.992801310112928270e-01 1.233978185304781457e-16
1.963495408493620697e-01 1.217655992419494705e-16
1.934189506874313125e-01 1.201537767569673283e-16
1.904883605255005552e-01 1.185621178441894163e-16
1.875577703635697979e-01 1.169903869604298724e-16
1.846271802016388186e-01 1.154383553553849771e-16
1.816965900397082834e-01 1.139057925079139308e-16
1.787659998777775261e-01 1.123924740934636892e-16
1.758354097158465468e-01 1.108981745231650714e-16
1.729048195539160115e-01 1.094226738325930815e-16
1.699742293919850322e-01 1.079657512813531489e-16
1.670436392300542749e-01 1.065271912127821985e-16
1.641130490681235177e-01 1.051067776436901111e-16
1.611824589061927604e-01 1.037042991618134380e-16
1.582518687442620031e-01 1.023195444566468323e-16
1.553212785823312458e-01 1.009523063044326695e-16
1.523906884204004886e-01 9.960237798139628795e-17
1.494600982584697313e-01 9.826955638765171508e-17
1.465295080965387520e-01 9.695363930639197883e-17
1.435989179346082167e-01 9.565442770339845644e-17
1.406683277726774595e-01 9.437172378177387846e-17
1.377377376107464801e-01 9.310533250847433882e-17
1.348071474488157229e-01 9.185506043232490692e-17
1.318765572868849656e-01 9.062071646277841711e-17
1.289459671249542083e-01 8.940211140862990480e-17
1.260153769630234510e-01 8.819905806235073067e-17
1.230847868010926938e-01 8.701137141336780066e-17
1.201541966391619365e-01 8.583886807424512047e-17
1.172236064772311792e-01 8.468136713767951694e-17
1.142930163153004219e-01 8.353868897834097780e-17
1.113624261533696647e-01 8.241065671477993139e-17
1.084318359914386853e-01 8.129709442610980772e-17
1.055012458295079281e-01 8.019782917325143454e-17
1.025706556675771708e-01 7.911268867964205222e-17
9.964006550564641351e-02 7.804150387723440900e-17
9.670947534371565624e-02 7.698410607474305798e-17
9.377888518178489896e-02 7.594033000013563196e-17
9.084829501985414169e-02 7.491001048703274291e-17
8.791770485792338441e-02 7.389298598528996617e-17
8.498711469599262713e-02 7.288909479656021976e-17
8.205652453406186986e-02 7.189817901887691865e-17
7.912593437213089054e-02 7.092008036429120779e-17
7.619534421020013326e-02 6.995464450728992494e-17
7.326475404826959803e-02 6.900171650746982610e-17
7.033416388633861871e-02 6.806114554857847747e-17
6.740357372440786143e-02 6.713277998665451776e-17
6.447298356247710416e-02 6.621647244083655455e-17
6.154239340054634688e-02 6.531207449878464289e-17
5.861180323861558961e-02 6.441944215335926745e-17
5.568121307668461029e-02 6.353843016949257566e-17
5.275062291475407505e-02 6.266889784047700571e-17
4.982003275282331778e-02 6.181070305965432153e-17
4.688944259089233846e-02 6.096370834903270710e-17
4.395885242896180323e-02 6.012777467217462335e-17
4.102826226703082391e-02 5.930276772097924632e-17
3.809767210510006663e-02 5.848855147274513608e-17
3.516708194316953140e-02 5.768499472343375616e-17
3.223649178123855208e-02 5.689196440718790613e-17
2.930590161930779480e-02 5.610933236158735107e-17
2.637531145737703753e-02 5.533696842571022745e-17
2.344472129544628025e-02 5.457474741544566080e-17
2.051413113351552298e-02 5.382254202017118519e-17
1.758354097158454366e-02 5.308022998111759705e-17
1.465295080965400842e-02 5.234768677316454059e-17
1.172236064772325115e-02 5.162479298828060697e-17
8.791770485792271828e-03 5.091142687609350904e-17
5.861180323861736596e-03 5.020747181405118207e-17
2.930590161930757276e-03 4.951280873018447550e-17
0.000000000000000000e+00 4.882732374901177082e-17
-2.930590161930757276e-03 4.815090045351966740e-17
-5.861180323861736596e-03 4.748342764221331334e-17
-8.791770485792049783e-03 4.682479148944111004e-17
-1.172236064772302910e-02 4.617488341884618428e-17
-1.465295080965378638e-02 4.553359215232477621e-17
-1.758354097158454366e-02 4.490081167980083264e-17
-2.051413113351552298e-02 4.427643321959507505e-17
-2.344472129544628025e-02 4.366035327476592842e-17
-2.637531145737703753e-02 4.305246551112066019e-17
-2.930590161930757276e-02 4.245266889154373919e-17
-3.223649178123833003e-02 4.186085948299570814e-17
-3.516708194316930935e-02 4.127693865376230859e-17
-3.809767210510006663e-02 4.070080482581120193e-17
-4.102826226703082391e-02 4.013236172113883558e-17
-4.395885242896180323e-02 3.957151006929608783e-17
-4.688944259089256050e-02 3.901815589664079800e-17
-4.982003275282309573e-02 3.847220219151318550e-17
-5.275062291475385301e-02 3.793355723599425785e-17
-5.568121307668461029e-02 3.740212623583494916e-17
-5.861180323861558961e-02 3.687781967695145584e-17
-6.154239340054634688e-02 3.636054493723897941e-17
-6.447298356247710416e-02 3.585021465827345319e-17
-6.740357372440763939e-02 3.534673834697109218e-17
-7.033416388633839667e-02 3.485003075392604848e-17
-7.326475404826937599e-02 3.436000347293249943e-17
-7.619534421020013326e-02 3.387657331530561434e-17
-7.912593437213089054e-02 3.339965391813248100e-17
-8.205652453406186986e-02 3.292916411086052839e-17
-8.498711469599262713e-02 3.246501953136151034e-17
-8.791770485792316236e-02 3.200714098234214957e-17
-9.084829501985391964e-02 3.155544605966030219e-17
-9.377888518178489896e-02 3.110985749698660328e-17
-9.670947534371565624e-02 3.067029480763480472e-17
-9.964006550564641351e-02 3.023668261258460634e-17
-1.025706556675771708e-01 2.980894230568512885e-17
-1.055012458295081501e-01 2.938700034958769075e-17
-1.084318359914386853e-01 2.897077998080583135e-17
-1.113624261533694426e-01 2.856020946230573994e-17
-1.142930163153001999e-01 2.815521383445331926e-17
-1.172236064772311792e-01 2.775572311997433958e-17
-1.201541966391619365e-01 2.736166412452369419e-17
-1.230847868010926938e-01 2.697296859237248472e-17
-1.260153769630232290e-01 2.658956505719201735e-17
-1.289459671249539863e-01 2.621138694515312747e-17
-1.318765572868849656e-01 2.583836448098763170e-17
-1.348071474488157229e-01 2.547043273437519409e-17
-1.377377376107464801e-01 2.510752358575443120e-17
-1.406683277726774595e-01 2.474957371202192619e-17
-1.435989179346082167e-01 2.439651661173451129e-17
-1.465295080965387520e-01 2.404829053320631495e-17
-1.494600982584695092e-01 2.370483055851952171e-17
-1.523906884204002665e-01 2.336607647149250894e-17
-1.553212785823312458e-01 2.303196490409697697e-17
-1.582518687442620031e-01 2.270243713858744657e-17
-1.611824589061927604e-01 2.237743132501319313e-17
-1.641130490681237397e-01 2.205689020926535124e-17
-1.670436392300540529e-01 2.174075342594835829e-17
-1.699742293919850322e-01 2.142896515128823349e-17
-1.729048195539157895e-01 2.112146647333440737e-17
-1.758354097158465468e-01 2.081820296299226616e-17
-1.787659998777775261e-01 2.051911712965834305e-17
-1.816965900397082834e-01 2.022415590909624579e-17
-1.846271802016390406e-01 1.993326319947224946e-17
-1.875577703635695759e-01 1.964638727045044028e-17
-1.904883605255003332e-01 1.936347337744436018e-17
-1.934189506874313125e-01 1.908447109400217301e-17
-1.963495408493620697e-01 1.880932700050063822e-17
-1.992801310112928270e-01 1.853799194517392860e-17
-2.022107211732238063e-01 1.827041380810897502e-17
-2.051413113351541195e-01 1.800654467554508271e-17
-2.080719014970850989e-01 1.774633369982235681e-17
-2.110024916590158561e-01 1.748973417964584161e-17
-2.139330818209466134e-01 1.723669650829297682e-17
-2.168636719828775927e-01 1.698717516792102748e-17
-2.197942621448083500e-01 1.674112176744317294e-17
-2.227248523067391073e-01 1.649849194436528241e-17
-2.256554424686696425e-01 1.625923849331078405e-17
-2.285860326306003998e-01 1.602331818072289401e-17
-2.315166227925313791e-01 1.579068496160624748e-17
-2.344472129544621364e-01 1.556129670262920021e-17
-2.373778031163928937e-01 1.533510849464337008e-17
-2.403083932783238730e-01 1.511207927787602056e-17
-2.432389834402546303e-01 1.489216525139727644e-17
-2.461695736021851655e-01 1.467532640663173384e-17
-2.491001637641159228e-01 1.446152002346474689e-17
-2.520307539260466800e-01 1.425070711930126706e-17
-2.549613440879776594e-01 1.404284603082503222e-17
-2.578919342499084166e-01 1.383789877579311499e-17
-2.608225244118391739e-01 1.363582473072393354e-17
-2.637531145737697091e-01 1.343658687590449284e-17
-2.666837047357004664e-01 1.324014561295541633e-17
-2.696142948976314457e-01 1.304646486783285497e-17
-2.725448850595622030e-01 1.285550600950532482e-17
-2.754754752214929603e-01 1.266723392682252015e-17
-2.784060653834239396e-01 1.248161094469532613e-17
-2.813366555453546969e-01 1.229860284904027408e-17
-2.842672457072852321e-01 1.211817291297106078e-17
-2.871978358692159894e-01 1.194028780235811321e-17
-2.901284260311469687e-01 1.176491171286058394e-17
-2.930590161930777260e-01 1.159201217408451796e-17
-2.959896063550084833e-01 1.142155428024161349e-17
-2.989201965169392405e-01 1.125350640317286147e-17
-3.018507866788702199e-01 1.108783451501295802e-17
-3.047813768408007551e-01 1.092450780893872678e-17
-3.077119670027315124e-01 1.076349311504911080e-17
-3.106425571646622696e-01 1.060476042827519727e-17
-3.135731473265932490e-01 1.044827741459685943e-17
-3.165037374885240062e-01 1.029401485060217342e-17
-3.194343276504547635e-01 1.014194122258107794e-17
-3.223649178123852987e-01 9.992028068398894177e-18
-3.252955079743160560e-01 9.844244669969848239e-18
-3.282260981362470353e-01 9.698563312795959630e-18
-3.311566882981777926e-01 9.554954057512597362e-18
-3.340872784601085499e-01 9.413389914656243061e-18
-3.370178686220395292e-01 9.273841703167885636e-18
-3.399484587839702865e-01 9.136283146518761573e-18
-3.428790489459008217e-01 9.000685803387208520e-18
-3.458096391078315790e-01 8.867024084922202754e-18
-3.487402292697623363e-01 8.735270281269105379e-18
-3.516708194316933156e-01 8.605399472104850637e-18
-3.546014095936240729e-01 8.477384655469287975e-18
-3.575319997555548301e-01 8.351201568544523821e-18
-3.604625899174858095e-01 8.226823901988071438e-18
-3.633931800794161227e-01 8.104228031042429073e-18
-3.663237702413471020e-01 7.983388319538737621e-18
-3.692543604032778592e-01 7.864281768617419222e-18
-3.721849505652086165e-01 7.746883399878517640e-18
-3.751155407271395958e-01 7.631170822723120775e-18
-3.780461308890703531e-01 7.517119702113965052e-18
-3.809767210510008884e-01 7.404708238239173006e-18
-3.839073112129316456e-01 7.293912724956221283e-18
-3.868379013748624029e-01 7.184711939849317751e-18
-3.897684915367933822e-01 7.077082788551149630e-18
-3.926990816987241395e-01 6.971004612853699463e-18
-3.956296718606548968e-01 6.866454914535613056e-18
-3.985602620225858761e-01 6.763413586095008197e-18
-4.014908521845161893e-01 6.661858710451010562e-18
-4.044214423464471686e-01 6.561770715528888531e-18
-4.073520325083779259e-01 6.463128253738448412e-18
-4.102826226703086832e-01 6.365912274081848006e-18
-4.132132128322396625e-01 6.270101984068214504e-18
-4.161438029941704198e-01 6.175678842084171207e-18
-4.190743931561011770e-01 6.082622595713851109e-18
-4.220049833180317123e-01 5.990915199436150773e-18
-4.249355734799624695e-01 5.900536927335466656e-18
-4.278661636418934489e-01 5.811470218467531458e-18
-4.307967538038242061e-01 5.723695861786599204e-18
-4.337273439657551855e-01 5.637196766832902723e-18
-4.366579341276857207e-01 5.551954224237466642e-18
-4.395885242896167000e-01 5.467951602880794381e-18
-4.425191144515472352e-01 5.385170683746588268e-18
-4.454497046134782146e-01 5.303595282254203254e-18
-4.483802947754087498e-01 5.223207657329518627e-18
-4.513108849373397291e-01 5.143992059660882149e-18
-4.542414750992707084e-01 5.065931213650576683e-18
-4.571720652612012437e-01 4.989009795115128166e-18
-4.601026554231317789e-01 4.913210984005336126e-18
-4.630332455850627582e-01 4.838519868255377376e-18
-4.659638357469932934e-01 4.764920070836051782e-18
-4.688944259089242728e-01 4.692397083621426561e-18
-4.718250160708552521e-01 4.620934961088375489e-18
-4.747556062327857873e-01 4.550519587248935450e-18
-4.776861963947167666e-01 4.481135438384901559e-18
-4.806167865566473019e-01 4.412768781472282557e-18
-4.835473767185782812e-01 4.345404502161090732e-18
-4.864779668805088164e-01 4.279029240985312119e-18
-4.894085570424397957e-01 4.213628283658159666e-18
-4.923391472043707751e-01 4.149188634254793466e-18
-4.952697373663013103e-01 4.085695968457640315e-18
-4.982003275282322896e-01 4.023137643937965851e-18
-5.011309176901628248e-01 3.961499716472801968e-18
-5.040615078520933601e-01 3.900769889681987919e-18
-5.069920980140243394e-01 3.840934588917771400e-18
-5.099226881759553187e-01 3.781981853367087205e-18
-5.128532783378858539e-01 3.723898471048726816e-18
-5.157838684998168333e-01 3.666672807270618131e-18
-5.187144586617473685e-01 3.610292000975154586e-18
-5.216450488236783478e-01 3.554744737615792210e-18
-5.245756389856088830e-01 3.500018500073044438e-18
-5.275062291475398624e-01 3.446102281651071440e-18
-5.304368193094708417e-01 3.392983903417388634e-18
-5.333674094714013769e-01 3.340652657755135360e-18
-5.362979996333323562e-01 3.289096691359289037e-18
-5.392285897952628915e-01 3.238305592704974092e-18
-5.421591799571934267e-01 3.188267822577247620e-18
-5.450897701191244060e-01 3.138973263666530211e-18
-5.480203602810553853e-01 3.090410681763140628e-18
-5.509509504429859206e-01 3.042570234739926223e-18
-5.538815406049168999e-01 2.995440992386011108e-18
-5.568121307668478792e-01 2.949013385221370593e-18
-5.597427209287784144e-01 2.903276781878945752e-18
-5.626733110907089497e-01 2.858221872617004360e-18
-5.656039012526399290e-01 2.813838313027185844e-18
-5.685344914145709083e-01 2.770117049070832011e-18
-5.714650815765014435e-01 2.727048016832761640e-18
-5.743956717384324229e-01 2.684622413024793152e-18
-5.773262619003629581e-01 2.642830445545651670e-18
-5.802568520622939374e-01 2.601663555049400153e-18
-5.831874422242244727e-01 2.561112215136687092e-18
-5.861180323861554520e-01 2.521168103404199014e-18
-5.890486225480859872e-01 2.481821952713158422e-18
-5.919792127100169665e-01 2.443065672247130016e-18
-5.949098028719479458e-01 2.404890242784966794e-18
-5.978403930338784811e-01 2.367287801510635638e-18
-6.007709831958090163e-01 2.330249574444223764e-18
-6.037015733577399956e-01 2.293767915305915574e-18
-6.066321635196709749e-01 2.257834291870932515e-18
-6.095627536816015102e-01 2.222441269955093736e-18
-6.124933438435324895e-01 2.187580550216387778e-18
-6.154239340054634688e-01 2.153244905888037177e-18
-6.183545241673940041e-01 2.119426261561239933e-18
-6.212851143293245393e-01 2.086117596098602857e-18
-6.242157044912555186e-01 2.053311050511528461e-18
-6.271462946531864979e-01 2.020999803473171038e-18
-6.300768848151170332e-01 1.989176212474074533e-18
-6.330074749770480125e-01 1.957833642819129136e-18
-6.359380651389785477e-01 1.926964664373765291e-18
-6.388686553009090829e-01 1.896562829249809391e-18
-6.417992454628400623e-01 1.866620908354579592e-18
-6.447298356247710416e-01 1.837132635503866391e-18
-6.476604257867015768e-01 1.808090980760047096e-18
-6.505910159486325561e-01 1.779489855620618997e-18
-6.535216061105635355e-01 1.751322419745241458e-18
-6.564521962724940707e-01 1.723582757739185166e-18
-6.593827864344246059e-01 1.696264219986873684e-18
-6.623133765963555852e-01 1.669361054266253316e-18
-6.652439667582865646e-01 1.642866797299544819e-18
-6.681745569202170998e-01 1.616775856807599078e-18
-6.711051470821480791e-01 1.591081947636561233e-18
-6.740357372440790584e-01 1.565779637257171013e-18
-6.769663274060091496e-01 1.540862815554218452e-18
-6.798969175679401289e-01 1.516326199951650926e-18
-6.828275077298711082e-01 1.492163850364081503e-18
-6.857580978918016434e-01 1.468370635494672022e-18
-6.886886880537326228e-01 1.444940780424149576e-18
-6.916192782156636021e-01 1.421869298500463360e-18
-6.945498683775941373e-01 1.399150570321944335e-18
-6.974804585395246725e-01 1.376779756041876361e-18
-7.004110487014556519e-01 1.354751392606330739e-18
-7.033416388633866312e-01 1.333060773507230443e-18
-7.062722290253171664e-01 1.311702591159802523e-18
-7.092028191872481457e-01 1.290672272417971370e-18
-7.121334093491791251e-01 1.269964657131281421e-18
-7.150639995111092162e-01 1.249575302823523886e-18
-7.179945896730401955e-01 1.229499191897567129e-18
-7.209251798349711748e-01 1.209732009733967506e-18
-7.238557699969017101e-01 1.190268878328236625e-18
-7.267863601588326894e-01 1.171105605889623495e-18
-7.297169503207636687e-01 1.152237450847504601e-18
-7.326475404826942039e-01 1.133660341849654723e-18
-7.355781306446247392e-01 1.115369670062391776e-18
-7.385087208065557185e-01 1.097361479445221998e-18
-7.414393109684866978e-01 1.079631291309986259e-18
-7.443699011304172330e-01 1.062175263593038063e-18
-7.473004912923482124e-01 1.044989041926059496e-18
-7.502310814542791917e-01 1.028068894088451857e-18
-7.531616716162097269e-01 1.011410589051787353e-18
-7.560922617781402622e-01 9.950105024603246390e-19
-7.590228519400712415e-01 9.788645200025256742e-19
-7.619534421020017767e-01 9.629691220217521908e-19
-7.648840322639327560e-01 9.473203121638084746e-19
-7.678146224258637353e-01 9.319146703363974508e-19
-7.707452125877942706e-01 9.167483132441114509e-19
-7.736758027497248058e-01 9.018179190811926534e-19
-7.766063929116557851e-01 8.871197132746905950e-19
-7.795369830735867644e-01 8.726504720043028051e-19
-7.824675732355172997e-01 8.584065269803438255e-19
-7.853981633974482790e-01 8.443847449040513256e-19
-7.883287535593792583e-01 8.305815634891719498e-19
-7.912593437213097936e-01 8.169939399883258887e-19
-7.941899338832403288e-01 8.036184124855945727e-19
-7.971205240451713081e-01 7.904520270650929175e-19
-8.000511142071022874e-01 7.774914174627327537e-19
-8.029817043690328227e-01 7.647337188748242558e-19
-8.059122945309638020e-01 7.521756588893961070e-19
-8.088428846928947813e-01 7.398144549177203053e-19
-8.117734748548253165e-01 7.276469303324733591e-19
-8.147040650167558518e-01 7.156703811644731287e-19
-8.176346551786868311e-01 7.038817196704431203e-19
-8.205652453406173663e-01 6.922783239502401204e-19
-8.234958355025483456e-01 6.808571938767070320e-19
-8.264264256644793250e-01 6.696157847665103546e-19
-8.293570158264098602e-01 6.585511689043112566e-19
-8.322876059883403954e-01 6.476608937864901560e-19
-8.352181961502713747e-01 6.369421078780474387e-19
-8.381487863122023541e-01 6.263924298262561940e-19
-8.410793764741328893e-01 6.160090985209616870e-19
-8.440099666360638686e-01 6.057897856333345233e-19
-8.469405567979948479e-01 5.957318199745010926e-19
-8.498711469599253832e-01 5.858329400019236839e-19
-8.528017371218559184e-01 5.760905503381658455e-19
-8.557323272837868977e-01 5.665024549557424083e-19
-8.586629174457174329e-01 5.570661324225870449e-19
-8.615935076076484123e-01 5.477794531395381004e-19
-8.645240977695793916e-01 5.386399689321210923e-19
-8.674546879315099268e-01 5.296456085945077517e-19
-8.703852780934409061e-01 5.207939969961006767e-19
-8.733158682553714414e-01 5.120831252710894783e-19
-8.762464584173024207e-01 5.035106832953338577e-19
-8.791770485792329559e-01 4.950747217417387426e-19
-8.821076387411639352e-01 4.867729999979991226e-19
-8.850382289030949146e-01 4.786036248719044365e-19
-8.879688190650254498e-01 4.705644193046552785e-19
-8.908994092269559850e-01 4.626535455786468057e-19
-8.938299993888869643e-01 4.548688921037752131e-19
-8.967605895508174996e-01 4.472086748984178448e-19
-8.996911797127484789e-01 4.396708408991093527e-19
-9.026217698746794582e-01 4.322536600236791681e-19
-9.055523600366099934e-01 4.249551404654990260e-19
-9.084829501985409728e-01 4.177736009653149604e-19
-9.114135403604715080e-01 4.107071094992179838e-19
-9.143441305224024873e-01 4.037540336078390181e-19
-9.172747206843330225e-01 3.969124960845546634e-19
-9.202053108462640019e-01 3.901809160194091923e-19
-9.231359010081949812e-01 3.835574680423149101e-19
-9.260664911701255164e-01 3.770406187160834825e-19
-9.289970813320564957e-01 3.706285965783865119e-19
-9.319276714939870310e-01 3.643199140504857368e-19
-9.348582616559175662e-01 3.581128506408934994e-19
-9.377888518178485455e-01 3.520059626633028087e-19
-9.407194419797795248e-01 3.459975804135716049e-19
-9.436500321417100601e-01 3.400863045985701899e-19
-9.465806223036410394e-01 3.342705119610428859e-19
-9.495112124655720187e-01 3.285488454394181520e-19
-9.524418026275025539e-01 3.229197302122783609e-19
-9.553723927894330892e-01 3.173818493389366545e-19
-9.583029829513640685e-01 3.119336743589259266e-19
-9.612335731132950478e-01 3.065739272096616309e-19
-9.641641632752255830e-01 3.013011240728134779e-19
-9.670947534371565624e-01 2.961140261357634683e-19
-9.700253435990870976e-01 2.910111928245055714e-19
-9.729559337610180769e-01 2.859914212937251009e-19
-9.758865239229486122e-01 2.810533146852005206e-19
-9.788171140848795915e-01 2.761957075715876095e-19
-9.817477042468105708e-01 2.714172407260985348e-19
-9.846782944087411060e-01 2.667167860247089793e-19
-9.876088845706720853e-01 2.620930240941359057e-19
-9.905394747326026206e-01 2.575448605537118431e-19
-9.934700648945331558e-01 2.530710159592968959e-19
-9.964006550564641351e-01 2.486704266333987669e-19
-9.993312452183951144e-01 2.443418529281097734e-19
-1.002261835380325650e+00 2.400842629916003741e-19
-1.005192425542256629e+00 2.358964529588273031e-19
-1.008123015704187608e+00 2.317774233806893462e-19
-1.011053605866118144e+00 2.277260054218785752e-19
-1.013984196028048679e+00 2.237412293517997578e-19
-1.016914786189979658e+00 2.198219620259384717e-19
-1.019845376351910637e+00 2.159672622171521296e-19
-1.022775966513841173e+00 2.121760317805732769e-19
-1.025706556675772152e+00 2.084473571939134675e-19
-1.028637146837702687e+00 2.047801723892610314e-19
-1.031567736999633222e+00 2.011735918641117986e-19
-1.034498327161564202e+00 1.976265819023453346e-19
-1.037428917323495181e+00 1.941382846491871327e-19
-1.040359507485425716e+00 1.907076954481318931e-19
-1.043290097647356696e+00 1.873339833369049852e-19
-1.046220687809287675e+00 1.840161747127612066e-19
-1.049151277971218210e+00 1.807534623545221091e-19
-1.052081868133148745e+00 1.775449027442983366e-19
-1.055012458295079725e+00 1.743897132507108068e-19
-1.057943048457010704e+00 1.712869784323307544e-19
-1.060873638618941239e+00 1.682359397385532769e-19
-1.063804228780872219e+00 1.652357086416700075e-19
-1.066734818942803198e+00 1.622855509124987329e-19
-1.069665409104733289e+00 1.593846037298901748e-19
-1.072595999266664268e+00 1.565321559959990115e-19
-1.075526589428595248e+00 1.537273704919561063e-19
-1.078457179590525783e+00 1.509695585031497845e-19
-1.081387769752456762e+00 1.482579081711202258e-19
-1.084318359914387742e+00 1.455917509859011867e-19
-1.087248950076318277e+00 1.429703006397670624e-19
-1.090179540238248812e+00 1.403929089435714219e-19
-1.093110130400179791e+00 1.378588135227283210e-19
-1.096040720562110771e+00 1.353673864147421464e-19
-1.098971310724041306e+00 1.329178871979049588e-19
-1.101901900885972285e+00 1.305097079110815407e-19
-1.104832491047903265e+00 1.281421306915092889e-19
-1.107763081209833356e+00 1.258145625706614589e-19
-1.110693671371764335e+00 1.235263261153091813e-19
-1.113624261533695314e+00 1.212768317393297526e-19
-1.116554851695625850e+00 1.190653986625874628e-19
-1.119485441857556829e+00 1.168914871156840361e-19
-1.122416032019487808e+00 1.147544417428865551e-19
-1.125346622181418343e+00 1.126537259507601857e-19
-1.128277212343348879e+00 1.105887043742582043e-19
-1.131207802505279858e+00 1.085588585237145542e-19
-1.134138392667210837e+00 1.065635741001233059e-19
-1.137068982829141373e+00 1.046023480128439310e-19
-1.139999572991072352e+00 1.026745843905400931e-19
-1.142930163153003331e+00 1.007797962148581819e-19
-1.145860753314933866e+00 9.891740597716420345e-20
-1.148791343476864402e+00 9.708694250344722071e-20
-1.151721933638795381e+00 9.528784428033673074e-20
-1.154652523800725916e+00 9.351965662219119384e-20
-1.157583113962656896e+00 9.178183550703336222e-20
-1.160513704124587875e+00 9.007393975762613618e-20
-1.163444294286518410e+00 8.839544329812275242e-20
-1.166374884448448945e+00 8.674591747206374514e-20
-1.169305474610379925e+00 8.512485363208180641e-20
-1.172236064772310904e+00 8.353183662846807822e-20
-1.175166654934241439e+00 8.196637280300672944e-20
-1.178097245096172418e+00 8.042806127480327863e-20
-1.181027835258103398e+00 7.891642303034856479e-20
-1.183958425420033933e+00 7.743107010203193623e-20
-1.186889015581964468e+00 7.597153916474936493e-20
-1.189819605743895448e+00 7.453745387784245796e-20
-1.192750195905826427e+00 7.312836497295084548e-20
-1.195680786067756962e+00 7.174390938196673983e-20
-1.198611376229687941e+00 7.038365166635976141e-20
-1.201541966391618921e+00 6.904724026229390778e-20
-1.204472556553549456e+00 6.773425284218663316e-20
-1.207403146715479991e+00 6.644435028403862559e-20
-1.210333736877410971e+00 6.517712300864178052e-20
-1.213264327039341506e+00 6.393224411930887658e-20
-1.216194917201272485e+00 6.270931538910056056e-20
-1.219125507363203464e+00 6.150801873266915341e-20
-1.222056097525134000e+00 6.032797253076794006e-20
-1.224986687687064535e+00 5.916886824182472032e-20
-1.227917277848995514e+00 5.803033428134113705e-20
-1.230847868010926494e+00 5.691207402179071450e-20
-1.233778458172857029e+00 5.581372700361338368e-20
-1.236709048334788008e+00 5.473500737539479215e-20
-1.239639638496718987e+00 5.367556655027000077e-20
-1.242570228658649523e+00 5.263512677726576284e-20
-1.245500818820580058e+00 5.161334988754107787e-20
-1.248431408982511037e+00 5.060996898969939014e-20
-1.251361999144441572e+00 4.962465660484440470e-20
-1.254292589306372552e+00 4.865715432260886383e-20
-1.257223179468303531e+00 4.770714640833872562e-20
-1.260153769630234066e+00 4.677438164252483518e-20
-1.263084359792165046e+00 4.585855443312526134e-20
-1.266014949954095581e+00 4.495942395361308238e-20
-1.268945540116026560e+00 4.407669456309732238e-20
-1.271876130277957095e+00 4.321013134357092896e-20
-1.274806720439888075e+00 4.235944932861938697e-20
-1.277737310601819054e+00 4.152442238919299751e-20
-1.280667900763749589e+00 4.070477393010784492e-20
-1.283598490925680125e+00 3.990028632103306245e-20
-1.286529081087611104e+00 3.911069201661292804e-20
-1.289459671249541639e+00 3.833578005436627125e-20
-1.292390261411472618e+00 3.757529347485362564e-20
-1.295320851573403598e+00 3.682902836268207175e-20
-1.298251441735334133e+00 3.609673602878803266e-20
-1.301182031897265112e+00 3.537821995740854495e-20
-1.304112622059195647e+00 3.467323934005980372e-20
-1.307043212221126627e+00 3.398160349783060658e-20
-1.309973802383057162e+00 3.330308042612216842e-20
-1.312904392544988141e+00 3.263748822670565364e-20
-1.315834982706919121e+00 3.198460143411706180e-20
-1.318765572868849656e+00 3.134424493515665131e-20
-1.321696163030780635e+00 3.071620116421865622e-20
-1.324626753192711170e+00 3.010030086379520473e-20
-1.327557343354641706e+00 2.949633458407787055e-20
-1.330487933516572685e+00 2.890414257044709302e-20
-1.333418523678503664e+00 2.832350991019760120e-20
-1.336349113840434200e+00 2.775429927172748266e-20
-1.339279704002365179e+00 2.719629911993663746e-20
-1.342210294164295714e+00 2.664936645557784033e-20
-1.345140884326226693e+00 2.611328509006567533e-20
-1.348071474488157229e+00 2.558798308531970237e-20
-1.351002064650088208e+00 2.507318050322797982e-20
-1.353932654812019187e+00 2.456883161211908879e-20
-1.356863244973949723e+00 2.407468457347023446e-20
-1.359793835135880702e+00 2.359067127958853414e-20
-1.362724425297811237e+00 2.311656815170080941e-20
-1.365655015459742216e+00 2.265227811031374144e-20
-1.368585605621672752e+00 2.219762288039737040e-20
-1.371516195783603731e+00 2.175248718265794841e-20
-1.374446785945534266e+00 2.131670946583080383e-20
-1.377377376107465246e+00 2.089017886163833844e-20
-1.380307966269396225e+00 2.047273669805608631e-20
-1.383238556431326760e+00 2.006427643140708224e-20
-1.386169146593257295e+00 1.966464622528147930e-20
-1.389099736755188275e+00 1.927374664683693660e-20
-1.392030326917119254e+00 1.889142631667719549e-20
-1.394960917079049789e+00 1.851757789874326803e-20
-1.397891507240980769e+00 1.815210738786109811e-20
-1.400822097402911304e+00 1.779486756153827019e-20
-1.403752687564842283e+00 1.744575340660219185e-20
-1.406683277726772818e+00 1.710466549291090168e-20
-1.409613867888703798e+00 1.677147950315255249e-20
-1.412544458050634777e+00 1.644610724732275397e-20
-1.415475048212565312e+00 1.612842960477689578e-20
-1.418405638374496291e+00 1.581837175645992088e-20
-1.421336228536426827e+00 1.551578902609169837e-20
-1.424266818698357362e+00 1.522064554158201108e-20
-1.427197408860288341e+00 1.493278045138485636e-20
-1.430127999022219321e+00 1.465215991900613793e-20
-1.433058589184149856e+00 1.437866633385782141e-20
-1.435989179346080835e+00 1.411222374744997421e-20
-1.438919769508011814e+00 1.385272662225623603e-20
-1.441850359669942350e+00 1.360011111097759938e-20
-1.444780949831872885e+00 1.335429345679093608e-20
-1.447711539993803864e+00 1.311519869126793284e-20
-1.450642130155734844e+00 1.288273923567465752e-20
-1.453572720317665379e+00 1.265684808836389805e-20
-1.456503310479596358e+00 1.243745117165234483e-20
-1.459433900641527337e+00 1.222448180337410227e-20
-1.462364490803457429e+00 1.201786201928702784e-20
-1.465295080965388408e+00 1.181753622282576755e-20
-1.468225671127319387e+00 1.162342590587655695e-20
-1.471156261289249922e+00 1.143548938831100594e-20
-1.474086851451180902e+00 1.125363861721276223e-20
-1.477017441613111881e+00 1.107784342328705232e-20
-1.479948031775042416e+00 1.090802411929433726e-20
-1.482878621936972952e+00 1.074414305016247839e-20
-1.485809212098903931e+00 1.058613256687746372e-20
-1.488739802260834910e+00 1.043395742222674990e-20
-1.491670392422765445e+00 1.028754786863457716e-20
-1.494600982584696425e+00 1.014687689340757171e-20
-1.497531572746627404e+00 1.001188294129657882e-20
-1.500462162908557495e+00 9.882538713134467575e-21
-1.503392753070488475e+00 9.758782667001790452e-21
-1.506323343232419454e+00 9.640594868811833942e-21
-1.509253933394349989e+00 9.527917127775065113e-21
-1.512184523556280968e+00 9.420730685515139899e-21
-1.515115113718211948e+00 9.318983909847503332e-21
-1.518045703880142483e+00 9.222658695950916080e-21
-1.520976294042073018e+00 9.131712480418677856e-21
-1.523906884204003997e+00 9.046127710381909893e-21
-1.526837474365934977e+00 8.965860086142663663e-21
-1.529768064527865512e+00 8.890899708680416180e-21
-1.532698654689796491e+00 8.821209558478345620e-21
-1.535629244851727471e+00 8.756778887171580565e-21
-1.538559835013658006e+00 8.697572572875875392e-21
-1.541490425175588541e+00 8.643586108523954210e-21
-1.544421015337519520e+00 8.594788245800762180e-21
-1.547351605499450056e+00 8.551175680213991037e-21
-1.550282195661381035e+00 8.512721234565576526e-21
-1.553212785823312014e+00 8.479424498012570912e-21
-1.556143375985242550e+00 8.451264167199679397e-21
-1.559073966147173085e+00 8.428241642115930123e-21
-1.562004556309104064e+00 8.410337638770536495e-21
-1.564935146471035043e+00 8.397558362294264761e-21
-1.567865736632965579e+00 8.389887761007134013e-21
-1.570796326794896558e+00 8.387335119868708102e-21
