1.570796326794896558e+00 -5.742492826461791537e+02
1.556115987292140623e+00 -2.481663311190287402e+02
1.541435647789384467e+00 8.075412222646077680e+02
1.526755308286628532e+00 5.565067798777262169e+02
1.512074968783872375e+00 2.814488761917114630e+02
1.497394629281116440e+00 3.405447933199564545e+02
1.482714289778360284e+00 3.530973132809957065e+02
1.468033950275604349e+00 3.329354276016235303e+02
1.453353610772848192e+00 2.953696395446777387e+02
1.438673271270092258e+00 2.825111721982320887e+02
1.423992931767336101e+00 2.581181813250223058e+02
1.409312592264580166e+00 2.390965294214884693e+02
1.394632252761824009e+00 2.133601301188151069e+02
1.379951913259068075e+00 1.949075430819193002e+02
1.365271573756311918e+00 1.720577117047627667e+02
1.350591234253555983e+00 1.545872295392354374e+02
1.335910894750799827e+00 1.342335964238484678e+02
1.321230555248043892e+00 1.187734038322448811e+02
1.306550215745287735e+00 1.013203082237243393e+02
1.291869876242531801e+00 8.811787047017416796e+01
1.277189536739775644e+00 7.346270253880818757e+01
1.262509197237019709e+00 6.254566978836059832e+01
1.247828857734263552e+00 5.049076866658528928e+01
1.233148518231507618e+00 4.169061082560221365e+01
1.218468178728751461e+00 3.193397721964518254e+01
1.203787839225995526e+00 2.500031405537923135e+01
1.189107499723239592e+00 1.721349050420125337e+01
1.174427160220483435e+00 1.186626970342000043e+01
1.159746820717727278e+00 5.726082115173340092e+00
1.145066481214971343e+00 1.692258242034912152e+00
1.130386141712215409e+00 -3.096845316569009743e+00
1.115705802209459252e+00 -6.065320764923096242e+00
1.101025462706703095e+00 -9.762124390920003947e+00
1.086345123203947161e+00 -1.188051690928141468e+01
1.071664783701191226e+00 -1.470471189753214603e+01
1.056984444198435069e+00 -1.615422792078653913e+01
1.042304104695678912e+00 -1.828832364349365136e+01
1.027623765192922978e+00 -1.921821700083414797e+01
1.012943425690167043e+00 -2.081143745956421398e+01
9.982630861874108863e-01 -2.134268616943359476e+01
9.835827466846548406e-01 -2.251559138361612966e+01
9.689024071818987949e-01 -2.274504543253580380e+01
9.542220676791427492e-01 -2.359413623835245843e+01
9.395417281763867035e-01 -2.359855284423828437e+01
9.248613886736306577e-01 -2.420049232762654867e+01
9.101810491708746120e-01 -2.404017869949340991e+01
8.955007096681185663e-01 -2.445547953999837176e+01
8.808203701653625206e-01 -2.417743908284505139e+01
8.661400306626065859e-01 -2.445358675053914510e+01
8.514596911598505402e-01 -2.409416098454793342e+01
8.367793516570944945e-01 -2.426820591735839727e+01
8.220990121543384488e-01 -2.385525419057210073e+01
8.074186726515824031e-01 -2.395593446400960502e+01
7.927383331488263574e-01 -2.351060727233886993e+01
7.780579936460703117e-01 -2.356006879043579616e+01
7.633776541433142659e-01 -2.309823915100097480e+01
7.486973146405582202e-01 -2.311342104492187488e+01
7.340169751378021745e-01 -2.264683069178263253e+01
7.193366356350461288e-01 -2.264057542241414112e+01
7.046562961322900831e-01 -2.217774836324056054e+01
6.899759566295340374e-01 -2.215968685455322529e+01
6.752956171267779917e-01 -2.170665611928304273e+01
6.606152776240219460e-01 -2.168391298039754389e+01
6.459349381212659003e-01 -2.124479379069010321e+01
6.312545986185098545e-01 -2.122254585723877085e+01
6.165742591157538088e-01 -2.079998951873779234e+01
6.018939196129977631e-01 -2.078190900370280048e+01
5.872135801102417174e-01 -2.037745778706868549e+01
5.725332406074856717e-01 -2.036606127649942977e+01
5.578529011047297370e-01 -1.998042902730306025e+01
5.431725616019735803e-01 -1.997735321807861197e+01
5.284922220992176456e-01 -1.961064199193318558e+01
5.138118825964614889e-01 -1.961686040751139259e+01
4.991315430937055542e-01 -1.926872960891723707e+01
4.844512035909493974e-01 -1.928472060190836856e+01
4.697708640881934627e-01 -1.895451880772908382e+01
4.550905245854373060e-01 -1.898039888636271044e+01
4.404101850826813713e-01 -1.866726376037597745e+01
4.257298455799252146e-01 -1.870288949178059923e+01
4.110495060771692799e-01 -1.840582409718831158e+01
3.963691665744131232e-01 -1.845087168019612633e+01
3.816888270716571885e-01 -1.816880292231241611e+01
3.670084875689010318e-01 -1.822282842636108313e+01
3.523281480661450971e-01 -1.795464985783894818e+01
3.376478085633889403e-01 -1.801713591740925935e+01
3.229674690606330056e-01 -1.776173959579467265e+01
3.082871295578768489e-01 -1.783212998275757144e+01
2.936067900551209142e-01 -1.758842838694254596e+01
2.789264505523647575e-01 -1.766615382486979158e+01
2.642461110496088228e-01 -1.743309643096923622e+01
2.495657715468526661e-01 -1.751759373423258381e+01
2.348854320440967314e-01 -1.729417691345214436e+01
2.202050925413405746e-01 -1.738490214970906678e+01
2.055247530385846400e-01 -1.717017614237467171e+01
1.908444135358284832e-01 -1.726661461868285841e+01
1.761640740330725485e-01 -1.705968568471272562e+01
1.614837345303166138e-01 -1.716135728302002406e+01
1.468033950275606792e-01 -1.696139029642740681e+01
1.321230555248045224e-01 -1.706785438919067488e+01
1.174427160220485877e-01 -1.687407049382527546e+01
1.027623765192924310e-01 -1.698492660700480172e+01
8.808203701653649631e-02 -1.679660281372070330e+01
7.340169751378033958e-02 -1.691149269790649612e+01
5.872135801102440489e-02 -1.672795813573201684e+01
4.404101850826824815e-02 -1.684656424433390143e+01
2.936067900551231347e-02 -1.666719756189982249e+01
1.468033950275615673e-02 -1.678924333979288974e+01
2.220446049250313081e-16 -1.661346825714111120e+01
-1.468033950275593469e-02 -1.673871630986531400e+01
-2.936067900551209142e-02 -1.656599822489420504e+01
-4.404101850826802611e-02 -1.669424852574666218e+01
-5.872135801102418284e-02 -1.652409047597249625e+01
-7.340169751378011753e-02 -1.665517916793823261e+01
-8.808203701653627427e-02 -1.648711812032063762e+01
-1.027623765192922090e-01 -1.662091584269206024e+01
-1.174427160220483657e-01 -1.645451781158447346e+01
-1.321230555248043004e-01 -1.659092761306763109e+01
-1.468033950275604571e-01 -1.642578507283528211e+01
-1.614837345303163918e-01 -1.656474197642008761e+01
-1.761640740330725485e-01 -1.640046844863891451e+01
-1.908444135358284832e-01 -1.654193726857502966e+01
-2.055247530385846400e-01 -1.637816475448607889e+01
-2.202050925413405746e-01 -1.652213906529744492e+01
-2.348854320440967314e-01 -1.635851466013590283e+01
-2.495657715468526661e-01 -1.650501679458617943e+01
-2.642461110496088228e-01 -1.634119802831013502e+01
-2.789264505523647575e-01 -1.649027826563517252e+01
-2.936067900551209142e-01 -1.632592985432942712e+01
-3.082871295578768489e-01 -1.647766576894124668e+01
-3.229674690606325616e-01 -1.631245667419433332e+01
-3.376478085633889403e-01 -1.646695462239583208e+01
-3.523281480661446530e-01 -1.630055348968505768e+01
-3.670084875689010318e-01 -1.645794787928263503e+01
-3.816888270716567444e-01 -1.629001983642578466e+01
-3.963691665744131232e-01 -1.645047431538899474e+01
-4.110495060771688358e-01 -1.628067745030720914e+01
-4.257298455799252146e-01 -1.644438729222615692e+01
-4.404101850826811493e-01 -1.627236799316406390e+01
-4.550905245854370840e-01 -1.643956079279581317e+01
-4.697708640881930187e-01 -1.626494992574055942e+01
-4.844512035909493974e-01 -1.643588921839396377e+01
-4.991315430937053321e-01 -1.625829665629068899e+01
-5.138118825964612668e-01 -1.643328478266398207e+01
-5.284922220992172015e-01 -1.625229478149413964e+01
-5.431725616019735803e-01 -1.643167679977416995e+01
-5.578529011047295150e-01 -1.624684204254150544e+01
-5.725332406074854497e-01 -1.643101097208658601e+01
-5.872135801102413843e-01 -1.624184549713134729e+01
-6.018939196129977631e-01 -1.643124812037149951e+01
-6.165742591157536978e-01 -1.623722003275553405e+01
-6.312545986185096325e-01 -1.643236425832112246e+01
-6.459349381212655672e-01 -1.623288676198323799e+01
-6.606152776240219460e-01 -1.643435119883219286e+01
-6.752956171267778807e-01 -1.622877184702555553e+01
-6.899759566295338153e-01 -1.643721603317260715e+01
-7.046562961322897500e-01 -1.622480418294270876e+01
-7.193366356350461288e-01 -1.644098299001057839e+01
-7.340169751378020635e-01 -1.622091516469319572e+01
-7.486973146405579982e-01 -1.644569422810872439e+01
-7.633776541433139329e-01 -1.621703581492106139e+01
-7.780579936460703117e-01 -1.645141172892252968e+01
-7.927383331488262463e-01 -1.621309554697672795e+01
-8.074186726515821810e-01 -1.645822186177571567e+01
-8.220990121543381157e-01 -1.620901970520019475e+01
-8.367793516570944945e-01 -1.646623782704671157e+01
-8.514596911598504292e-01 -1.620472787221272881e+01
-8.661400306626063639e-01 -1.647560614700317316e+01
-8.808203701653622986e-01 -1.620012968139648635e+01
-8.955007096681186773e-01 -1.648651301676432368e+01
-9.101810491708746120e-01 -1.619512217025756939e+01
-9.248613886736305467e-01 -1.649919571456909395e+01
-9.395417281763864814e-01 -1.618958360570272248e+01
-9.542220676791428602e-01 -1.651395469309489172e+01
-9.689024071818983508e-01 -1.618336697947184177e+01
-9.835827466846547296e-01 -1.653117269363403352e+01
-9.982630861874106643e-01 -1.617629149983723735e+01
-1.012943425690167043e+00 -1.655133924331665440e+01
-1.027623765192922534e+00 -1.616812876001993970e+01
-1.042304104695678912e+00 -1.657508644180298063e+01
-1.056984444198434847e+00 -1.615858507766723662e+01
-1.071664783701191226e+00 -1.660323879826863802e+01
-1.086345123203946716e+00 -1.614727586669921777e+01
-1.101025462706703095e+00 -1.663688690872192311e+01
-1.115705802209459030e+00 -1.613368653132121011e+01
-1.130386141712215409e+00 -1.667749343058267897e+01
-1.145066481214970899e+00 -1.611712100550333915e+01
-1.159746820717727278e+00 -1.672707083307901854e+01
-1.174427160220483213e+00 -1.609659926808675223e+01
-1.189107499723239592e+00 -1.678838971557616944e+01
-1.203787839225995082e+00 -1.607078758239746463e+01
-1.218468178728751461e+00 -1.686559990107218354e+01
-1.233148518231507396e+00 -1.603754003575642884e+01
-1.247828857734263330e+00 -1.696415846659342463e+01
-1.262509197237019265e+00 -1.599449540863036745e+01
-1.277189536739775200e+00 -1.709509227574666212e+01
-1.291869876242531578e+00 -1.593471674245198599e+01
-1.306550215745287513e+00 -1.726543030242920196e+01
-1.321230555248043448e+00 -1.586028852742513173e+01
-1.335910894750799383e+00 -1.752920367101033605e+01
-1.350591234253555761e+00 -1.572174498418172384e+01
-1.365271573756311696e+00 -1.781290632146199826e+01
-1.379951913259067631e+00 -1.564769608637491949e+01
-1.394632252761823565e+00 -1.867224168014526242e+01
-1.409312592264579944e+00 -1.499177883834838987e+01
-1.423992931767335879e+00 -1.840069699961344085e+01
-1.438673271270091814e+00 -1.620401926091512124e+01
-1.453353610772847748e+00 -2.530046420771280324e+01
-1.468033950275604127e+00 -8.403633990732830128e+00
-1.482714289778360062e+00 -7.906815793863931852e+00
-1.497394629281115996e+00 -3.769407000579833777e+01
-1.512074968783871931e+00 -1.122254259623209549e+02
-1.526755308286628310e+00 1.509979124453226689e+02
-1.541435647789384245e+00 3.926830857531229526e+02
-1.556115987292140179e+00 -6.685353554112751908e+02
-1.570796326794896114e+00 -9.970782921562195042e+02
