1.570796326794896558e+00 3.897083747865066812e+02
1.556115987292140623e+00 5.806814029669544652e+02
1.541435647789384467e+00 3.865027471255160663e+02
1.526755308286628532e+00 4.061521476647941427e+02
1.512074968783872375e+00 4.442780932911335299e+02
1.497394629281116440e+00 3.899941639163251921e+02
1.482714289778360284e+00 3.585247069963984359e+02
1.468033950275604349e+00 3.218975499590310392e+02
1.453353610772848192e+00 2.947168066574528211e+02
1.438673271270092258e+00 2.572607402467289148e+02
1.423992931767336101e+00 2.274450770652331073e+02
1.409312592264580166e+00 1.952236538777650026e+02
1.394632252761824009e+00 1.690088043918972289e+02
1.379951913259068075e+00 1.419460830646430907e+02
1.365271573756311918e+00 1.199286970933422651e+02
1.350591234253555983e+00 9.831532743834048915e+01
1.335910894750799827e+00 8.081996304928584607e+01
1.321230555248043892e+00 6.402481294112811838e+01
1.306550215745287735e+00 5.054568420443761312e+01
1.291869876242531801e+00 3.777568648410275642e+01
1.277189536739775644e+00 2.764116776051903202e+01
1.262509197237019709e+00 1.806629714535482378e+01
1.247828857734263552e+00 1.057916032532087591e+01
1.233148518231507618e+00 3.470402700852689204e+00
1.218468178728751461e+00 -1.979040868651391172e+00
1.203787839225995526e+00 -7.220180193270707036e+00
1.189107499723239592e+00 -1.113040817138258021e+01
1.174427160220483435e+00 -1.497272085092351546e+01
1.159746820717727278e+00 -1.773351087029795536e+01
1.145066481214971343e+00 -2.053497445140228095e+01
1.130386141712215409e+00 -2.244381933823558128e+01
1.115705802209459252e+00 -2.447358205922722263e+01
1.101025462706703095e+00 -2.575422736995250972e+01
1.086345123203947161e+00 -2.721302622928052273e+01
1.071664783701191226e+00 -2.803243914444901108e+01
1.056984444198435069e+00 -2.906944446416428107e+01
1.042304104695678912e+00 -2.955174493838964977e+01
1.027623765192922978e+00 -3.027772788156595141e+01
1.012943425690167043e+00 -3.051506326934481805e+01
9.982630861874108863e-01 -3.101235961700169597e+01
9.835827466846548406e-01 -3.107314203861779944e+01
9.689024071818987949e-01 -3.140306173445015503e+01
9.542220676791427492e-01 -3.133810818869185155e+01
9.395417281763867035e-01 -3.154639463621655082e+01
9.248613886736306577e-01 -3.139346506791659053e+01
9.101810491708746120e-01 -3.151430300058528644e+01
8.955007096681185663e-01 -3.130144402300943085e+01
8.808203701653625206e-01 -3.136040194786795965e+01
8.661400306626065859e-01 -3.110841060066197628e+01
8.514596911598505402e-01 -3.112460700338097297e+01
8.367793516570944945e-01 -3.084885133505216714e+01
8.220990121543384488e-01 -3.083655563620939688e+01
8.074186726515824031e-01 -3.054832468237607301e+01
7.927383331488263574e-01 -3.051814717886415451e+01
7.780579936460703117e-01 -3.022565751490714092e+01
7.633776541433142659e-01 -3.018543858020857584e+01
7.486973146405582202e-01 -2.989458822293993023e+01
7.340169751378021745e-01 -2.985006694712011921e+01
7.193366356350461288e-01 -2.956500334062730673e+01
7.046562961322900831e-01 -2.952032294169264048e+01
6.899759566295340374e-01 -2.924387289299723491e+01
6.752956171267779917e-01 -2.920196513659572801e+01
6.606152776240219460e-01 -2.893596171682987617e+01
6.459349381212659003e-01 -2.889884027577341996e+01
6.312545986185098545e-01 -2.864437225633249184e+01
6.165742591157538088e-01 -2.861335778922995843e+01
6.018939196129977631e-01 -2.837096058390593001e+01
5.872135801102417174e-01 -2.834685348448239850e+01
5.725332406074856717e-01 -2.811665540349620329e+01
5.578529011047297370e-01 -2.809986927181710215e+01
5.431725616019735803e-01 -2.788170374433017074e+01
5.284922220992176456e-01 -2.787236794646874927e+01
5.138118825964614889e-01 -2.766585972781458835e+01
4.991315430937055542e-01 -2.766389836957008086e+01
4.844512035909493974e-01 -2.746852892714316852e+01
4.697708640881934627e-01 -2.747372181582421646e+01
4.550905245854373060e-01 -2.728887971278970781e+01
4.404101850826813713e-01 -2.730090888261183224e+01
4.257298455799252146e-01 -2.712592728831213762e+01
4.110495060771692799e-01 -2.714441255227346517e+01
3.963691665744131232e-01 -2.697859784701957153e+01
3.816888270716571885e-01 -2.700312353138888710e+01
3.670084875689010318e-01 -2.684577606689450846e+01
3.523281480661450971e-01 -2.687591121632937430e+01
3.376478085633889403e-01 -2.672634069228782749e+01
3.229674690606330056e-01 -2.676165390692614210e+01
3.082871295578768489e-01 -2.661919004454193782e+01
2.936067900551209142e-01 -2.665926021180382577e+01
2.789264505523647575e-01 -2.652326011893674007e+01
2.642461110496088228e-01 -2.656768404855704446e+01
2.495657715468526661e-01 -2.643753705753811900e+01
2.348854320440967314e-01 -2.648593468253584504e+01
2.202050925413405746e-01 -2.636106487071951676e+01
2.055247530385846400e-01 -2.641308238098061878e+01
1.908444135358284832e-01 -2.629294979629225537e+01
1.761640740330725485e-01 -2.634826172863767724e+01
1.614837345303166138e-01 -2.623236259159322259e+01
1.468033950275606792e-01 -2.629067248987733052e+01
1.321230555248045224e-01 -2.617853817961750451e+01
1.174427160220485877e-01 -2.623957860249415575e+01
1.027623765192924310e-01 -2.613077432474346296e+01
8.808203701653649631e-02 -2.619430672501047397e+01
7.340169751378033958e-02 -2.608842964638212436e+01
5.872135801102440489e-02 -2.615424312513186322e+01
4.404101850826824815e-02 -2.605092050877994225e+01
2.936067900551231347e-02 -2.611883068570027078e+01
1.468033950275615673e-02 -2.601771728060004563e+01
2.220446049250313081e-16 -2.608756530209623747e+01
-1.468033950275593469e-02 -2.598834129617898725e+01
-2.936067900551209142e-02 -2.605999231488452139e+01
-4.404101850826802611e-02 -2.596236068234893324e+01
-5.872135801102418284e-02 -2.603570263896923720e+01
-7.340169751378011753e-02 -2.593938688069603771e+01
-8.808203701653627427e-02 -2.601432919914505248e+01
-1.027623765192922090e-01 -2.591907098889613792e+01
-1.174427160220483657e-01 -2.599554335052274823e+01
-1.321230555248043004e-01 -2.590110014451855847e+01
-1.468033950275604571e-01 -2.597905147286565608e+01
-1.614837345303163918e-01 -2.588519438990355681e+01
-1.761640740330725485e-01 -2.596459185391109514e+01
-1.908444135358284832e-01 -2.587110326282362038e+01
-2.055247530385846400e-01 -2.595193156584663541e+01
-2.202050925413405746e-01 -2.585860313417882494e+01
-2.348854320440967314e-01 -2.594086383357493730e+01
-2.495657715468526661e-01 -2.584749433937770746e+01
-2.642461110496088228e-01 -2.593120534247258746e+01
-2.789264505523647575e-01 -2.583759860146443543e+01
-2.936067900551209142e-01 -2.592279395779495843e+01
-3.082871295578768489e-01 -2.582875666149386262e+01
-3.229674690606325616e-01 -2.591548659214519290e+01
-3.376478085633889403e-01 -2.582082638316125056e+01
-3.523281480661446530e-01 -2.590915713175693114e+01
-3.670084875689010318e-01 -2.581368040181152779e+01
-3.816888270716567444e-01 -2.590369489529616942e+01
-3.963691665744131232e-01 -2.580720440618713241e+01
-4.110495060771688358e-01 -2.589900283920353985e+01
-4.257298455799252146e-01 -2.580129564161515532e+01
-4.404101850826811493e-01 -2.589499623511377635e+01
-4.550905245854370840e-01 -2.579586107055694555e+01
-4.697708640881930187e-01 -2.589160139527996662e+01
-4.844512035909493974e-01 -2.579081599189998641e+01
-4.991315430937053321e-01 -2.588875441794472820e+01
-5.138118825964612668e-01 -2.578608249143068676e+01
-5.284922220992172015e-01 -2.588640045369510645e+01
-5.431725616019735803e-01 -2.578158842110020643e+01
-5.578529011047295150e-01 -2.588449249506626160e+01
-5.725332406074854497e-01 -2.577726579652233951e+01
-5.872135801102413843e-01 -2.588299090267305402e+01
-6.018939196129977631e-01 -2.577304942320101944e+01
-6.165742591157536978e-01 -2.588186252017543865e+01
-6.312545986185096325e-01 -2.576887594086467459e+01
-6.459349381212655672e-01 -2.588108027401976940e+01
-6.606152776240219460e-01 -2.576468193249249339e+01
-6.752956171267778807e-01 -2.588062264442375948e+01
-6.899759566295338153e-01 -2.576040256432806785e+01
-7.046562961322897500e-01 -2.588047324997239684e+01
-7.193366356350461288e-01 -2.575597006862704674e+01
-7.340169751378020635e-01 -2.588062079344418009e+01
-7.486973146405579982e-01 -2.575131145501946506e+01
-7.633776541433139329e-01 -2.588105876641845526e+01
-7.780579936460703117e-01 -2.574634650782737921e+01
-7.927383331488262463e-01 -2.588178563436595070e+01
-8.074186726515821810e-01 -2.574098492201929744e+01
-8.220990121543381157e-01 -2.588280501615220075e+01
-8.367793516570944945e-01 -2.573512323009734359e+01
-8.514596911598504292e-01 -2.588412648024672791e+01
-8.661400306626063639e-01 -2.572864062713229316e+01
-8.808203701653622986e-01 -2.588576636418062193e+01
-8.955007096681186773e-01 -2.572139411308967638e+01
-9.101810491708746120e-01 -2.588774948867350290e+01
-9.248613886736305467e-01 -2.571321218244102980e+01
-9.395417281763864814e-01 -2.589011149564632674e+01
-9.542220676791428602e-01 -2.570388678630191137e+01
-9.689024071818983508e-01 -2.589290309120578470e+01
-9.835827466846547296e-01 -2.569316281784664113e+01
-9.982630861874106643e-01 -2.589619487863093283e+01
-1.012943425690167043e+00 -2.568072402015449285e+01
-1.027623765192922534e+00 -2.590008696633979213e+01
-1.042304104695678912e+00 -2.566617450157636071e+01
-1.056984444198434847e+00 -2.590472044128937412e+01
-1.071664783701191226e+00 -2.564901205809552920e+01
-1.086345123203946716e+00 -2.591029649434967297e+01
-1.101025462706703095e+00 -2.562859027053564986e+01
-1.115705802209459030e+00 -2.591710426544703338e+01
-1.130386141712215409e+00 -2.560406421828592727e+01
-1.145066481214970899e+00 -2.592556185559694981e+01
-1.159746820717727278e+00 -2.557430235327537815e+01
-1.174427160220483213e+00 -2.593628387355106568e+01
-1.189107499723239592e+00 -2.553776804260154876e+01
-1.203787839225995082e+00 -2.595016763052683828e+01
-1.218468178728751461e+00 -2.549225051010429866e+01
-1.233148518231507396e+00 -2.596860451966868411e+01
-1.247828857734263330e+00 -2.543470527835713213e+01
-1.262509197237019265e+00 -2.599354889767110066e+01
-1.277189536739775200e+00 -2.535983348004811688e+01
-1.291869876242531578e+00 -2.602873913718171295e+01
-1.306550215745287513e+00 -2.526189067654927811e+01
-1.321230555248043448e+00 -2.607761058604148730e+01
-1.335910894750799383e+00 -2.512084564881465099e+01
-1.350591234253555761e+00 -2.615641662628122077e+01
-1.365271573756311696e+00 -2.494221827985519369e+01
-1.379951913259067631e+00 -2.625271722918765249e+01
-1.394632252761823565e+00 -2.457101878755489466e+01
-1.409312592264579944e+00 -2.651301744494427126e+01
-1.423992931767335879e+00 -2.435292042046457439e+01
-1.438673271270091814e+00 -2.653848678378648174e+01
-1.453353610772847748e+00 -2.227397655379887453e+01
-1.468033950275604127e+00 -2.846260169989655608e+01
-1.482714289778360062e+00 -2.497305343182681270e+01
-1.497394629281115996e+00 -2.411384011645476377e+01
-1.512074968783871931e+00 1.820064448223162490e+00
-1.526755308286628310e+00 -5.912945474657851719e+01
-1.541435647789384245e+00 -9.729487770954912662e+01
-1.556115987292140179e+00 8.680420532520869870e+01
-1.570796326794896114e+00 -1.094108684461315590e+02
