# #z,vel
0.000000000000000000e+00 3.559148773048781322e+02
1.562500000000000000e-02 3.476099618286178838e+02
3.125000000000000000e-02 3.387506338771410697e+02
4.687500000000000000e-02 3.313426420975735596e+02
6.250000000000000000e-02 3.245095854319491764e+02
7.812500000000000000e-02 3.177690918224473648e+02
9.375000000000000000e-02 3.104101842678564367e+02
1.093750000000000000e-01 3.028770850560220538e+02
1.250000000000000000e-01 2.952793477546351824e+02
1.406250000000000000e-01 2.879750059903331589e+02
1.562500000000000000e-01 2.809412913243913863e+02
1.718750000000000000e-01 2.743557905158958192e+02
1.875000000000000000e-01 2.682513702141094427e+02
2.031250000000000000e-01 2.629081274528612084e+02
2.187500000000000000e-01 2.582738115281892988e+02
2.343750000000000000e-01 2.539153252597263304e+02
2.500000000000000000e-01 2.497343669651967275e+02
2.656250000000000000e-01 2.458653976388074796e+02
2.812500000000000000e-01 2.424913200292162117e+02
2.968750000000000000e-01 2.398422978668841949e+02
3.125000000000000000e-01 2.383891107098124280e+02
3.281250000000000000e-01 2.375087815918643628e+02
3.437500000000000000e-01 2.364498223188736858e+02
3.593750000000000000e-01 2.349458502246667138e+02
3.750000000000000000e-01 2.328342205170304737e+02
3.906250000000000000e-01 2.301143746992660226e+02
4.062500000000000000e-01 2.267593080008207096e+02
4.218750000000000000e-01 2.228783746403921100e+02
4.375000000000000000e-01 2.185052222766635737e+02
4.531250000000000000e-01 2.137974776773154133e+02
4.687500000000000000e-01 2.087660943129188809e+02
4.843750000000000000e-01 2.035408380015685736e+02
5.000000000000000000e-01 1.980955573244372658e+02
5.156250000000000000e-01 1.924376731855670073e+02
5.312500000000000000e-01 1.865838763378137060e+02
5.468750000000000000e-01 1.804213604489302440e+02
5.625000000000000000e-01 1.740701248373388808e+02
5.781250000000000000e-01 1.674581641210124303e+02
5.937500000000000000e-01 1.604517906094978912e+02
6.093750000000000000e-01 1.529137970700736844e+02
6.250000000000000000e-01 1.445859160686570135e+02
6.406250000000000000e-01 1.354275440988913033e+02
6.562500000000000000e-01 1.252258599079829509e+02
6.718750000000000000e-01 1.139723627054519142e+02
6.875000000000000000e-01 1.016809063937005249e+02
7.031250000000000000e-01 8.855960163121015682e+01
7.187500000000000000e-01 7.491448405854326609e+01
7.343750000000000000e-01 6.115223741814365610e+01
7.500000000000000000e-01 4.805733698668140619e+01
7.656250000000000000e-01 3.616761069997872369e+01
7.812500000000000000e-01 2.629206033941057186e+01
7.968750000000000000e-01 1.860329605890932569e+01
8.125000000000000000e-01 1.301078724996562208e+01
8.281250000000000000e-01 9.178009588178884570e+00
8.437500000000000000e-01 6.598820718577148803e+00
8.593750000000000000e-01 4.935091467437887403e+00
8.750000000000000000e-01 3.845279752088140324e+00
8.906250000000000000e-01 3.148395208453063532e+00
9.062500000000000000e-01 2.690294700421234531e+00
9.218750000000000000e-01 2.392053070679664550e+00
9.375000000000000000e-01 2.194920935214720092e+00
9.531250000000000000e-01 2.066839238363562092e+00
9.687500000000000000e-01 1.986687090051459048e+00
9.843750000000000000e-01 1.940385471669326956e+00
1.000000000000000000e+00 1.922727168211568971e+00
