1.570796326794896558e+00 -1.499347960690871690e-14
1.567126241919207574e+00 -1.502748794377441341e-14
1.563456157043518591e+00 -1.495546445458314404e-14
1.559786072167829607e+00 -1.495119909680290514e-14
1.556115987292140623e+00 -1.484161454486305548e-14
1.552445902416451418e+00 -1.479970363686388386e-14
1.548775817540762434e+00 -1.465377786233526261e-14
1.545105732665073450e+00 -1.457517770189990200e-14
1.541435647789384467e+00 -1.439462226734859272e-14
1.537765562913695483e+00 -1.428082039252247024e-14
1.534095478038006499e+00 -1.406778773150106127e-14
1.530425393162317516e+00 -1.392074371239518602e-14
1.526755308286628532e+00 -1.367778299046113320e-14
1.523085223410939326e+00 -1.349985898693718384e-14
1.519415138535250342e+00 -1.322985359795702888e-14
1.515745053659561359e+00 -1.302374396449535598e-14
1.512074968783872375e+00 -1.272983901543373897e-14
1.508404883908183391e+00 -1.249849687495740509e-14
1.504734799032494408e+00 -1.218402245861003327e-14
1.501064714156805424e+00 -1.193058439692234269e-14
1.497394629281116440e+00 -1.159897848397406200e-14
1.493724544405427235e+00 -1.132668981625130802e-14
1.490054459529738251e+00 -1.098142377726770470e-14
1.486384374654049267e+00 -1.069356694369381564e-14
1.482714289778360284e+00 -1.033807618225071251e-14
1.479044204902671300e+00 -1.003790450982934814e-14
1.475374120026982316e+00 -9.675526171088598430e-15
1.471704035151293333e+00 -9.366204766093381482e-15
1.468033950275604349e+00 -9.000123942654767094e-15
1.464363865399915365e+00 -8.684678953497294065e-15
1.460693780524226160e+00 -8.317884263807224367e-15
1.457023695648537176e+00 -7.999161231323489469e-15
1.453353610772848192e+00 -7.634410129574468821e-15
1.449683525897159209e+00 -7.315041656207166565e-15
1.446013441021470225e+00 -6.954835374121582150e-15
1.442343356145781241e+00 -6.637217920318455043e-15
1.438673271270092258e+00 -6.283785558551181519e-15
1.435003186394403052e+00 -5.970064830526289876e-15
1.431333101518714068e+00 -5.625355822420133282e-15
1.427663016643025085e+00 -5.317419956012455188e-15
1.423992931767336101e+00 -4.983103919912132077e-15
1.420322846891647117e+00 -4.682583490821826434e-15
1.416652762015958134e+00 -4.360056364606294467e-15
1.412982677140269150e+00 -4.068330159465064303e-15
1.409312592264580166e+00 -3.758725463291740119e-15
1.405642507388891183e+00 -3.476930917474498208e-15
1.401972422513201977e+00 -3.181135004900850804e-15
1.398302337637512993e+00 -2.910182240830067330e-15
1.394632252761824009e+00 -2.628852461219932035e-15
1.390962167886135026e+00 -2.369440929143057965e-15
1.387292083010446042e+00 -2.103025721097358924e-15
1.383621998134757058e+00 -1.855662544337785387e-15
1.379951913259068075e+00 -1.604422599731456436e-15
1.376281828383379091e+00 -1.369441839407465163e-15
1.372611743507690107e+00 -1.133471604910389704e-15
1.368941658632000902e+00 -9.110537871434326931e-16
1.365271573756311918e+00 -6.903027067068221530e-16
1.361601488880622934e+00 -4.804940725807322226e-16
1.357931404004933951e+00 -2.747870962962137441e-16
1.354261319129244967e+00 -7.751815719744205038e-17
1.350591234253555983e+00 1.134248376182276131e-16
1.346921149377867000e+00 2.983217522568081990e-16
1.343251064502177794e+00 4.748678782349068137e-16
1.339580979626488810e+00 6.476422985933324102e-16
1.335910894750799827e+00 8.102290739736530345e-16
1.332240809875110843e+00 9.711974296972513103e-16
1.328570724999421859e+00 1.120317777027083444e-15
1.324900640123732876e+00 1.269849868820204617e-15
1.321230555248043892e+00 1.406038720070979436e-15
1.317560470372354908e+00 1.544545638551835792e-15
1.313890385496665925e+00 1.668368121927340303e-15
1.310220300620976719e+00 1.796291587137436330e-15
1.306550215745287735e+00 1.908332734839594098e-15
1.302880130869598752e+00 2.026135798480915987e-15
1.299210045993909768e+00 2.126991688826432899e-15
1.295539961118220784e+00 2.235150718970153834e-15
1.291869876242531801e+00 2.325420949066512151e-15
1.288199791366842817e+00 2.424418802846823760e-15
1.284529706491153611e+00 2.504700178054116235e-15
1.280859621615464849e+00 2.595020459307287855e-15
1.277189536739775644e+00 2.665901781465887234e-15
1.273519451864086660e+00 2.748024077164409980e-15
1.269849366988397676e+00 2.810081913434821225e-15
1.266179282112708693e+00 2.884477903265253718e-15
1.262509197237019709e+00 2.938273220928409344e-15
1.258839112361330725e+00 3.005403557704812781e-15
1.255169027485641742e+00 3.051479115843858511e-15
1.251498942609952536e+00 3.111790979655077517e-15
1.247828857734263552e+00 3.150669375935541398e-15
1.244158772858574569e+00 3.204594611724482511e-15
1.240488687982885585e+00 3.236776890498742593e-15
1.236818603107196601e+00 3.284730646037955088e-15
1.233148518231507618e+00 3.310695382837299548e-15
1.229478433355818634e+00 3.353075171808266537e-15
1.225808348480129428e+00 3.373277957739354039e-15
1.222138263604440667e+00 3.410463080448273801e-15
1.218468178728751461e+00 3.425336338681957424e-15
1.214798093853062699e+00 3.457687600434921916e-15
1.211128008977373494e+00 3.467640674958715315e-15
1.207457924101684510e+00 3.495500349347594714e-15
1.203787839225995526e+00 3.500919813829096650e-15
1.200117754350306543e+00 3.524611804875730708e-15
1.196447669474617559e+00 3.525861946422379036e-15
1.192777584598928575e+00 3.545692109706995218e-15
1.189107499723239592e+00 3.543115548754158961e-15
1.185437414847550386e+00 3.559372137284977917e-15
1.181767329971861402e+00 3.553290550503548552e-15
1.178097245096172418e+00 3.566244756102796854e-15
1.174427160220483435e+00 3.556959674406286103e-15
1.170757075344794451e+00 3.566866239970080283e-15
1.167086990469105467e+00 3.554659898144420946e-15
1.163416905593416484e+00 3.561757779966647082e-15
1.159746820717727278e+00 3.546893998510662564e-15
1.156076735842038294e+00 3.551407061462415584e-15
1.152406650966349311e+00 3.534132144596517870e-15
1.148736566090660327e+00 3.536269875927446603e-15
1.145066481214971343e+00 3.516813512718376623e-15
1.141396396339282360e+00 3.516771742874481572e-15
1.137726311463593376e+00 3.495347901057988566e-15
1.134056226587904170e+00 3.493309522120236884e-15
1.130386141712215409e+00 3.470117326300759610e-15
1.126716056836526203e+00 3.466253000636214468e-15
1.123045971960837219e+00 3.441477588411137998e-15
1.119375887085148236e+00 3.435946441696484031e-15
1.115705802209459252e+00 3.409759792878751892e-15
1.112035717333770268e+00 3.402710087048682431e-15
1.108365632458081285e+00 3.375271822385703310e-15
1.104695547582392301e+00 3.366841605183226952e-15
1.101025462706703095e+00 3.338299752097804273e-15
1.097355377831014334e+00 3.328617480879880958e-15
1.093685292955325128e+00 3.299109204603607872e-15
1.090015208079636366e+00 3.288294342865223706e-15
1.086345123203947161e+00 3.257946642166132204e-15
1.082675038328258177e+00 3.246110227789510931e-15
1.079004953452569193e+00 3.215040594940828497e-15
1.075334868576880210e+00 3.202285779819815676e-15
1.071664783701191226e+00 3.170602825017848936e-15
1.067994698825502020e+00 3.157025386083976914e-15
1.064324613949813259e+00 3.124829426918653334e-15
1.060654529074124053e+00 3.110518248816894641e-15
1.056984444198435069e+00 3.077901865575405636e-15
1.053314359322746085e+00 3.062939395707814657e-15
1.049644274447057102e+00 3.029987953603790084e-15
1.045974189571368118e+00 3.014450630263599242e-15
1.042304104695678912e+00 2.981242769820831345e-15
1.038634019819990151e+00 2.965201424366159613e-15
1.034963934944300945e+00 2.931809521225769047e-15
1.031293850068612183e+00 2.915329755342759696e-15
1.027623765192922978e+00 2.881820350985703684e-15
1.023953680317233994e+00 2.864962890153449408e-15
1.020283595441545010e+00 2.831397094928338641e-15
1.016613510565856027e+00 2.814218119195855453e-15
1.012943425690167043e+00 2.780651988968668859e-15
1.009273340814477837e+00 2.763203442352760084e-15
1.005603255938789076e+00 2.729688330507477270e-15
1.001933171063099870e+00 2.712018209951885959e-15
9.982630861874108863e-01 2.678601095914520906e-15
9.945930013117219026e-01 2.660753721127985717e-15
9.909229164360329190e-01 2.627477516893873895e-15
9.872528315603439353e-01 2.609493782173313211e-15
9.835827466846548406e-01 2.576397618187367492e-15
9.799126618089658569e-01 2.558315227266124236e-15
9.762425769332768732e-01 2.525434718905672861e-15
9.725724920575878896e-01 2.507288403940256146e-15
9.689024071818987949e-01 2.474655899859449256e-15
9.652323223062098112e-01 2.456477625515009090e-15
9.615622374305208275e-01 2.424122439056813436e-15
9.578921525548318439e-01 2.405941592713744537e-15
9.542220676791427492e-01 2.373890217423298625e-15
9.505519828034537655e-01 2.355733786364085488e-15
9.468818979277647818e-01 2.324010096752238011e-15
9.432118130520757981e-01 2.305902833222997470e-15
9.395417281763867035e-01 2.274528271710711354e-15
9.358716433006978308e-01 2.256492846708640368e-15
9.322015584250087361e-01 2.225486597747256244e-15
9.285314735493197524e-01 2.207543744219007676e-15
9.248613886736306577e-01 2.176922896402836231e-15
9.211913037979417851e-01 2.159091542698653185e-15
9.175212189222526904e-01 2.128871239758792361e-15
9.138511340465637067e-01 2.111168633899837815e-15
9.101810491708746120e-01 2.081362215310768951e-15
9.065109642951857394e-01 2.063804040801281709e-15
9.028408794194966447e-01 2.034423172722329652e-15
8.991707945438076610e-01 2.017023656444283542e-15
8.955007096681185663e-01 1.988078453726685448e-15
8.918306247924296937e-01 1.970850466487497010e-15
8.881605399167405990e-01 1.942349606285870659e-15
8.844904550410516153e-01 1.925304756551275918e-15
8.808203701653625206e-01 1.897255584189728221e-15
8.771502852896736480e-01 1.880404305469381272e-15
8.734802004139845533e-01 1.852812933080734244e-15
8.698101155382955696e-01 1.836164565393287598e-15
8.661400306626065859e-01 1.809035963866926979e-15
8.624699457869176022e-01 1.792598829743166407e-15
8.587998609112286186e-01 1.765936914396771496e-15
8.551297760355395239e-01 1.749718389783092888e-15
8.514596911598505402e-01 1.723526100238710824e-15
8.477896062841615565e-01 1.707532680646872520e-15
8.441195214084725729e-01 1.681812055328638894e-15
8.404494365327834782e-01 1.666049417593126244e-15
8.367793516570944945e-01 1.640801663162216046e-15
8.331092667814055108e-01 1.625274723094990270e-15
8.294391819057165272e-01 1.600500279235917830e-15
8.257690970300274325e-01 1.585213245469975899e-15
8.220990121543384488e-01 1.560911845312226629e-15
8.184289272786494651e-01 1.545868269596681972e-15
8.147588424029604814e-01 1.522038996079982095e-15
8.110887575272713867e-01 1.507241820278699708e-15
8.074186726515824031e-01 1.483883158766219954e-15
8.037485877758934194e-01 1.469334758782308278e-15
8.000785029002044357e-01 1.446444646120241298e-15
7.964084180245153410e-01 1.432146872963034709e-15
7.927383331488263574e-01 1.409722743308773192e-15
7.890682482731373737e-01 1.395676961488096943e-15
7.853981633974483900e-01 1.373715789048153661e-15
7.817280785217594063e-01 1.359922912479618680e-15
7.780579936460703117e-01 1.338421251428331804e-15
7.743879087703813280e-01 1.324881777036416048e-15
7.707178238946922333e-01 1.303835798756203867e-15
7.670477390190033606e-01 1.290549837907946664e-15
7.633776541433142659e-01 1.269955365762665869e-15
7.597075692676252823e-01 1.256922673682724002e-15
7.560374843919361876e-01 1.236775215475585530e-15
7.523673995162473149e-01 1.223995218775667999e-15
7.486973146405582202e-01 1.204289997042514605e-15
7.450272297648692366e-01 1.191761819513704457e-15
7.413571448891801419e-01 1.172493799790827963e-15
7.376870600134912692e-01 1.160216286528494943e-15
7.340169751378021745e-01 1.141380203753642154e-15
7.303468902621131909e-01 1.129351943757627048e-15
7.266768053864240962e-01 1.110942326886210047e-15
7.230067205107352235e-01 1.099161674223951765e-15
7.193366356350461288e-01 1.081172869204873419e-15
7.156665507593571451e-01 1.069637962825299746e-15
7.119964658836680504e-01 1.052064154028711482e-15
7.083263810079791778e-01 1.040772936330043362e-15
7.046562961322900831e-01 1.023608166532604505e-15
7.009862112566010994e-01 1.012558400739173044e-15
6.973161263809120047e-01 9.957965897540329254e-16
6.936460415052231321e-01 9.849858761885187551e-16
6.899759566295340374e-01 9.686208382202177760e-16
6.863058717538450537e-01 9.580466295607851967e-16
6.826357868781559590e-01 9.420720893978425134e-16
6.789657020024670864e-01 9.317317049134869503e-16
6.752956171267779917e-01 9.161413129440163689e-16
6.716255322510890080e-01 9.060319519427899690e-16
6.679554473753999133e-01 8.908192982232518130e-16
6.642853624997110407e-01 8.809380524550209541e-16
6.606152776240219460e-01 8.660966797256757092e-16
6.569451927483329623e-01 8.564405451338161217e-16
6.532751078726438676e-01 8.419639609329071584e-16
6.496050229969549950e-01 8.325298486070355948e-16
6.459349381212659003e-01 8.184115365294308423e-16
6.422648532455769166e-01 8.091962829480954702e-16
6.385947683698878219e-01 7.954297130897673441e-16
6.349246834941989492e-01 7.864300896872099704e-16
6.312545986185098545e-01 7.730087283380483002e-16
6.275845137428208709e-01 7.642214504625203473e-16
6.239144288671319982e-01 7.511387690739227933e-16
6.202443439914429035e-01 7.425605043470192895e-16
6.165742591157538088e-01 7.298099878431283851e-16
6.129041742400648252e-01 7.214373639722037028e-16
6.092340893643759525e-01 7.090125184212396517e-16
6.055640044886868578e-01 7.008421304774845648e-16
6.018939196129977631e-01 6.887364901763754603e-16
5.982238347373087795e-01 6.807649073991099619e-16
5.945537498616199068e-01 6.689720414049653441e-16
5.908836649859308121e-01 6.611958135366891912e-16
5.872135801102417174e-01 6.497093316700007700e-16
5.835434952345527337e-01 6.421249948538303431e-16
5.798734103588638611e-01 6.309385532214632105e-16
5.762033254831747664e-01 6.235426354865420823e-16
5.725332406074856717e-01 6.126499415413632278e-16
5.688631557317966880e-01 6.054389679163890087e-16
5.651930708561077044e-01 5.948337850794536296e-16
5.615229859804187207e-01 5.878042823201981133e-16
5.578529011047297370e-01 5.774804342009922617e-16
5.541828162290405313e-01 5.706289352039715831e-16
5.505127313533517697e-01 5.605803094341445241e-16
5.468426464776627860e-01 5.539033573062397622e-16
5.431725616019735803e-01 5.441239090303816177e-16
5.395024767262845966e-01 5.376180608554875072e-16
5.358323918505956129e-01 5.281018158656576099e-16
5.321623069749066293e-01 5.217636461892911937e-16
5.284922220992176456e-01 5.125047037584073705e-16
5.248221372235284399e-01 5.063308078105644195e-16
5.211520523478396782e-01 4.973233432203148612e-16
5.174819674721506946e-01 4.913103398673832404e-16
5.138118825964614889e-01 4.825486066622466556e-16
5.101417977207725052e-01 4.766931411370336272e-16
5.064717128450835215e-01 4.681714731205352483e-16
5.028016279693945378e-01 4.624702195029688769e-16
4.991315430937055542e-01 4.541830324846084981e-16
4.954614582180163485e-01 4.486326960011264763e-16
4.917913733423275868e-01 4.405744893118968058e-16
4.881212884666386032e-01 4.351718084059527611e-16
4.844512035909493974e-01 4.273371662090265404e-16
4.807811187152604138e-01 4.220789144414740501e-16
4.771110338395714301e-01 4.144625068319960130e-16
4.734409489638824464e-01 4.093454945896109979e-16
4.697708640881934627e-01 4.019420785189102482e-16
4.661007792125042570e-01 3.969631545683800503e-16
4.624306943368154954e-01 3.897675745642665295e-16
4.587606094611265117e-01 3.849236274448420455e-16
4.550905245854373060e-01 3.779308162097847692e-16
4.514204397097483223e-01 3.732187754776868344e-16
4.477503548340593387e-01 3.664237543002179689e-16
4.440802699583703550e-01 3.618405916294627249e-16
4.404101850826813713e-01 3.552384706643812766e-16
4.367401002069921656e-01 3.507812008305585478e-16
4.330700153313034040e-01 3.443671792455657022e-16
4.293999304556144203e-01 3.400328609692953375e-16
4.257298455799252146e-01 3.338022269713651913e-16
4.220597607042362309e-01 3.295879636588150444e-16
4.183896758285472472e-01 3.235360943893141184e-16
4.147195909528582636e-01 3.194390347601590653e-16
4.110495060771692799e-01 3.135613961057065490e-16
4.073794212014800742e-01 3.095787347319100335e-16
4.037093363257913126e-01 3.038708810160895129e-16
4.000392514501023289e-01 2.999998587393399938e-16
3.963691665744131232e-01 2.944574323363093162e-16
3.926990816987243615e-01 2.906953366266575859e-16
3.890289968230351558e-01 2.853140674745841371e-16
3.853589119473461722e-01 2.816582326815068345e-16
3.816888270716571885e-01 2.764339377337751016e-16
3.780187421959682048e-01 2.728817452794473099e-16
3.743486573202792211e-01 2.678103278728691066e-16
3.706785724445902375e-01 2.643592063555915124e-16
3.670084875689010318e-01 2.594366555160313318e-16
3.633384026932122701e-01 2.560840807587033612e-16
3.596683178175230644e-01 2.513064704347086351e-16
3.559982329418340807e-01 2.480499654662190274e-16
3.523281480661450971e-01 2.434134537249750291e-16
3.486580631904561134e-01 2.402505887032033921e-16
3.449879783147671297e-01 2.357514168614081989e-16
3.413178934390781460e-01 2.326798089380437334e-16
3.376478085633889403e-01 2.283143006479140142e-16
3.339777236877001787e-01 2.253316138040508368e-16
3.303076388120109730e-01 2.210961740496531359e-16
3.266375539363219893e-01 2.182001188925102163e-16
3.229674690606330056e-01 2.140912332654854222e-16
3.192973841849440220e-01 2.112795664701353658e-16
3.156272993092550383e-01 2.072937996521189407e-16
3.119572144335660546e-01 2.045643242294972441e-16
3.082871295578768489e-01 2.006983193643054316e-16
3.046170446821880873e-01 1.980488837900535866e-16
3.009469598064991036e-01 1.942993612065455610e-16
2.972768749308098979e-01 1.917278592583796378e-16
2.936067900551209142e-01 1.880916154224123060e-16
2.899367051794319305e-01 1.855959857234161728e-16
2.862666203037429469e-01 1.820698920873503738e-16
2.825965354280539632e-01 1.796481176668781397e-16
2.789264505523647575e-01 1.762291195229460723e-16
2.752563656766759959e-01 1.738792273435354726e-16
2.715862808009870122e-01 1.705643426678798181e-16
2.679161959252978065e-01 1.682844031403263260e-16
2.642461110496088228e-01 1.650707214118322573e-16
2.605760261739198391e-01 1.628588478817831961e-16
2.569059412982308555e-01 1.597435289008134803e-16
2.532358564225418718e-01 1.575978771062250411e-16
2.495657715468526661e-01 1.545781498012464230e-16
2.458956866711639044e-01 1.524969173229680519e-16
2.422256017954749208e-01 1.495700785514811745e-16
2.385555169197857150e-01 1.475515042546635354e-16
2.348854320440967314e-01 1.447149175973212185e-16
2.312153471684077477e-01 1.427572810388238318e-16
2.275452622927187640e-01 1.400083755918679433e-16
2.238751774170297804e-01 1.381099964348988550e-16
2.202050925413405746e-01 1.354462656005212210e-16
2.165350076656518130e-01 1.336055030124660699e-16
2.128649227899628293e-01 1.310245032976174683e-16
2.091948379142736236e-01 1.292397553321270569e-16
2.055247530385846400e-01 1.267391051398508172e-16
2.018546681628956563e-01 1.250088081374165983e-16
1.981845832872066726e-01 1.225861865588071768e-16
1.945144984115176889e-01 1.209088145006112024e-16
1.908444135358284832e-01 1.185619601435813029e-16
1.871743286601397216e-01 1.169360240228226472e-16
1.835042437844507379e-01 1.146627338014841188e-16
1.798341589087615322e-01 1.130867809878286772e-16
1.761640740330725485e-01 1.108849089356660861e-16
1.724939891573835649e-01 1.093575225529567561e-16
1.688239042816945812e-01 1.072249786650431301e-16
1.651538194060055975e-01 1.057447769345247902e-16
1.614837345303166138e-01 1.036795259877667613e-16
1.578136496546276302e-01 1.022451615999865034e-16
1.541435647789386465e-01 1.002452220086093340e-16
1.504734799032494408e-01 9.885538147779806829e-17
1.468033950275606792e-01 9.691882414743995192e-17
1.431333101518714734e-01 9.557222716495856955e-17
1.394632252761824898e-01 9.369717434736881803e-17
1.357931404004935061e-01 9.239257315349051393e-17
1.321230555248045224e-01 9.057719733532196675e-17
1.284529706491155387e-01 8.931337608330461811e-17
1.247828857734265551e-01 8.755589887988831286e-17
1.211128008977373494e-01 8.633167299809923388e-17
1.174427160220485877e-01 8.463036404953014323e-17
1.137726311463593820e-01 8.344457961381461779e-17
1.101025462706703983e-01 8.179775551302076581e-17
1.064324613949814147e-01 8.064928861821734081e-17
1.027623765192924310e-01 7.905531183150920125e-17
9.909229164360344733e-02 7.794306797455090612e-17
9.542220676791446365e-02 7.640034580827050090e-17
9.175212189222525794e-02 7.532325926541519169e-17
8.808203701653649631e-02 7.383024280931740408e-17
8.441195214084729059e-02 7.278727602953862577e-17
8.074186726515830692e-02 7.134245912726269970e-17
7.707178238946932325e-02 7.033260213968216168e-17
7.340169751378033958e-02 6.893452041833876092e-17
6.973161263809135590e-02 6.795679020580458789e-17
6.606152776240237223e-02 6.660402004369583483e-17
6.239144288671316652e-02 6.565745997795965008e-17
5.872135801102440489e-02 6.434861754610581656e-17
5.505127313533519917e-02 6.343229678343041440e-17
5.138118825964621550e-02 6.216603709298125608e-17
4.771110338395723183e-02 6.127905001082709647e-17
4.404101850826824815e-02 6.005406595653025090e-17
4.037093363257926448e-02 5.919553157044058405e-17
3.670084875689028081e-02 5.801055300800473329e-17
3.303076388120107509e-02 5.717961442044946391e-17
2.936067900551231347e-02 5.603340725709768301e-17
2.569059412982310775e-02 5.522923108555593169e-17
2.202050925413412408e-02 5.412059638879754548e-17
1.835042437844514041e-02 5.334237223626582129e-17
1.468033950275615673e-02 5.227014534539044149e-17
1.101025462706717306e-02 5.151708524404857121e-17
7.340169751378189389e-03 5.048013491494950676e-17
3.670084875688983672e-03 4.975147281758202157e-17
2.220446049250313081e-16 4.874870036547746712e-17
-3.670084875688983672e-03 4.804369160257349414e-17
-7.340169751377745300e-03 4.707403010083634400e-17
-1.101025462706695102e-02 4.639195086862680434e-17
-1.468033950275593469e-02 4.545436431048437988e-17
-1.835042437844514041e-02 4.479451117622432092e-17
-2.202050925413390203e-02 4.388799371741587283e-17
-2.569059412982288571e-02 4.324968308259082720e-17
-2.936067900551209142e-02 4.237325810427744747e-17
-3.303076388120107509e-02 4.175582585775029712e-17
-3.670084875688983672e-02 4.090854546335333966e-17
-4.037093363257904244e-02 4.031134629187970097e-17
-4.404101850826802611e-02 3.949229037271593688e-17
-4.771110338395723183e-02 3.891469741710229170e-17
-5.138118825964599345e-02 3.812297296647036293e-17
-5.505127313533497713e-02 3.756437733347640062e-17
-5.872135801102418284e-02 3.679911772980807469e-17
-6.239144288671316652e-02 3.625892804625723414e-17
-6.606152776240192814e-02 3.551929235115557969e-17
-6.973161263809113386e-02 3.499693430966676686e-17
-7.340169751378011753e-02 3.428210657978123913e-17
-7.707178238946887916e-02 3.377702250171664495e-17
-8.074186726515808488e-02 3.308621111685684828e-17
-8.441195214084706855e-02 3.259785953365028731e-17
-8.808203701653627427e-02 3.193029654409141705e-17
-9.175212189222503589e-02 3.145815176731764887e-17
-9.542220676791401957e-02 3.081309224454285217e-17
-9.909229164360322528e-02 3.035664396559244573e-17
-1.027623765192922090e-01 2.973336537753138434e-17
-1.064324613949809706e-01 2.929211825961956774e-17
-1.101025462706701763e-01 2.868991986314154425e-17
-1.137726311463591600e-01 2.826339314680476393e-17
-1.174427160220483657e-01 2.768159538445291835e-17
-1.211128008977371273e-01 2.726932250411642949e-17
-1.247828857734261110e-01 2.670726641834830316e-17
-1.284529706491153167e-01 2.630879462494973121e-17
-1.321230555248043004e-01 2.576584128302346541e-17
-1.357931404004930620e-01 2.538073127872306635e-17
-1.394632252761822677e-01 2.485626122424920119e-17
-1.431333101518712514e-01 2.448408679226433897e-17
-1.468033950275604571e-01 2.397749949690428174e-17
-1.504734799032492187e-01 2.361784715933575361e-17
-1.541435647789382024e-01 2.312856048847532801e-17
-1.578136496546274081e-01 2.278102915276751078e-17
-1.614837345303163918e-01 2.230847885059237365e-17
-1.651538194060051534e-01 2.197267947823277941e-17
-1.688239042816943591e-01 2.151631866052032696e-17
-1.724939891573833428e-01 2.119187393669368053e-17
-1.761640740330725485e-01 2.075117259956143200e-17
-1.798341589087613102e-01 2.043771661001034708e-17
-1.835042437844502938e-01 2.001216114778937844e-17
-1.871743286601394995e-01 1.970933906219446071e-17
-1.908444135358284832e-01 1.929843179711198737e-17
-1.945144984115172448e-01 1.900589955745367435e-17
-1.981845832872064506e-01 1.860915828480171617e-17
-2.018546681628954342e-01 1.832658232489167849e-17
-2.055247530385846400e-01 1.794353986121038751e-17
-2.091948379142734016e-01 1.767059679859203239e-17
-2.128649227899623853e-01 1.730080055894351137e-17
-2.165350076656515910e-01 1.703717690898132217e-17
-2.202050925413405746e-01 1.668018847640446338e-17
-2.238751774170293363e-01 1.642558037694322789e-17
-2.275452622927185420e-01 1.608097508715673402e-17
-2.312153471684075257e-01 1.583508802915439420e-17
-2.348854320440967314e-01 1.550245457571574213e-17
-2.385555169197854930e-01 1.526500313515451288e-17
-2.422256017954744767e-01 1.494394317775979794e-17
-2.458956866711636824e-01 1.471465075338372616e-17
-2.495657715468526661e-01 1.440477853265569633e-17
-2.532358564225414277e-01 1.418337710435304584e-17
-2.569059412982306334e-01 1.388431906894781218e-17
-2.605760261739196171e-01 1.367054893596595450e-17
-2.642461110496088228e-01 1.338194338807584390e-17
-2.679161959252975844e-01 1.317555295283715657e-17
-2.715862808009865681e-01 1.289704970209358964e-17
-2.752563656766757738e-01 1.269779520776677987e-17
-2.789264505523647575e-01 1.242905521278038719e-17
-2.825965354280535191e-01 1.223670053738476031e-17
-2.862666203037427248e-01 1.197739558510942094e-17
-2.899367051794317085e-01 1.179171201130696111e-17
-2.936067900551209142e-01 1.154152438915282410e-17
-2.972768749308096758e-01 1.136229039148060613e-17
-3.009469598064986595e-01 1.112091257724019228e-17
-3.046170446821878652e-01 1.094791360317531393e-17
-3.082871295578768489e-01 1.071504794818309064e-17
-3.119572144335656105e-01 1.054807623233020268e-17
-3.156272993092548163e-01 1.032343466805376364e-17
-3.192973841849437999e-01 1.016228901030105453e-17
-3.229674690606325616e-01 9.945592769871995290e-18
-3.266375539363217673e-01 9.790078356326304564e-18
-3.303076388120107509e-01 9.581057677453897541e-18
-3.339777236876999567e-01 9.430985877090415039e-18
-3.376478085633889403e-01 9.229379729328622437e-18
-3.413178934390777020e-01 9.084567934421169044e-18
-3.449879783147669077e-01 8.890123765043758249e-18
-3.486580631904558913e-01 8.750395178527276512e-18
-3.523281480661446530e-01 8.562868640053237355e-18
-3.559982329418338587e-01 8.428052132701730989e-18
-3.596683178175228424e-01 8.247206838001975796e-18
-3.633384026932120481e-01 8.117136760434822387e-18
-3.670084875689010318e-01 7.942744039211661161e-18
-3.706785724445897934e-01 7.817260059376549872e-18
-3.743486573202789991e-01 7.649098711734618367e-18
-3.780187421959679828e-01 7.528045667447400248e-18
-3.816888270716567444e-01 7.365901722415160156e-18
-3.853589119473459501e-01 7.249129463627911330e-18
-3.890289968230349338e-01 7.092796038452940226e-18
-3.926990816987241395e-01 6.980159216534674104e-18
-3.963691665744131232e-01 6.829436165968765735e-18
-4.000392514501018848e-01 6.720794184450433359e-18
-4.037093363257910905e-01 6.575487972763074126e-18
-4.073794212014800742e-01 6.470704789389976805e-18
-4.110495060771688358e-01 6.330628271903503922e-18
-4.147195909528580415e-01 6.229572257968918433e-18
-4.183896758285470252e-01 6.094544477542198576e-18
-4.220597607042362309e-01 5.997088292776676116e-18
-4.257298455799252146e-01 5.866934279602443611e-18
-4.293999304556139762e-01 5.772954736493193069e-18
-4.330700153313031819e-01 5.647505327426077247e-18
-4.367401002069919436e-01 5.556883268896442843e-18
-4.404101850826811493e-01 5.435974926930925955e-18
-4.440802699583703550e-01 5.348595102146082181e-18
-4.477503548340591166e-01 5.232069731445684717e-18
-4.514204397097483223e-01 5.147820662210437754e-18
-4.550905245854370840e-01 5.035525441083819070e-18
-4.587606094611262897e-01 4.954299311833067740e-18
-4.624306943368154954e-01 4.846086522746730641e-18
-4.661007792125042570e-01 4.767779078861734069e-18
-4.697708640881930187e-01 4.663505952992750895e-18
-4.734409489638822244e-01 4.588016371327815572e-18
-4.771110338395709860e-01 4.487544921190491954e-18
-4.807811187152601917e-01 4.414775715115290886e-18
-4.844512035909493974e-01 4.317972587294720690e-18
-4.881212884666381591e-01 4.247829489577948054e-18
-4.917913733423273648e-01 4.154565817209177645e-18
-4.954614582180161264e-01 4.086957701508969098e-18
-4.991315430937053321e-01 3.997108959615253126e-18
-5.028016279693945378e-01 3.931947715414797982e-18
-5.064717128450832995e-01 3.845393579360761825e-18
-5.101417977207725052e-01 3.782594037381828025e-18
-5.138118825964612668e-01 3.699218255564024200e-18
-5.174819674721504725e-01 3.638698082675000963e-18
-5.211520523478396782e-01 3.558388337444251652e-18
-5.248221372235284399e-01 3.500067945076368929e-18
-5.284922220992172015e-01 3.422715726255520089e-18
-5.321623069749064072e-01 3.366518196703573195e-18
-5.358323918505951688e-01 3.292018683930941657e-18
-5.395024767262843746e-01 3.237869675155781288e-18
-5.431725616019735803e-01 3.166121614873955014e-18
-5.468426464776623419e-01 3.113949278897101128e-18
-5.505127313533515476e-01 3.044854867462183822e-18
-5.541828162290403093e-01 2.994589777307289438e-18
-5.578529011047295150e-01 2.928054547733468503e-18
-5.615229859804187207e-01 2.879629606310842123e-18
-5.651930708561074823e-01 2.815562321516002867e-18
-5.688631557317962439e-01 2.768912707684095782e-18
-5.725332406074854497e-01 2.707225262323726933e-18
-5.762033254831742113e-01 2.662288336603324201e-18
-5.798734103588638611e-01 2.602895639084941067e-18
-5.835434952345526227e-01 2.559610888241887455e-18
-5.872135801102413843e-01 2.502430773480693943e-18
-5.908836649859305901e-01 2.460739728741386690e-18
-5.945537498616193517e-01 2.405692861097909705e-18
-5.982238347373085574e-01 2.365539047914649945e-18
-6.018939196129977631e-01 2.312548819718532549e-18
-6.055640044886865248e-01 2.273877683514719680e-18
-6.092340893643757305e-01 2.222870136109768945e-18
-6.129041742400644921e-01 2.185628978797128559e-18
-6.165742591157536978e-01 2.136532708457552386e-18
-6.202443439914429035e-01 2.100670627876352695e-18
-6.239144288671316652e-01 2.053416708114124936e-18
-6.275845137428204268e-01 2.018884548609298479e-18
-6.312545986185096325e-01 1.973406437211250396e-18
-6.349246834941983941e-01 1.940156718987721750e-18
-6.385947683698880439e-01 1.896390186757423286e-18
-6.422648532455768056e-01 1.864377070122551077e-18
-6.459349381212655672e-01 1.822260120049780278e-18
-6.496050229969547729e-01 1.791439329687155717e-18
-6.532751078726435345e-01 1.750912125093662705e-18
-6.569451927483327403e-01 1.721240910556806767e-18
-6.606152776240219460e-01 1.682245703568659194e-18
-6.642853624997107076e-01 1.653682788940168828e-18
-6.679554473753999133e-01 1.616163849276704033e-18
-6.716255322510886749e-01 1.588669383190818078e-18
-6.752956171267778807e-01 1.552572930542949149e-18
-6.789657020024670864e-01 1.526108435001431123e-18
-6.826357868781558480e-01 1.491382574453067490e-18
-6.863058717538446096e-01 1.465910913804915070e-18
-6.899759566295338153e-01 1.432505573327847743e-18
-6.936460415052225770e-01 1.407990884069954418e-18
-6.973161263809122268e-01 1.375857752042063474e-18
-7.009862112566009884e-01 1.352265425519426472e-18
-7.046562961322897500e-01 1.321357882124033074e-18
-7.083263810079789558e-01 1.298654514411112410e-18
-7.119964658836677174e-01 1.268927590636551479e-18
-7.156665507593569231e-01 1.247080938211908696e-18
-7.193366356350461288e-01 1.218491253930297568e-18
-7.230067205107348904e-01 1.197470202865504931e-18
-7.266768053864240962e-01 1.169975912548967276e-18
-7.303468902621128578e-01 1.149750421550222680e-18
-7.340169751378020635e-01 1.123311140885043204e-18
-7.376870600134912692e-01 1.103852259054986281e-18
-7.413571448891800308e-01 1.078429086168827316e-18
-7.450272297648687925e-01 1.059708806365275707e-18
-7.486973146405579982e-01 1.035264169214493922e-18
-7.523673995162467598e-01 1.017255528755617547e-18
-7.560374843919364096e-01 9.937532160200048262e-19
-7.597075692676251712e-01 9.764301789411631447e-19
-7.633776541433139329e-01 9.538352641965078391e-19
-7.670477390190031386e-01 9.371727126456919426e-19
-7.707178238946919002e-01 9.154515157310256849e-19
-7.743879087703811059e-01 8.994252148919287668e-19
-7.780579936460703117e-01 8.785452591408864941e-19
-7.817280785217590733e-01 8.631318311939081642e-19
-7.853981633974478349e-01 8.430618011732893983e-19
-7.890682482731370406e-01 8.282386970068925250e-19
-7.927383331488262463e-01 8.089484005231965582e-19
-7.964084180245154521e-01 7.946938670681149186e-19
-8.000785029002042137e-01 7.761541936233562502e-19
-8.037485877758929753e-01 7.624472479449247327e-19
-8.074186726515821810e-01 7.446301345713044420e-19
-8.110887575272709427e-01 7.314505420748940239e-19
-8.147588424029601484e-01 7.143289336799312006e-19
-8.184289272786493541e-01 7.016571800494350422e-19
-8.220990121543381157e-01 6.852049994233403546e-19
-8.257690970300273214e-01 6.730222598243456597e-19
-8.294391819057160831e-01 6.572143701943255874e-19
-8.331092667814052888e-01 6.455024968291063628e-19
-8.367793516570944945e-01 6.303146708771241445e-19
-8.404494365327832561e-01 6.190561639983700755e-19
-8.441195214084720178e-01 6.044650475988564697e-19
-8.477896062841612235e-01 5.936430297762013680e-19
-8.514596911598504292e-01 5.796261154583604972e-19
-8.551297760355396349e-01 5.692243174167669302e-19
-8.587998609112283965e-01 5.557599164100952569e-19
-8.624699457869171582e-01 5.457626500645599366e-19
-8.661400306626063639e-01 5.328298654706094939e-19
-8.698101155382951255e-01 5.232220101325080888e-19
-8.734802004139843312e-01 5.108006962275820392e-19
-8.771502852896735369e-01 5.015676769210369460e-19
-8.808203701653622986e-01 4.896384441965308240e-19
-8.844904550410515043e-01 4.807662045272138697e-19
-8.881605399167402659e-01 4.693103473221931796e-19
-8.918306247924294716e-01 4.607853334006609437e-19
-8.955007096681186773e-01 4.497848443527414816e-19
-8.991707945438074390e-01 4.415940124625802590e-19
-9.028408794194962006e-01 4.310315403791105665e-19
-9.065109642951854063e-01 4.231622929490409472e-19
-9.101810491708746120e-01 4.130211121543036394e-19
-9.138511340465638177e-01 4.054613318606439889e-19
-9.175212189222525794e-01 3.957253499699944640e-19
-9.211913037979413410e-01 3.884633481878827928e-19
-9.248613886736305467e-01 3.791170497162653229e-19
-9.285314735493193083e-01 3.721415632707984337e-19
-9.322015584250085141e-01 3.631700100227374451e-19
-9.358716433006977198e-01 3.564701864027822108e-19
-9.395417281763864814e-01 3.478589881946173776e-19
-9.432118130520756871e-01 3.414243752202587491e-19
-9.468818979277644488e-01 3.331596770946418603e-19
-9.505519828034536545e-01 3.269802013451677640e-19
-9.542220676791428602e-01 3.190486657018857431e-19
-9.578921525548316218e-01 3.131146236894117309e-19
-9.615622374305203834e-01 3.055033985170049847e-19
-9.652323223062095892e-01 2.998054401283881230e-19
-9.689024071818983508e-01 2.925021538893084542e-19
-9.725724920575880006e-01 2.870312762623059163e-19
-9.762425769332767622e-01 2.800240185265199678e-19
-9.799126618089655238e-01 2.747715443885999568e-19
-9.835827466846547296e-01 2.680488507829766152e-19
-9.872528315603434912e-01 2.630064261957917501e-19
-9.909229164360326969e-01 2.565572539036787854e-19
-9.945930013117219026e-01 2.517168292759559772e-19
-9.982630861874106643e-01 2.455305504577730517e-19
-1.001933171063099870e+00 2.408843816117044761e-19
-1.005603255938788632e+00 2.349507666201602968e-19
-1.009273340814477837e+00 2.304913859829045600e-19
-1.012943425690167043e+00 2.248005886205433296e-19
-1.016613510565855805e+00 2.205208130961869258e-19
-1.020283595441544566e+00 2.150633527977317215e-19
-1.023953680317233772e+00 2.109562610496473588e-19
-1.027623765192922534e+00 2.057230234556492962e-19
-1.031293850068611739e+00 2.017819578486505006e-19
-1.034963934944300945e+00 1.967641609339079492e-19
-1.038634019819989707e+00 1.929827058446905574e-19
-1.042304104695678912e+00 1.881719072573894407e-19
-1.045974189571367674e+00 1.845438893731457138e-19
-1.049644274447056880e+00 1.799319605444670371e-19
-1.053314359322746085e+00 1.764514342084040658e-19
-1.056984444198434847e+00 1.720305576890951147e-19
-1.060654529074123609e+00 1.686918067583121248e-19
-1.064324613949812814e+00 1.644544594215793269e-19
-1.067994698825502020e+00 1.612519806864065640e-19
-1.071664783701191226e+00 1.571909208483078805e-19
-1.075334868576879988e+00 1.541194192606059922e-19
-1.079004953452568749e+00 1.502276523887145930e-19
-1.082675038328257955e+00 1.472820260575388077e-19
-1.086345123203946716e+00 1.435527824735577273e-19
-1.090015208079635922e+00 1.407282238576147648e-19
-1.093685292955325128e+00 1.371553666446976327e-19
-1.097355377831013890e+00 1.344469678961584320e-19
-1.101025462706703095e+00 1.310240668743807568e-19
-1.104695547582391857e+00 1.284273625212471429e-19
-1.108365632458081063e+00 1.251485152606312357e-19
-1.112035717333770268e+00 1.226591486469951509e-19
-1.115705802209459030e+00 1.195186148158683327e-19
-1.119375887085147792e+00 1.171323871260716279e-19
-1.123045971960836997e+00 1.141246651676538688e-19
-1.126716056836526203e+00 1.118375374166174928e-19
-1.130386141712215409e+00 1.089573342894405552e-19
-1.134056226587904170e+00 1.067654185408644454e-19
-1.137726311463592932e+00 1.040076443140519901e-19
-1.141396396339282138e+00 1.019072053903926820e-19
-1.145066481214970899e+00 9.926696871545574437e-20
-1.148736566090660105e+00 9.725441472498426139e-20
-1.152406650966349311e+00 9.472701322670722695e-20
-1.156076735842038072e+00 9.279889013731559735e-20
-1.159746820717727278e+00 9.037980710039335488e-20
-1.163416905593416040e+00 8.853279648455159927e-20
-1.167086990469105245e+00 8.621768856130883380e-20
-1.170757075344794451e+00 8.444859789291453425e-20
-1.174427160220483213e+00 8.223329392497410824e-20
-1.178097245096171974e+00 8.053906194333819752e-20
-1.181767329971861180e+00 7.841955673142748485e-20
-1.185437414847550386e+00 7.679723688683443789e-20
-1.189107499723239592e+00 7.476967611280289233e-20
-1.192777584598928353e+00 7.321643891719130316e-20
-1.196447669474617115e+00 7.127712698087145814e-20
-1.200117754350306321e+00 6.979025014273589151e-20
-1.203787839225995082e+00 6.793563333055984505e-20
-1.207457924101684288e+00 6.651251012295063426e-20
-1.211128008977373494e+00 6.473917877783882740e-20
-1.214798093853062255e+00 6.337730252405029527e-20
-1.218468178728751461e+00 6.168198620834828712e-20
-1.222138263604440223e+00 6.037895133223860419e-20
-1.225808348480129428e+00 5.875850563488960241e-20
-1.229478433355818634e+00 5.751200230244487780e-20
-1.233148518231507396e+00 5.596340999291652686e-20
-1.236818603107196157e+00 5.477121887452093343e-20
-1.240488687982885363e+00 5.329158366449118166e-20
-1.244158772858574569e+00 5.215158107934766166e-20
-1.247828857734263330e+00 5.073812491495124160e-20
-1.251498942609952536e+00 4.964827445925334526e-20
-1.255169027485641298e+00 4.829833672962565377e-20
-1.258839112361330503e+00 4.725668098730247477e-20
-1.262509197237019265e+00 4.596770468660191809e-20
-1.266179282112708471e+00 4.497236866352724838e-20
-1.269849366988397676e+00 4.374189921917343984e-20
-1.273519451864086438e+00 4.279108795794323595e-20
-1.277189536739775200e+00 4.161678133711437499e-20
-1.280859621615464405e+00 4.070877168382932752e-20
-1.284529706491153611e+00 3.958837226350247177e-20
-1.288199791366842817e+00 3.872152058603312208e-20
-1.291869876242531578e+00 3.765287242793002322e-20
-1.295539961118220340e+00 3.682560176647575395e-20
-1.299210045993909546e+00 3.580663668860196893e-20
-1.302880130869598752e+00 3.501743697292754799e-20
-1.306550215745287513e+00 3.404617649319499298e-20
-1.310220300620976719e+00 3.329360354754379824e-20
-1.313890385496665481e+00 3.236815163190868848e-20
-1.317560470372354686e+00 3.165082776745178836e-20
-1.321230555248043448e+00 3.076937365024804358e-20
-1.324900640123732654e+00 3.008598151808223055e-20
-1.328570724999421859e+00 2.924678648974830616e-20
-1.332240809875110621e+00 2.859606839023930429e-20
-1.335910894750799383e+00 2.779747327542761992e-20
-1.339580979626488588e+00 2.717823056340544154e-20
-1.343251064502177794e+00 2.641865086029919615e-20
-1.346921149377867000e+00 2.582973936033291233e-20
-1.350591234253555761e+00 2.510766006900489564e-20
-1.354261319129244523e+00 2.454798492384262866e-20
-1.357931404004933729e+00 2.386195868724655462e-20
-1.361601488880622490e+00 2.333048452725070417e-20
-1.365271573756311696e+00 2.267913081721680579e-20
-1.368941658632000902e+00 2.217486999695725530e-20
-1.372611743507689663e+00 2.155687342205089796e-20
-1.376281828383378869e+00 2.107889059961609083e-20
-1.379951913259067631e+00 2.049303001160482439e-20
-1.383621998134756836e+00 2.004040196592297200e-20
-1.387292083010446042e+00 1.948541551043441880e-20
-1.390962167886134804e+00 1.905736255581837459e-20
-1.394632252761823565e+00 1.853214097786206526e-20
-1.398302337637512771e+00 1.812783850358423712e-20
-1.401972422513201977e+00 1.763129323361786560e-20
-1.405642507388891183e+00 1.724999171469968002e-20
-1.409312592264579944e+00 1.678109933889284115e-20
-1.412982677140268706e+00 1.642208634073890369e-20
-1.416652762015957912e+00 1.597986868732129240e-20
-1.420322846891646673e+00 1.564247515102554319e-20
-1.423992931767335879e+00 1.522601954842491831e-20
-1.427663016643025085e+00 1.490961039168515116e-20
-1.431333101518713846e+00 1.451802590342428277e-20
-1.435003186394403052e+00 1.422202828731720494e-20
-1.438673271270091814e+00 1.385449518505609778e-20
-1.442343356145781019e+00 1.357834568489510104e-20
-1.446013441021470225e+00 1.323409336159933350e-20
-1.449683525897158987e+00 1.297729462549684523e-20
-1.453353610772847748e+00 1.265556016222367025e-20
-1.457023695648536954e+00 1.241764329089347135e-20
-1.460693780524226160e+00 1.211774229970466859e-20
-1.464363865399915365e+00 1.189827542693428960e-20
-1.468033950275604127e+00 1.161957351047003514e-20
-1.471704035151292889e+00 1.141814201192550801e-20
-1.475374120026982094e+00 1.116002077192310304e-20
-1.479044204902670856e+00 1.097626632576766361e-20
-1.482714289778360062e+00 1.073816310840485821e-20
-1.486384374654049267e+00 1.057175650598245075e-20
-1.490054459529738029e+00 1.035314727299060563e-20
-1.493724544405426791e+00 1.020379039823251913e-20
-1.497394629281115996e+00 1.000417947666051130e-20
-1.501064714156805202e+00 9.871618916572321832e-21
-1.504734799032494408e+00 9.690553346650766907e-21
-1.508404883908183169e+00 9.574569589392163195e-21
-1.512074968783871931e+00 9.411653718214655573e-21
-1.515745053659561137e+00 9.312037327624743634e-21
-1.519415138535250342e+00 9.166885434586649762e-21
-1.523085223410939104e+00 9.083485026510825497e-21
-1.526755308286628310e+00 8.955759265822097283e-21
-1.530425393162317071e+00 8.888444183324949513e-21
-1.534095478038006277e+00 8.777829532718049826e-21
-1.537765562913695039e+00 8.726512909433066449e-21
-1.541435647789384245e+00 8.632754931025395405e-21
-1.545105732665073450e+00 8.597371683359470999e-21
-1.548775817540762212e+00 8.520232043573178451e-21
-1.552445902416450974e+00 8.500735217723955623e-21
-1.556115987292140179e+00 8.440027298692168010e-21
-1.559786072167829385e+00 8.436416537067872054e-21
-1.563456157043518591e+00 8.391999503072545793e-21
-1.567126241919207352e+00 8.404283547939831378e-21
-1.570796326794896114e+00 8.375934163240200433e-21
