6.676270033188643760e-01 3.425931445575562506e+00 2.994870784586562085e+00
1.235367181981223417e-01 9.951067183200990041e-01 2.645370777880340363e+00
5.374029846832533569e-03 3.717446514026174209e-01 3.784185268195565666e+00
2.605471937389131312e-07 1.072146228632642485e-05 2.049388974947582209e+00
5.446557089348639777e-06 1.167661926008720430e+00 1.868621339198532747e+06
5.436932987224350126e-06 2.382385269369524661e-02 2.040900199760363964e+00
2.518193001707535732e-07 3.557394658312062813e-04 4.060203519347458951e+03
1.222272818567702661e-06 8.977768696450656727e-02 5.070758910387027072e+02
1.456210837430677032e-06 1.786184957630601892e-03 3.061974950620137470e+00
3.177913244423811421e-07 1.086860106393375378e-04 4.927303381028279361e+00
3.577508247542048284e-08 4.693519970015893998e-06 4.737566790366871672e+00
1.054524231233339754e-08 4.313746824897831113e-07 2.840048531399604226e+00
