# #z,eta
0.000000000000000000e+00 1.510810313894844352e-05
1.041666666666666609e-02 2.727081692137177773e-05
2.083333333333333218e-02 3.943353070379511193e-05
3.125000000000000000e-02 7.097072174120029923e-05
4.166666666666666435e-02 1.025079127786055204e-04
5.208333333333332871e-02 1.120917812777517031e-04
6.250000000000000000e-02 1.216756497768979671e-04
7.291666666666665741e-02 1.185547805929656220e-04
8.333333333333332871e-02 1.154339114090332228e-04
9.375000000000000000e-02 1.102546543377178441e-04
1.041666666666666574e-01 1.050753972664023977e-04
1.145833333333333287e-01 1.011206852748096834e-04
1.250000000000000000e-01 9.716597328321700984e-05
1.354166666666666574e-01 9.482617327286216671e-05
1.458333333333333148e-01 9.248637326250729648e-05
1.562500000000000000e-01 9.143955280034692372e-05
1.666666666666666574e-01 9.039273233818655097e-05
1.770833333333333148e-01 9.029217436321295039e-05
1.875000000000000000e-01 9.019161638823922783e-05
1.979166666666666574e-01 9.081849923261042128e-05
2.083333333333333148e-01 9.144538207698161474e-05
2.187500000000000000e-01 9.272963136762151361e-05
2.291666666666666574e-01 9.401388065826139892e-05
2.395833333333333148e-01 9.602896810483275904e-05
2.500000000000000000e-01 9.804405555140415982e-05
2.604166666666666297e-01 1.009994763008108308e-04
2.708333333333333148e-01 1.039548970502175154e-04
2.812500000000000000e-01 1.082008847418436989e-04
2.916666666666666297e-01 1.124468724334699231e-04
3.020833333333333148e-01 1.185050486325217746e-04
3.125000000000000000e-01 1.245632248315737211e-04
3.229166666666666297e-01 1.331926482694644712e-04
3.333333333333333148e-01 1.418220717073552756e-04
3.437500000000000000e-01 1.541269960008798698e-04
3.541666666666666297e-01 1.664319202944045182e-04
3.645833333333333148e-01 1.840199880230281395e-04
3.750000000000000000e-01 2.016080557516518963e-04
3.854166666666666297e-01 2.268188322908969233e-04
3.958333333333333148e-01 2.520296088301421399e-04
4.062500000000000000e-01 2.882708464190077212e-04
4.166666666666666297e-01 3.245120840078733566e-04
4.270833333333333148e-01 3.767570317740680480e-04
4.375000000000000000e-01 4.290019795402629562e-04
4.479166666666666297e-01 5.045420411959680457e-04
4.583333333333333148e-01 5.800821028516737858e-04
4.687500000000000000e-01 6.897111607228501463e-04
4.791666666666666297e-01 7.993402185940268320e-04
4.895833333333333148e-01 9.590834258924707100e-04
5.000000000000000000e-01 1.118826633190914480e-03
5.104166666666666297e-01 1.351776583468063857e-03
5.208333333333332593e-01 1.584726533745212801e-03
5.312500000000000000e-01 1.921501865695347160e-03
5.416666666666666297e-01 2.258277197645480218e-03
5.520833333333332593e-01 2.734784378907255051e-03
5.625000000000000000e-01 3.211291560169030751e-03
5.729166666666666297e-01 3.865927469377676822e-03
5.833333333333332593e-01 4.520563378586320291e-03
5.937500000000000000e-01 5.396094061299745379e-03
6.041666666666666297e-01 6.271624744013166129e-03
6.145833333333332593e-01 7.424058834050440564e-03
6.250000000000000000e-01 8.576492924087710662e-03
6.354166666666666297e-01 1.008757717667984645e-02
6.458333333333332593e-01 1.159866142927197356e-02
6.562500000000000000e-01 1.358653962399920812e-02
6.666666666666666297e-01 1.557441781872643746e-02
6.770833333333332593e-01 1.819894966030793232e-02
6.875000000000000000e-01 2.082348150188942718e-02
6.979166666666666297e-01 2.428651003447811207e-02
7.083333333333332593e-01 2.774953856706680044e-02
7.187500000000000000e-01 3.229419225016574857e-02
7.291666666666666297e-01 3.683884593326468976e-02
7.395833333333332593e-01 4.275351340345152906e-02
7.500000000000000000e-01 4.866818087363838224e-02
7.604166666666666297e-01 5.629911230932427291e-02
7.708333333333332593e-01 6.393004374501018439e-02
7.812500000000000000e-01 7.370343486506567010e-02
7.916666666666666297e-01 8.347682598512122520e-02
8.020833333333332593e-01 9.592930195265640669e-02
8.125000000000000000e-01 1.083817779201916159e-01
8.229166666666666297e-01 1.241982970493171190e-01
8.333333333333332593e-01 1.400148161784426082e-01
8.437500000000000000e-01 1.600744111293211369e-01
8.541666666666666297e-01 1.801340060801997489e-01
8.645833333333332593e-01 2.055654588352820444e-01
8.750000000000000000e-01 2.309969115903642289e-01
8.854166666666666297e-01 2.632479477899949960e-01
8.958333333333332593e-01 2.954989839896258741e-01
9.062500000000000000e-01 3.364239430243424200e-01
9.166666666666666297e-01 3.773489020590593546e-01
9.270833333333332593e-01 4.293214333293452478e-01
9.375000000000000000e-01 4.812939645996315852e-01
9.479166666666666297e-01 5.473535766752789522e-01
9.583333333333332593e-01 6.134131887509269854e-01
9.687500000000000000e-01 6.974580497369715637e-01
9.791666666666666297e-01 7.815029107230162531e-01
9.895833333333332593e-01 8.548808935281413390e-01
1.000000000000000000e+00 9.282588763332663140e-01
