#time Nu
3.255046e-04 1.000004e+00 
1.837663e-03 1.000031e+00 
2.299147e-03 1.000045e+00 
2.554285e-03 1.000056e+00 
2.749231e-03 1.000066e+00 
2.927489e-03 1.000076e+00 
3.111759e-03 1.000089e+00 
3.309131e-03 1.000105e+00 
3.514284e-03 1.000124e+00 
3.724767e-03 1.000145e+00 
3.942593e-03 1.000171e+00 
4.169731e-03 1.000200e+00 
4.406017e-03 1.000233e+00 
4.650321e-03 1.000270e+00 
4.902148e-03 1.000311e+00 
5.161866e-03 1.000357e+00 
5.429955e-03 1.000407e+00 
5.706420e-03 1.000462e+00 
5.990887e-03 1.000522e+00 
6.282765e-03 1.000588e+00 
6.581118e-03 1.000660e+00 
6.884469e-03 1.000738e+00 
7.190893e-03 1.000822e+00 
7.498393e-03 1.000913e+00 
7.805304e-03 1.001011e+00 
8.110476e-03 1.001117e+00 
8.413019e-03 1.001230e+00 
8.712450e-03 1.001351e+00 
9.008571e-03 1.001482e+00 
9.301304e-03 1.001624e+00 
9.590665e-03 1.001776e+00 
9.876618e-03 1.001942e+00 
1.015888e-02 1.002123e+00 
1.043716e-02 1.002319e+00 
1.071106e-02 1.002532e+00 
1.098012e-02 1.002764e+00 
1.124395e-02 1.003017e+00 
1.150229e-02 1.003290e+00 
1.175530e-02 1.003585e+00 
1.200324e-02 1.003904e+00 
1.224644e-02 1.004249e+00 
1.248517e-02 1.004620e+00 
1.271990e-02 1.005021e+00 
1.295123e-02 1.005451e+00 
1.317989e-02 1.005916e+00 
1.340680e-02 1.006417e+00 
1.363298e-02 1.006959e+00 
1.385943e-02 1.007548e+00 
1.408698e-02 1.008188e+00 
1.431608e-02 1.008885e+00 
1.454684e-02 1.009643e+00 
1.477912e-02 1.010466e+00 
1.501267e-02 1.011357e+00 
1.524730e-02 1.012320e+00 
1.548290e-02 1.013358e+00 
1.571939e-02 1.014476e+00 
1.595671e-02 1.015676e+00 
1.619470e-02 1.016964e+00 
1.643320e-02 1.018341e+00 
1.667205e-02 1.019811e+00 
1.691112e-02 1.021377e+00 
1.715029e-02 1.023042e+00 
1.738950e-02 1.024809e+00 
1.762866e-02 1.026681e+00 
1.786769e-02 1.028661e+00 
1.810649e-02 1.030750e+00 
1.834496e-02 1.032951e+00 
1.858300e-02 1.035266e+00 
1.882054e-02 1.037696e+00 
1.905750e-02 1.040242e+00 
1.929383e-02 1.042906e+00 
1.952949e-02 1.045690e+00 
1.976444e-02 1.048593e+00 
1.999866e-02 1.051617e+00 
2.023213e-02 1.054762e+00 
2.046483e-02 1.058030e+00 
2.069678e-02 1.061419e+00 
2.092801e-02 1.064932e+00 
2.115855e-02 1.068569e+00 
2.138843e-02 1.072330e+00 
2.161769e-02 1.076216e+00 
2.184636e-02 1.080227e+00 
2.207448e-02 1.084364e+00 
2.230209e-02 1.088626e+00 
2.252922e-02 1.093015e+00 
2.275588e-02 1.097530e+00 
2.298212e-02 1.102171e+00 
2.320794e-02 1.106938e+00 
2.343338e-02 1.111830e+00 
2.365844e-02 1.116848e+00 
2.388315e-02 1.121991e+00 
2.410751e-02 1.127258e+00 
2.433154e-02 1.132649e+00 
2.455524e-02 1.138162e+00 
2.477862e-02 1.143798e+00 
2.500166e-02 1.149555e+00 
2.522439e-02 1.155431e+00 
2.544681e-02 1.161427e+00 
