#istep,min(u),max(u),min(v),max(v)
#  
0.000e+00 -3.070e+01 8.415e+00 -7.314e+00 8.039e+00
1.000e+00 -4.398e+01 1.200e+01 -9.745e+00 1.133e+01
2.000e+00 -6.191e+01 1.698e+01 -1.277e+01 1.610e+01
3.000e+00 -8.082e+01 2.232e+01 -1.557e+01 2.161e+01
4.000e+00 -9.952e+01 2.770e+01 -1.794e+01 2.760e+01
5.000e+00 -1.183e+02 3.321e+01 -1.994e+01 3.422e+01
6.000e+00 -1.374e+02 3.888e+01 -2.160e+01 4.159e+01
7.000e+00 -1.569e+02 4.475e+01 -2.296e+01 4.978e+01
8.000e+00 -1.770e+02 5.101e+01 -2.415e+01 5.890e+01
9.000e+00 -1.977e+02 5.761e+01 -2.565e+01 6.904e+01
1.000e+01 -2.193e+02 6.460e+01 -2.753e+01 8.030e+01
1.100e+01 -2.415e+02 7.200e+01 -2.984e+01 9.277e+01
1.200e+01 -2.647e+02 7.982e+01 -3.256e+01 1.065e+02
1.300e+01 -2.887e+02 8.832e+01 -3.567e+01 1.217e+02
1.400e+01 -3.135e+02 9.735e+01 -3.918e+01 1.382e+02
1.500e+01 -3.390e+02 1.069e+02 -4.307e+01 1.563e+02
1.600e+01 -3.653e+02 1.170e+02 -4.734e+01 1.760e+02
1.700e+01 -3.921e+02 1.277e+02 -5.198e+01 1.972e+02
1.800e+01 -4.195e+02 1.390e+02 -5.698e+01 2.200e+02
1.900e+01 -4.471e+02 1.508e+02 -6.233e+01 2.443e+02
2.000e+01 -4.749e+02 1.630e+02 -6.800e+01 2.700e+02
2.100e+01 -5.030e+02 1.760e+02 -7.393e+01 2.972e+02
2.200e+01 -5.307e+02 1.895e+02 -8.012e+01 3.257e+02
2.300e+01 -5.584e+02 2.034e+02 -8.653e+01 3.556e+02
2.400e+01 -5.853e+02 2.176e+02 -9.310e+01 3.865e+02
2.500e+01 -6.120e+02 2.321e+02 -9.977e+01 4.184e+02
2.600e+01 -6.374e+02 2.468e+02 -1.066e+02 4.509e+02
2.700e+01 -6.623e+02 2.618e+02 -1.134e+02 4.839e+02
2.800e+01 -6.858e+02 2.767e+02 -1.200e+02 5.171e+02
2.900e+01 -7.076e+02 2.919e+02 -1.266e+02 5.503e+02
3.000e+01 -7.285e+02 3.065e+02 -1.330e+02 5.832e+02
3.100e+01 -7.476e+02 3.206e+02 -1.391e+02 6.154e+02
3.200e+01 -7.648e+02 3.339e+02 -1.451e+02 6.468e+02
3.300e+01 -7.799e+02 3.465e+02 -1.509e+02 6.771e+02
3.400e+01 -7.935e+02 3.582e+02 -1.563e+02 7.060e+02
3.500e+01 -8.052e+02 3.702e+02 -1.612e+02 7.332e+02
3.600e+01 -8.148e+02 3.809e+02 -1.658e+02 7.586e+02
3.700e+01 -8.224e+02 3.900e+02 -1.698e+02 7.819e+02
3.800e+01 -8.280e+02 3.973e+02 -1.735e+02 8.030e+02
3.900e+01 -8.317e+02 4.036e+02 -1.770e+02 8.216e+02
4.000e+01 -8.336e+02 4.102e+02 -1.801e+02 8.378e+02
4.100e+01 -8.337e+02 4.150e+02 -1.827e+02 8.514e+02
4.200e+01 -8.324e+02 4.178e+02 -1.850e+02 8.627e+02
4.300e+01 -8.297e+02 4.186e+02 -1.867e+02 8.717e+02
4.400e+01 -8.258e+02 4.203e+02 -1.882e+02 8.784e+02
4.500e+01 -8.210e+02 4.208e+02 -1.898e+02 8.829e+02
4.600e+01 -8.153e+02 4.201e+02 -1.910e+02 8.854e+02
4.700e+01 -8.089e+02 4.178e+02 -1.918e+02 8.861e+02
4.800e+01 -8.019e+02 4.146e+02 -1.927e+02 8.853e+02
4.900e+01 -7.944e+02 4.128e+02 -1.932e+02 8.831e+02
5.000e+01 -7.865e+02 4.100e+02 -1.935e+02 8.798e+02
5.100e+01 -7.784e+02 4.064e+02 -1.938e+02 8.755e+02
5.200e+01 -7.701e+02 4.020e+02 -1.938e+02 8.704e+02
5.300e+01 -7.619e+02 3.972e+02 -1.938e+02 8.647e+02
5.400e+01 -7.536e+02 3.928e+02 -1.940e+02 8.586e+02
5.500e+01 -7.452e+02 3.887e+02 -1.939e+02 8.521e+02
5.600e+01 -7.369e+02 3.848e+02 -1.937e+02 8.455e+02
5.700e+01 -7.286e+02 3.802e+02 -1.935e+02 8.389e+02
5.800e+01 -7.205e+02 3.756e+02 -1.930e+02 8.323e+02
5.900e+01 -7.124e+02 3.709e+02 -1.927e+02 8.258e+02
6.000e+01 -7.046e+02 3.658e+02 -1.922e+02 8.195e+02
6.100e+01 -6.969e+02 3.610e+02 -1.917e+02 8.135e+02
6.200e+01 -6.894e+02 3.572e+02 -1.912e+02 8.078e+02
6.300e+01 -6.821e+02 3.530e+02 -1.904e+02 8.024e+02
6.400e+01 -6.750e+02 3.493e+02 -1.899e+02 7.974e+02
6.500e+01 -6.681e+02 3.450e+02 -1.892e+02 7.927e+02
6.600e+01 -6.615e+02 3.410e+02 -1.885e+02 7.883e+02
6.700e+01 -6.550e+02 3.367e+02 -1.878e+02 7.843e+02
6.800e+01 -6.490e+02 3.329e+02 -1.871e+02 7.806e+02
6.900e+01 -6.432e+02 3.286e+02 -1.863e+02 7.773e+02
7.000e+01 -6.376e+02 3.246e+02 -1.856e+02 7.742e+02
7.100e+01 -6.322e+02 3.206e+02 -1.849e+02 7.714e+02
7.200e+01 -6.272e+02 3.173e+02 -1.840e+02 7.689e+02
7.300e+01 -6.224e+02 3.139e+02 -1.833e+02 7.665e+02
7.400e+01 -6.177e+02 3.107e+02 -1.825e+02 7.643e+02
7.500e+01 -6.132e+02 3.071e+02 -1.817e+02 7.622e+02
7.600e+01 -6.088e+02 3.039e+02 -1.810e+02 7.603e+02
7.700e+01 -6.047e+02 3.005e+02 -1.801e+02 7.584e+02
7.800e+01 -6.008e+02 2.972e+02 -1.794e+02 7.566e+02
7.900e+01 -5.970e+02 2.941e+02 -1.786e+02 7.549e+02
8.000e+01 -5.932e+02 2.906e+02 -1.778e+02 7.531e+02
8.100e+01 -5.895e+02 2.874e+02 -1.770e+02 7.513e+02
8.200e+01 -5.858e+02 2.842e+02 -1.763e+02 7.495e+02
8.300e+01 -5.822e+02 2.814e+02 -1.754e+02 7.477e+02
8.400e+01 -5.786e+02 2.786e+02 -1.747e+02 7.458e+02
8.500e+01 -5.751e+02 2.760e+02 -1.740e+02 7.438e+02
8.600e+01 -5.718e+02 2.735e+02 -1.732e+02 7.417e+02
8.700e+01 -5.685e+02 2.707e+02 -1.725e+02 7.395e+02
8.800e+01 -5.652e+02 2.680e+02 -1.718e+02 7.373e+02
8.900e+01 -5.619e+02 2.655e+02 -1.710e+02 7.349e+02
9.000e+01 -5.586e+02 2.628e+02 -1.703e+02 7.325e+02
9.100e+01 -5.553e+02 2.603e+02 -1.697e+02 7.299e+02
9.200e+01 -5.521e+02 2.579e+02 -1.690e+02 7.273e+02
9.300e+01 -5.489e+02 2.552e+02 -1.683e+02 7.246e+02
9.400e+01 -5.457e+02 2.526e+02 -1.677e+02 7.219e+02
9.500e+01 -5.425e+02 2.503e+02 -1.670e+02 7.190e+02
9.600e+01 -5.394e+02 2.478e+02 -1.663e+02 7.162e+02
9.700e+01 -5.363e+02 2.456e+02 -1.657e+02 7.132e+02
9.800e+01 -5.332e+02 2.434e+02 -1.651e+02 7.103e+02
9.900e+01 -5.302e+02 2.413e+02 -1.645e+02 7.073e+02
1.000e+02 -5.272e+02 2.394e+02 -1.639e+02 7.043e+02
1.010e+02 -5.242e+02 2.373e+02 -1.634e+02 7.013e+02
1.020e+02 -5.213e+02 2.351e+02 -1.628e+02 6.983e+02
1.030e+02 -5.185e+02 2.332e+02 -1.622e+02 6.953e+02
1.040e+02 -5.157e+02 2.312e+02 -1.617e+02 6.923e+02
1.050e+02 -5.130e+02 2.291e+02 -1.612e+02 6.893e+02
1.060e+02 -5.104e+02 2.271e+02 -1.606e+02 6.864e+02
1.070e+02 -5.079e+02 2.253e+02 -1.602e+02 6.835e+02
1.080e+02 -5.054e+02 2.233e+02 -1.597e+02 6.807e+02
1.090e+02 -5.030e+02 2.213e+02 -1.593e+02 6.779e+02
1.100e+02 -5.007e+02 2.193e+02 -1.589e+02 6.752e+02
1.110e+02 -4.984e+02 2.193e+02 -1.585e+02 6.725e+02
1.120e+02 -4.961e+02 2.255e+02 -1.580e+02 6.699e+02
1.130e+02 -4.940e+02 2.321e+02 -1.577e+02 6.673e+02
1.140e+02 -4.918e+02 2.387e+02 -1.574e+02 6.648e+02
1.150e+02 -4.897e+02 2.454e+02 -1.570e+02 6.623e+02
1.160e+02 -4.877e+02 2.521e+02 -1.567e+02 6.599e+02
1.170e+02 -4.857e+02 2.592e+02 -1.565e+02 6.576e+02
1.180e+02 -4.838e+02 2.664e+02 -1.562e+02 6.553e+02
1.190e+02 -4.819e+02 2.736e+02 -1.560e+02 6.531e+02
1.200e+02 -4.800e+02 2.808e+02 -1.557e+02 6.509e+02
1.210e+02 -4.782e+02 2.887e+02 -1.556e+02 6.487e+02
1.220e+02 -4.764e+02 2.965e+02 -1.554e+02 6.466e+02
1.230e+02 -4.746e+02 3.042e+02 -1.552e+02 6.445e+02
1.240e+02 -4.729e+02 3.122e+02 -1.551e+02 6.425e+02
1.250e+02 -4.712e+02 3.205e+02 -1.550e+02 6.405e+02
1.260e+02 -4.695e+02 3.288e+02 -1.550e+02 6.385e+02
1.270e+02 -4.678e+02 3.369e+02 -1.550e+02 6.366e+02
1.280e+02 -4.661e+02 3.456e+02 -1.550e+02 6.347e+02
1.290e+02 -4.645e+02 3.542e+02 -1.550e+02 6.327e+02
1.300e+02 -4.629e+02 3.626e+02 -1.552e+02 6.308e+02
1.310e+02 -4.613e+02 3.710e+02 -1.553e+02 6.289e+02
1.320e+02 -4.597e+02 3.797e+02 -1.554e+02 6.271e+02
1.330e+02 -4.581e+02 3.879e+02 -1.556e+02 6.252e+02
1.340e+02 -4.565e+02 3.957e+02 -1.558e+02 6.233e+02
1.350e+02 -4.550e+02 4.033e+02 -1.561e+02 6.214e+02
1.360e+02 -4.534e+02 4.109e+02 -1.564e+02 6.196e+02
1.370e+02 -4.519e+02 4.178e+02 -1.567e+02 6.177e+02
1.380e+02 -4.503e+02 4.239e+02 -1.571e+02 6.158e+02
1.390e+02 -4.488e+02 4.291e+02 -1.576e+02 6.140e+02
1.400e+02 -4.473e+02 4.335e+02 -1.580e+02 6.121e+02
1.410e+02 -4.457e+02 4.374e+02 -1.584e+02 6.102e+02
1.420e+02 -4.442e+02 4.404e+02 -1.590e+02 6.083e+02
1.430e+02 -4.427e+02 4.425e+02 -1.594e+02 6.064e+02
1.440e+02 -4.412e+02 4.435e+02 -1.599e+02 6.045e+02
1.450e+02 -4.397e+02 4.436e+02 -1.604e+02 6.026e+02
1.460e+02 -4.381e+02 4.429e+02 -1.610e+02 6.007e+02
1.470e+02 -4.367e+02 4.414e+02 -1.615e+02 5.988e+02
1.480e+02 -4.352e+02 4.392e+02 -1.620e+02 5.969e+02
1.490e+02 -4.337e+02 4.364e+02 -1.625e+02 5.950e+02
1.500e+02 -4.322e+02 4.331e+02 -1.629e+02 5.931e+02
1.510e+02 -4.307e+02 4.295e+02 -1.633e+02 5.912e+02
1.520e+02 -4.293e+02 4.256e+02 -1.636e+02 5.894e+02
1.530e+02 -4.278e+02 4.215e+02 -1.639e+02 5.875e+02
1.540e+02 -4.264e+02 4.172e+02 -1.641e+02 5.856e+02
1.550e+02 -4.249e+02 4.129e+02 -1.643e+02 5.838e+02
1.560e+02 -4.235e+02 4.086e+02 -1.644e+02 5.819e+02
1.570e+02 -4.221e+02 4.043e+02 -1.645e+02 5.801e+02
1.580e+02 -4.208e+02 4.001e+02 -1.645e+02 5.783e+02
1.590e+02 -4.194e+02 3.960e+02 -1.644e+02 5.765e+02
1.600e+02 -4.181e+02 3.921e+02 -1.643e+02 5.747e+02
1.610e+02 -4.168e+02 3.883e+02 -1.642e+02 5.729e+02
1.620e+02 -4.156e+02 3.846e+02 -1.641e+02 5.711e+02
1.630e+02 -4.143e+02 3.810e+02 -1.639e+02 5.694e+02
1.640e+02 -4.130e+02 3.775e+02 -1.636e+02 5.677e+02
1.650e+02 -4.118e+02 3.741e+02 -1.634e+02 5.660e+02
1.660e+02 -4.105e+02 3.709e+02 -1.631e+02 5.643e+02
1.670e+02 -4.093e+02 3.677e+02 -1.628e+02 5.626e+02
1.680e+02 -4.081e+02 3.646e+02 -1.625e+02 5.610e+02
1.690e+02 -4.069e+02 3.617e+02 -1.622e+02 5.594e+02
1.700e+02 -4.057e+02 3.588e+02 -1.619e+02 5.577e+02
1.710e+02 -4.046e+02 3.560e+02 -1.615e+02 5.562e+02
1.720e+02 -4.034e+02 3.534e+02 -1.611e+02 5.546e+02
1.730e+02 -4.023e+02 3.508e+02 -1.608e+02 5.530e+02
1.740e+02 -4.012e+02 3.483e+02 -1.604e+02 5.515e+02
1.750e+02 -4.000e+02 3.459e+02 -1.600e+02 5.500e+02
1.760e+02 -3.989e+02 3.435e+02 -1.596e+02 5.485e+02
1.770e+02 -3.978e+02 3.413e+02 -1.593e+02 5.470e+02
1.780e+02 -3.968e+02 3.391e+02 -1.589e+02 5.455e+02
1.790e+02 -3.957e+02 3.370e+02 -1.585e+02 5.441e+02
1.800e+02 -3.947e+02 3.349e+02 -1.581e+02 5.427e+02
1.810e+02 -3.936e+02 3.330e+02 -1.578e+02 5.413e+02
1.820e+02 -3.926e+02 3.312e+02 -1.574e+02 5.399e+02
1.830e+02 -3.916e+02 3.294e+02 -1.571e+02 5.386e+02
1.840e+02 -3.906e+02 3.277e+02 -1.567e+02 5.372e+02
1.850e+02 -3.896e+02 3.261e+02 -1.564e+02 5.359e+02
1.860e+02 -3.887e+02 3.245e+02 -1.560e+02 5.346e+02
1.870e+02 -3.877e+02 3.230e+02 -1.557e+02 5.333e+02
1.880e+02 -3.868e+02 3.216e+02 -1.554e+02 5.321e+02
1.890e+02 -3.859e+02 3.202e+02 -1.551e+02 5.309e+02
1.900e+02 -3.850e+02 3.189e+02 -1.548e+02 5.297e+02
1.910e+02 -3.842e+02 3.177e+02 -1.545e+02 5.285e+02
1.920e+02 -3.833e+02 3.165e+02 -1.542e+02 5.274e+02
1.930e+02 -3.825e+02 3.153e+02 -1.540e+02 5.263e+02
1.940e+02 -3.817e+02 3.143e+02 -1.537e+02 5.252e+02
1.950e+02 -3.809e+02 3.132e+02 -1.535e+02 5.241e+02
1.960e+02 -3.801e+02 3.123e+02 -1.532e+02 5.231e+02
1.970e+02 -3.794e+02 3.114e+02 -1.530e+02 5.221e+02
1.980e+02 -3.787e+02 3.105e+02 -1.528e+02 5.211e+02
1.990e+02 -3.780e+02 3.097e+02 -1.527e+02 5.202e+02
2.000e+02 -3.773e+02 3.090e+02 -1.525e+02 5.193e+02
2.010e+02 -3.766e+02 3.083e+02 -1.523e+02 5.184e+02
2.020e+02 -3.760e+02 3.076e+02 -1.522e+02 5.176e+02
2.030e+02 -3.754e+02 3.070e+02 -1.521e+02 5.168e+02
2.040e+02 -3.748e+02 3.065e+02 -1.519e+02 5.160e+02
2.050e+02 -3.742e+02 3.060e+02 -1.518e+02 5.153e+02
2.060e+02 -3.737e+02 3.056e+02 -1.518e+02 5.146e+02
2.070e+02 -3.732e+02 3.052e+02 -1.517e+02 5.139e+02
2.080e+02 -3.727e+02 3.048e+02 -1.516e+02 5.133e+02
2.090e+02 -3.722e+02 3.045e+02 -1.516e+02 5.127e+02
2.100e+02 -3.718e+02 3.042e+02 -1.515e+02 5.122e+02
2.110e+02 -3.714e+02 3.040e+02 -1.515e+02 5.117e+02
2.120e+02 -3.710e+02 3.038e+02 -1.515e+02 5.112e+02
2.130e+02 -3.706e+02 3.036e+02 -1.515e+02 5.107e+02
2.140e+02 -3.703e+02 3.035e+02 -1.515e+02 5.103e+02
2.150e+02 -3.699e+02 3.034e+02 -1.516e+02 5.099e+02
2.160e+02 -3.696e+02 3.034e+02 -1.516e+02 5.096e+02
2.170e+02 -3.693e+02 3.034e+02 -1.516e+02 5.093e+02
2.180e+02 -3.691e+02 3.034e+02 -1.517e+02 5.090e+02
2.190e+02 -3.689e+02 3.034e+02 -1.518e+02 5.088e+02
2.200e+02 -3.686e+02 3.035e+02 -1.519e+02 5.086e+02
2.210e+02 -3.684e+02 3.036e+02 -1.520e+02 5.084e+02
2.220e+02 -3.683e+02 3.037e+02 -1.521e+02 5.083e+02
2.230e+02 -3.681e+02 3.038e+02 -1.522e+02 5.082e+02
2.240e+02 -3.680e+02 3.040e+02 -1.523e+02 5.081e+02
2.250e+02 -3.679e+02 3.041e+02 -1.524e+02 5.080e+02
2.260e+02 -3.678e+02 3.043e+02 -1.526e+02 5.080e+02
2.270e+02 -3.677e+02 3.045e+02 -1.527e+02 5.080e+02
2.280e+02 -3.676e+02 3.048e+02 -1.529e+02 5.080e+02
2.290e+02 -3.676e+02 3.050e+02 -1.531e+02 5.081e+02
2.300e+02 -3.675e+02 3.052e+02 -1.532e+02 5.082e+02
2.310e+02 -3.675e+02 3.055e+02 -1.534e+02 5.083e+02
2.320e+02 -3.675e+02 3.058e+02 -1.536e+02 5.084e+02
2.330e+02 -3.675e+02 3.061e+02 -1.538e+02 5.086e+02
2.340e+02 -3.675e+02 3.064e+02 -1.540e+02 5.087e+02
2.350e+02 -3.676e+02 3.067e+02 -1.542e+02 5.089e+02
2.360e+02 -3.676e+02 3.070e+02 -1.544e+02 5.091e+02
2.370e+02 -3.677e+02 3.073e+02 -1.546e+02 5.094e+02
2.380e+02 -3.677e+02 3.076e+02 -1.549e+02 5.096e+02
2.390e+02 -3.678e+02 3.079e+02 -1.551e+02 5.099e+02
2.400e+02 -3.679e+02 3.082e+02 -1.553e+02 5.102e+02
2.410e+02 -3.680e+02 3.086e+02 -1.556e+02 5.105e+02
2.420e+02 -3.681e+02 3.089e+02 -1.558e+02 5.108e+02
2.430e+02 -3.682e+02 3.092e+02 -1.561e+02 5.111e+02
2.440e+02 -3.684e+02 3.096e+02 -1.563e+02 5.114e+02
2.450e+02 -3.685e+02 3.099e+02 -1.566e+02 5.118e+02
2.460e+02 -3.686e+02 3.102e+02 -1.569e+02 5.121e+02
2.470e+02 -3.688e+02 3.106e+02 -1.571e+02 5.125e+02
2.480e+02 -3.689e+02 3.109e+02 -1.574e+02 5.129e+02
2.490e+02 -3.691e+02 3.112e+02 -1.577e+02 5.133e+02
2.500e+02 -3.693e+02 3.116e+02 -1.580e+02 5.138e+02
2.510e+02 -3.695e+02 3.119e+02 -1.583e+02 5.142e+02
2.520e+02 -3.696e+02 3.122e+02 -1.586e+02 5.147e+02
2.530e+02 -3.698e+02 3.125e+02 -1.589e+02 5.152e+02
2.540e+02 -3.700e+02 3.128e+02 -1.592e+02 5.157e+02
2.550e+02 -3.702e+02 3.131e+02 -1.595e+02 5.162e+02
2.560e+02 -3.704e+02 3.135e+02 -1.598e+02 5.167e+02
2.570e+02 -3.707e+02 3.138e+02 -1.602e+02 5.172e+02
2.580e+02 -3.709e+02 3.141e+02 -1.605e+02 5.177e+02
2.590e+02 -3.711e+02 3.143e+02 -1.608e+02 5.182e+02
2.600e+02 -3.713e+02 3.146e+02 -1.611e+02 5.188e+02
2.610e+02 -3.715e+02 3.149e+02 -1.615e+02 5.193e+02
2.620e+02 -3.718e+02 3.152e+02 -1.618e+02 5.199e+02
2.630e+02 -3.720e+02 3.155e+02 -1.621e+02 5.204e+02
2.640e+02 -3.723e+02 3.157e+02 -1.625e+02 5.210e+02
2.650e+02 -3.725e+02 3.160e+02 -1.628e+02 5.215e+02
2.660e+02 -3.728e+02 3.162e+02 -1.632e+02 5.221e+02
2.670e+02 -3.730e+02 3.165e+02 -1.635e+02 5.227e+02
2.680e+02 -3.733e+02 3.167e+02 -1.639e+02 5.232e+02
2.690e+02 -3.735e+02 3.170e+02 -1.643e+02 5.238e+02
2.700e+02 -3.738e+02 3.172e+02 -1.647e+02 5.244e+02
2.710e+02 -3.741e+02 3.174e+02 -1.650e+02 5.250e+02
2.720e+02 -3.743e+02 3.176e+02 -1.654e+02 5.256e+02
2.730e+02 -3.746e+02 3.178e+02 -1.658e+02 5.262e+02
2.740e+02 -3.749e+02 3.180e+02 -1.662e+02 5.268e+02
2.750e+02 -3.751e+02 3.183e+02 -1.665e+02 5.274e+02
2.760e+02 -3.754e+02 3.184e+02 -1.669e+02 5.280e+02
2.770e+02 -3.757e+02 3.186e+02 -1.673e+02 5.286e+02
2.780e+02 -3.760e+02 3.188e+02 -1.677e+02 5.292e+02
2.790e+02 -3.763e+02 3.190e+02 -1.681e+02 5.298e+02
2.800e+02 -3.766e+02 3.192e+02 -1.684e+02 5.304e+02
2.810e+02 -3.769e+02 3.194e+02 -1.688e+02 5.310e+02
2.820e+02 -3.771e+02 3.195e+02 -1.692e+02 5.316e+02
2.830e+02 -3.774e+02 3.197e+02 -1.696e+02 5.322e+02
2.840e+02 -3.777e+02 3.199e+02 -1.700e+02 5.328e+02
2.850e+02 -3.780e+02 3.200e+02 -1.704e+02 5.335e+02
2.860e+02 -3.783e+02 3.202e+02 -1.708e+02 5.341e+02
2.870e+02 -3.786e+02 3.203e+02 -1.712e+02 5.347e+02
2.880e+02 -3.789e+02 3.205e+02 -1.716e+02 5.353e+02
2.890e+02 -3.792e+02 3.206e+02 -1.720e+02 5.359e+02
2.900e+02 -3.795e+02 3.207e+02 -1.724e+02 5.366e+02
2.910e+02 -3.798e+02 3.209e+02 -1.728e+02 5.372e+02
2.920e+02 -3.801e+02 3.210e+02 -1.732e+02 5.378e+02
2.930e+02 -3.804e+02 3.211e+02 -1.736e+02 5.384e+02
2.940e+02 -3.807e+02 3.213e+02 -1.740e+02 5.390e+02
2.950e+02 -3.810e+02 3.214e+02 -1.744e+02 5.397e+02
2.960e+02 -3.813e+02 3.215e+02 -1.748e+02 5.403e+02
2.970e+02 -3.817e+02 3.216e+02 -1.752e+02 5.409e+02
2.980e+02 -3.820e+02 3.217e+02 -1.756e+02 5.416e+02
2.990e+02 -3.823e+02 3.219e+02 -1.760e+02 5.422e+02
3.000e+02 -3.826e+02 3.220e+02 -1.764e+02 5.428e+02
3.010e+02 -3.829e+02 3.221e+02 -1.768e+02 5.434e+02
3.020e+02 -3.832e+02 3.222e+02 -1.772e+02 5.441e+02
3.030e+02 -3.835e+02 3.223e+02 -1.776e+02 5.447e+02
3.040e+02 -3.839e+02 3.224e+02 -1.780e+02 5.453e+02
3.050e+02 -3.842e+02 3.225e+02 -1.784e+02 5.460e+02
3.060e+02 -3.845e+02 3.226e+02 -1.788e+02 5.467e+02
3.070e+02 -3.849e+02 3.228e+02 -1.792e+02 5.474e+02
3.080e+02 -3.852e+02 3.229e+02 -1.796e+02 5.481e+02
3.090e+02 -3.855e+02 3.230e+02 -1.800e+02 5.488e+02
3.100e+02 -3.859e+02 3.231e+02 -1.804e+02 5.495e+02
3.110e+02 -3.862e+02 3.232e+02 -1.808e+02 5.503e+02
3.120e+02 -3.866e+02 3.233e+02 -1.812e+02 5.510e+02
3.130e+02 -3.870e+02 3.234e+02 -1.816e+02 5.517e+02
3.140e+02 -3.873e+02 3.235e+02 -1.820e+02 5.524e+02
3.150e+02 -3.877e+02 3.236e+02 -1.824e+02 5.532e+02
3.160e+02 -3.881e+02 3.237e+02 -1.828e+02 5.539e+02
3.170e+02 -3.885e+02 3.238e+02 -1.832e+02 5.547e+02
3.180e+02 -3.889e+02 3.240e+02 -1.836e+02 5.554e+02
3.190e+02 -3.893e+02 3.241e+02 -1.840e+02 5.562e+02
3.200e+02 -3.897e+02 3.242e+02 -1.844e+02 5.570e+02
3.210e+02 -3.901e+02 3.243e+02 -1.848e+02 5.578e+02
3.220e+02 -3.905e+02 3.244e+02 -1.852e+02 5.586e+02
3.230e+02 -3.909e+02 3.245e+02 -1.856e+02 5.594e+02
3.240e+02 -3.914e+02 3.246e+02 -1.860e+02 5.602e+02
3.250e+02 -3.918e+02 3.248e+02 -1.864e+02 5.610e+02
3.260e+02 -3.923e+02 3.249e+02 -1.868e+02 5.619e+02
3.270e+02 -3.927e+02 3.250e+02 -1.872e+02 5.627e+02
3.280e+02 -3.932e+02 3.251e+02 -1.876e+02 5.636e+02
3.290e+02 -3.937e+02 3.253e+02 -1.880e+02 5.644e+02
3.300e+02 -3.942e+02 3.254e+02 -1.884e+02 5.653e+02
3.310e+02 -3.947e+02 3.255e+02 -1.889e+02 5.662e+02
3.320e+02 -3.952e+02 3.257e+02 -1.893e+02 5.671e+02
3.330e+02 -3.957e+02 3.258e+02 -1.897e+02 5.681e+02
3.340e+02 -3.963e+02 3.259e+02 -1.901e+02 5.690e+02
3.350e+02 -3.968e+02 3.261e+02 -1.905e+02 5.700e+02
3.360e+02 -3.974e+02 3.262e+02 -1.909e+02 5.709e+02
3.370e+02 -3.979e+02 3.264e+02 -1.913e+02 5.719e+02
3.380e+02 -3.985e+02 3.265e+02 -1.916e+02 5.729e+02
3.390e+02 -3.991e+02 3.267e+02 -1.920e+02 5.739e+02
3.400e+02 -3.997e+02 3.268e+02 -1.924e+02 5.749e+02
3.410e+02 -4.003e+02 3.270e+02 -1.928e+02 5.759e+02
3.420e+02 -4.009e+02 3.271e+02 -1.932e+02 5.770e+02
3.430e+02 -4.015e+02 3.273e+02 -1.936e+02 5.780e+02
3.440e+02 -4.022e+02 3.274e+02 -1.940e+02 5.791e+02
3.450e+02 -4.028e+02 3.276e+02 -1.944e+02 5.802e+02
3.460e+02 -4.034e+02 3.278e+02 -1.948e+02 5.812e+02
3.470e+02 -4.041e+02 3.279e+02 -1.952e+02 5.823e+02
3.480e+02 -4.048e+02 3.281e+02 -1.955e+02 5.834e+02
3.490e+02 -4.054e+02 3.283e+02 -1.959e+02 5.846e+02
3.500e+02 -4.061e+02 3.284e+02 -1.963e+02 5.857e+02
3.510e+02 -4.068e+02 3.286e+02 -1.967e+02 5.868e+02
3.520e+02 -4.075e+02 3.288e+02 -1.970e+02 5.880e+02
3.530e+02 -4.082e+02 3.290e+02 -1.974e+02 5.892e+02
3.540e+02 -4.089e+02 3.291e+02 -1.978e+02 5.904e+02
3.550e+02 -4.096e+02 3.293e+02 -1.982e+02 5.916e+02
3.560e+02 -4.103e+02 3.295e+02 -1.985e+02 5.929e+02
3.570e+02 -4.110e+02 3.297e+02 -1.989e+02 5.941e+02
3.580e+02 -4.118e+02 3.299e+02 -1.992e+02 5.953e+02
3.590e+02 -4.125e+02 3.300e+02 -1.996e+02 5.966e+02
3.600e+02 -4.132e+02 3.302e+02 -1.999e+02 5.978e+02
3.610e+02 -4.140e+02 3.304e+02 -2.003e+02 5.991e+02
3.620e+02 -4.147e+02 3.306e+02 -2.006e+02 6.004e+02
3.630e+02 -4.155e+02 3.308e+02 -2.010e+02 6.016e+02
3.640e+02 -4.162e+02 3.310e+02 -2.013e+02 6.029e+02
3.650e+02 -4.170e+02 3.311e+02 -2.017e+02 6.042e+02
3.660e+02 -4.177e+02 3.313e+02 -2.020e+02 6.055e+02
3.670e+02 -4.185e+02 3.315e+02 -2.023e+02 6.067e+02
3.680e+02 -4.192e+02 3.317e+02 -2.026e+02 6.080e+02
3.690e+02 -4.200e+02 3.319e+02 -2.030e+02 6.093e+02
3.700e+02 -4.208e+02 3.321e+02 -2.033e+02 6.106e+02
3.710e+02 -4.215e+02 3.322e+02 -2.036e+02 6.119e+02
3.720e+02 -4.223e+02 3.324e+02 -2.039e+02 6.131e+02
3.730e+02 -4.231e+02 3.326e+02 -2.042e+02 6.144e+02
3.740e+02 -4.238e+02 3.328e+02 -2.045e+02 6.157e+02
3.750e+02 -4.246e+02 3.330e+02 -2.048e+02 6.170e+02
3.760e+02 -4.254e+02 3.331e+02 -2.051e+02 6.182e+02
3.770e+02 -4.262e+02 3.333e+02 -2.054e+02 6.195e+02
3.780e+02 -4.270e+02 3.335e+02 -2.057e+02 6.208e+02
3.790e+02 -4.279e+02 3.337e+02 -2.059e+02 6.221e+02
3.800e+02 -4.287e+02 3.338e+02 -2.062e+02 6.233e+02
3.810e+02 -4.295e+02 3.340e+02 -2.065e+02 6.246e+02
3.820e+02 -4.303e+02 3.342e+02 -2.068e+02 6.258e+02
3.830e+02 -4.312e+02 3.343e+02 -2.071e+02 6.271e+02
3.840e+02 -4.320e+02 3.345e+02 -2.073e+02 6.283e+02
3.850e+02 -4.328e+02 3.347e+02 -2.076e+02 6.296e+02
3.860e+02 -4.336e+02 3.348e+02 -2.079e+02 6.308e+02
3.870e+02 -4.345e+02 3.350e+02 -2.081e+02 6.321e+02
3.880e+02 -4.353e+02 3.352e+02 -2.084e+02 6.333e+02
3.890e+02 -4.361e+02 3.353e+02 -2.086e+02 6.345e+02
3.900e+02 -4.369e+02 3.355e+02 -2.089e+02 6.358e+02
3.910e+02 -4.377e+02 3.356e+02 -2.091e+02 6.370e+02
3.920e+02 -4.386e+02 3.358e+02 -2.093e+02 6.382e+02
3.930e+02 -4.394e+02 3.359e+02 -2.096e+02 6.394e+02
3.940e+02 -4.402e+02 3.360e+02 -2.098e+02 6.406e+02
3.950e+02 -4.410e+02 3.362e+02 -2.100e+02 6.419e+02
3.960e+02 -4.418e+02 3.363e+02 -2.102e+02 6.431e+02
3.970e+02 -4.426e+02 3.364e+02 -2.104e+02 6.443e+02
3.980e+02 -4.434e+02 3.366e+02 -2.106e+02 6.456e+02
3.990e+02 -4.442e+02 3.367e+02 -2.108e+02 6.468e+02
4.000e+02 -4.450e+02 3.368e+02 -2.110e+02 6.480e+02
4.010e+02 -4.459e+02 3.369e+02 -2.112e+02 6.492e+02
4.020e+02 -4.467e+02 3.370e+02 -2.114e+02 6.504e+02
4.030e+02 -4.474e+02 3.371e+02 -2.116e+02 6.516e+02
4.040e+02 -4.482e+02 3.373e+02 -2.118e+02 6.528e+02
4.050e+02 -4.490e+02 3.374e+02 -2.120e+02 6.540e+02
4.060e+02 -4.498e+02 3.375e+02 -2.122e+02 6.551e+02
4.070e+02 -4.506e+02 3.376e+02 -2.124e+02 6.563e+02
4.080e+02 -4.514e+02 3.376e+02 -2.125e+02 6.574e+02
4.090e+02 -4.522e+02 3.377e+02 -2.127e+02 6.586e+02
4.100e+02 -4.529e+02 3.378e+02 -2.129e+02 6.597e+02
4.110e+02 -4.537e+02 3.379e+02 -2.130e+02 6.608e+02
4.120e+02 -4.545e+02 3.380e+02 -2.132e+02 6.619e+02
4.130e+02 -4.552e+02 3.381e+02 -2.134e+02 6.630e+02
4.140e+02 -4.560e+02 3.381e+02 -2.135e+02 6.641e+02
4.150e+02 -4.567e+02 3.382e+02 -2.137e+02 6.652e+02
4.160e+02 -4.574e+02 3.383e+02 -2.138e+02 6.662e+02
4.170e+02 -4.582e+02 3.384e+02 -2.140e+02 6.673e+02
4.180e+02 -4.589e+02 3.384e+02 -2.141e+02 6.683e+02
4.190e+02 -4.596e+02 3.385e+02 -2.143e+02 6.693e+02
4.200e+02 -4.603e+02 3.386e+02 -2.144e+02 6.703e+02
4.210e+02 -4.610e+02 3.386e+02 -2.146e+02 6.713e+02
4.220e+02 -4.617e+02 3.387e+02 -2.147e+02 6.723e+02
4.230e+02 -4.624e+02 3.387e+02 -2.148e+02 6.732e+02
4.240e+02 -4.630e+02 3.388e+02 -2.150e+02 6.742e+02
4.250e+02 -4.637e+02 3.388e+02 -2.151e+02 6.751e+02
4.260e+02 -4.643e+02 3.389e+02 -2.153e+02 6.760e+02
4.270e+02 -4.650e+02 3.390e+02 -2.154e+02 6.769e+02
4.280e+02 -4.656e+02 3.390e+02 -2.155e+02 6.777e+02
4.290e+02 -4.662e+02 3.391e+02 -2.157e+02 6.786e+02
4.300e+02 -4.668e+02 3.391e+02 -2.158e+02 6.794e+02
4.310e+02 -4.674e+02 3.392e+02 -2.159e+02 6.802e+02
4.320e+02 -4.679e+02 3.392e+02 -2.161e+02 6.809e+02
4.330e+02 -4.685e+02 3.393e+02 -2.162e+02 6.817e+02
4.340e+02 -4.690e+02 3.393e+02 -2.163e+02 6.824e+02
4.350e+02 -4.695e+02 3.394e+02 -2.165e+02 6.831e+02
4.360e+02 -4.700e+02 3.394e+02 -2.166e+02 6.838e+02
4.370e+02 -4.705e+02 3.395e+02 -2.167e+02 6.844e+02
4.380e+02 -4.710e+02 3.395e+02 -2.169e+02 6.850e+02
4.390e+02 -4.714e+02 3.396e+02 -2.170e+02 6.856e+02
4.400e+02 -4.719e+02 3.396e+02 -2.171e+02 6.862e+02
4.410e+02 -4.723e+02 3.397e+02 -2.173e+02 6.867e+02
4.420e+02 -4.727e+02 3.397e+02 -2.174e+02 6.872e+02
4.430e+02 -4.731e+02 3.398e+02 -2.175e+02 6.877e+02
4.440e+02 -4.734e+02 3.398e+02 -2.177e+02 6.881e+02
4.450e+02 -4.737e+02 3.399e+02 -2.178e+02 6.885e+02
4.460e+02 -4.741e+02 3.400e+02 -2.179e+02 6.889e+02
4.470e+02 -4.744e+02 3.400e+02 -2.181e+02 6.893e+02
4.480e+02 -4.746e+02 3.401e+02 -2.182e+02 6.896e+02
4.490e+02 -4.749e+02 3.401e+02 -2.183e+02 6.899e+02
4.500e+02 -4.751e+02 3.402e+02 -2.185e+02 6.901e+02
4.510e+02 -4.754e+02 3.403e+02 -2.186e+02 6.903e+02
4.520e+02 -4.756e+02 3.403e+02 -2.187e+02 6.905e+02
4.530e+02 -4.757e+02 3.404e+02 -2.189e+02 6.907e+02
4.540e+02 -4.759e+02 3.405e+02 -2.190e+02 6.908e+02
4.550e+02 -4.760e+02 3.405e+02 -2.191e+02 6.909e+02
4.560e+02 -4.761e+02 3.406e+02 -2.193e+02 6.910e+02
4.570e+02 -4.762e+02 3.407e+02 -2.194e+02 6.910e+02
4.580e+02 -4.763e+02 3.407e+02 -2.196e+02 6.910e+02
4.590e+02 -4.764e+02 3.408e+02 -2.197e+02 6.910e+02
4.600e+02 -4.764e+02 3.409e+02 -2.198e+02 6.909e+02
4.610e+02 -4.765e+02 3.410e+02 -2.200e+02 6.908e+02
4.620e+02 -4.765e+02 3.410e+02 -2.201e+02 6.907e+02
4.630e+02 -4.764e+02 3.411e+02 -2.203e+02 6.906e+02
4.640e+02 -4.764e+02 3.412e+02 -2.204e+02 6.904e+02
4.650e+02 -4.764e+02 3.413e+02 -2.205e+02 6.902e+02
4.660e+02 -4.763e+02 3.414e+02 -2.207e+02 6.900e+02
4.670e+02 -4.762e+02 3.415e+02 -2.208e+02 6.897e+02
4.680e+02 -4.762e+02 3.416e+02 -2.210e+02 6.895e+02
4.690e+02 -4.761e+02 3.416e+02 -2.211e+02 6.892e+02
4.700e+02 -4.759e+02 3.417e+02 -2.213e+02 6.888e+02
4.710e+02 -4.758e+02 3.418e+02 -2.214e+02 6.885e+02
4.720e+02 -4.757e+02 3.419e+02 -2.216e+02 6.881e+02
4.730e+02 -4.755e+02 3.420e+02 -2.217e+02 6.878e+02
4.740e+02 -4.754e+02 3.421e+02 -2.219e+02 6.874e+02
4.750e+02 -4.752e+02 3.422e+02 -2.220e+02 6.870e+02
4.760e+02 -4.750e+02 3.423e+02 -2.222e+02 6.865e+02
4.770e+02 -4.748e+02 3.424e+02 -2.223e+02 6.861e+02
4.780e+02 -4.747e+02 3.425e+02 -2.224e+02 6.856e+02
4.790e+02 -4.745e+02 3.427e+02 -2.226e+02 6.852e+02
4.800e+02 -4.743e+02 3.428e+02 -2.228e+02 6.847e+02
4.810e+02 -4.740e+02 3.429e+02 -2.229e+02 6.842e+02
4.820e+02 -4.738e+02 3.430e+02 -2.231e+02 6.838e+02
4.830e+02 -4.736e+02 3.431e+02 -2.232e+02 6.833e+02
4.840e+02 -4.734e+02 3.432e+02 -2.234e+02 6.828e+02
4.850e+02 -4.732e+02 3.433e+02 -2.235e+02 6.823e+02
4.860e+02 -4.730e+02 3.434e+02 -2.237e+02 6.818e+02
4.870e+02 -4.727e+02 3.435e+02 -2.238e+02 6.813e+02
4.880e+02 -4.725e+02 3.437e+02 -2.240e+02 6.808e+02
4.890e+02 -4.723e+02 3.438e+02 -2.241e+02 6.803e+02
4.900e+02 -4.721e+02 3.439e+02 -2.243e+02 6.798e+02
4.910e+02 -4.718e+02 3.440e+02 -2.245e+02 6.793e+02
4.920e+02 -4.716e+02 3.441e+02 -2.246e+02 6.788e+02
4.930e+02 -4.714e+02 3.443e+02 -2.248e+02 6.783e+02
4.940e+02 -4.712e+02 3.444e+02 -2.249e+02 6.778e+02
4.950e+02 -4.710e+02 3.445e+02 -2.251e+02 6.773e+02
4.960e+02 -4.708e+02 3.446e+02 -2.252e+02 6.768e+02
4.970e+02 -4.705e+02 3.447e+02 -2.254e+02 6.764e+02
4.980e+02 -4.703e+02 3.449e+02 -2.256e+02 6.759e+02
4.990e+02 -4.701e+02 3.450e+02 -2.257e+02 6.754e+02
5.000e+02 -4.699e+02 3.451e+02 -2.259e+02 6.750e+02
5.010e+02 -4.697e+02 3.452e+02 -2.261e+02 6.746e+02
5.020e+02 -4.695e+02 3.454e+02 -2.262e+02 6.741e+02
5.030e+02 -4.693e+02 3.455e+02 -2.264e+02 6.737e+02
5.040e+02 -4.691e+02 3.456e+02 -2.265e+02 6.733e+02
5.050e+02 -4.689e+02 3.457e+02 -2.267e+02 6.729e+02
5.060e+02 -4.688e+02 3.459e+02 -2.269e+02 6.725e+02
5.070e+02 -4.686e+02 3.460e+02 -2.270e+02 6.721e+02
5.080e+02 -4.684e+02 3.461e+02 -2.272e+02 6.717e+02
5.090e+02 -4.682e+02 3.462e+02 -2.274e+02 6.713e+02
5.100e+02 -4.680e+02 3.463e+02 -2.275e+02 6.709e+02
5.110e+02 -4.679e+02 3.465e+02 -2.277e+02 6.706e+02
5.120e+02 -4.677e+02 3.466e+02 -2.279e+02 6.702e+02
5.130e+02 -4.675e+02 3.467e+02 -2.280e+02 6.699e+02
5.140e+02 -4.674e+02 3.468e+02 -2.282e+02 6.695e+02
5.150e+02 -4.672e+02 3.469e+02 -2.284e+02 6.692e+02
5.160e+02 -4.670e+02 3.471e+02 -2.285e+02 6.688e+02
5.170e+02 -4.669e+02 3.472e+02 -2.287e+02 6.685e+02
5.180e+02 -4.667e+02 3.473e+02 -2.289e+02 6.682e+02
5.190e+02 -4.666e+02 3.474e+02 -2.291e+02 6.679e+02
5.200e+02 -4.664e+02 3.475e+02 -2.292e+02 6.676e+02
5.210e+02 -4.663e+02 3.476e+02 -2.294e+02 6.673e+02
5.220e+02 -4.661e+02 3.478e+02 -2.296e+02 6.670e+02
5.230e+02 -4.659e+02 3.479e+02 -2.297e+02 6.667e+02
5.240e+02 -4.658e+02 3.480e+02 -2.299e+02 6.664e+02
5.250e+02 -4.656e+02 3.481e+02 -2.301e+02 6.661e+02
5.260e+02 -4.655e+02 3.482e+02 -2.303e+02 6.658e+02
5.270e+02 -4.653e+02 3.483e+02 -2.304e+02 6.655e+02
5.280e+02 -4.652e+02 3.484e+02 -2.306e+02 6.652e+02
5.290e+02 -4.650e+02 3.485e+02 -2.308e+02 6.650e+02
5.300e+02 -4.649e+02 3.486e+02 -2.310e+02 6.647e+02
5.310e+02 -4.647e+02 3.487e+02 -2.311e+02 6.644e+02
5.320e+02 -4.646e+02 3.489e+02 -2.313e+02 6.641e+02
5.330e+02 -4.644e+02 3.490e+02 -2.315e+02 6.639e+02
5.340e+02 -4.643e+02 3.491e+02 -2.317e+02 6.636e+02
5.350e+02 -4.641e+02 3.492e+02 -2.318e+02 6.633e+02
5.360e+02 -4.640e+02 3.493e+02 -2.320e+02 6.631e+02
5.370e+02 -4.638e+02 3.494e+02 -2.322e+02 6.628e+02
5.380e+02 -4.636e+02 3.495e+02 -2.324e+02 6.625e+02
5.390e+02 -4.635e+02 3.496e+02 -2.325e+02 6.623e+02
5.400e+02 -4.633e+02 3.497e+02 -2.327e+02 6.620e+02
5.410e+02 -4.632e+02 3.498e+02 -2.329e+02 6.618e+02
5.420e+02 -4.630e+02 3.499e+02 -2.331e+02 6.615e+02
5.430e+02 -4.629e+02 3.500e+02 -2.333e+02 6.613e+02
5.440e+02 -4.627e+02 3.501e+02 -2.335e+02 6.610e+02
5.450e+02 -4.626e+02 3.502e+02 -2.336e+02 6.608e+02
5.460e+02 -4.625e+02 3.503e+02 -2.338e+02 6.605e+02
5.470e+02 -4.623e+02 3.504e+02 -2.340e+02 6.603e+02
5.480e+02 -4.622e+02 3.505e+02 -2.342e+02 6.601e+02
5.490e+02 -4.620e+02 3.506e+02 -2.344e+02 6.598e+02
5.500e+02 -4.619e+02 3.506e+02 -2.346e+02 6.596e+02
5.510e+02 -4.617e+02 3.507e+02 -2.348e+02 6.594e+02
5.520e+02 -4.616e+02 3.508e+02 -2.350e+02 6.592e+02
5.530e+02 -4.615e+02 3.509e+02 -2.352e+02 6.589e+02
5.540e+02 -4.613e+02 3.510e+02 -2.354e+02 6.587e+02
5.550e+02 -4.612e+02 3.511e+02 -2.356e+02 6.585e+02
5.560e+02 -4.611e+02 3.512e+02 -2.357e+02 6.583e+02
5.570e+02 -4.609e+02 3.513e+02 -2.359e+02 6.581e+02
5.580e+02 -4.608e+02 3.514e+02 -2.361e+02 6.579e+02
5.590e+02 -4.607e+02 3.515e+02 -2.363e+02 6.577e+02
5.600e+02 -4.606e+02 3.516e+02 -2.365e+02 6.575e+02
5.610e+02 -4.604e+02 3.517e+02 -2.367e+02 6.573e+02
5.620e+02 -4.603e+02 3.517e+02 -2.369e+02 6.571e+02
5.630e+02 -4.602e+02 3.518e+02 -2.371e+02 6.569e+02
5.640e+02 -4.601e+02 3.519e+02 -2.373e+02 6.568e+02
5.650e+02 -4.600e+02 3.520e+02 -2.375e+02 6.566e+02
5.660e+02 -4.599e+02 3.521e+02 -2.377e+02 6.564e+02
5.670e+02 -4.598e+02 3.522e+02 -2.379e+02 6.563e+02
5.680e+02 -4.597e+02 3.523e+02 -2.381e+02 6.561e+02
5.690e+02 -4.596e+02 3.524e+02 -2.383e+02 6.560e+02
5.700e+02 -4.595e+02 3.525e+02 -2.385e+02 6.558e+02
5.710e+02 -4.594e+02 3.526e+02 -2.387e+02 6.557e+02
5.720e+02 -4.593e+02 3.526e+02 -2.389e+02 6.555e+02
5.730e+02 -4.592e+02 3.527e+02 -2.391e+02 6.554e+02
5.740e+02 -4.591e+02 3.528e+02 -2.393e+02 6.553e+02
5.750e+02 -4.590e+02 3.529e+02 -2.395e+02 6.552e+02
5.760e+02 -4.589e+02 3.530e+02 -2.397e+02 6.550e+02
5.770e+02 -4.588e+02 3.531e+02 -2.399e+02 6.549e+02
5.780e+02 -4.588e+02 3.532e+02 -2.401e+02 6.548e+02
5.790e+02 -4.587e+02 3.533e+02 -2.403e+02 6.547e+02
5.800e+02 -4.586e+02 3.534e+02 -2.405e+02 6.546e+02
5.810e+02 -4.585e+02 3.534e+02 -2.407e+02 6.545e+02
5.820e+02 -4.585e+02 3.535e+02 -2.409e+02 6.544e+02
5.830e+02 -4.584e+02 3.536e+02 -2.412e+02 6.544e+02
5.840e+02 -4.583e+02 3.537e+02 -2.414e+02 6.543e+02
5.850e+02 -4.583e+02 3.538e+02 -2.416e+02 6.542e+02
5.860e+02 -4.582e+02 3.539e+02 -2.418e+02 6.541e+02
5.870e+02 -4.581e+02 3.540e+02 -2.420e+02 6.541e+02
5.880e+02 -4.581e+02 3.541e+02 -2.422e+02 6.540e+02
5.890e+02 -4.580e+02 3.542e+02 -2.424e+02 6.539e+02
5.900e+02 -4.580e+02 3.543e+02 -2.426e+02 6.539e+02
5.910e+02 -4.579e+02 3.544e+02 -2.428e+02 6.538e+02
5.920e+02 -4.579e+02 3.545e+02 -2.430e+02 6.537e+02
5.930e+02 -4.578e+02 3.545e+02 -2.433e+02 6.537e+02
5.940e+02 -4.578e+02 3.546e+02 -2.435e+02 6.536e+02
5.950e+02 -4.577e+02 3.547e+02 -2.437e+02 6.536e+02
5.960e+02 -4.577e+02 3.548e+02 -2.439e+02 6.536e+02
5.970e+02 -4.576e+02 3.549e+02 -2.441e+02 6.535e+02
5.980e+02 -4.576e+02 3.550e+02 -2.443e+02 6.535e+02
5.990e+02 -4.575e+02 3.551e+02 -2.445e+02 6.535e+02
6.000e+02 -4.575e+02 3.552e+02 -2.448e+02 6.534e+02
6.010e+02 -4.575e+02 3.553e+02 -2.450e+02 6.534e+02
6.020e+02 -4.574e+02 3.554e+02 -2.452e+02 6.534e+02
6.030e+02 -4.574e+02 3.555e+02 -2.454e+02 6.533e+02
6.040e+02 -4.574e+02 3.556e+02 -2.456e+02 6.533e+02
6.050e+02 -4.573e+02 3.557e+02 -2.458e+02 6.533e+02
6.060e+02 -4.573e+02 3.558e+02 -2.461e+02 6.533e+02
6.070e+02 -4.573e+02 3.559e+02 -2.463e+02 6.533e+02
6.080e+02 -4.572e+02 3.560e+02 -2.465e+02 6.532e+02
6.090e+02 -4.572e+02 3.561e+02 -2.467e+02 6.532e+02
6.100e+02 -4.572e+02 3.561e+02 -2.469e+02 6.532e+02
6.110e+02 -4.571e+02 3.562e+02 -2.472e+02 6.532e+02
6.120e+02 -4.571e+02 3.563e+02 -2.474e+02 6.532e+02
6.130e+02 -4.571e+02 3.564e+02 -2.476e+02 6.532e+02
6.140e+02 -4.571e+02 3.565e+02 -2.478e+02 6.532e+02
6.150e+02 -4.570e+02 3.566e+02 -2.481e+02 6.532e+02
6.160e+02 -4.570e+02 3.567e+02 -2.483e+02 6.532e+02
6.170e+02 -4.570e+02 3.568e+02 -2.485e+02 6.532e+02
6.180e+02 -4.570e+02 3.569e+02 -2.487e+02 6.532e+02
6.190e+02 -4.570e+02 3.570e+02 -2.489e+02 6.532e+02
6.200e+02 -4.569e+02 3.571e+02 -2.492e+02 6.532e+02
6.210e+02 -4.569e+02 3.572e+02 -2.494e+02 6.532e+02
6.220e+02 -4.569e+02 3.573e+02 -2.496e+02 6.532e+02
6.230e+02 -4.569e+02 3.574e+02 -2.498e+02 6.533e+02
6.240e+02 -4.569e+02 3.575e+02 -2.501e+02 6.533e+02
6.250e+02 -4.569e+02 3.576e+02 -2.503e+02 6.533e+02
6.260e+02 -4.569e+02 3.577e+02 -2.505e+02 6.533e+02
6.270e+02 -4.569e+02 3.578e+02 -2.508e+02 6.534e+02
6.280e+02 -4.569e+02 3.579e+02 -2.510e+02 6.534e+02
6.290e+02 -4.569e+02 3.580e+02 -2.512e+02 6.534e+02
6.300e+02 -4.569e+02 3.581e+02 -2.514e+02 6.534e+02
6.310e+02 -4.569e+02 3.582e+02 -2.517e+02 6.535e+02
6.320e+02 -4.569e+02 3.583e+02 -2.519e+02 6.535e+02
6.330e+02 -4.569e+02 3.584e+02 -2.521e+02 6.536e+02
6.340e+02 -4.569e+02 3.585e+02 -2.523e+02 6.536e+02
6.350e+02 -4.569e+02 3.586e+02 -2.526e+02 6.536e+02
6.360e+02 -4.569e+02 3.587e+02 -2.528e+02 6.537e+02
6.370e+02 -4.569e+02 3.588e+02 -2.530e+02 6.537e+02
6.380e+02 -4.569e+02 3.589e+02 -2.533e+02 6.538e+02
6.390e+02 -4.569e+02 3.590e+02 -2.535e+02 6.539e+02
6.400e+02 -4.569e+02 3.591e+02 -2.537e+02 6.539e+02
6.410e+02 -4.570e+02 3.593e+02 -2.540e+02 6.540e+02
6.420e+02 -4.570e+02 3.594e+02 -2.542e+02 6.540e+02
6.430e+02 -4.570e+02 3.595e+02 -2.544e+02 6.541e+02
6.440e+02 -4.570e+02 3.596e+02 -2.547e+02 6.542e+02
6.450e+02 -4.571e+02 3.597e+02 -2.549e+02 6.543e+02
6.460e+02 -4.571e+02 3.598e+02 -2.551e+02 6.543e+02
6.470e+02 -4.571e+02 3.599e+02 -2.554e+02 6.544e+02
6.480e+02 -4.571e+02 3.600e+02 -2.556e+02 6.545e+02
6.490e+02 -4.572e+02 3.601e+02 -2.558e+02 6.546e+02
6.500e+02 -4.572e+02 3.602e+02 -2.561e+02 6.547e+02
6.510e+02 -4.572e+02 3.603e+02 -2.563e+02 6.548e+02
6.520e+02 -4.573e+02 3.604e+02 -2.565e+02 6.549e+02
6.530e+02 -4.573e+02 3.605e+02 -2.567e+02 6.550e+02
6.540e+02 -4.574e+02 3.606e+02 -2.570e+02 6.551e+02
6.550e+02 -4.574e+02 3.607e+02 -2.572e+02 6.552e+02
6.560e+02 -4.575e+02 3.608e+02 -2.575e+02 6.553e+02
6.570e+02 -4.575e+02 3.609e+02 -2.577e+02 6.554e+02
6.580e+02 -4.576e+02 3.610e+02 -2.579e+02 6.555e+02
6.590e+02 -4.576e+02 3.611e+02 -2.582e+02 6.556e+02
6.600e+02 -4.577e+02 3.612e+02 -2.584e+02 6.557e+02
6.610e+02 -4.577e+02 3.613e+02 -2.586e+02 6.558e+02
6.620e+02 -4.578e+02 3.614e+02 -2.589e+02 6.559e+02
6.630e+02 -4.578e+02 3.615e+02 -2.591e+02 6.561e+02
6.640e+02 -4.579e+02 3.616e+02 -2.593e+02 6.562e+02
6.650e+02 -4.579e+02 3.617e+02 -2.596e+02 6.563e+02
6.660e+02 -4.580e+02 3.618e+02 -2.598e+02 6.565e+02
6.670e+02 -4.581e+02 3.619e+02 -2.600e+02 6.566e+02
6.680e+02 -4.581e+02 3.620e+02 -2.603e+02 6.567e+02
6.690e+02 -4.582e+02 3.621e+02 -2.605e+02 6.569e+02
6.700e+02 -4.583e+02 3.622e+02 -2.607e+02 6.570e+02
6.710e+02 -4.583e+02 3.624e+02 -2.610e+02 6.571e+02
6.720e+02 -4.584e+02 3.625e+02 -2.612e+02 6.573e+02
6.730e+02 -4.585e+02 3.626e+02 -2.614e+02 6.574e+02
6.740e+02 -4.586e+02 3.627e+02 -2.617e+02 6.576e+02
6.750e+02 -4.586e+02 3.628e+02 -2.619e+02 6.577e+02
6.760e+02 -4.587e+02 3.629e+02 -2.621e+02 6.579e+02
6.770e+02 -4.588e+02 3.630e+02 -2.624e+02 6.580e+02
6.780e+02 -4.589e+02 3.631e+02 -2.626e+02 6.582e+02
6.790e+02 -4.590e+02 3.632e+02 -2.628e+02 6.583e+02
6.800e+02 -4.590e+02 3.633e+02 -2.631e+02 6.585e+02
6.810e+02 -4.591e+02 3.634e+02 -2.633e+02 6.586e+02
6.820e+02 -4.592e+02 3.635e+02 -2.636e+02 6.588e+02
6.830e+02 -4.593e+02 3.636e+02 -2.638e+02 6.590e+02
6.840e+02 -4.594e+02 3.637e+02 -2.641e+02 6.591e+02
6.850e+02 -4.595e+02 3.638e+02 -2.643e+02 6.593e+02
6.860e+02 -4.596e+02 3.639e+02 -2.645e+02 6.595e+02
6.870e+02 -4.597e+02 3.640e+02 -2.648e+02 6.596e+02
6.880e+02 -4.597e+02 3.641e+02 -2.650e+02 6.598e+02
6.890e+02 -4.598e+02 3.642e+02 -2.653e+02 6.600e+02
6.900e+02 -4.599e+02 3.643e+02 -2.655e+02 6.602e+02
6.910e+02 -4.600e+02 3.644e+02 -2.658e+02 6.603e+02
6.920e+02 -4.601e+02 3.645e+02 -2.660e+02 6.605e+02
6.930e+02 -4.602e+02 3.646e+02 -2.662e+02 6.607e+02
6.940e+02 -4.603e+02 3.647e+02 -2.665e+02 6.609e+02
6.950e+02 -4.604e+02 3.648e+02 -2.667e+02 6.611e+02
6.960e+02 -4.605e+02 3.649e+02 -2.670e+02 6.612e+02
6.970e+02 -4.606e+02 3.650e+02 -2.672e+02 6.614e+02
6.980e+02 -4.607e+02 3.651e+02 -2.674e+02 6.616e+02
6.990e+02 -4.608e+02 3.652e+02 -2.677e+02 6.618e+02
7.000e+02 -4.609e+02 3.653e+02 -2.679e+02 6.620e+02
7.010e+02 -4.610e+02 3.654e+02 -2.682e+02 6.622e+02
7.020e+02 -4.611e+02 3.655e+02 -2.684e+02 6.624e+02
7.030e+02 -4.613e+02 3.656e+02 -2.686e+02 6.625e+02
7.040e+02 -4.614e+02 3.657e+02 -2.689e+02 6.627e+02
7.050e+02 -4.615e+02 3.658e+02 -2.691e+02 6.629e+02
7.060e+02 -4.616e+02 3.659e+02 -2.694e+02 6.631e+02
7.070e+02 -4.617e+02 3.660e+02 -2.696e+02 6.633e+02
7.080e+02 -4.618e+02 3.661e+02 -2.698e+02 6.635e+02
7.090e+02 -4.619e+02 3.662e+02 -2.701e+02 6.637e+02
7.100e+02 -4.620e+02 3.662e+02 -2.703e+02 6.639e+02
7.110e+02 -4.622e+02 3.663e+02 -2.705e+02 6.641e+02
7.120e+02 -4.623e+02 3.664e+02 -2.708e+02 6.643e+02
7.130e+02 -4.624e+02 3.665e+02 -2.710e+02 6.645e+02
7.140e+02 -4.625e+02 3.666e+02 -2.712e+02 6.647e+02
7.150e+02 -4.626e+02 3.667e+02 -2.715e+02 6.649e+02
7.160e+02 -4.627e+02 3.668e+02 -2.717e+02 6.651e+02
7.170e+02 -4.629e+02 3.669e+02 -2.720e+02 6.653e+02
7.180e+02 -4.630e+02 3.670e+02 -2.722e+02 6.655e+02
7.190e+02 -4.631e+02 3.671e+02 -2.724e+02 6.657e+02
7.200e+02 -4.632e+02 3.672e+02 -2.727e+02 6.660e+02
7.210e+02 -4.633e+02 3.673e+02 -2.729e+02 6.662e+02
7.220e+02 -4.635e+02 3.674e+02 -2.731e+02 6.664e+02
7.230e+02 -4.636e+02 3.675e+02 -2.734e+02 6.666e+02
7.240e+02 -4.637e+02 3.676e+02 -2.736e+02 6.668e+02
7.250e+02 -4.638e+02 3.677e+02 -2.738e+02 6.670e+02
7.260e+02 -4.640e+02 3.678e+02 -2.741e+02 6.672e+02
7.270e+02 -4.641e+02 3.679e+02 -2.743e+02 6.674e+02
7.280e+02 -4.642e+02 3.679e+02 -2.745e+02 6.676e+02
7.290e+02 -4.643e+02 3.680e+02 -2.748e+02 6.678e+02
7.300e+02 -4.645e+02 3.681e+02 -2.750e+02 6.680e+02
7.310e+02 -4.646e+02 3.682e+02 -2.752e+02 6.683e+02
7.320e+02 -4.647e+02 3.683e+02 -2.755e+02 6.685e+02
7.330e+02 -4.648e+02 3.684e+02 -2.757e+02 6.687e+02
7.340e+02 -4.650e+02 3.685e+02 -2.759e+02 6.689e+02
7.350e+02 -4.651e+02 3.686e+02 -2.761e+02 6.691e+02
7.360e+02 -4.652e+02 3.687e+02 -2.764e+02 6.694e+02
7.370e+02 -4.653e+02 3.688e+02 -2.766e+02 6.696e+02
7.380e+02 -4.655e+02 3.689e+02 -2.768e+02 6.698e+02
7.390e+02 -4.656e+02 3.690e+02 -2.771e+02 6.700e+02
7.400e+02 -4.657e+02 3.690e+02 -2.773e+02 6.702e+02
7.410e+02 -4.659e+02 3.691e+02 -2.775e+02 6.705e+02
7.420e+02 -4.660e+02 3.692e+02 -2.777e+02 6.707e+02
7.430e+02 -4.661e+02 3.693e+02 -2.780e+02 6.709e+02
7.440e+02 -4.662e+02 3.694e+02 -2.782e+02 6.711e+02
7.450e+02 -4.664e+02 3.695e+02 -2.784e+02 6.714e+02
7.460e+02 -4.665e+02 3.696e+02 -2.787e+02 6.716e+02
7.470e+02 -4.666e+02 3.697e+02 -2.789e+02 6.718e+02
7.480e+02 -4.668e+02 3.698e+02 -2.791e+02 6.720e+02
7.490e+02 -4.669e+02 3.698e+02 -2.793e+02 6.722e+02
7.500e+02 -4.670e+02 3.699e+02 -2.796e+02 6.724e+02
7.510e+02 -4.671e+02 3.700e+02 -2.798e+02 6.727e+02
7.520e+02 -4.673e+02 3.701e+02 -2.800e+02 6.729e+02
7.530e+02 -4.674e+02 3.702e+02 -2.802e+02 6.731e+02
7.540e+02 -4.675e+02 3.703e+02 -2.805e+02 6.733e+02
7.550e+02 -4.676e+02 3.704e+02 -2.807e+02 6.735e+02
7.560e+02 -4.678e+02 3.705e+02 -2.809e+02 6.737e+02
7.570e+02 -4.679e+02 3.705e+02 -2.811e+02 6.740e+02
7.580e+02 -4.680e+02 3.706e+02 -2.813e+02 6.742e+02
7.590e+02 -4.682e+02 3.707e+02 -2.816e+02 6.744e+02
7.600e+02 -4.683e+02 3.708e+02 -2.818e+02 6.746e+02
7.610e+02 -4.684e+02 3.709e+02 -2.820e+02 6.748e+02
7.620e+02 -4.685e+02 3.710e+02 -2.822e+02 6.750e+02
7.630e+02 -4.687e+02 3.711e+02 -2.825e+02 6.752e+02
7.640e+02 -4.688e+02 3.712e+02 -2.827e+02 6.754e+02
7.650e+02 -4.689e+02 3.712e+02 -2.829e+02 6.756e+02
7.660e+02 -4.690e+02 3.713e+02 -2.831e+02 6.758e+02
7.670e+02 -4.692e+02 3.714e+02 -2.833e+02 6.761e+02
7.680e+02 -4.693e+02 3.715e+02 -2.835e+02 6.763e+02
7.690e+02 -4.694e+02 3.716e+02 -2.838e+02 6.765e+02
7.700e+02 -4.695e+02 3.717e+02 -2.840e+02 6.767e+02
7.710e+02 -4.696e+02 3.717e+02 -2.842e+02 6.769e+02
7.720e+02 -4.698e+02 3.718e+02 -2.844e+02 6.771e+02
7.730e+02 -4.699e+02 3.719e+02 -2.846e+02 6.773e+02
7.740e+02 -4.700e+02 3.720e+02 -2.849e+02 6.775e+02
7.750e+02 -4.701e+02 3.721e+02 -2.851e+02 6.777e+02
7.760e+02 -4.703e+02 3.722e+02 -2.853e+02 6.779e+02
7.770e+02 -4.704e+02 3.723e+02 -2.855e+02 6.781e+02
7.780e+02 -4.705e+02 3.723e+02 -2.857e+02 6.783e+02
7.790e+02 -4.706e+02 3.724e+02 -2.859e+02 6.785e+02
7.800e+02 -4.707e+02 3.725e+02 -2.862e+02 6.787e+02
7.810e+02 -4.708e+02 3.726e+02 -2.864e+02 6.788e+02
7.820e+02 -4.710e+02 3.727e+02 -2.866e+02 6.790e+02
7.830e+02 -4.711e+02 3.728e+02 -2.868e+02 6.792e+02
7.840e+02 -4.712e+02 3.728e+02 -2.870e+02 6.794e+02
7.850e+02 -4.713e+02 3.729e+02 -2.872e+02 6.796e+02
7.860e+02 -4.714e+02 3.730e+02 -2.874e+02 6.798e+02
7.870e+02 -4.715e+02 3.731e+02 -2.876e+02 6.800e+02
7.880e+02 -4.717e+02 3.732e+02 -2.879e+02 6.802e+02
7.890e+02 -4.718e+02 3.732e+02 -2.881e+02 6.804e+02
7.900e+02 -4.719e+02 3.733e+02 -2.883e+02 6.805e+02
7.910e+02 -4.720e+02 3.734e+02 -2.885e+02 6.807e+02
7.920e+02 -4.721e+02 3.735e+02 -2.887e+02 6.809e+02
7.930e+02 -4.722e+02 3.736e+02 -2.889e+02 6.811e+02
7.940e+02 -4.723e+02 3.737e+02 -2.891e+02 6.813e+02
7.950e+02 -4.725e+02 3.737e+02 -2.893e+02 6.815e+02
7.960e+02 -4.726e+02 3.738e+02 -2.895e+02 6.816e+02
7.970e+02 -4.727e+02 3.739e+02 -2.898e+02 6.818e+02
7.980e+02 -4.728e+02 3.740e+02 -2.900e+02 6.820e+02
7.990e+02 -4.729e+02 3.741e+02 -2.902e+02 6.822e+02
8.000e+02 -4.730e+02 3.741e+02 -2.904e+02 6.823e+02
8.010e+02 -4.731e+02 3.742e+02 -2.906e+02 6.825e+02
8.020e+02 -4.732e+02 3.743e+02 -2.908e+02 6.827e+02
8.030e+02 -4.733e+02 3.744e+02 -2.910e+02 6.829e+02
8.040e+02 -4.734e+02 3.745e+02 -2.912e+02 6.830e+02
8.050e+02 -4.735e+02 3.745e+02 -2.914e+02 6.832e+02
8.060e+02 -4.737e+02 3.746e+02 -2.916e+02 6.834e+02
8.070e+02 -4.738e+02 3.747e+02 -2.918e+02 6.835e+02
8.080e+02 -4.739e+02 3.748e+02 -2.920e+02 6.837e+02
8.090e+02 -4.740e+02 3.749e+02 -2.923e+02 6.839e+02
8.100e+02 -4.741e+02 3.749e+02 -2.925e+02 6.840e+02
8.110e+02 -4.742e+02 3.750e+02 -2.927e+02 6.842e+02
8.120e+02 -4.743e+02 3.751e+02 -2.929e+02 6.844e+02
8.130e+02 -4.744e+02 3.752e+02 -2.931e+02 6.845e+02
8.140e+02 -4.745e+02 3.753e+02 -2.933e+02 6.847e+02
8.150e+02 -4.746e+02 3.753e+02 -2.935e+02 6.849e+02
8.160e+02 -4.747e+02 3.754e+02 -2.937e+02 6.850e+02
8.170e+02 -4.748e+02 3.755e+02 -2.939e+02 6.852e+02
8.180e+02 -4.749e+02 3.756e+02 -2.941e+02 6.853e+02
8.190e+02 -4.750e+02 3.756e+02 -2.943e+02 6.855e+02
8.200e+02 -4.751e+02 3.757e+02 -2.945e+02 6.856e+02
8.210e+02 -4.752e+02 3.758e+02 -2.947e+02 6.858e+02
8.220e+02 -4.753e+02 3.759e+02 -2.949e+02 6.860e+02
8.230e+02 -4.754e+02 3.760e+02 -2.951e+02 6.861e+02
8.240e+02 -4.755e+02 3.760e+02 -2.953e+02 6.863e+02
8.250e+02 -4.756e+02 3.761e+02 -2.955e+02 6.864e+02
8.260e+02 -4.757e+02 3.762e+02 -2.957e+02 6.866e+02
8.270e+02 -4.758e+02 3.763e+02 -2.959e+02 6.867e+02
8.280e+02 -4.759e+02 3.763e+02 -2.961e+02 6.869e+02
8.290e+02 -4.760e+02 3.764e+02 -2.963e+02 6.870e+02
8.300e+02 -4.760e+02 3.765e+02 -2.965e+02 6.872e+02
8.310e+02 -4.761e+02 3.766e+02 -2.967e+02 6.873e+02
8.320e+02 -4.762e+02 3.766e+02 -2.970e+02 6.875e+02
8.330e+02 -4.763e+02 3.767e+02 -2.972e+02 6.876e+02
8.340e+02 -4.764e+02 3.768e+02 -2.974e+02 6.877e+02
8.350e+02 -4.765e+02 3.769e+02 -2.976e+02 6.879e+02
8.360e+02 -4.766e+02 3.770e+02 -2.978e+02 6.880e+02
8.370e+02 -4.767e+02 3.770e+02 -2.980e+02 6.882e+02
8.380e+02 -4.768e+02 3.771e+02 -2.982e+02 6.883e+02
8.390e+02 -4.769e+02 3.772e+02 -2.984e+02 6.885e+02
8.400e+02 -4.770e+02 3.773e+02 -2.986e+02 6.886e+02
8.410e+02 -4.771e+02 3.773e+02 -2.988e+02 6.887e+02
8.420e+02 -4.771e+02 3.774e+02 -2.990e+02 6.889e+02
8.430e+02 -4.772e+02 3.775e+02 -2.992e+02 6.890e+02
8.440e+02 -4.773e+02 3.776e+02 -2.994e+02 6.891e+02
8.450e+02 -4.774e+02 3.776e+02 -2.996e+02 6.893e+02
8.460e+02 -4.775e+02 3.777e+02 -2.998e+02 6.894e+02
8.470e+02 -4.776e+02 3.778e+02 -3.001e+02 6.895e+02
8.480e+02 -4.777e+02 3.779e+02 -3.003e+02 6.897e+02
8.490e+02 -4.778e+02 3.779e+02 -3.005e+02 6.898e+02
8.500e+02 -4.778e+02 3.780e+02 -3.007e+02 6.899e+02
8.510e+02 -4.779e+02 3.781e+02 -3.009e+02 6.901e+02
8.520e+02 -4.780e+02 3.782e+02 -3.011e+02 6.902e+02
8.530e+02 -4.781e+02 3.782e+02 -3.013e+02 6.903e+02
8.540e+02 -4.782e+02 3.783e+02 -3.015e+02 6.905e+02
8.550e+02 -4.783e+02 3.784e+02 -3.017e+02 6.906e+02
8.560e+02 -4.783e+02 3.785e+02 -3.019e+02 6.907e+02
8.570e+02 -4.784e+02 3.785e+02 -3.021e+02 6.908e+02
8.580e+02 -4.785e+02 3.786e+02 -3.023e+02 6.910e+02
8.590e+02 -4.786e+02 3.787e+02 -3.025e+02 6.911e+02
8.600e+02 -4.787e+02 3.787e+02 -3.027e+02 6.912e+02
8.610e+02 -4.787e+02 3.788e+02 -3.029e+02 6.914e+02
8.620e+02 -4.788e+02 3.789e+02 -3.031e+02 6.915e+02
8.630e+02 -4.789e+02 3.790e+02 -3.033e+02 6.916e+02
8.640e+02 -4.790e+02 3.790e+02 -3.035e+02 6.917e+02
8.650e+02 -4.791e+02 3.791e+02 -3.037e+02 6.918e+02
8.660e+02 -4.791e+02 3.792e+02 -3.039e+02 6.920e+02
8.670e+02 -4.792e+02 3.793e+02 -3.041e+02 6.921e+02
8.680e+02 -4.793e+02 3.793e+02 -3.043e+02 6.922e+02
8.690e+02 -4.794e+02 3.794e+02 -3.045e+02 6.923e+02
8.700e+02 -4.795e+02 3.795e+02 -3.047e+02 6.925e+02
8.710e+02 -4.795e+02 3.795e+02 -3.049e+02 6.926e+02
8.720e+02 -4.796e+02 3.796e+02 -3.051e+02 6.927e+02
8.730e+02 -4.797e+02 3.797e+02 -3.053e+02 6.928e+02
8.740e+02 -4.798e+02 3.798e+02 -3.055e+02 6.929e+02
8.750e+02 -4.798e+02 3.798e+02 -3.057e+02 6.930e+02
8.760e+02 -4.799e+02 3.799e+02 -3.059e+02 6.932e+02
8.770e+02 -4.800e+02 3.800e+02 -3.061e+02 6.933e+02
8.780e+02 -4.801e+02 3.801e+02 -3.063e+02 6.934e+02
8.790e+02 -4.801e+02 3.801e+02 -3.065e+02 6.935e+02
8.800e+02 -4.802e+02 3.802e+02 -3.067e+02 6.936e+02
8.810e+02 -4.803e+02 3.803e+02 -3.069e+02 6.937e+02
8.820e+02 -4.804e+02 3.803e+02 -3.071e+02 6.939e+02
8.830e+02 -4.804e+02 3.804e+02 -3.073e+02 6.940e+02
8.840e+02 -4.805e+02 3.805e+02 -3.074e+02 6.941e+02
8.850e+02 -4.806e+02 3.805e+02 -3.076e+02 6.942e+02
8.860e+02 -4.806e+02 3.806e+02 -3.078e+02 6.943e+02
8.870e+02 -4.807e+02 3.807e+02 -3.080e+02 6.944e+02
8.880e+02 -4.808e+02 3.808e+02 -3.082e+02 6.945e+02
8.890e+02 -4.809e+02 3.808e+02 -3.084e+02 6.946e+02
8.900e+02 -4.809e+02 3.809e+02 -3.086e+02 6.948e+02
8.910e+02 -4.810e+02 3.810e+02 -3.088e+02 6.949e+02
8.920e+02 -4.811e+02 3.810e+02 -3.090e+02 6.950e+02
8.930e+02 -4.811e+02 3.811e+02 -3.092e+02 6.951e+02
8.940e+02 -4.812e+02 3.812e+02 -3.094e+02 6.952e+02
8.950e+02 -4.813e+02 3.813e+02 -3.096e+02 6.953e+02
8.960e+02 -4.814e+02 3.813e+02 -3.098e+02 6.954e+02
8.970e+02 -4.814e+02 3.814e+02 -3.100e+02 6.955e+02
8.980e+02 -4.815e+02 3.815e+02 -3.102e+02 6.956e+02
8.990e+02 -4.816e+02 3.815e+02 -3.104e+02 6.957e+02
9.000e+02 -4.816e+02 3.816e+02 -3.105e+02 6.958e+02
9.010e+02 -4.817e+02 3.817e+02 -3.107e+02 6.959e+02
9.020e+02 -4.818e+02 3.817e+02 -3.109e+02 6.960e+02
9.030e+02 -4.818e+02 3.818e+02 -3.111e+02 6.962e+02
9.040e+02 -4.819e+02 3.819e+02 -3.113e+02 6.963e+02
9.050e+02 -4.820e+02 3.819e+02 -3.115e+02 6.964e+02
9.060e+02 -4.820e+02 3.820e+02 -3.117e+02 6.965e+02
9.070e+02 -4.821e+02 3.821e+02 -3.119e+02 6.966e+02
9.080e+02 -4.822e+02 3.822e+02 -3.121e+02 6.967e+02
9.090e+02 -4.822e+02 3.822e+02 -3.123e+02 6.968e+02
9.100e+02 -4.823e+02 3.823e+02 -3.125e+02 6.969e+02
9.110e+02 -4.824e+02 3.824e+02 -3.127e+02 6.970e+02
9.120e+02 -4.824e+02 3.824e+02 -3.128e+02 6.971e+02
9.130e+02 -4.825e+02 3.825e+02 -3.130e+02 6.972e+02
9.140e+02 -4.826e+02 3.826e+02 -3.132e+02 6.973e+02
9.150e+02 -4.826e+02 3.826e+02 -3.134e+02 6.974e+02
9.160e+02 -4.827e+02 3.827e+02 -3.136e+02 6.975e+02
9.170e+02 -4.828e+02 3.828e+02 -3.138e+02 6.976e+02
9.180e+02 -4.828e+02 3.828e+02 -3.140e+02 6.977e+02
9.190e+02 -4.829e+02 3.829e+02 -3.142e+02 6.978e+02
9.200e+02 -4.830e+02 3.830e+02 -3.144e+02 6.979e+02
9.210e+02 -4.830e+02 3.830e+02 -3.145e+02 6.980e+02
9.220e+02 -4.831e+02 3.831e+02 -3.147e+02 6.981e+02
9.230e+02 -4.831e+02 3.832e+02 -3.149e+02 6.982e+02
9.240e+02 -4.832e+02 3.832e+02 -3.151e+02 6.983e+02
9.250e+02 -4.833e+02 3.833e+02 -3.153e+02 6.984e+02
9.260e+02 -4.833e+02 3.834e+02 -3.155e+02 6.985e+02
9.270e+02 -4.834e+02 3.834e+02 -3.157e+02 6.986e+02
9.280e+02 -4.835e+02 3.835e+02 -3.159e+02 6.987e+02
9.290e+02 -4.835e+02 3.836e+02 -3.160e+02 6.988e+02
9.300e+02 -4.836e+02 3.836e+02 -3.162e+02 6.989e+02
9.310e+02 -4.836e+02 3.837e+02 -3.164e+02 6.990e+02
9.320e+02 -4.837e+02 3.838e+02 -3.166e+02 6.991e+02
9.330e+02 -4.838e+02 3.838e+02 -3.168e+02 6.993e+02
9.340e+02 -4.838e+02 3.839e+02 -3.170e+02 6.994e+02
9.350e+02 -4.839e+02 3.840e+02 -3.172e+02 6.995e+02
9.360e+02 -4.840e+02 3.840e+02 -3.173e+02 6.996e+02
9.370e+02 -4.840e+02 3.841e+02 -3.175e+02 6.997e+02
9.380e+02 -4.841e+02 3.842e+02 -3.177e+02 6.998e+02
9.390e+02 -4.841e+02 3.842e+02 -3.179e+02 6.999e+02
9.400e+02 -4.842e+02 3.843e+02 -3.181e+02 7.000e+02
9.410e+02 -4.843e+02 3.844e+02 -3.183e+02 7.001e+02
9.420e+02 -4.843e+02 3.844e+02 -3.184e+02 7.002e+02
9.430e+02 -4.844e+02 3.845e+02 -3.186e+02 7.003e+02
9.440e+02 -4.844e+02 3.846e+02 -3.188e+02 7.004e+02
9.450e+02 -4.845e+02 3.846e+02 -3.190e+02 7.005e+02
9.460e+02 -4.846e+02 3.847e+02 -3.192e+02 7.006e+02
9.470e+02 -4.846e+02 3.848e+02 -3.194e+02 7.007e+02
9.480e+02 -4.847e+02 3.848e+02 -3.196e+02 7.008e+02
9.490e+02 -4.847e+02 3.849e+02 -3.197e+02 7.009e+02
9.500e+02 -4.848e+02 3.850e+02 -3.199e+02 7.010e+02
9.510e+02 -4.849e+02 3.850e+02 -3.201e+02 7.011e+02
9.520e+02 -4.849e+02 3.851e+02 -3.203e+02 7.012e+02
9.530e+02 -4.850e+02 3.852e+02 -3.205e+02 7.013e+02
9.540e+02 -4.850e+02 3.852e+02 -3.206e+02 7.014e+02
9.550e+02 -4.851e+02 3.853e+02 -3.208e+02 7.015e+02
9.560e+02 -4.852e+02 3.854e+02 -3.210e+02 7.016e+02
9.570e+02 -4.852e+02 3.854e+02 -3.212e+02 7.017e+02
9.580e+02 -4.853e+02 3.855e+02 -3.214e+02 7.018e+02
9.590e+02 -4.853e+02 3.856e+02 -3.216e+02 7.019e+02
9.600e+02 -4.854e+02 3.856e+02 -3.217e+02 7.020e+02
9.610e+02 -4.855e+02 3.857e+02 -3.219e+02 7.021e+02
9.620e+02 -4.855e+02 3.858e+02 -3.221e+02 7.022e+02
9.630e+02 -4.856e+02 3.858e+02 -3.223e+02 7.023e+02
9.640e+02 -4.856e+02 3.859e+02 -3.225e+02 7.024e+02
9.650e+02 -4.857e+02 3.859e+02 -3.226e+02 7.025e+02
9.660e+02 -4.857e+02 3.860e+02 -3.228e+02 7.026e+02
9.670e+02 -4.858e+02 3.861e+02 -3.230e+02 7.027e+02
9.680e+02 -4.859e+02 3.861e+02 -3.232e+02 7.028e+02
9.690e+02 -4.859e+02 3.862e+02 -3.234e+02 7.029e+02
9.700e+02 -4.860e+02 3.863e+02 -3.235e+02 7.030e+02
9.710e+02 -4.860e+02 3.863e+02 -3.237e+02 7.031e+02
