0 1.1202e-05 8.8793e-01
1 1.1164e-05 8.8792e-01
2 1.1113e-05 8.8792e-01
3 1.1059e-05 8.8791e-01
4 1.1005e-05 8.8791e-01
5 1.0952e-05 8.8791e-01
6 1.0899e-05 8.8791e-01
7 1.0846e-05 8.8791e-01
8 1.0793e-05 8.8791e-01
9 1.0741e-05 8.8791e-01
10 1.0690e-05 8.8791e-01
11 1.0640e-05 8.8791e-01
12 1.0592e-05 8.8791e-01
13 1.0544e-05 8.8791e-01
14 1.0499e-05 8.8792e-01
15 1.0456e-05 8.8792e-01
16 1.0415e-05 8.8792e-01
17 1.0376e-05 8.8792e-01
18 1.0340e-05 8.8792e-01
19 1.0307e-05 8.8792e-01
20 1.0276e-05 8.8793e-01
21 1.0248e-05 8.8793e-01
22 1.0222e-05 8.8793e-01
23 1.0200e-05 8.8793e-01
24 1.0179e-05 8.8793e-01
25 1.0161e-05 8.8793e-01
26 1.0146e-05 8.8794e-01
27 1.0133e-05 8.8794e-01
28 1.0122e-05 8.8794e-01
29 1.0114e-05 8.8794e-01
30 1.0107e-05 8.8794e-01
31 1.0102e-05 8.8794e-01
32 1.0099e-05 8.8795e-01
33 1.0098e-05 8.8795e-01
34 1.0099e-05 8.8795e-01
35 1.0102e-05 8.8795e-01
36 1.0106e-05 8.8795e-01
37 1.0112e-05 8.8796e-01
38 1.0119e-05 8.8796e-01
39 1.0128e-05 8.8796e-01
40 1.0138e-05 8.8796e-01
41 1.0149e-05 8.8796e-01
42 1.0161e-05 8.8796e-01
43 1.0174e-05 8.8797e-01
44 1.0188e-05 8.8797e-01
45 1.0202e-05 8.8797e-01
46 1.0216e-05 8.8797e-01
47 1.0231e-05 8.8797e-01
48 1.0246e-05 8.8798e-01
49 1.0261e-05 8.8798e-01
50 1.0276e-05 8.8798e-01
51 1.0291e-05 8.8798e-01
52 1.0306e-05 8.8799e-01
53 1.0320e-05 8.8799e-01
54 1.0335e-05 8.8799e-01
55 1.0348e-05 8.8799e-01
56 1.0362e-05 8.8800e-01
57 1.0375e-05 8.8800e-01
58 1.0387e-05 8.8800e-01
59 1.0399e-05 8.8801e-01
60 1.0411e-05 8.8801e-01
61 1.0421e-05 8.8801e-01
62 1.0432e-05 8.8801e-01
63 1.0442e-05 8.8802e-01
64 1.0451e-05 8.8802e-01
65 1.0460e-05 8.8802e-01
66 1.0469e-05 8.8803e-01
67 1.0477e-05 8.8803e-01
68 1.0485e-05 8.8803e-01
69 1.0493e-05 8.8804e-01
70 1.0500e-05 8.8804e-01
71 1.0507e-05 8.8805e-01
72 1.0514e-05 8.8805e-01
73 1.0520e-05 8.8805e-01
74 1.0527e-05 8.8806e-01
75 1.0533e-05 8.8806e-01
76 1.0540e-05 8.8807e-01
77 1.0546e-05 8.8807e-01
78 1.0552e-05 8.8807e-01
79 1.0558e-05 8.8808e-01
80 1.0565e-05 8.8808e-01
81 1.0571e-05 8.8809e-01
82 1.0577e-05 8.8809e-01
83 1.0584e-05 8.8810e-01
84 1.0590e-05 8.8810e-01
85 1.0597e-05 8.8811e-01
86 1.0603e-05 8.8811e-01
87 1.0610e-05 8.8812e-01
88 1.0617e-05 8.8812e-01
89 1.0623e-05 8.8813e-01
90 1.0630e-05 8.8813e-01
91 1.0637e-05 8.8814e-01
92 1.0644e-05 8.8814e-01
93 1.0651e-05 8.8815e-01
94 1.0658e-05 8.8815e-01
95 1.0665e-05 8.8816e-01
96 1.0671e-05 8.8816e-01
97 1.0678e-05 8.8817e-01
98 1.0685e-05 8.8818e-01
99 1.0692e-05 8.8818e-01
100 1.0699e-05 8.8819e-01
101 1.0706e-05 8.8819e-01
102 1.0712e-05 8.8820e-01
103 1.0719e-05 8.8820e-01
104 1.0725e-05 8.8821e-01
105 1.0732e-05 8.8822e-01
106 1.0738e-05 8.8822e-01
107 1.0744e-05 8.8823e-01
108 1.0750e-05 8.8824e-01
109 1.0756e-05 8.8824e-01
110 1.0762e-05 8.8825e-01
111 1.0768e-05 8.8826e-01
112 1.0774e-05 8.8826e-01
113 1.0780e-05 8.8827e-01
114 1.0785e-05 8.8828e-01
115 1.0791e-05 8.8828e-01
116 1.0796e-05 8.8829e-01
117 1.0801e-05 8.8830e-01
118 1.0771e-05 8.8831e-01
119 1.0732e-05 8.8831e-01
120 1.0693e-05 8.8832e-01
121 1.0655e-05 8.8833e-01
122 1.0617e-05 8.8834e-01
123 1.0580e-05 8.8834e-01
124 1.0544e-05 8.8835e-01
125 1.0509e-05 8.8836e-01
126 1.0475e-05 8.8837e-01
127 1.0443e-05 8.8837e-01
128 1.0413e-05 8.8838e-01
129 1.0385e-05 8.8839e-01
130 1.0360e-05 8.8840e-01
131 1.0337e-05 8.8841e-01
132 1.0318e-05 8.8842e-01
133 1.0301e-05 8.8842e-01
134 1.0289e-05 8.8843e-01
135 1.0281e-05 8.8844e-01
136 1.0277e-05 8.8845e-01
137 1.0277e-05 8.8846e-01
138 1.0283e-05 8.8847e-01
139 1.0293e-05 8.8848e-01
140 1.0309e-05 8.8848e-01
141 1.0329e-05 8.8849e-01
142 1.0355e-05 8.8850e-01
143 1.0384e-05 8.8851e-01
144 1.0418e-05 8.8852e-01
145 1.0455e-05 8.8853e-01
146 1.0495e-05 8.8854e-01
147 1.0537e-05 8.8855e-01
148 1.0580e-05 8.8856e-01
149 1.0623e-05 8.8857e-01
150 1.0667e-05 8.8858e-01
151 1.0709e-05 8.8859e-01
152 1.0751e-05 8.8859e-01
153 1.0791e-05 8.8860e-01
154 1.0829e-05 8.8861e-01
155 1.0864e-05 8.8862e-01
156 1.0898e-05 8.8863e-01
157 1.0929e-05 8.8864e-01
158 1.0958e-05 8.8865e-01
159 1.0985e-05 8.8866e-01
160 1.0992e-05 8.8867e-01
161 1.0996e-05 8.8868e-01
162 1.0999e-05 8.8869e-01
163 1.1003e-05 8.8870e-01
164 1.1007e-05 8.8871e-01
165 1.1010e-05 8.8872e-01
166 1.1014e-05 8.8873e-01
167 1.1017e-05 8.8874e-01
168 1.1021e-05 8.8875e-01
169 1.1024e-05 8.8876e-01
170 1.1028e-05 8.8877e-01
171 1.1031e-05 8.8878e-01
172 1.1035e-05 8.8879e-01
173 1.1038e-05 8.8881e-01
174 1.1041e-05 8.8882e-01
175 1.1044e-05 8.8883e-01
176 1.1047e-05 8.8884e-01
177 1.1051e-05 8.8885e-01
178 1.1054e-05 8.8886e-01
179 1.1057e-05 8.8887e-01
180 1.1060e-05 8.8888e-01
181 1.1063e-05 8.8889e-01
182 1.1066e-05 8.8890e-01
183 1.1069e-05 8.8891e-01
184 1.1072e-05 8.8892e-01
185 1.1074e-05 8.8893e-01
186 1.1077e-05 8.8894e-01
187 1.1080e-05 8.8896e-01
188 1.1082e-05 8.8897e-01
189 1.1085e-05 8.8898e-01
190 1.1087e-05 8.8899e-01
191 1.1090e-05 8.8900e-01
192 1.1092e-05 8.8901e-01
193 1.1095e-05 8.8902e-01
194 1.1097e-05 8.8903e-01
195 1.1099e-05 8.8905e-01
196 1.1101e-05 8.8906e-01
197 1.1103e-05 8.8907e-01
198 1.1105e-05 8.8908e-01
199 1.1107e-05 8.8909e-01
200 1.1109e-05 8.8910e-01
201 1.1111e-05 8.8911e-01
202 1.1112e-05 8.8913e-01
203 1.1114e-05 8.8914e-01
204 1.1115e-05 8.8915e-01
205 1.1117e-05 8.8916e-01
206 1.1118e-05 8.8917e-01
207 1.1119e-05 8.8918e-01
208 1.1120e-05 8.8920e-01
209 1.1121e-05 8.8921e-01
210 1.1122e-05 8.8922e-01
211 1.1123e-05 8.8923e-01
212 1.1124e-05 8.8924e-01
213 1.1125e-05 8.8926e-01
214 1.1125e-05 8.8927e-01
215 1.1126e-05 8.8928e-01
216 1.1126e-05 8.8929e-01
217 1.1127e-05 8.8930e-01
218 1.1127e-05 8.8932e-01
219 1.1127e-05 8.8933e-01
220 1.1127e-05 8.8934e-01
221 1.1128e-05 8.8935e-01
222 1.1128e-05 8.8936e-01
223 1.1127e-05 8.8938e-01
224 1.1127e-05 8.8939e-01
225 1.1127e-05 8.8940e-01
226 1.1127e-05 8.8941e-01
227 1.1126e-05 8.8942e-01
228 1.1126e-05 8.8944e-01
229 1.1126e-05 8.8945e-01
230 1.1125e-05 8.8946e-01
231 1.1125e-05 8.8947e-01
232 1.1124e-05 8.8949e-01
233 1.1123e-05 8.8950e-01
234 1.1123e-05 8.8951e-01
235 1.1122e-05 8.8952e-01
236 1.1121e-05 8.8953e-01
237 1.1120e-05 8.8955e-01
238 1.1119e-05 8.8956e-01
239 1.1118e-05 8.8957e-01
240 1.1117e-05 8.8958e-01
241 1.1116e-05 8.8960e-01
242 1.1115e-05 8.8961e-01
243 1.1114e-05 8.8962e-01
244 1.1113e-05 8.8963e-01
245 1.1112e-05 8.8964e-01
246 1.1111e-05 8.8966e-01
247 1.1110e-05 8.8967e-01
248 1.1108e-05 8.8968e-01
249 1.1107e-05 8.8969e-01
250 1.1106e-05 8.8971e-01
251 1.1105e-05 8.8972e-01
252 1.1103e-05 8.8973e-01
253 1.1102e-05 8.8974e-01
254 1.1101e-05 8.8976e-01
255 1.1099e-05 8.8977e-01
256 1.1098e-05 8.8978e-01
257 1.1097e-05 8.8979e-01
258 1.1095e-05 8.8980e-01
259 1.1094e-05 8.8982e-01
260 1.1092e-05 8.8983e-01
261 1.1091e-05 8.8984e-01
262 1.1090e-05 8.8985e-01
263 1.1088e-05 8.8987e-01
264 1.1087e-05 8.8988e-01
265 1.1085e-05 8.8989e-01
266 1.1084e-05 8.8990e-01
267 1.1082e-05 8.8992e-01
268 1.1081e-05 8.8993e-01
269 1.1079e-05 8.8994e-01
270 1.1078e-05 8.8995e-01
271 1.1076e-05 8.8997e-01
272 1.1075e-05 8.8998e-01
273 1.1073e-05 8.8999e-01
274 1.1071e-05 8.9000e-01
275 1.1070e-05 8.9001e-01
276 1.1068e-05 8.9003e-01
277 1.1067e-05 8.9004e-01
278 1.1065e-05 8.9005e-01
279 1.1064e-05 8.9006e-01
280 1.1062e-05 8.9008e-01
281 1.1060e-05 8.9009e-01
282 1.1059e-05 8.9010e-01
283 1.1057e-05 8.9011e-01
284 1.1056e-05 8.9013e-01
285 1.1054e-05 8.9014e-01
286 1.1053e-05 8.9015e-01
287 1.1051e-05 8.9016e-01
288 1.1050e-05 8.9018e-01
289 1.1048e-05 8.9019e-01
290 1.1046e-05 8.9020e-01
291 1.1045e-05 8.9021e-01
292 1.1043e-05 8.9022e-01
293 1.1042e-05 8.9024e-01
294 1.1040e-05 8.9025e-01
295 1.1039e-05 8.9026e-01
296 1.1037e-05 8.9027e-01
297 1.1036e-05 8.9029e-01
298 1.1034e-05 8.9030e-01
299 1.1032e-05 8.9031e-01
300 1.1031e-05 8.9032e-01
301 1.1029e-05 8.9034e-01
302 1.1028e-05 8.9035e-01
303 1.1026e-05 8.9036e-01
304 1.1025e-05 8.9037e-01
305 1.1023e-05 8.9038e-01
306 1.1022e-05 8.9040e-01
307 1.1020e-05 8.9041e-01
308 1.1018e-05 8.9042e-01
309 1.1017e-05 8.9043e-01
310 1.1015e-05 8.9045e-01
311 1.1014e-05 8.9046e-01
312 1.1012e-05 8.9047e-01
313 1.1011e-05 8.9048e-01
314 1.1009e-05 8.9050e-01
315 1.1007e-05 8.9051e-01
316 1.1006e-05 8.9052e-01
317 1.1004e-05 8.9053e-01
318 1.1002e-05 8.9054e-01
319 1.1001e-05 8.9056e-01
320 1.0999e-05 8.9057e-01
321 1.0997e-05 8.9058e-01
322 1.0996e-05 8.9059e-01
323 1.0994e-05 8.9061e-01
324 1.0992e-05 8.9062e-01
325 1.0990e-05 8.9063e-01
326 1.0989e-05 8.9064e-01
327 1.0987e-05 8.9066e-01
328 1.0985e-05 8.9067e-01
329 1.0983e-05 8.9068e-01
330 1.0981e-05 8.9069e-01
331 1.0979e-05 8.9070e-01
332 1.0978e-05 8.9072e-01
333 1.0976e-05 8.9073e-01
334 1.0974e-05 8.9074e-01
335 1.0972e-05 8.9075e-01
336 1.0970e-05 8.9077e-01
337 1.0968e-05 8.9078e-01
338 1.0966e-05 8.9079e-01
339 1.0964e-05 8.9080e-01
340 1.0962e-05 8.9082e-01
341 1.0960e-05 8.9083e-01
342 1.0958e-05 8.9084e-01
343 1.0956e-05 8.9085e-01
344 1.0954e-05 8.9086e-01
345 1.0952e-05 8.9088e-01
346 1.0950e-05 8.9089e-01
347 1.0948e-05 8.9090e-01
348 1.0946e-05 8.9091e-01
349 1.0944e-05 8.9093e-01
350 1.0942e-05 8.9094e-01
351 1.0940e-05 8.9095e-01
352 1.0938e-05 8.9096e-01
353 1.0936e-05 8.9097e-01
354 1.0934e-05 8.9099e-01
355 1.0932e-05 8.9100e-01
356 1.0930e-05 8.9101e-01
357 1.0928e-05 8.9102e-01
358 1.0926e-05 8.9103e-01
359 1.0924e-05 8.9105e-01
360 1.0922e-05 8.9106e-01
361 1.0920e-05 8.9107e-01
362 1.0918e-05 8.9108e-01
363 1.0916e-05 8.9110e-01
364 1.0914e-05 8.9111e-01
365 1.0912e-05 8.9112e-01
366 1.0910e-05 8.9113e-01
367 1.0908e-05 8.9114e-01
368 1.0906e-05 8.9116e-01
369 1.0904e-05 8.9117e-01
370 1.0902e-05 8.9118e-01
371 1.0900e-05 8.9119e-01
372 1.0898e-05 8.9120e-01
373 1.0896e-05 8.9122e-01
374 1.0894e-05 8.9123e-01
375 1.0892e-05 8.9124e-01
376 1.0890e-05 8.9125e-01
377 1.0889e-05 8.9126e-01
378 1.0887e-05 8.9128e-01
379 1.0885e-05 8.9129e-01
380 1.0883e-05 8.9130e-01
381 1.0881e-05 8.9131e-01
382 1.0880e-05 8.9132e-01
383 1.0878e-05 8.9133e-01
384 1.0876e-05 8.9135e-01
385 1.0874e-05 8.9136e-01
386 1.0873e-05 8.9137e-01
387 1.0871e-05 8.9138e-01
388 1.0869e-05 8.9139e-01
389 1.0867e-05 8.9141e-01
390 1.0866e-05 8.9142e-01
391 1.0864e-05 8.9143e-01
392 1.0862e-05 8.9144e-01
393 1.0861e-05 8.9145e-01
394 1.0859e-05 8.9146e-01
395 1.0858e-05 8.9148e-01
396 1.0856e-05 8.9149e-01
397 1.0855e-05 8.9150e-01
398 1.0853e-05 8.9151e-01
399 1.0852e-05 8.9152e-01
400 1.0850e-05 8.9154e-01
401 1.0849e-05 8.9155e-01
402 1.0847e-05 8.9156e-01
403 1.0846e-05 8.9157e-01
404 1.0844e-05 8.9158e-01
405 1.0843e-05 8.9159e-01
406 1.0841e-05 8.9161e-01
407 1.0840e-05 8.9162e-01
408 1.0839e-05 8.9163e-01
409 1.0837e-05 8.9164e-01
410 1.0836e-05 8.9165e-01
411 1.0835e-05 8.9166e-01
412 1.0834e-05 8.9167e-01
413 1.0832e-05 8.9169e-01
414 1.0831e-05 8.9170e-01
415 1.0830e-05 8.9171e-01
416 1.0829e-05 8.9172e-01
417 1.0828e-05 8.9173e-01
418 1.0827e-05 8.9174e-01
419 1.0826e-05 8.9176e-01
420 1.0824e-05 8.9177e-01
421 1.0823e-05 8.9178e-01
422 1.0822e-05 8.9179e-01
423 1.0822e-05 8.9180e-01
424 1.0821e-05 8.9181e-01
425 1.0820e-05 8.9183e-01
426 1.0819e-05 8.9184e-01
427 1.0818e-05 8.9185e-01
428 1.0817e-05 8.9186e-01
429 1.0816e-05 8.9187e-01
430 1.0816e-05 8.9188e-01
431 1.0815e-05 8.9189e-01
432 1.0814e-05 8.9191e-01
433 1.0814e-05 8.9192e-01
434 1.0813e-05 8.9193e-01
435 1.0813e-05 8.9194e-01
436 1.0812e-05 8.9195e-01
437 1.0812e-05 8.9196e-01
438 1.0811e-05 8.9197e-01
439 1.0811e-05 8.9199e-01
440 1.0810e-05 8.9200e-01
441 1.0810e-05 8.9201e-01
442 1.0810e-05 8.9202e-01
443 1.0810e-05 8.9203e-01
444 1.0809e-05 8.9204e-01
445 1.0809e-05 8.9205e-01
446 1.0809e-05 8.9207e-01
447 1.0809e-05 8.9208e-01
448 1.0809e-05 8.9209e-01
449 1.0809e-05 8.9210e-01
450 1.0809e-05 8.9211e-01
451 1.0809e-05 8.9212e-01
452 1.0809e-05 8.9214e-01
453 1.0809e-05 8.9215e-01
454 1.0810e-05 8.9216e-01
455 1.0810e-05 8.9217e-01
456 1.0810e-05 8.9218e-01
457 1.0810e-05 8.9219e-01
458 1.0811e-05 8.9220e-01
459 1.0811e-05 8.9222e-01
460 1.0811e-05 8.9223e-01
461 1.0812e-05 8.9224e-01
462 1.0812e-05 8.9225e-01
463 1.0813e-05 8.9226e-01
464 1.0813e-05 8.9227e-01
465 1.0814e-05 8.9229e-01
466 1.0814e-05 8.9230e-01
467 1.0815e-05 8.9231e-01
468 1.0816e-05 8.9232e-01
469 1.0816e-05 8.9233e-01
470 1.0817e-05 8.9234e-01
471 1.0818e-05 8.9236e-01
472 1.0818e-05 8.9237e-01
473 1.0819e-05 8.9238e-01
474 1.0820e-05 8.9239e-01
475 1.0820e-05 8.9240e-01
476 1.0821e-05 8.9241e-01
477 1.0822e-05 8.9243e-01
478 1.0822e-05 8.9244e-01
479 1.0823e-05 8.9245e-01
480 1.0824e-05 8.9246e-01
481 1.0825e-05 8.9247e-01
482 1.0825e-05 8.9248e-01
483 1.0826e-05 8.9250e-01
484 1.0827e-05 8.9251e-01
485 1.0828e-05 8.9252e-01
486 1.0828e-05 8.9253e-01
487 1.0829e-05 8.9254e-01
488 1.0830e-05 8.9256e-01
489 1.0830e-05 8.9257e-01
490 1.0831e-05 8.9258e-01
491 1.0832e-05 8.9259e-01
492 1.0832e-05 8.9260e-01
493 1.0833e-05 8.9262e-01
494 1.0833e-05 8.9263e-01
495 1.0834e-05 8.9264e-01
496 1.0835e-05 8.9265e-01
497 1.0835e-05 8.9266e-01
498 1.0836e-05 8.9268e-01
499 1.0836e-05 8.9269e-01
500 1.0837e-05 8.9270e-01
501 1.0837e-05 8.9271e-01
502 1.0838e-05 8.9272e-01
503 1.0838e-05 8.9274e-01
504 1.0839e-05 8.9275e-01
505 1.0839e-05 8.9276e-01
506 1.0840e-05 8.9277e-01
507 1.0840e-05 8.9278e-01
508 1.0841e-05 8.9280e-01
509 1.0841e-05 8.9281e-01
510 1.0841e-05 8.9282e-01
511 1.0842e-05 8.9283e-01
512 1.0842e-05 8.9285e-01
513 1.0842e-05 8.9286e-01
514 1.0843e-05 8.9287e-01
515 1.0843e-05 8.9288e-01
516 1.0843e-05 8.9289e-01
517 1.0844e-05 8.9291e-01
518 1.0844e-05 8.9292e-01
519 1.0844e-05 8.9293e-01
520 1.0845e-05 8.9294e-01
521 1.0845e-05 8.9296e-01
522 1.0845e-05 8.9297e-01
523 1.0845e-05 8.9298e-01
524 1.0846e-05 8.9299e-01
525 1.0846e-05 8.9301e-01
526 1.0846e-05 8.9302e-01
527 1.0846e-05 8.9303e-01
528 1.0847e-05 8.9304e-01
529 1.0847e-05 8.9305e-01
530 1.0847e-05 8.9307e-01
531 1.0847e-05 8.9308e-01
532 1.0848e-05 8.9309e-01
533 1.0848e-05 8.9310e-01
534 1.0848e-05 8.9312e-01
535 1.0848e-05 8.9313e-01
536 1.0848e-05 8.9314e-01
537 1.0849e-05 8.9315e-01
538 1.0849e-05 8.9317e-01
539 1.0849e-05 8.9318e-01
540 1.0849e-05 8.9319e-01
541 1.0849e-05 8.9320e-01
542 1.0850e-05 8.9322e-01
543 1.0850e-05 8.9323e-01
544 1.0850e-05 8.9324e-01
545 1.0850e-05 8.9325e-01
546 1.0850e-05 8.9327e-01
547 1.0850e-05 8.9328e-01
548 1.0850e-05 8.9329e-01
549 1.0851e-05 8.9330e-01
550 1.0851e-05 8.9332e-01
551 1.0851e-05 8.9333e-01
552 1.0851e-05 8.9334e-01
553 1.0851e-05 8.9335e-01
554 1.0851e-05 8.9337e-01
555 1.0851e-05 8.9338e-01
556 1.0851e-05 8.9339e-01
557 1.0851e-05 8.9340e-01
558 1.0852e-05 8.9342e-01
559 1.0852e-05 8.9343e-01
560 1.0852e-05 8.9344e-01
561 1.0852e-05 8.9345e-01
562 1.0852e-05 8.9347e-01
563 1.0852e-05 8.9348e-01
564 1.0852e-05 8.9349e-01
565 1.0852e-05 8.9350e-01
566 1.0852e-05 8.9352e-01
567 1.0852e-05 8.9353e-01
568 1.0852e-05 8.9354e-01
569 1.0852e-05 8.9355e-01
570 1.0852e-05 8.9357e-01
571 1.0852e-05 8.9358e-01
572 1.0852e-05 8.9359e-01
573 1.0852e-05 8.9360e-01
574 1.0852e-05 8.9362e-01
575 1.0852e-05 8.9363e-01
576 1.0852e-05 8.9364e-01
577 1.0852e-05 8.9365e-01
578 1.0852e-05 8.9366e-01
579 1.0852e-05 8.9368e-01
580 1.0851e-05 8.9369e-01
581 1.0851e-05 8.9370e-01
582 1.0851e-05 8.9371e-01
583 1.0851e-05 8.9373e-01
584 1.0851e-05 8.9374e-01
585 1.0851e-05 8.9375e-01
586 1.0851e-05 8.9376e-01
587 1.0851e-05 8.9378e-01
588 1.0851e-05 8.9379e-01
589 1.0851e-05 8.9380e-01
590 1.0851e-05 8.9381e-01
591 1.0850e-05 8.9383e-01
592 1.0850e-05 8.9384e-01
593 1.0850e-05 8.9385e-01
594 1.0850e-05 8.9386e-01
595 1.0850e-05 8.9388e-01
596 1.0850e-05 8.9389e-01
597 1.0850e-05 8.9390e-01
598 1.0850e-05 8.9391e-01
599 1.0849e-05 8.9393e-01
600 1.0849e-05 8.9394e-01
601 1.0849e-05 8.9395e-01
602 1.0849e-05 8.9396e-01
603 1.0849e-05 8.9397e-01
604 1.0849e-05 8.9399e-01
605 1.0849e-05 8.9400e-01
606 1.0848e-05 8.9401e-01
607 1.0848e-05 8.9402e-01
608 1.0848e-05 8.9404e-01
609 1.0848e-05 8.9405e-01
610 1.0848e-05 8.9406e-01
611 1.0848e-05 8.9407e-01
612 1.0848e-05 8.9408e-01
613 1.0847e-05 8.9410e-01
614 1.0847e-05 8.9411e-01
615 1.0847e-05 8.9412e-01
616 1.0847e-05 8.9413e-01
617 1.0847e-05 8.9415e-01
618 1.0846e-05 8.9416e-01
619 1.0846e-05 8.9417e-01
620 1.0846e-05 8.9418e-01
621 1.0846e-05 8.9419e-01
622 1.0846e-05 8.9421e-01
623 1.0846e-05 8.9422e-01
624 1.0845e-05 8.9423e-01
625 1.0845e-05 8.9424e-01
626 1.0845e-05 8.9425e-01
627 1.0845e-05 8.9427e-01
628 1.0845e-05 8.9428e-01
629 1.0844e-05 8.9429e-01
630 1.0844e-05 8.9430e-01
631 1.0844e-05 8.9431e-01
632 1.0844e-05 8.9433e-01
633 1.0843e-05 8.9434e-01
634 1.0843e-05 8.9435e-01
635 1.0843e-05 8.9436e-01
636 1.0843e-05 8.9437e-01
637 1.0843e-05 8.9438e-01
638 1.0842e-05 8.9440e-01
639 1.0842e-05 8.9441e-01
640 1.0842e-05 8.9442e-01
641 1.0842e-05 8.9443e-01
642 1.0841e-05 8.9444e-01
643 1.0841e-05 8.9446e-01
644 1.0841e-05 8.9447e-01
645 1.0841e-05 8.9448e-01
646 1.0840e-05 8.9449e-01
647 1.0840e-05 8.9450e-01
648 1.0840e-05 8.9451e-01
649 1.0840e-05 8.9453e-01
650 1.0839e-05 8.9454e-01
651 1.0839e-05 8.9455e-01
652 1.0839e-05 8.9456e-01
653 1.0838e-05 8.9457e-01
654 1.0838e-05 8.9458e-01
655 1.0838e-05 8.9459e-01
656 1.0838e-05 8.9461e-01
657 1.0837e-05 8.9462e-01
658 1.0837e-05 8.9463e-01
659 1.0837e-05 8.9464e-01
660 1.0836e-05 8.9465e-01
661 1.0836e-05 8.9466e-01
662 1.0836e-05 8.9467e-01
663 1.0836e-05 8.9469e-01
664 1.0835e-05 8.9470e-01
665 1.0835e-05 8.9471e-01
666 1.0835e-05 8.9472e-01
667 1.0834e-05 8.9473e-01
668 1.0834e-05 8.9474e-01
669 1.0834e-05 8.9475e-01
670 1.0833e-05 8.9476e-01
671 1.0833e-05 8.9477e-01
672 1.0833e-05 8.9479e-01
673 1.0832e-05 8.9480e-01
674 1.0832e-05 8.9481e-01
675 1.0832e-05 8.9482e-01
676 1.0831e-05 8.9483e-01
677 1.0831e-05 8.9484e-01
678 1.0831e-05 8.9485e-01
679 1.0830e-05 8.9486e-01
680 1.0830e-05 8.9487e-01
681 1.0830e-05 8.9488e-01
682 1.0829e-05 8.9489e-01
683 1.0829e-05 8.9491e-01
684 1.0829e-05 8.9492e-01
685 1.0828e-05 8.9493e-01
686 1.0828e-05 8.9494e-01
687 1.0828e-05 8.9495e-01
688 1.0827e-05 8.9496e-01
689 1.0827e-05 8.9497e-01
690 1.0827e-05 8.9498e-01
691 1.0826e-05 8.9499e-01
692 1.0826e-05 8.9500e-01
693 1.0826e-05 8.9501e-01
694 1.0825e-05 8.9502e-01
695 1.0825e-05 8.9503e-01
696 1.0825e-05 8.9504e-01
697 1.0824e-05 8.9505e-01
698 1.0824e-05 8.9506e-01
699 1.0824e-05 8.9507e-01
700 1.0823e-05 8.9508e-01
701 1.0823e-05 8.9509e-01
702 1.0823e-05 8.9510e-01
703 1.0822e-05 8.9511e-01
704 1.0822e-05 8.9512e-01
705 1.0822e-05 8.9513e-01
706 1.0821e-05 8.9514e-01
707 1.0821e-05 8.9515e-01
708 1.0820e-05 8.9516e-01
709 1.0820e-05 8.9517e-01
710 1.0820e-05 8.9518e-01
711 1.0819e-05 8.9519e-01
712 1.0819e-05 8.9520e-01
713 1.0819e-05 8.9521e-01
714 1.0818e-05 8.9522e-01
715 1.0818e-05 8.9523e-01
716 1.0818e-05 8.9524e-01
717 1.0817e-05 8.9525e-01
718 1.0817e-05 8.9526e-01
719 1.0817e-05 8.9527e-01
720 1.0816e-05 8.9528e-01
721 1.0816e-05 8.9529e-01
722 1.0815e-05 8.9530e-01
723 1.0815e-05 8.9531e-01
724 1.0815e-05 8.9532e-01
725 1.0814e-05 8.9533e-01
726 1.0814e-05 8.9534e-01
727 1.0814e-05 8.9535e-01
728 1.0813e-05 8.9536e-01
729 1.0813e-05 8.9537e-01
730 1.0813e-05 8.9537e-01
731 1.0812e-05 8.9538e-01
732 1.0812e-05 8.9539e-01
733 1.0812e-05 8.9540e-01
734 1.0811e-05 8.9541e-01
735 1.0811e-05 8.9542e-01
736 1.0811e-05 8.9543e-01
737 1.0810e-05 8.9544e-01
738 1.0810e-05 8.9545e-01
739 1.0810e-05 8.9545e-01
740 1.0809e-05 8.9546e-01
741 1.0809e-05 8.9547e-01
742 1.0808e-05 8.9548e-01
743 1.0808e-05 8.9549e-01
744 1.0808e-05 8.9550e-01
745 1.0807e-05 8.9551e-01
746 1.0807e-05 8.9552e-01
747 1.0807e-05 8.9552e-01
748 1.0806e-05 8.9553e-01
749 1.0806e-05 8.9554e-01
750 1.0806e-05 8.9555e-01
751 1.0805e-05 8.9556e-01
752 1.0805e-05 8.9557e-01
753 1.0805e-05 8.9557e-01
754 1.0804e-05 8.9558e-01
755 1.0804e-05 8.9559e-01
756 1.0804e-05 8.9560e-01
757 1.0804e-05 8.9561e-01
758 1.0803e-05 8.9561e-01
759 1.0803e-05 8.9562e-01
760 1.0803e-05 8.9563e-01
761 1.0802e-05 8.9564e-01
762 1.0802e-05 8.9565e-01
763 1.0802e-05 8.9565e-01
764 1.0801e-05 8.9566e-01
765 1.0801e-05 8.9567e-01
766 1.0801e-05 8.9568e-01
767 1.0800e-05 8.9568e-01
768 1.0800e-05 8.9569e-01
769 1.0800e-05 8.9570e-01
770 1.0799e-05 8.9571e-01
771 1.0799e-05 8.9571e-01
772 1.0799e-05 8.9572e-01
773 1.0799e-05 8.9573e-01
774 1.0798e-05 8.9574e-01
775 1.0798e-05 8.9574e-01
776 1.0798e-05 8.9575e-01
777 1.0797e-05 8.9576e-01
778 1.0797e-05 8.9577e-01
779 1.0797e-05 8.9577e-01
780 1.0797e-05 8.9578e-01
781 1.0796e-05 8.9579e-01
782 1.0796e-05 8.9579e-01
783 1.0796e-05 8.9580e-01
784 1.0795e-05 8.9581e-01
785 1.0795e-05 8.9581e-01
786 1.0795e-05 8.9582e-01
787 1.0795e-05 8.9583e-01
788 1.0794e-05 8.9583e-01
789 1.0794e-05 8.9584e-01
790 1.0794e-05 8.9585e-01
791 1.0793e-05 8.9585e-01
792 1.0793e-05 8.9586e-01
793 1.0793e-05 8.9587e-01
794 1.0793e-05 8.9587e-01
795 1.0792e-05 8.9588e-01
796 1.0792e-05 8.9589e-01
797 1.0792e-05 8.9589e-01
798 1.0792e-05 8.9590e-01
799 1.0791e-05 8.9590e-01
800 1.0791e-05 8.9591e-01
801 1.0791e-05 8.9592e-01
802 1.0791e-05 8.9592e-01
803 1.0790e-05 8.9593e-01
804 1.0790e-05 8.9593e-01
805 1.0790e-05 8.9594e-01
806 1.0790e-05 8.9595e-01
807 1.0789e-05 8.9595e-01
808 1.0789e-05 8.9596e-01
809 1.0789e-05 8.9596e-01
810 1.0789e-05 8.9597e-01
811 1.0788e-05 8.9597e-01
812 1.0788e-05 8.9598e-01
813 1.0788e-05 8.9598e-01
814 1.0788e-05 8.9599e-01
815 1.0787e-05 8.9600e-01
816 1.0787e-05 8.9600e-01
817 1.0787e-05 8.9601e-01
818 1.0787e-05 8.9601e-01
819 1.0786e-05 8.9602e-01
820 1.0786e-05 8.9602e-01
821 1.0786e-05 8.9603e-01
822 1.0786e-05 8.9603e-01
823 1.0785e-05 8.9604e-01
824 1.0785e-05 8.9604e-01
825 1.0785e-05 8.9605e-01
826 1.0785e-05 8.9605e-01
827 1.0784e-05 8.9606e-01
828 1.0784e-05 8.9606e-01
829 1.0784e-05 8.9607e-01
830 1.0784e-05 8.9607e-01
831 1.0784e-05 8.9608e-01
832 1.0783e-05 8.9608e-01
833 1.0783e-05 8.9609e-01
834 1.0783e-05 8.9609e-01
835 1.0783e-05 8.9610e-01
836 1.0782e-05 8.9610e-01
837 1.0782e-05 8.9611e-01
838 1.0782e-05 8.9611e-01
839 1.0782e-05 8.9611e-01
840 1.0782e-05 8.9612e-01
841 1.0781e-05 8.9612e-01
842 1.0781e-05 8.9613e-01
843 1.0781e-05 8.9613e-01
844 1.0781e-05 8.9614e-01
845 1.0781e-05 8.9614e-01
846 1.0780e-05 8.9614e-01
847 1.0780e-05 8.9615e-01
848 1.0780e-05 8.9615e-01
849 1.0780e-05 8.9615e-01
850 1.0779e-05 8.9616e-01
851 1.0779e-05 8.9616e-01
852 1.0779e-05 8.9617e-01
853 1.0779e-05 8.9617e-01
854 1.0779e-05 8.9617e-01
855 1.0778e-05 8.9618e-01
856 1.0778e-05 8.9618e-01
857 1.0778e-05 8.9619e-01
858 1.0778e-05 8.9619e-01
859 1.0778e-05 8.9619e-01
860 1.0777e-05 8.9620e-01
861 1.0777e-05 8.9620e-01
862 1.0777e-05 8.9620e-01
863 1.0777e-05 8.9621e-01
864 1.0777e-05 8.9621e-01
865 1.0776e-05 8.9621e-01
866 1.0776e-05 8.9622e-01
867 1.0776e-05 8.9622e-01
868 1.0776e-05 8.9622e-01
869 1.0776e-05 8.9623e-01
870 1.0775e-05 8.9623e-01
871 1.0775e-05 8.9623e-01
872 1.0775e-05 8.9624e-01
873 1.0775e-05 8.9624e-01
874 1.0775e-05 8.9624e-01
875 1.0774e-05 8.9624e-01
876 1.0774e-05 8.9625e-01
877 1.0774e-05 8.9625e-01
878 1.0774e-05 8.9625e-01
879 1.0774e-05 8.9625e-01
880 1.0773e-05 8.9626e-01
881 1.0773e-05 8.9626e-01
882 1.0773e-05 8.9626e-01
883 1.0773e-05 8.9626e-01
884 1.0773e-05 8.9627e-01
885 1.0772e-05 8.9627e-01
886 1.0772e-05 8.9627e-01
887 1.0772e-05 8.9627e-01
888 1.0772e-05 8.9627e-01
889 1.0772e-05 8.9628e-01
890 1.0771e-05 8.9628e-01
891 1.0771e-05 8.9628e-01
892 1.0771e-05 8.9628e-01
893 1.0771e-05 8.9628e-01
894 1.0771e-05 8.9629e-01
895 1.0771e-05 8.9629e-01
896 1.0770e-05 8.9629e-01
897 1.0770e-05 8.9629e-01
898 1.0770e-05 8.9629e-01
899 1.0770e-05 8.9630e-01
900 1.0770e-05 8.9630e-01
901 1.0769e-05 8.9630e-01
902 1.0769e-05 8.9630e-01
903 1.0769e-05 8.9630e-01
904 1.0769e-05 8.9630e-01
905 1.0769e-05 8.9631e-01
906 1.0768e-05 8.9631e-01
907 1.0768e-05 8.9631e-01
908 1.0768e-05 8.9631e-01
909 1.0768e-05 8.9631e-01
910 1.0768e-05 8.9631e-01
911 1.0768e-05 8.9631e-01
912 1.0767e-05 8.9631e-01
913 1.0767e-05 8.9632e-01
914 1.0767e-05 8.9632e-01
915 1.0767e-05 8.9632e-01
916 1.0767e-05 8.9632e-01
917 1.0766e-05 8.9632e-01
918 1.0766e-05 8.9632e-01
919 1.0766e-05 8.9632e-01
920 1.0766e-05 8.9632e-01
921 1.0766e-05 8.9632e-01
922 1.0766e-05 8.9632e-01
923 1.0765e-05 8.9632e-01
924 1.0765e-05 8.9632e-01
925 1.0765e-05 8.9632e-01
926 1.0765e-05 8.9632e-01
927 1.0765e-05 8.9632e-01
928 1.0764e-05 8.9632e-01
929 1.0764e-05 8.9632e-01
930 1.0764e-05 8.9632e-01
931 1.0764e-05 8.9632e-01
932 1.0764e-05 8.9632e-01
933 1.0764e-05 8.9632e-01
934 1.0763e-05 8.9632e-01
935 1.0763e-05 8.9632e-01
936 1.0763e-05 8.9632e-01
937 1.0763e-05 8.9632e-01
938 1.0763e-05 8.9632e-01
939 1.0762e-05 8.9632e-01
940 1.0762e-05 8.9632e-01
941 1.0762e-05 8.9632e-01
942 1.0762e-05 8.9632e-01
943 1.0762e-05 8.9632e-01
944 1.0762e-05 8.9632e-01
945 1.0761e-05 8.9632e-01
946 1.0761e-05 8.9632e-01
947 1.0761e-05 8.9631e-01
948 1.0761e-05 8.9631e-01
949 1.0761e-05 8.9631e-01
950 1.0761e-05 8.9631e-01
951 1.0760e-05 8.9631e-01
952 1.0760e-05 8.9631e-01
953 1.0760e-05 8.9631e-01
954 1.0760e-05 8.9631e-01
955 1.0760e-05 8.9631e-01
956 1.0759e-05 8.9630e-01
957 1.0759e-05 8.9630e-01
958 1.0759e-05 8.9630e-01
959 1.0759e-05 8.9630e-01
960 1.0759e-05 8.9630e-01
961 1.0759e-05 8.9630e-01
962 1.0758e-05 8.9630e-01
963 1.0758e-05 8.9629e-01
964 1.0758e-05 8.9629e-01
965 1.0758e-05 8.9629e-01
966 1.0758e-05 8.9629e-01
967 1.0757e-05 8.9629e-01
968 1.0757e-05 8.9629e-01
969 1.0757e-05 8.9628e-01
970 1.0757e-05 8.9628e-01
971 1.0757e-05 8.9628e-01
972 1.0757e-05 8.9628e-01
