1.570796326794896558e+00 4.371210232961096835e+02
1.567126241919207574e+00 4.376597729019053418e+02
1.563456157043518591e+00 4.362282922606288480e+02
1.559786072167829607e+00 4.358976197410939335e+02
1.556115987292140623e+00 4.335927622172945348e+02
1.552445902416451418e+00 4.323886630140513603e+02
1.548775817540762434e+00 4.292457099893134114e+02
1.545105732665073450e+00 4.271943234415057304e+02
1.541435647789384467e+00 4.232467197016395630e+02
1.537765562913695483e+00 4.203897834124645669e+02
1.534095478038006499e+00 4.156874455898293945e+02
1.530425393162317516e+00 4.120745448078064896e+02
1.526755308286628532e+00 4.066765675076778734e+02
1.523085223410939326e+00 4.023665283417504952e+02
1.519415138535250342e+00 3.963402860980656897e+02
1.515745053659561359e+00 3.913992095064717205e+02
1.512074968783872375e+00 3.848181591145717562e+02
1.508404883908183391e+00 3.793177295228351795e+02
1.504734799032494408e+00 3.722594981064927993e+02
1.501064714156805424e+00 3.662750698518004242e+02
1.497394629281116440e+00 3.588194984121088851e+02
1.493724544405427235e+00 3.524282419322408941e+02
1.490054459529738251e+00 3.446555431205869127e+02
1.486384374654049267e+00 3.379346861473779882e+02
1.482714289778360284e+00 3.299237519424853531e+02
1.479044204902671300e+00 3.229489865864043168e+02
1.475374120026982316e+00 3.147758989532737814e+02
1.471704035151293333e+00 3.076199951030603188e+02
1.468033950275604349e+00 2.993567705098657257e+02
1.464363865399915365e+00 2.920884235414408181e+02
1.460693780524226160e+00 2.838020091951880772e+02
1.457023695648537176e+00 2.764849341506168230e+02
1.453353610772848192e+00 2.682364593916760782e+02
1.449683525897159209e+00 2.609287308304951694e+02
1.446013441021470225e+00 2.527730052502766682e+02
1.442343356145781241e+00 2.455266309707267851e+02
1.438673271270092258e+00 2.375118711969025185e+02
1.435003186394403052e+00 2.303725796411042950e+02
1.431333101518714068e+00 2.225403397831495340e+02
1.427663016643025085e+00 2.155475551347945782e+02
1.423992931767336101e+00 2.079328314926877965e+02
1.420322846891647117e+00 2.011198071224211787e+02
1.416652762015958134e+00 1.937512857126187953e+02
1.412982677140269150e+00 1.871453654227700554e+02
1.409312592264580166e+00 1.800457808082294946e+02
1.405642507388891183e+00 1.736687578905210216e+02
1.401972422513201977e+00 1.668553332934523041e+02
1.398302337637512993e+00 1.607238793193676543e+02
1.394632252761824009e+00 1.542088206192321422e+02
1.390962167886135026e+00 1.483349587219530292e+02
1.387292083010446042e+00 1.421259782891361283e+02
1.383621998134757058e+00 1.365175790878805628e+02
1.379951913259068075e+00 1.306184291231514862e+02
1.376281828383379091e+00 1.252797110764245332e+02
1.372611743507690107e+00 1.196907099272089141e+02
1.368941658632000902e+00 1.146227295191159072e+02
1.365271573756311918e+00 1.093412681104289561e+02
1.361601488880622934e+00 1.045423886941003815e+02
1.357931404004933951e+00 9.956340757887598159e+01
1.354261319129244967e+00 9.502973880092275749e+01
1.350591234253555983e+00 9.034616932217508634e+01
1.346921149377867000e+00 8.607197174994976763e+01
1.343251064502177794e+00 8.167513735108383344e+01
1.339580979626488810e+00 7.765318920224136434e+01
1.335910894750799827e+00 7.353316502354383033e+01
1.332240809875110843e+00 6.975508974929273620e+01
1.328570724999421859e+00 6.590102031980214292e+01
1.324900640123732876e+00 6.235757524746081515e+01
1.321230555248043892e+00 5.875795135992425600e+01
1.317560470372354908e+00 5.543927869549798970e+01
1.313890385496665925e+00 5.208217548301166033e+01
1.310220300620976719e+00 4.897801775637766042e+01
1.306550215745287735e+00 4.585129662493574898e+01
1.302880130869598752e+00 4.295117917974155120e+01
1.299210045993909768e+00 4.004265664148314130e+01
1.295539961118220784e+00 3.733604007577492467e+01
1.291869876242531801e+00 3.463362672228291927e+01
1.288199791366842817e+00 3.211003231998096652e+01
1.284529706491153611e+00 2.960184521837599192e+01
1.280859621615464849e+00 2.725095641600306706e+01
1.277189536739775644e+00 2.492540813965745272e+01
1.273519451864086660e+00 2.273715098072642249e+01
1.269849366988397676e+00 2.058301833607996656e+01
1.266179282112708693e+00 1.854762370771094027e+01
1.262509197237019709e+00 1.655409901339769263e+01
1.258839112361330725e+00 1.466214925772045419e+01
1.255169027485641742e+00 1.281887679534669999e+01
1.251498942609952536e+00 1.106133906231917230e+01
1.247828857734263552e+00 9.358439065328925111e+00
1.244158772858574569e+00 7.726687536615941987e+00
1.240488687982885585e+00 6.154769828044498681e+00
1.236818603107196601e+00 4.640598705196147478e+00
1.233148518231507618e+00 3.190767845122778557e+00
1.229478433355818634e+00 1.786396766585961249e+00
1.225808348480129428e+00 4.502503329797283849e-01
1.222138263604440667e+00 -8.516763315266696610e-01
1.218468178728751461e+00 -2.082054925876586804e+00
1.214798093853062699e+00 -3.288473654441419480e+00
1.211128008977373494e+00 -4.420526608303529947e+00
1.207457924101684510e+00 -5.537964112498266367e+00
1.203787839225995526e+00 -6.578673927457363568e+00
1.200117754350306543e+00 -7.613259440611982676e+00
1.196447669474617559e+00 -8.569166001334281191e+00
1.192777584598928575e+00 -9.526645710710745618e+00
1.189107499723239592e+00 -1.040386504135224932e+01
1.185437414847550386e+00 -1.128961803311442402e+01
1.181767329971861402e+00 -1.209386214191751741e+01
1.178097245096172418e+00 -1.291291733853752177e+01
1.174427160220483435e+00 -1.364951467112657468e+01
1.170757075344794451e+00 -1.440656833714076868e+01
1.167086990469105467e+00 -1.508048445157234951e+01
1.163416905593416484e+00 -1.577991792534234072e+01
1.159746820717727278e+00 -1.639577608111019913e+01
1.156076735842038294e+00 -1.704167346065621302e+01
1.152406650966349311e+00 -1.760377488076597530e+01
1.148736566090660327e+00 -1.819994045017038076e+01
1.145066481214971343e+00 -1.871228407159767215e+01
1.141396396339282360e+00 -1.926225930439399292e+01
1.137726311463593376e+00 -1.972856087874535191e+01
1.134056226587904170e+00 -2.023564089558379209e+01
1.130386141712215409e+00 -2.065935134046114641e+01
1.126716056836526203e+00 -2.112660073251104365e+01
1.123045971960837219e+00 -2.151092366582965099e+01
1.119375887085148236e+00 -2.194119162306571269e+01
1.115705802209459252e+00 -2.228910003826582198e+01
1.112035717333770268e+00 -2.268503474442182011e+01
1.108365632458081285e+00 -2.299928680486447519e+01
1.104695547582392301e+00 -2.336334907904191027e+01
1.101025462706703095e+00 -2.364650302674777649e+01
1.097355377831014334e+00 -2.398097920608047318e+01
1.093685292955325128e+00 -2.423540739239543740e+01
1.090015208079636366e+00 -2.454242146139474201e+01
1.086345123203947161e+00 -2.477032351737018701e+01
1.082675038328258177e+00 -2.505184849837017325e+01
1.079004953452569193e+00 -2.525526366984055215e+01
1.075334868576880210e+00 -2.551313229553448281e+01
1.071664783701191226e+00 -2.569395097344789747e+01
1.067994698825502020e+00 -2.592986566717724983e+01
1.064324613949813259e+00 -2.608984014746047464e+01
1.060654529074124053e+00 -2.630538234047947554e+01
1.056984444198435069e+00 -2.644613685025247918e+01
1.053314359322746085e+00 -2.664277566722067903e+01
1.049644274447057102e+00 -2.676581569547159489e+01
1.045974189571368118e+00 -2.694491604079027169e+01
1.042304104695678912e+00 -2.705163701223915496e+01
1.038634019819990151e+00 -2.721446709030543687e+01
1.034963934944300945e+00 -2.730616242103139513e+01
1.031293850068612183e+00 -2.745390072384247659e+01
1.027623765192922978e+00 -2.753176929720955712e+01
1.023953680317233994e+00 -2.766551109100505457e+01
1.020283595441545010e+00 -2.773066418983531989e+01
1.016613510565856027e+00 -2.785142753385431647e+01
1.012943425690167043e+00 -2.790489526544567056e+01
1.009273340814477837e+00 -2.801362659287812562e+01
1.005603255938789076e+00 -2.805636384141562445e+01
1.001933171063099870e+00 -2.815394313146657268e+01
9.982630861874108863e-01 -2.818683506958210927e+01
9.945930013117219026e-01 -2.827408063969042118e+01
9.909229164360329190e-01 -2.829794783090495258e+01
9.872528315603439353e-01 -2.837562077534839133e+01
9.835827466846548406e-01 -2.839122389637979182e+01
9.799126618089658569e-01 -2.846003219647355209e+01
9.762425769332768732e-01 -2.846807640705942788e+01
9.725724920575878896e-01 -2.852867873677804411e+01
9.689024071818987949e-01 -2.852981772294992524e+01
9.652323223062098112e-01 -2.858282697217844515e+01
9.615622374305208275e-01 -2.857766668700235968e+01
9.578921525548318439e-01 -2.862365322320475514e+01
9.542220676791427492e-01 -2.861275534771656481e+01
9.505519828034537655e-01 -2.865225003565892337e+01
9.468818979277647818e-01 -2.863613518103752753e+01
9.432118130520757981e-01 -2.866963217857356128e+01
9.395417281763867035e-01 -2.864878284909555006e+01
9.358716433006978308e-01 -2.867674219583203055e+01
9.322015584250087361e-01 -2.865160553079582684e+01
9.285314735493197524e-01 -2.867445554547618158e+01
9.248613886736306577e-01 -2.864544585684876665e+01
9.211913037979417851e-01 -2.866358535792817719e+01
9.175212189222526904e-01 -2.863108647957594499e+01
9.138511340465637067e-01 -2.864488684233662141e+01
9.101810491708746120e-01 -2.860925430499793265e+01
9.065109642951857394e-01 -2.861906136773239240e+01
9.028408794194966447e-01 -2.858062441322439184e+01
8.991707945438076610e-01 -2.858676024417320960e+01
8.955007096681185663e-01 -2.854582369121115448e+01
8.918306247924296937e-01 -2.854858822663935669e+01
8.881605399167405990e-01 -2.850543419959304714e+01
8.844904550410516153e-01 -2.850510676302631552e+01
8.808203701653625206e-01 -2.845999629411985055e+01
8.771502852896736480e-01 -2.845683700577476927e+01
8.734802004139845533e-01 -2.841001152046398559e+01
8.698101155382955696e-01 -2.840426260514533396e+01
8.661400306626065859e-01 -2.835594529953029763e+01
8.624699457869176022e-01 -2.834783230090163642e+01
8.587998609112286186e-01 -2.829822941961745641e+01
8.551297760355395239e-01 -2.828796232773773056e+01
8.514596911598505402e-01 -2.823726434958565434e+01
8.477896062841615565e-01 -2.822503864841287680e+01
8.441195214084725729e-01 -2.817342138699252985e+01
8.404494365327834782e-01 -2.815941902799024277e+01
8.367793516570944945e-01 -2.810704465372013416e+01
8.331092667814055108e-01 -2.809143496092003289e+01
8.294391819057165272e-01 -2.803845295031581131e+01
8.257690970300274325e-01 -2.802139346208593196e+01
8.220990121543384488e-01 -2.796794147980779499e+01
8.184289272786494651e-01 -2.794957873211487964e+01
8.147588424029604814e-01 -2.789578345085352495e+01
8.110887575272713867e-01 -2.787625370620224885e+01
8.074186726515824031e-01 -2.782223156892890614e+01
8.037485877758934194e-01 -2.780166149517464902e+01
8.000785029002044357e-01 -2.774751942415780803e+01
7.964084180245153410e-01 -2.772602672683981950e+01
7.927383331488263574e-01 -2.767186278337636907e+01
7.890682482731373737e-01 -2.764955679489091267e+01
7.853981633974483900e-01 -2.759546079325994938e+01
7.817280785217594063e-01 -2.757244302214734333e+01
7.780579936460703117e-01 -2.751849710119074999e+01
7.743879087703813280e-01 -2.749486174439864783e+01
7.707178238946922333e-01 -2.744114089990717886e+01
7.670477390190033606e-01 -2.741697532061717979e+01
7.633776541433142659e-01 -2.736354790120116576e+01
7.597075692676252823e-01 -2.733893307485123003e+01
7.560374843919361876e-01 -2.728586124412661107e+01
7.523673995162473149e-01 -2.726087217478889713e+01
7.486973146405582202e-01 -2.720821234211668127e+01
7.450272297648692366e-01 -2.718291845130540807e+01
7.413571448891801419e-01 -2.713072167341881880e+01
7.376870600134912692e-01 -2.710518716341603351e+01
7.340169751378021745e-01 -2.705349951896284466e+01
7.303468902621131909e-01 -2.702778371232725974e+01
7.266768053864240962e-01 -2.697664665133358497e+01
7.230067205107352235e-01 -2.695080430828130957e+01
7.193366356350461288e-01 -2.690025497817026334e+01
7.156665507593571451e-01 -2.687433659342296366e+01
7.119964658836680504e-01 -2.682440814327194545e+01
7.083263810079791778e-01 -2.679846022373303427e+01
7.046562961322900831e-01 -2.674918208836858469e+01
7.009862112566010994e-01 -2.672324741288342054e+01
6.973161263809120047e-01 -2.667464557803183567e+01
6.936460415052231321e-01 -2.664876344059359070e+01
6.899759566295340374e-01 -2.660086069056376346e+01
6.863058717538450537e-01 -2.657506712794502945e+01
6.826357868781559590e-01 -2.652788327692582016e+01
6.789657020024670864e-01 -2.650221128194067788e+01
6.752956171267779917e-01 -2.645576339000241717e+01
6.716255322510890080e-01 -2.643024311126228199e+01
6.679554473753999133e-01 -2.638454568624326413e+01
6.642853624997110407e-01 -2.635920461502292156e+01
6.606152776240219460e-01 -2.631426980113569059e+01
6.569451927483329623e-01 -2.628913294698389080e+01
6.532751078726438676e-01 -2.624497070107286589e+01
6.496050229969549950e-01 -2.622006075595577457e+01
6.459349381212659003e-01 -2.617667901204842806e+01
6.422648532455769166e-01 -2.615201650450216064e+01
6.385947683698878219e-01 -2.610942132780874658e+01
6.349246834941989492e-01 -2.608502476736378384e+01
6.312545986185098545e-01 -2.604322049804106953e+01
6.275845137428208709e-01 -2.601910651065588453e+01
6.239144288671319982e-01 -2.597809589822309562e+01
6.202443439914429035e-01 -2.595427935335148462e+01
6.165742591157538088e-01 -2.591406368231830726e+01
6.129041742400648252e-01 -2.589055781201971840e+01
6.092340893643759525e-01 -2.585113701923730645e+01
6.055640044886868578e-01 -2.582795352999858807e+01
6.018939196129977631e-01 -2.578932631434000200e+01
5.982238347373087795e-01 -2.576647549189393160e+01
5.945537498616199068e-01 -2.572863941671418075e+01
5.908836649859308121e-01 -2.570613022443836115e+01
5.872135801102417174e-01 -2.566908181333374017e+01
5.835434952345527337e-01 -2.564692198457448669e+01
5.798734103588638611e-01 -2.561065681084070178e+01
5.762033254831747664e-01 -2.558885293552728157e+01
5.725332406074856717e-01 -2.555336570565263798e+01
5.688631557317966880e-01 -2.553192331152493821e+01
5.651930708561077044e-01 -2.549720794316192851e+01
5.615229859804187207e-01 -2.547613157204411749e+01
5.578529011047297370e-01 -2.544218126686570614e+01
5.541828162290405313e-01 -2.542147454619129476e+01
5.505127313533517697e-01 -2.538828185779665603e+01
5.468426464776627860e-01 -2.536794756775103465e+01
5.431725616019735803e-01 -2.533550446509407905e+01
5.395024767262845966e-01 -2.531554460156826636e+01
5.358323918505956129e-01 -2.528384252808338317e+01
5.321623069749066293e-01 -2.526425836175333473e+01
5.284922220992176456e-01 -2.523328829050278799e+01
5.248221372235284399e-01 -2.521408042219742640e+01
5.211520523478396782e-01 -2.518383290722598389e+01
5.174819674721506946e-01 -2.516500131993537437e+01
5.138118825964614889e-01 -2.513546654418605186e+01
5.101417977207725052e-01 -2.511701065175514103e+01
5.064717128450835215e-01 -2.508817847161654768e+01
5.028016279693945378e-01 -2.507009716443338476e+01
4.991315430937055542e-01 -2.504195715122315491e+01
4.954614582180163485e-01 -2.502424883903270825e+01
4.917913733423275868e-01 -2.499679031759600534e+01
4.881212884666386032e-01 -2.497945296961731287e+01
4.844512035909493974e-01 -2.495266505417928826e+01
4.807811187152604138e-01 -2.493569623672420477e+01
4.771110338395714301e-01 -2.490956786421629232e+01
4.734409489638824464e-01 -2.489296477589262224e+01
4.697708640881934627e-01 -2.486748473686359162e+01
4.661007792125042570e-01 -2.485124424152749611e+01
4.624306943368154954e-01 -2.482640120880723344e+01
4.587606094611265117e-01 -2.481051986642543383e+01
4.550905245854373060e-01 -2.478630242170876485e+01
4.514204397097483223e-01 -2.477077651727864449e+01
4.477503548340593387e-01 -2.474717317572834929e+01
4.440802699583703550e-01 -2.473199874623749039e+01
4.404101850826813713e-01 -2.470899797920815644e+01
4.367401002069921656e-01 -2.469417083894349219e+01
4.330700153313034040e-01 -2.467176109501291137e+01
4.293999304556144203e-01 -2.465727685911762990e+01
4.257298455799252146e-01 -2.463544658343020188e+01
4.220597607042362309e-01 -2.462130068996124166e+01
4.183896758285472472e-01 -2.460003834211948970e+01
4.147195909528582636e-01 -2.458622607265890991e+01
4.110495060771692799e-01 -2.456552014315049703e+01
4.073794212014800742e-01 -2.455203664197307489e+01
4.037093363257913126e-01 -2.453187566720115242e+01
4.000392514501023289e-01 -2.451871595918702340e+01
3.963691665744131232e-01 -2.449908853533029074e+01
3.926990816987243615e-01 -2.448624754266073467e+01
3.890289968230351558e-01 -2.446714233833229812e+01
3.853589119473461722e-01 -2.445461489601756355e+01
3.816888270716571885e-01 -2.443602066379817117e+01
3.780187421959682048e-01 -2.442380153414784516e+01
3.743486573202792211e-01 -2.440570712109398244e+01
3.706785724445902375e-01 -2.439379100714715065e+01
3.670084875689010318e-01 -2.437618536435869032e+01
3.633384026932122701e-01 -2.436456692236377108e+01
3.596683178175230644e-01 -2.434743911361481850e+01
3.559982329418340807e-01 -2.433611296459682194e+01
3.523281480661450971e-01 -2.431945217412820881e+01
3.486580631904561134e-01 -2.430841291465411658e+01
3.449879783147671297e-01 -2.429220845419460062e+01
3.413178934390781460e-01 -2.428145066625158677e+01
3.376478085633889403e-01 -2.426569198120938964e+01
3.339777236877001787e-01 -2.425521024175945684e+01
3.303076388120109730e-01 -2.423988691707240761e+01
3.266375539363219893e-01 -2.422967580536160526e+01
3.229674690606330056e-01 -2.421477756964999628e+01
3.192973841849440220e-01 -2.420483167762839471e+01
3.156272993092550383e-01 -2.419034840980570422e+01
3.119572144335660546e-01 -2.418066234535488235e+01
3.082871295578768489e-01 -2.416658407466377056e+01
3.046170446821880873e-01 -2.415715247208895633e+01
3.009469598064991036e-01 -2.414346938454181313e+01
2.972768749308098979e-01 -2.413428690852848035e+01
2.936067900551209142e-01 -2.412098934824922125e+01
2.899367051794319305e-01 -2.411205070000986339e+01
2.862666203037429469e-01 -2.409912917196401594e+01
2.825965354280539632e-01 -2.409042909425322421e+01
2.789264505523647575e-01 -2.407787426605001002e+01
2.752563656766759959e-01 -2.406940754779332181e+01
2.715862808009870122e-01 -2.405721025116368494e+01
2.679161959252978065e-01 -2.404897173166655122e+01
2.642461110496088228e-01 -2.403712296364527035e+01
2.605760261739198391e-01 -2.402910753636956187e+01
2.569059412982308555e-01 -2.401759846009542798e+01
2.532358564225418718e-01 -2.400980107612476999e+01
2.495657715468526661e-01 -2.399862302132205016e+01
2.458956866711639044e-01 -2.399103869245704246e+01
2.422256017954749208e-01 -2.398018315566705283e+01
2.385555169197857150e-01 -2.397280695717488896e+01
2.348854320440967314e-01 -2.396226560170540409e+01
2.312153471684077477e-01 -2.395509267479792470e+01
2.275452622927187640e-01 -2.394485733042452580e+01
2.238751774170297804e-01 -2.393788288438541301e+01
2.202050925413405746e-01 -2.392794554681026398e+01
2.165350076656518130e-01 -2.392116486094262484e+01
2.128649227899628293e-01 -2.391151769109263370e+01
2.091948379142736236e-01 -2.390492611635566078e+01
2.055247530385846400e-01 -2.389556143940428967e+01
2.018546681628956563e-01 -2.388915439980053534e+01
1.981845832872066726e-01 -2.388006470411104232e+01
1.945144984115176889e-01 -2.387383769795680877e+01
1.908444135358284832e-01 -2.386501563384448232e+01
1.871743286601397216e-01 -2.385896423475882955e+01
1.835042437844507379e-01 -2.385040261306070519e+01
1.798341589087615322e-01 -2.384452247073436482e+01
1.761640740330725485e-01 -2.383621426125448295e+01
1.724939891573835649e-01 -2.383050110211429740e+01
1.688239042816945812e-01 -2.382243943200039382e+01
1.651538194060055975e-01 -2.381688905972572812e+01
1.614837345303166138e-01 -2.380906721173415974e+01
1.578136496546276302e-01 -2.380367550759513762e+01
1.541435647789386465e-01 -2.379608691821880484e+01
1.504734799032494408e-01 -2.379084984120105517e+01
1.468033950275606792e-01 -2.378348809869365965e+01
1.431333101518714734e-01 -2.377840168558615019e+01
1.394632252761824898e-01 -2.377126052795568967e+01
1.357931404004935061e-01 -2.376632089332517950e+01
1.321230555248045224e-01 -2.375939420627766552e+01
1.284529706491155387e-01 -2.375459754226665154e+01
1.247828857734265551e-01 -2.374787935702050490e+01
1.211128008977373494e-01 -2.374322193306938544e+01
1.174427160220485877e-01 -2.373670642414076326e+01
1.137726311463593820e-01 -2.373218458666301345e+01
1.101025462706703983e-01 -2.372586606968300060e+01
1.064324613949814147e-01 -2.372147624160951196e+01
1.027623765192924310e-01 -2.371534917100425233e+01
9.909229164360344733e-02 -2.371108785123262308e+01
9.542220676791446365e-02 -2.370514681788770517e+01
9.175212189222525794e-02 -2.370101058068739519e+01
8.808203701653649631e-02 -2.369525030962330447e+01
8.441195214084729059e-02 -2.369123580400329132e+01
8.074186726515830692e-02 -2.368565115202533633e+01
7.707178238946932325e-02 -2.368175510097193381e+01
7.340169751378033958e-02 -2.367634105426005320e+01
6.973161263809135590e-02 -2.367256025396626029e+01
6.606152776240237223e-02 -2.366731192572115816e+01
6.239144288671316652e-02 -2.366364324476839087e+01
5.872135801102440489e-02 -2.365855587280026384e+01
5.505127313533519917e-02 -2.365499625134794570e+01
5.138118825964621550e-02 -2.365006519569471877e+01
4.771110338395723183e-02 -2.364661164446964392e+01
4.404101850826824815e-02 -2.364183238497474093e+01
4.037093363257926448e-02 -2.363848198437846548e+01
3.670084875689028081e-02 -2.363385011832501092e+01
3.303076388120107509e-02 -2.363060001747730965e+01
2.936067900551231347e-02 -2.362611125717419114e+01
2.569059412982310775e-02 -2.362295867282153949e+01
2.202050925413412408e-02 -2.361860884320431708e+01
1.835042437844514041e-02 -2.361555105883505945e+01
1.468033950275615673e-02 -2.361133609524425481e+01
1.101025462706717306e-02 -2.360837045996822425e+01
7.340169751378189389e-03 -2.360428640567428715e+01
3.670084875688983672e-03 -2.360141033309712810e+01
2.220446049250313081e-16 -2.359745333695454406e+01
-3.670084875688983672e-03 -2.359466430422006766e+01
-7.340169751377745300e-03 -2.359083061848848573e+01
-1.101025462706695102e-02 -2.358812616512916804e+01
-1.468033950275593469e-02 -2.358441214310422751e+01
-1.835042437844514041e-02 -2.358178987000462001e+01
-2.202050925413390203e-02 -2.357819196387121252e+01
-2.569059412982288571e-02 -2.357564953184035872e+01
-2.936067900551209142e-02 -2.357216428982581391e+01
-3.303076388120107509e-02 -2.356969941928420198e+01
-3.670084875688983672e-02 -2.356632348492112072e+01
-4.037093363257904244e-02 -2.356393395366802324e+01
-4.404101850826802611e-02 -2.356066406192730511e+01
-4.771110338395723183e-02 -2.355834770497803277e+01
-5.138118825964599345e-02 -2.355518068104198903e+01
-5.505127313533497713e-02 -2.355293538908026107e+01
-5.872135801102418284e-02 -2.354986814605865320e+01
-6.239144288671316652e-02 -2.354769186438603512e+01
-6.606152776240192814e-02 -2.354472140119462154e+01
-6.973161263809113386e-02 -2.354261212864926378e+01
-7.340169751378011753e-02 -2.353973552796580648e+01
-7.707178238946887916e-02 -2.353769131582957286e+01
-8.074186726515808488e-02 -2.353490574207143737e+01
-8.441195214084706855e-02 -2.353292469294432010e+01
-8.808203701653627427e-02 -2.353022739025846732e+01
-9.175212189222503589e-02 -2.352830765698625370e+01
-9.542220676791401957e-02 -2.352569594730770675e+01
-9.909229164360322528e-02 -2.352383573190654431e+01
-1.027623765192922090e-01 -2.352130701301229720e+01
-1.064324613949809706e-01 -2.351950456558347824e+01
-1.101025462706701763e-01 -2.351705630921878765e+01
-1.137726311463591600e-01 -2.351530992690864608e+01
-1.174427160220483657e-01 -2.351293967691255204e+01
-1.211128008977371273e-01 -2.351124770286221022e+01
-1.247828857734261110e-01 -2.350895307336623574e+01
-1.284529706491153167e-01 -2.350731389566692897e+01
-1.321230555248043004e-01 -2.350509256929693791e+01
-1.357931404004930620e-01 -2.350350461997079421e+01
-1.394632252761822677e-01 -2.350135434607797080e+01
-1.431333101518712514e-01 -2.349981610006376087e+01
-1.468033950275604571e-01 -2.349773469301748108e+01
-1.504734799032492187e-01 -2.349624466716720406e+01
-1.541435647789382024e-01 -2.349423000466216038e+01
-1.578136496546274081e-01 -2.349278675676383443e+01
-1.614837345303163918e-01 -2.349083677816747340e+01
-1.651538194060051534e-01 -2.348943890596904893e+01
-1.688239042816943591e-01 -2.348755161069472308e+01
-1.724939891573833428e-01 -2.348619775095959028e+01
-1.761640740330725485e-01 -2.348437119690833086e+01
-1.798341589087613102e-01 -2.348306002448393315e+01
-1.835042437844502938e-01 -2.348129232649034748e+01
-1.871743286601394995e-01 -2.348002255335294208e+01
-1.908444135358284832e-01 -2.347831188162991012e+01
-1.945144984115172448e-01 -2.347708225599009779e+01
-1.981845832872064506e-01 -2.347542683468280345e+01
-2.018546681628954342e-01 -2.347423614008580728e+01
-2.055247530385846400e-01 -2.347263424578797952e+01
-2.091948379142734016e-01 -2.347148130025640000e+01
-2.128649227899623853e-01 -2.346993126062218238e+01
-2.165350076656515910e-01 -2.346881491578374224e+01
-2.202050925413405746e-01 -2.346731510814167621e+01
-2.238751774170293363e-01 -2.346623424836106508e+01
-2.275452622927185420e-01 -2.346478309833963394e+01
-2.312153471684075257e-01 -2.346373663990415892e+01
-2.348854320440967314e-01 -2.346233262008741249e+01
-2.385555169197854930e-01 -2.346131951038420738e+01
-2.422256017954744767e-01 -2.345996113905438563e+01
-2.458956866711636824e-01 -2.345898035578675334e+01
-2.495657715468526661e-01 -2.345766619565459976e+01
-2.532358564225414277e-01 -2.345671674605187462e+01
-2.569059412982306334e-01 -2.345544540303993131e+01
-2.605760261739196171e-01 -2.345452632307291552e+01
-2.642461110496088228e-01 -2.345329644505029876e+01
-2.679161959252975844e-01 -2.345240679870771316e+01
-2.715862808009865681e-01 -2.345121707435557212e+01
-2.752563656766757738e-01 -2.345035595288914720e+01
-2.789264505523647575e-01 -2.344920511056281143e+01
-2.825965354280535191e-01 -2.344837163176404360e+01
-2.862666203037427248e-01 -2.344725843838811841e+01
-2.899367051794317085e-01 -2.344645174588888992e+01
-2.936067900551209142e-01 -2.344537500581637346e+01
-2.972768749308096758e-01 -2.344459426839854288e+01
-3.009469598064986595e-01 -2.344355282236221427e+01
-3.046170446821878652e-01 -2.344279723329498921e+01
-3.082871295578768489e-01 -2.344178995741562233e+01
-3.119572144335656105e-01 -2.344105873376765103e+01
-3.156272993092548163e-01 -2.344008453851512641e+01
-3.192973841849437999e-01 -2.343937692055028776e+01
-3.229674690606325616e-01 -2.343843474974595864e+01
-3.266375539363217673e-01 -2.343775000023877553e+01
-3.303076388120107509e-01 -2.343683883007904001e+01
-3.339777236876999567e-01 -2.343617623375375558e+01
-3.376478085633889403e-01 -2.343529507192196348e+01
-3.413178934390777020e-01 -2.343465393481182701e+01
-3.449879783147669077e-01 -2.343380181954290009e+01
-3.486580631904558913e-01 -2.343318146841698635e+01
-3.523281480661446530e-01 -2.343235746762221439e+01
-3.559982329418338587e-01 -2.343175724941389504e+01
-3.596683178175228424e-01 -2.343096045981880948e+01
-3.633384026932120481e-01 -2.343037974103512155e+01
-3.670084875689010318e-01 -2.342960928728030723e+01
-3.706785724445897934e-01 -2.342904745361215291e+01
-3.743486573202789991e-01 -2.342830248765347534e+01
-3.780187421959679828e-01 -2.342775894291942151e+01
-3.816888270716567444e-01 -2.342703864260733937e+01
-3.853589119473459501e-01 -2.342651280947004722e+01
-3.890289968230349338e-01 -2.342581637907045433e+01
-3.926990816987241395e-01 -2.342530769655643397e+01
-3.963691665744131232e-01 -2.342463436411274458e+01
-4.000392514501018848e-01 -2.342414228915887975e+01
-4.037093363257910905e-01 -2.342349130757737186e+01
-4.073794212014800742e-01 -2.342301531318054941e+01
-4.110495060771688358e-01 -2.342238595839588911e+01
-4.147195909528580415e-01 -2.342192553376191100e+01
-4.183896758285470252e-01 -2.342131710451107196e+01
-4.220597607042362309e-01 -2.342087175441459124e+01
-4.257298455799252146e-01 -2.342028357140075556e+01
-4.293999304556139762e-01 -2.341985281573330724e+01
-4.330700153313031819e-01 -2.341928422097687701e+01
-4.367401002069919436e-01 -2.341886759432532727e+01
-4.404101850826811493e-01 -2.341831795054289245e+01
-4.440802699583703550e-01 -2.341791500175735052e+01
-4.477503548340591166e-01 -2.341738369173040013e+01
-4.514204397097483223e-01 -2.341699398357410544e+01
-4.550905245854370840e-01 -2.341648040962731514e+01
-4.587606094611262897e-01 -2.341610351831631931e+01
-4.624306943368154954e-01 -2.341560710162637804e+01
-4.661007792125042570e-01 -2.341524261648714145e+01
-4.697708640881930187e-01 -2.341476279657483417e+01
-4.734409489638822244e-01 -2.341441031959020691e+01
-4.771110338395709860e-01 -2.341394655371252753e+01
-4.807811187152601917e-01 -2.341360569916736267e+01
-4.844512035909493974e-01 -2.341315746179592594e+01
-4.881212884666381591e-01 -2.341282785594487237e+01
-4.917913733423273648e-01 -2.341239463827020373e+01
-4.954614582180161264e-01 -2.341207591899529561e+01
-4.991315430937053321e-01 -2.341165722841094876e+01
-5.028016279693945378e-01 -2.341134904486270685e+01
-5.064717128450832995e-01 -2.341094440445410640e+01
-5.101417977207725052e-01 -2.341064641670760338e+01
-5.138118825964612668e-01 -2.341025536476388069e+01
-5.174819674721504725e-01 -2.340996724350643987e+01
-5.211520523478396782e-01 -2.340958933309454792e+01
-5.248221372235284399e-01 -2.340931075927384342e+01
-5.284922220992172015e-01 -2.340894555771454932e+01
-5.321623069749064072e-01 -2.340867622231482414e+01
-5.358323918505951688e-01 -2.340832331082278017e+01
-5.395024767262843746e-01 -2.340806291450710930e+01
-5.431725616019735803e-01 -2.340772188774576890e+01
-5.468426464776623419e-01 -2.340747014055535047e+01
-5.505127313533515476e-01 -2.340714060616429038e+01
-5.541828162290403093e-01 -2.340689722728050626e+01
-5.578529011047295150e-01 -2.340657880553175119e+01
-5.615229859804187207e-01 -2.340634352295025522e+01
-5.651930708561074823e-01 -2.340603584631780620e+01
-5.688631557317962439e-01 -2.340580839664938040e+01
-5.725332406074854497e-01 -2.340551110950227809e+01
-5.762033254831742113e-01 -2.340529123766433983e+01
-5.798734103588638611e-01 -2.340500399581479130e+01
-5.835434952345526227e-01 -2.340479145479930878e+01
-5.872135801102413843e-01 -2.340451392517648443e+01
-5.908836649859305901e-01 -2.340430847576593365e+01
-5.945537498616193517e-01 -2.340404033605978285e+01
-5.982238347373085574e-01 -2.340384174664306016e+01
-6.018939196129977631e-01 -2.340358268500965622e+01
-6.055640044886865248e-01 -2.340339073132371439e+01
-6.092340893643757305e-01 -2.340314044599945120e+01
-6.129041742400644921e-01 -2.340295491094792268e+01
-6.165742591157536978e-01 -2.340271311000530829e+01
-6.202443439914429035e-01 -2.340253378336588597e+01
-6.239144288671316652e-01 -2.340230018430700909e+01
-6.275845137428204268e-01 -2.340212686256384345e+01
-6.312545986185096325e-01 -2.340190119211710851e+01
-6.349246834941983941e-01 -2.340173367825902417e+01
-6.385947683698880439e-01 -2.340151567202601157e+01
-6.422648532455768056e-01 -2.340135377535369798e+01
-6.459349381212655672e-01 -2.340114317756887274e+01
-6.496050229969547729e-01 -2.340098671346388315e+01
-6.532751078726435345e-01 -2.340078327670681091e+01
-6.569451927483327403e-01 -2.340063206645459459e+01
-6.606152776240219460e-01 -2.340043555135769893e+01
-6.642853624997107076e-01 -2.340028942200209272e+01
-6.679554473753999133e-01 -2.340009959706098286e+01
-6.716255322510886749e-01 -2.339995838119995852e+01
-6.752956171267778807e-01 -2.339977502247283780e+01
-6.789657020024670864e-01 -2.339963855807489779e+01
-6.826357868781558480e-01 -2.339946144896127933e+01
-6.863058717538446096e-01 -2.339932957919965872e+01
-6.899759566295338153e-01 -2.339915851018934845e+01
-6.936460415052225770e-01 -2.339903108332345028e+01
-6.973161263809122268e-01 -2.339886585179772993e+01
-7.009862112566009884e-01 -2.339874272098376906e+01
-7.046562961322897500e-01 -2.339858313098470077e+01
-7.083263810079789558e-01 -2.339846415408531755e+01
-7.119964658836677174e-01 -2.339831001608789052e+01
-7.156665507593569231e-01 -2.339819505559866997e+01
-7.193366356350461288e-01 -2.339804618631314170e+01
-7.230067205107348904e-01 -2.339793510918488550e+01
-7.266768053864240962e-01 -2.339779133138546285e+01
-7.303468902621128578e-01 -2.339768400876703325e+01
-7.340169751378020635e-01 -2.339754515103903643e+01
-7.376870600134912692e-01 -2.339744145852459312e+01
-7.413571448891800308e-01 -2.339730735516052462e+01
-7.450272297648687925e-01 -2.339720717209673495e+01
-7.486973146405579982e-01 -2.339707766278484868e+01
-7.523673995162467598e-01 -2.339698087263641924e+01
-7.560374843919364096e-01 -2.339685580247687824e+01
-7.597075692676251712e-01 -2.339676229240043170e+01
-7.633776541433139329e-01 -2.339664151154676475e+01
-7.670477390190031386e-01 -2.339655117242069338e+01
-7.707178238946919002e-01 -2.339643453602320733e+01
-7.743879087703811059e-01 -2.339634726227760808e+01
-7.780579936460703117e-01 -2.339623463027649919e+01
-7.817280785217590733e-01 -2.339615031977892201e+01
-7.853981633974478349e-01 -2.339604155677229258e+01
-7.890682482731370406e-01 -2.339596011073480142e+01
-7.927383331488262463e-01 -2.339585508581690831e+01
-7.964084180245154521e-01 -2.339577640870124497e+01
-8.000785029002042137e-01 -2.339567499531641914e+01
-8.037485877758929753e-01 -2.339559899470019033e+01
-8.074186726515821810e-01 -2.339550107052394878e+01
-8.110887575272709427e-01 -2.339542765702217864e+01
-8.147588424029601484e-01 -2.339533310379226450e+01
-8.184289272786493541e-01 -2.339526219095204240e+01
-8.220990121543381157e-01 -2.339517089434691144e+01
-8.257690970300273214e-01 -2.339510239854568852e+01
-8.294391819057160831e-01 -2.339501424806238461e+01
-8.331092667814052888e-01 -2.339494808843236129e+01
-8.367793516570944945e-01 -2.339486297726428887e+01
-8.404494365327832561e-01 -2.339479907561170080e+01
-8.441195214084720178e-01 -2.339471690051040653e+01
-8.477896062841612235e-01 -2.339465518123997256e+01
-8.514596911598504292e-01 -2.339457584244198074e+01
-8.551297760355396349e-01 -2.339451623243135003e+01
-8.587998609112283965e-01 -2.339443963350311861e+01
-8.624699457869171582e-01 -2.339438206205214854e+01
-8.661400306626063639e-01 -2.339430810980902109e+01
-8.698101155382951255e-01 -2.339425250853207316e+01
-8.734802004139843312e-01 -2.339418111288191326e+01
-8.771502852896735369e-01 -2.339412741567353038e+01
-8.808203701653622986e-01 -2.339405848954687173e+01
-8.844904550410515043e-01 -2.339400663249300294e+01
-8.881605399167402659e-01 -2.339394009176179168e+01
-8.918306247924294716e-01 -2.339389001304465054e+01
-8.955007096681186773e-01 -2.339382577639336347e+01
-8.991707945438074390e-01 -2.339377741629314400e+01
-9.028408794194962006e-01 -2.339371540519404746e+01
-9.065109642951854063e-01 -2.339366870593097048e+01
-9.101810491708746120e-01 -2.339360884445659039e+01
-9.138511340465638177e-01 -2.339356375021608514e+01
-9.175212189222525794e-01 -2.339350596502293911e+01
-9.211913037979413410e-01 -2.339346242184126012e+01
-9.248613886736305467e-01 -2.339340664206951104e+01
-9.285314735493193083e-01 -2.339336459778556687e+01
-9.322015584250085141e-01 -2.339331075497042178e+01
-9.358716433006977198e-01 -2.339327015916675379e+01
-9.395417281763864814e-01 -2.339321818717237633e+01
-9.432118130520756871e-01 -2.339317899108990417e+01
-9.468818979277644488e-01 -2.339312882596929555e+01
-9.505519828034536545e-01 -2.339309098249520602e+01
-9.542220676791428602e-01 -2.339304256247724112e+01
-9.578921525548316218e-01 -2.339300602610178714e+01
-9.615622374305203834e-01 -2.339295929155192155e+01
-9.652323223062095892e-01 -2.339292401825832357e+01
-9.689024071818983508e-01 -2.339287891153563592e+01
-9.725724920575880006e-01 -2.339284485878592079e+01
-9.762425769332767622e-01 -2.339280132421605884e+01
-9.799126618089655238e-01 -2.339276845091734458e+01
-9.835827466846547296e-01 -2.339272643472122226e+01
-9.872528315603434912e-01 -2.339269470116716221e+01
-9.909229164360326969e-01 -2.339265415139471571e+01
-9.945930013117219026e-01 -2.339262351921003713e+01
-9.982630861874106643e-01 -2.339258438567997445e+01
-1.001933171063099870e+00 -2.339255481780116952e+01
-1.005603255938788632e+00 -2.339251705207359322e+01
-1.009273340814477837e+00 -2.339248851267917573e+01
-1.012943425690167043e+00 -2.339245206793431819e+01
-1.016613510565855805e+00 -2.339242452239727399e+01
-1.020283595441544566e+00 -2.339238935341985837e+01
-1.023953680317233772e+00 -2.339236276829125316e+01
-1.027623765192922534e+00 -2.339232883140928010e+01
-1.031293850068611739e+00 -2.339230317442527962e+01
-1.034963934944300945e+00 -2.339227042751431185e+01
-1.038634019819989707e+00 -2.339224566746698741e+01
-1.042304104695678912e+00 -2.339221406980615825e+01
-1.045974189571367674e+00 -2.339219017656405697e+01
-1.049644274447056880e+00 -2.339215968882871621e+01
-1.053314359322746085e+00 -2.339213663326350456e+01
-1.056984444198434847e+00 -2.339210721746248112e+01
-1.060654529074123609e+00 -2.339208497148613830e+01
-1.064324613949812814e+00 -2.339205659102828250e+01
-1.067994698825502020e+00 -2.339203512731374346e+01
-1.071664783701191226e+00 -2.339200774643939695e+01
-1.075334868576879988e+00 -2.339198703929355005e+01
-1.079004953452568749e+00 -2.339196062472643689e+01
-1.082675038328257955e+00 -2.339194064816890162e+01
-1.086345123203946716e+00 -2.339191516451239039e+01
-1.090015208079635922e+00 -2.339189589629181754e+01
-1.093685292955325128e+00 -2.339187131628443694e+01
-1.097355377831013890e+00 -2.339185272841280749e+01
-1.101025462706703095e+00 -2.339182901706628925e+01
-1.104695547582391857e+00 -2.339181109021500404e+01
-1.108365632458081063e+00 -2.339178821995234969e+01
-1.112035717333770268e+00 -2.339177093097672611e+01
-1.115705802209459030e+00 -2.339174887245193091e+01
-1.119375887085147792e+00 -2.339173220039436529e+01
-1.123045971960836997e+00 -2.339171092615064040e+01
-1.126716056836526203e+00 -2.339169485045150054e+01
-1.130386141712215409e+00 -2.339167433377434691e+01
-1.134056226587904170e+00 -2.339165883469129881e+01
-1.137726311463592932e+00 -2.339163904985804621e+01
-1.141396396339282138e+00 -2.339162410830773453e+01
-1.145066481214970899e+00 -2.339160503047408213e+01
-1.148736566090660105e+00 -2.339159062806365341e+01
-1.152406650966349311e+00 -2.339157223328014368e+01
-1.156076735842038072e+00 -2.339155835226797109e+01
-1.159746820717727278e+00 -2.339154061743128565e+01
-1.163416905593416040e+00 -2.339152724068927114e+01
-1.167086990469105245e+00 -2.339151014347826418e+01
-1.170757075344794451e+00 -2.339149725448401895e+01
-1.174427160220483213e+00 -2.339148077338759890e+01
-1.178097245096171974e+00 -2.339146835621770748e+01
-1.181767329971861180e+00 -2.339145247049812326e+01
-1.185437414847550386e+00 -2.339144050981244050e+01
-1.189107499723239592e+00 -2.339142519947012744e+01
-1.192777584598928353e+00 -2.339141368047355130e+01
-1.196447669474617115e+00 -2.339139892621663464e+01
-1.200117754350306321e+00 -2.339138783465503479e+01
-1.203787839225995082e+00 -2.339137361788575120e+01
-1.207457924101684288e+00 -2.339136293999937521e+01
-1.211128008977373494e+00 -2.339134924276880412e+01
-1.214798093853062255e+00 -2.339133896531771484e+01
-1.218468178728751461e+00 -2.339132577034992266e+01
-1.222138263604440223e+00 -2.339131588057983535e+01
-1.225808348480129428e+00 -2.339130317120548597e+01
-1.229478433355818634e+00 -2.339129365684022233e+01
-1.233148518231507396e+00 -2.339128141700891916e+01
-1.236818603107196157e+00 -2.339127226624865941e+01
-1.240488687982885363e+00 -2.339126048052099804e+01
-1.244158772858574569e+00 -2.339125168197725912e+01
-1.247828857734263330e+00 -2.339124033544105785e+01
-1.251498942609952536e+00 -2.339123187815807370e+01
-1.255169027485641298e+00 -2.339122095644667354e+01
-1.258839112361330503e+00 -2.339121282988834238e+01
-1.262509197237019265e+00 -2.339120231918618131e+01
-1.266179282112708471e+00 -2.339119451323195165e+01
-1.269849366988397676e+00 -2.339118440023408851e+01
-1.273519451864086438e+00 -2.339117690514398262e+01
-1.277189536739775200e+00 -2.339116717703546655e+01
-1.280859621615464405e+00 -2.339115998347067205e+01
-1.284529706491153611e+00 -2.339115062794057209e+01
-1.288199791366842817e+00 -2.339114372690682941e+01
-1.291869876242531578e+00 -2.339113473208920269e+01
-1.295539961118220340e+00 -2.339112811496060473e+01
-1.299210045993909546e+00 -2.339111946944215248e+01
-1.302880130869598752e+00 -2.339111312794797826e+01
-1.306550215745287513e+00 -2.339110482076836917e+01
-1.310220300620976719e+00 -2.339109874696896796e+01
-1.313890385496665481e+00 -2.339109076758556327e+01
-1.317560470372354686e+00 -2.339108495388135012e+01
-1.321230555248043448e+00 -2.339107729216771148e+01
-1.324900640123732654e+00 -2.339107173126496875e+01
-1.328570724999421859e+00 -2.339106437748965206e+01
-1.332240809875110621e+00 -2.339105906240948940e+01
-1.335910894750799383e+00 -2.339105200721611055e+01
-1.339580979626488588e+00 -2.339104693128601653e+01
-1.343251064502177794e+00 -2.339104016571638667e+01
-1.346921149377867000e+00 -2.339103532255710505e+01
-1.350591234253555761e+00 -2.339102883800383026e+01
-1.354261319129244523e+00 -2.339102422151864857e+01
-1.357931404004933729e+00 -2.339101800971888423e+01
-1.361601488880622490e+00 -2.339101361407861290e+01
-1.365271573756311696e+00 -2.339100766710910762e+01
-1.368941658632000902e+00 -2.339100348681145647e+01
-1.372611743507689663e+00 -2.339099779716952554e+01
-1.376281828383378869e+00 -2.339099382689695261e+01
-1.379951913259067631e+00 -2.339098838725693241e+01
-1.383621998134756836e+00 -2.339098462194901629e+01
-1.387292083010446042e+00 -2.339097942534547769e+01
-1.390962167886134804e+00 -2.339097586032975329e+01
-1.394632252761823565e+00 -2.339097090013534697e+01
-1.398302337637512771e+00 -2.339096753104809423e+01
-1.401972422513201977e+00 -2.339096280102216241e+01
-1.405642507388891183e+00 -2.339095962324017819e+01
-1.409312592264579944e+00 -2.339095511752271150e+01
-1.412982677140268706e+00 -2.339095212725237971e+01
-1.416652762015957912e+00 -2.339094783974864100e+01
-1.420322846891646673e+00 -2.339094503317557283e+01
-1.423992931767335879e+00 -2.339094095861579348e+01
-1.427663016643025085e+00 -2.339093833215212115e+01
-1.431333101518713846e+00 -2.339093446517045294e+01
-1.435003186394403052e+00 -2.339093201563052205e+01
-1.438673271270091814e+00 -2.339092835145164884e+01
-1.442343356145781019e+00 -2.339092607556467129e+01
-1.446013441021470225e+00 -2.339092260952653746e+01
-1.449683525897158987e+00 -2.339092050448920190e+01
-1.453353610772847748e+00 -2.339091723216515462e+01
-1.457023695648536954e+00 -2.339091529533534697e+01
-1.460693780524226160e+00 -2.339091221258953013e+01
-1.464363865399915365e+00 -2.339091044152999999e+01
-1.468033950275604127e+00 -2.339090754445717835e+01
-1.471704035151292889e+00 -2.339090593702383813e+01
-1.475374120026982094e+00 -2.339090322201631622e+01
-1.479044204902670856e+00 -2.339090177620283484e+01
-1.482714289778360062e+00 -2.339089923985085306e+01
-1.486384374654049267e+00 -2.339089795392386506e+01
-1.490054459529738029e+00 -2.339089559313034883e+01
-1.493724544405426791e+00 -2.339089446558567076e+01
-1.497394629281115996e+00 -2.339089227744377197e+01
-1.501064714156805202e+00 -2.339089130691895946e+01
-1.504734799032494408e+00 -2.339088928872359574e+01
-1.508404883908183169e+00 -2.339088847423975537e+01
-1.512074968783871931e+00 -2.339088662355297998e+01
-1.515745053659561137e+00 -2.339088596410581999e+01
-1.519415138535250342e+00 -2.339088427876476572e+01
-1.523085223410939104e+00 -2.339088377377684935e+01
-1.526755308286628310e+00 -2.339088225174010560e+01
-1.530425393162317071e+00 -2.339088190077304219e+01
-1.534095478038006277e+00 -2.339088054016165330e+01
-1.537765562913695039e+00 -2.339088034293418517e+01
-1.541435647789384245e+00 -2.339087914203756924e+01
-1.545105732665073450e+00 -2.339087909882428207e+01
-1.548775817540762212e+00 -2.339087805610276760e+01
-1.552445902416450974e+00 -2.339087816649934481e+01
-1.556115987292140179e+00 -2.339087727825627994e+01
-1.559786072167829385e+00 -2.339087754782661221e+01
-1.563456157043518591e+00 -2.339087681512937422e+01
-1.567126241919207352e+00 -2.339087722604658381e+01
-1.570796326794896114e+00 -2.339087664667519562e+01
