1.570796326794896558e+00 7.729739301584742851e-15
1.567865736632965801e+00 7.718497138051788101e-15
1.564935146471035043e+00 7.723538238007955418e-15
1.562004556309104286e+00 7.705353523217656172e-15
1.559073966147173529e+00 7.703516133266006519e-15
1.556143375985242772e+00 7.678792463948161892e-15
1.553212785823311792e+00 7.670369163978924663e-15
1.550282195661381035e+00 7.639201295951336796e-15
1.547351605499450278e+00 7.624253801366222773e-15
1.544421015337519520e+00 7.586764215143159593e-15
1.541490425175588763e+00 7.565424008159434316e-15
1.538559835013658006e+00 7.521784392943990757e-15
1.535629244851727249e+00 7.494208683095947131e-15
1.532698654689796491e+00 7.444625068887298816e-15
1.529768064527865734e+00 7.411006070467484116e-15
1.526837474365934977e+00 7.355716404467233516e-15
1.523906884204004220e+00 7.316276387774384060e-15
1.520976294042073240e+00 7.255547154544743493e-15
1.518045703880142483e+00 7.210536679011915057e-15
1.515115113718211726e+00 7.144659966850809310e-15
1.512184523556280968e+00 7.094354941138102737e-15
1.509253933394350211e+00 7.023645319611557500e-15
1.506323343232419454e+00 6.968344057102354550e-15
1.503392753070488697e+00 6.893135393806151975e-15
1.500462162908557939e+00 6.833155503867884423e-15
1.497531572746627182e+00 6.753797595551823047e-15
1.494600982584696425e+00 6.689472724664324415e-15
1.491670392422765667e+00 6.606327964701064096e-15
1.488739802260834910e+00 6.538004496069989749e-15
1.485809212098903931e+00 6.451444510984333286e-15
1.482878621936973174e+00 6.379478306873692549e-15
1.479948031775042416e+00 6.289880648654356574e-15
1.477017441613111659e+00 6.214633804906818051e-15
1.474086851451180902e+00 6.122378699962167946e-15
1.471156261289250144e+00 6.044216412312811674e-15
1.468225671127319387e+00 5.949683694743016137e-15
1.465295080965388630e+00 5.868971235044794841e-15
1.462364490803457873e+00 5.772537435498714106e-15
1.459433900641527115e+00 5.689637363557441199e-15
1.456503310479596358e+00 5.591672923385876862e-15
1.453572720317665379e+00 5.506942368775813177e-15
1.450642130155734622e+00 5.407809239552884631e-15
1.447711539993803864e+00 5.321597553276639458e-15
1.444780949831873107e+00 5.221646858680921748e-15
1.441850359669942350e+00 5.134293395319305881e-15
1.438919769508011592e+00 5.033863465107634039e-15
1.435989179346080835e+00 4.945695656938180631e-15
1.433058589184150078e+00 4.845110292654802812e-15
1.430127999022219321e+00 4.756441979559921396e-15
1.427197408860288563e+00 4.656008965125782972e-15
1.424266818698357806e+00 4.567138979249352782e-15
1.421336228536426827e+00 4.467148926533039368e-15
1.418405638374496069e+00 4.378360022194930932e-15
1.415475048212565312e+00 4.279085125612198632e-15
1.412544458050634555e+00 4.190642557073893356e-15
1.409613867888703798e+00 4.092336574232518387e-15
1.406683277726773040e+00 4.004488233170151970e-15
1.403752687564842283e+00 3.907385363607973504e-15
1.400822097402911526e+00 3.820360869449329591e-15
1.397891507240980769e+00 3.724675730698326879e-15
1.394960917079050011e+00 3.638686109809474982e-15
1.392030326917119254e+00 3.544613728292008405e-15
1.389099736755188275e+00 3.459851586992662365e-15
1.386169146593257517e+00 3.367567519915036588e-15
1.383238556431326760e+00 3.284207054752662042e-15
1.380307966269396003e+00 3.193867781113384451e-15
1.377377376107465246e+00 3.112065130968420823e-15
1.374446785945534488e+00 3.023808361256657022e-15
1.371516195783603731e+00 2.943701928026523374e-15
1.368585605621672974e+00 2.857647248074445260e-15
1.365655015459742216e+00 2.779358346432061175e-15
1.362724425297811459e+00 2.695607927653110420e-15
1.359793835135880702e+00 2.619241369863644690e-15
1.356863244973949723e+00 2.537880714605102544e-15
1.353932654812018965e+00 2.463525566408762820e-15
1.351002064650088208e+00 2.384624360340677162e-15
1.348071474488157451e+00 2.312354664161033552e-15
1.345140884326226693e+00 2.235967625263128063e-15
1.342210294164295936e+00 2.165843272791176753e-15
1.339279704002365179e+00 2.092011166439980420e-15
1.336349113840434422e+00 2.024078816583983160e-15
1.333418523678503664e+00 1.952829334636555948e-15
1.330487933516572907e+00 1.887123213892917732e-15
1.327557343354642150e+00 1.818471962059075058e-15
1.324626753192711170e+00 1.755014822390317780e-15
1.321696163030780635e+00 1.688966291760438747e-15
1.318765572868849656e+00 1.627770292882540907e-15
1.315834982706918899e+00 1.564318775042177799e-15
1.312904392544988141e+00 1.505386359398419266e-15
1.309973802383057384e+00 1.444516932169184683e-15
1.307043212221126627e+00 1.387841734056471445e-15
1.304112622059195870e+00 1.329531118987629484e-15
1.301182031897265112e+00 1.275098769980291668e-15
1.298251441735334355e+00 1.219316239462791588e-15
1.295320851573403598e+00 1.167105210810836027e-15
1.292390261411472618e+00 1.113813397147237800e-15
1.289459671249542083e+00 1.063795753371049390e-15
1.286529081087611104e+00 1.012951465451633670e-15
1.283598490925680347e+00 9.650936444647383555e-16
1.280667900763749589e+00 9.166486103407852182e-16
1.277737310601818832e+00 8.709121005263711882e-16
1.274806720439888075e+00 8.248136863499476047e-16
1.271876130277957317e+00 7.811556917130163304e-16
1.268945540116026560e+00 7.373475380140563675e-16
1.266014949954095803e+00 6.957216018816226847e-16
1.263084359792165046e+00 6.541442747179421275e-16
1.260153769630234066e+00 6.145008542578269105e-16
1.257223179468303531e+00 5.750924088908992381e-16
1.254292589306372552e+00 5.373794186596237298e-16
1.251361999144441794e+00 5.000758998445551374e-16
1.248431408982511037e+00 4.642391913730054774e-16
1.245500818820580280e+00 4.289751272816509048e-16
1.242570228658649523e+00 3.949589421908875222e-16
1.239639638496718765e+00 3.616677934869009063e-16
1.236709048334788008e+00 3.294151800462064098e-16
1.233778458172857251e+00 2.980297387564985680e-16
1.230847868010926494e+00 2.674829204642517687e-16
1.227917277848995514e+00 2.379356441078661307e-16
1.224986687687064979e+00 2.090363439109489321e-16
1.222056097525134000e+00 1.812597063444475202e-16
1.219125507363203242e+00 1.539494838141463834e-16
1.216194917201272485e+00 1.278762314657192974e-16
1.213264327039341728e+00 1.020967134097996399e-16
1.210333736877410971e+00 7.766013604386599993e-17
1.207403146715480213e+00 5.335328011386886226e-17
1.204472556553549456e+00 3.048743344509943932e-17
1.201541966391618699e+00 7.595723650424351976e-18
1.198611376229687941e+00 -1.376438269144309465e-17
1.195680786067756962e+00 -3.529773833692213488e-17
1.192750195905826427e+00 -5.521598158524688719e-17
1.189819605743895448e+00 -7.544690124474256413e-17
1.186889015581964912e+00 -9.398588797897559778e-17
1.183958425420033933e+00 -1.129692713434604660e-16
1.181027835258103176e+00 -1.301902222717765850e-16
1.178097245096172418e+00 -1.479798413284715634e-16
1.175166654934241661e+00 -1.639424940034170567e-16
1.172236064772310904e+00 -1.805908962909869232e-16
1.169305474610380147e+00 -1.953534282632741607e-16
1.166374884448449389e+00 -2.109118490333409123e-16
1.163444294286518410e+00 -2.245308064590665546e-16
1.160513704124587875e+00 -2.390491070580405518e-16
1.157583113962656896e+00 -2.515793425990001284e-16
1.154652523800726138e+00 -2.651059592473626215e-16
1.151721933638795381e+00 -2.766006245150684503e-16
1.148791343476864624e+00 -2.891825147378829567e-16
1.145860753314933866e+00 -2.996929535578852576e-16
1.142930163153003109e+00 -3.113756023269187859e-16
1.139999572991072352e+00 -3.209517958741968617e-16
1.137068982829141373e+00 -3.317792960595280729e-16
1.134138392667210837e+00 -3.404687172282862513e-16
1.131207802505280080e+00 -3.504833356543128568e-16
1.128277212343349323e+00 -3.583323272941261594e-16
1.125346622181418343e+00 -3.675753228660204192e-16
1.122416032019487586e+00 -3.746283446440195525e-16
1.119485441857556829e+00 -3.831390329239553729e-16
1.116554851695626072e+00 -3.894387509268798137e-16
1.113624261533695314e+00 -3.972551056700511205e-16
1.110693671371764557e+00 -4.028425321299943494e-16
1.107763081209833800e+00 -4.100010419939020126e-16
1.104832491047903043e+00 -4.149155106021581036e-16
1.101901900885972285e+00 -4.214512195655243076e-16
1.098971310724041306e+00 -4.257304467904851265e-16
1.096040720562110771e+00 -4.316769906225151819e-16
1.093110130400179791e+00 -4.353570961892224762e-16
1.090179540238249034e+00 -4.407467065012571922e-16
1.087248950076318277e+00 -4.438622415002005669e-16
1.084318359914387520e+00 -4.487257797782196126e-16
1.081387769752456762e+00 -4.513097922833183183e-16
1.078457179590526005e+00 -4.556768059473652719e-16
1.075526589428595248e+00 -4.577608694162453051e-16
1.072595999266664490e+00 -4.616596077265892148e-16
1.069665409104733733e+00 -4.632738548526757179e-16
1.066734818942802754e+00 -4.667313065333193494e-16
1.063804228780872219e+00 -4.679044944012662577e-16
1.060873638618941239e+00 -4.709464393110581307e-16
1.057943048457010704e+00 -4.717059766847377560e-16
1.055012458295079725e+00 -4.743570157892027047e-16
1.052081868133149190e+00 -4.747290221788584760e-16
1.049151277971218210e+00 -4.770126110511675672e-16
1.046220687809287453e+00 -4.770219592374178766e-16
1.043290097647356696e+00 -4.789604605888514475e-16
1.040359507485425938e+00 -4.786308155604664451e-16
1.037428917323495181e+00 -4.802455272443321336e-16
1.034498327161564202e+00 -4.795993899215455688e-16
1.031567736999633667e+00 -4.809105841309659304e-16
1.028637146837702687e+00 -4.799693557197706972e-16
1.025706556675772152e+00 -4.809963416782106543e-16
1.022775966513841173e+00 -4.797803334640067789e-16
1.019845376351910415e+00 -4.805414400311286010e-16
1.016914786189979658e+00 -4.790699669000874714e-16
1.013984196028048901e+00 -4.795826347763795420e-16
1.011053605866118144e+00 -4.778739898531030398e-16
1.008123015704187386e+00 -4.781548089614096062e-16
1.005192425542256629e+00 -4.762263519867496570e-16
1.002261835380325650e+00 -4.762910402132521816e-16
9.993312452183951144e-01 -4.741592394285477170e-16
9.964006550564642462e-01 -4.740227286062242438e-16
9.934700648945334889e-01 -4.717031747382498117e-16
9.905394747326026206e-01 -4.713796312119653151e-16
9.876088845706719743e-01 -4.688870867069008849e-16
9.846782944087412170e-01 -4.683899327553907764e-16
9.817477042468103487e-01 -4.657383777318150079e-16
9.788171140848795915e-01 -4.650803506109910057e-16
9.758865239229487232e-01 -4.622829910371161656e-16
9.729559337610180769e-01 -4.614761395778783222e-16
9.700253435990873196e-01 -4.585454754371583665e-16
9.670947534371564513e-01 -4.576012193883029145e-16
9.641641632752256941e-01 -4.545490541443128465e-16
9.612335731132949368e-01 -4.534781950171748374e-16
9.583029829513641795e-01 -4.503156795742573679e-16
9.553723927894334222e-01 -4.491284332141001128e-16
9.524418026275025539e-01 -4.458660898766980816e-16
9.495112124655717967e-01 -4.445721121133210507e-16
9.465806223036410394e-01 -4.412198667714161271e-16
9.436500321417102821e-01 -4.398283002284939559e-16
9.407194419797794138e-01 -4.363954992345721320e-16
9.377888518178486565e-01 -4.349149561807643367e-16
9.348582616559178993e-01 -4.314104199329434373e-16
9.319276714939871420e-01 -4.298490371652156154e-16
9.289970813320563847e-01 -4.262810651251379936e-16
9.260664911701255164e-01 -4.246465266895503302e-16
9.231359010081947591e-01 -4.210229230260071784e-16
9.202053108462641129e-01 -4.193224674214965833e-16
9.172747206843332446e-01 -4.156505770705837181e-16
9.143441305224024873e-01 -4.138910300285015133e-16
9.114135403604716190e-01 -4.101777525636022079e-16
9.084829501985409728e-01 -4.083655388137286528e-16
9.055523600366102155e-01 -4.046173499650430977e-16
9.026217698746793472e-01 -4.027585168045816724e-16
8.996911797127485899e-01 -3.989814915153258757e-16
8.967605895508178326e-01 -3.970817437443704588e-16
8.938299993888870754e-01 -3.932815658841727236e-16
8.908994092269563181e-01 -3.913462515034553127e-16
8.879688190650254498e-01 -3.875282808936435461e-16
8.850382289030946925e-01 -3.855624167860313365e-16
8.821076387411639352e-01 -3.817316415099449453e-16
8.791770485792331780e-01 -3.797399630862111575e-16
8.762464584173024207e-01 -3.759010365322476429e-16
8.733158682553715524e-01 -3.738879663597715417e-16
8.703852780934407951e-01 -3.700452465054494668e-16
8.674546879315100378e-01 -3.680149225361009272e-16
8.645240977695792806e-01 -3.641724986713568815e-16
8.615935076076485233e-01 -3.621289159035516445e-16
8.586629174457176550e-01 -3.582910396157046945e-16
8.557323272837870087e-01 -3.562390519522680574e-16
8.528017371218561404e-01 -3.524068059206193868e-16
8.498711469599253832e-01 -3.503471665271744938e-16
8.469405567979946259e-01 -3.465272856285448727e-16
8.440099666360638686e-01 -3.444644663410235190e-16
8.410793764741331113e-01 -3.406585983956226814e-16
8.381487863122022430e-01 -3.385956516907934486e-16
8.352181961502714858e-01 -3.348065564554689202e-16
8.322876059883407285e-01 -3.327462049457959139e-16
8.293570158264099712e-01 -3.289764921586526028e-16
8.264264256644792139e-01 -3.269213235996024393e-16
8.234958355025483456e-01 -3.231734028190999674e-16
8.205652453406175884e-01 -3.211258062442932023e-16
8.176346551786868311e-01 -3.174019051139545989e-16
8.147040650167560738e-01 -3.153641092672282493e-16
8.117734748548253165e-01 -3.116662799120729454e-16
8.088428846928944482e-01 -3.096403388340615867e-16
8.059122945309636910e-01 -3.059704578788146418e-16
8.029817043690330447e-01 -3.039582793987560798e-16
8.000511142071021764e-01 -3.003180703230244095e-16
7.971205240451714191e-01 -2.983214204064684944e-16
7.941899338832405508e-01 -2.947124507531027901e-16
7.912593437213099046e-01 -2.927329541752780562e-16
7.883287535593791473e-01 -2.891566580290795520e-16
7.853981633974482790e-01 -2.871958116485437484e-16
7.824675732355174107e-01 -2.836534839394339991e-16
7.795369830735867644e-01 -2.817126641083107402e-16
7.766063929116560072e-01 -2.782054755034062764e-16
7.736758027497251389e-01 -2.762859394203090054e-16
7.707452125877944926e-01 -2.728149453162316933e-16
7.678146224258636243e-01 -2.709178433810284713e-16
7.648840322639328670e-01 -2.674839839061791084e-16
7.619534421020019987e-01 -2.656103645792787109e-16
7.590228519400713525e-01 -2.622144791148872243e-16
7.560922617781404842e-01 -2.603652913550493905e-16
7.531616716162097269e-01 -2.570081195958845566e-16
7.502310814542790807e-01 -2.551842230049627496e-16
7.473004912923482124e-01 -2.518664066633106005e-16
7.443699011304173441e-01 -2.500685809301985973e-16
7.414393109684866978e-01 -2.467906791641622688e-16
7.385087208065558295e-01 -2.450196129940204997e-16
7.355781306446250722e-01 -2.417821034102554779e-16
7.326475404826942039e-01 -2.400384084306108207e-16
7.297169503207635577e-01 -2.368416875025302819e-16
7.267863601588326894e-01 -2.351259105054257787e-16
7.238557699969019321e-01 -2.319703080469214016e-16
7.209251798349712859e-01 -2.302829164196629125e-16
7.179945896730404176e-01 -2.271686938172426416e-16
7.150639995111095493e-01 -2.255101106497230683e-16
7.121334093491789030e-01 -2.224374566388542769e-16
7.092028191872481457e-01 -2.208080331507364803e-16
7.062722290253172774e-01 -2.177770853465794744e-16
7.033416388633864091e-01 -2.161771197380223455e-16
7.004110487014557629e-01 -2.131879610269764164e-16
6.974804585395250056e-01 -2.116176971060634686e-16
6.945498683775941373e-01 -2.086703587447803600e-16
6.916192782156634911e-01 -2.071299894457034850e-16
6.886886880537326228e-01 -2.042244548100401048e-16
6.857580978918018655e-01 -2.027141331021867242e-16
6.828275077298712192e-01 -1.998503379395778464e-16
6.798969175679403509e-01 -1.983701667298025344e-16
6.769663274060094826e-01 -1.955480120236440796e-16
6.740357372440787254e-01 -1.940980607556004762e-16
6.711051470821480791e-01 -1.913173937809069259e-16
6.681745569202172108e-01 -1.898976854453912487e-16
6.652439667582863425e-01 -1.871583383674786319e-16
6.623133765963556963e-01 -1.857688680473438826e-16
6.593827864344249390e-01 -1.830706200364774179e-16
6.564521962724940707e-01 -1.817113494241036844e-16
6.535216061105634244e-01 -1.790539589940909168e-16
6.505910159486325561e-01 -1.777248190864259557e-16
6.476604257867017989e-01 -1.751080109716482481e-16
6.447298356247709306e-01 -1.738088988285701362e-16
6.417992454628402843e-01 -1.712323797578521826e-16
6.388686553009094160e-01 -1.699631792190810004e-16
6.359380651389786587e-01 -1.674266225152897097e-16
6.330074749770479015e-01 -1.661871756770072431e-16
6.300768848151171442e-01 -1.636902423026479153e-16
6.271462946531862759e-01 -1.624803802264151199e-16
6.242157044912556296e-01 -1.600226992458958053e-16
6.212851143293247613e-01 -1.588422324363843346e-16
6.183545241673940041e-01 -1.564234209189404310e-16
6.154239340054631358e-01 -1.552721346748138761e-16
6.124933438435324895e-01 -1.528917947586997038e-16
6.095627536816016212e-01 -1.517694596464248239e-16
6.066321635196708639e-01 -1.494271710618966949e-16
6.037015733577402177e-01 -1.483335464825102573e-16
6.007709831958093494e-01 -1.460288835748637896e-16
5.978403930338784811e-01 -1.449637020966466349e-16
5.949098028719478348e-01 -1.426962268577794824e-16
5.919792127100170775e-01 -1.416592208880582272e-16
5.890486225480862092e-01 -1.394284789665725983e-16
5.861180323861553410e-01 -1.384193579360817723e-16
5.831874422242246947e-01 -1.362248752984633617e-16
5.802568520622939374e-01 -1.352433056047361858e-16
5.773262619003630691e-01 -1.330846104327999502e-16
5.743956717384324229e-01 -1.321304013037547729e-16
5.714650815765015546e-01 -1.300070020598311344e-16
5.685344914145706863e-01 -1.290796468973344356e-16
5.656039012526399290e-01 -1.269910840548419067e-16
5.626733110907091717e-01 -1.260904104649013388e-16
5.597427209287784144e-01 -1.240362021976595507e-16
5.568121307668476572e-01 -1.231618307450904199e-16
5.538815406049168999e-01 -1.211414693038490988e-16
5.509509504429861426e-01 -1.202930651842308407e-16
5.480203602810553853e-01 -1.183060454762153759e-16
5.450897701191246281e-01 -1.174832569184386191e-16
5.421591799571938708e-01 -1.155290757254396386e-16
5.392285897952628915e-01 -1.147315548503598248e-16
5.362979996333321342e-01 -1.128097084486579752e-16
5.333674094714015990e-01 -1.120370968778965467e-16
5.304368193094706196e-01 -1.101470777607008624e-16
5.275062291475398624e-01 -1.093990297746699706e-16
5.245756389856091051e-01 -1.075403253239622192e-16
5.216450488236783478e-01 -1.068164713003740912e-16
5.187144586617475905e-01 -1.049885818695242971e-16
5.157838684998168333e-01 -1.042885598105855135e-16
5.128532783378860760e-01 -1.024909753763959701e-16
5.099226881759553187e-01 -1.018144237167479613e-16
5.069920980140243394e-01 -1.000466394124519675e-16
5.040615078520938042e-01 -9.939318765403644823e-17
5.011309176901628248e-01 -9.765469634428280571e-17
4.982003275282320676e-01 -9.702398530993412550e-17
4.952697373663013103e-01 -9.531427646689295120e-17
4.923391472043705530e-01 -9.470593661386657344e-17
4.894085570424397957e-01 -9.302451925140012035e-17
4.864779668805090385e-01 -9.243817818978417824e-17
4.835473767185782812e-01 -9.078454416680226521e-17
4.806167865566475239e-01 -9.021984414967587793e-17
4.776861963947165446e-01 -8.859350319877169449e-17
4.747556062327860094e-01 -8.805007325095480281e-17
4.718250160708550300e-01 -8.645053322784503596e-17
4.688944259089242728e-01 -8.592801155003987897e-17
4.659638357469937375e-01 -8.435478126394447927e-17
4.630332455850627582e-01 -8.385280563267296356e-17
4.601026554231320009e-01 -8.230540108116675896e-17
4.571720652612012437e-01 -8.182361127480471495e-17
4.542414750992704864e-01 -8.030155059636047645e-17
4.513108849373397291e-01 -7.983958606459257409e-17
4.483802947754087498e-01 -7.834239423481673726e-17
4.454497046134782146e-01 -7.789989980250200350e-17
4.425191144515474573e-01 -7.642710411110644883e-17
4.395885242896164780e-01 -7.600372566840546613e-17
4.366579341276859427e-01 -7.455485647419314694e-17
4.337273439657549634e-01 -7.415024374247371220e-17
4.307967538038242061e-01 -7.272484396338567131e-17
4.278661636418936709e-01 -7.233864685229743870e-17
4.249355734799626916e-01 -7.093625523460408643e-17
4.220049833180319343e-01 -7.056813067355713467e-17
4.190743931561011770e-01 -6.918829943185677422e-17
4.161438029941704198e-01 -6.883790626369680226e-17
4.132132128322396625e-01 -6.748018503572130326e-17
4.102826226703086832e-01 -6.714718387025147222e-17
4.073520325083781479e-01 -6.581113737043114523e-17
4.044214423464473906e-01 -6.549519459149959110e-17
4.014908521845164113e-01 -6.418038037108207563e-17
3.985602620225858761e-01 -6.388116546997072712e-17
3.956296718606548968e-01 -6.258716341030203859e-17
3.926990816987241395e-01 -6.230434576145538759e-17
3.897684915367933822e-01 -6.103072769138160718e-17
3.868379013748626249e-01 -6.076398694724980783e-17
3.839073112129318677e-01 -5.951033590399488907e-17
3.809767210510008884e-01 -5.925935019582758961e-17
3.780461308890703531e-01 -5.802525962604569556e-17
3.751155407271395958e-01 -5.778971644542388354e-17
3.721849505652086165e-01 -5.657477854526179199e-17
3.692543604032780813e-01 -5.635436795022315402e-17
3.663237702413471020e-01 -5.515818282885086149e-17
3.633931800794163447e-01 -5.495259542705721501e-17
3.604625899174855874e-01 -5.377476817111700054e-17
3.575319997555548301e-01 -5.358370409652975096e-17
3.546014095936240729e-01 -5.242385340338570349e-17
3.516708194316933156e-01 -5.224701438091624714e-17
3.487402292697625583e-01 -5.110475443852172548e-17
3.458096391078318010e-01 -5.094184880166403687e-17
3.428790489459008217e-01 -4.981680388195204630e-17
3.399484587839702865e-01 -4.966753746489539499e-17
3.370178686220395292e-01 -4.855934595334968965e-17
3.340872784601085499e-01 -4.842343142685314065e-17
3.311566882981777926e-01 -4.733172613874471604e-17
3.282260981362470353e-01 -4.720888941302897856e-17
3.252955079743162781e-01 -4.613331344573023975e-17
3.223649178123855208e-01 -4.602327750027162250e-17
3.194343276504547635e-01 -4.496348360140435690e-17
3.165037374885240062e-01 -4.486597426156555500e-17
3.135731473265932490e-01 -4.382161791852744873e-17
3.106425571646622696e-01 -4.373636983324196928e-17
3.077119670027317344e-01 -4.270711261094691136e-17
3.047813768408007551e-01 -4.263386251518175435e-17
3.018507866788699978e-01 -4.161938102384286541e-17
2.989201965169392405e-01 -4.155789120733763940e-17
2.959896063550084833e-01 -4.055779836259386248e-17
2.930590161930777260e-01 -4.050776918633141485e-17
2.901284260311469687e-01 -3.952185076746845091e-17
2.871978358692162114e-01 -3.948306025193368798e-17
2.842672457072854542e-01 -3.851093867640706725e-17
2.813366555453544748e-01 -3.848313339343126691e-17
2.784060653834239396e-01 -3.752450980827970669e-17
2.754754752214929603e-01 -3.750745215980615150e-17
2.725448850595622030e-01 -3.656202205138739016e-17
2.696142948976316678e-01 -3.655547390950154079e-17
2.666837047357006885e-01 -3.562294132502349517e-17
2.637531145737699312e-01 -3.562667488693657853e-17
2.608225244118391739e-01 -3.470674863913263257e-17
2.578919342499084166e-01 -3.472053514880124493e-17
2.549613440879776594e-01 -3.381293222566395368e-17
2.520307539260466800e-01 -3.383654158497625459e-17
2.491001637641161448e-01 -3.294098005781554290e-17
2.461695736021853875e-01 -3.297419976433415066e-17
2.432389834402544082e-01 -3.209040216056888909e-17
2.403083932783238730e-01 -3.213301144498744407e-17
2.373778031163928937e-01 -3.126071283124784293e-17
2.344472129544621364e-01 -3.131249878542250839e-17
2.315166227925316011e-01 -3.045143291791562591e-17
2.285860326306006218e-01 -3.051219155909677554e-17
2.256554424686698646e-01 -2.966210020834285074e-17
2.227248523067391073e-01 -2.973162715472263939e-17
2.197942621448083500e-01 -2.889225399369590981e-17
2.168636719828775927e-01 -2.897035127165122186e-17
2.139330818209466134e-01 -2.814145377922635659e-17
2.110024916590160782e-01 -2.822792102187617716e-17
2.080719014970853209e-01 -2.740925134321506220e-17
2.051413113351543416e-01 -2.750390403287207278e-17
2.022107211732238063e-01 -2.669522001685434504e-17
1.992801310112928270e-01 -2.679786387970129462e-17
1.963495408493620697e-01 -2.599894172876315918e-17
1.934189506874313125e-01 -2.610939424855958854e-17
1.904883605255005552e-01 -2.531999411083993141e-17
1.875577703635697979e-01 -2.543807638333033807e-17
1.846271802016388186e-01 -2.465797988932166233e-17
1.816965900397082834e-01 -2.478351375859053938e-17
1.787659998777775261e-01 -2.401250513645951035e-17
1.758354097158465468e-01 -2.414531557591867143e-17
1.729048195539160115e-01 -2.338317816292884660e-17
1.699742293919850322e-01 -2.352309700518663793e-17
1.670436392300542749e-01 -2.276961899372279124e-17
1.641130490681235177e-01 -2.291647705246458444e-17
1.611824589061927604e-01 -2.217145621741834481e-17
1.582518687442620031e-01 -2.232509338803679996e-17
1.553212785823312458e-01 -2.158832406320912706e-17
1.523906884204004886e-01 -2.174857977604645244e-17
1.494600982584697313e-01 -2.101986828150889090e-17
1.465295080965387520e-01 -2.118658681816909553e-17
1.435989179346082167e-01 -2.046573931355730916e-17
1.406683277726774595e-01 -2.063877089386850137e-17
1.377377376107464801e-01 -1.992559762810128755e-17
1.348071474488157229e-01 -2.010478814266406257e-17
1.318765572868849656e-01 -1.939911000836146183e-17
1.289459671249542083e-01 -1.958432005204969977e-17
1.260153769630234510e-01 -1.888594929491686789e-17
1.230847868010926938e-01 -1.907702844313649952e-17
1.201541966391619365e-01 -1.838579538601321794e-17
1.172236064772311792e-01 -1.858260362284244846e-17
1.142930163153004219e-01 -1.789833366364830534e-17
1.113624261533696647e-01 -1.810073852836490054e-17
1.084318359914386853e-01 -1.742326022973914159e-17
1.055012458295079281e-01 -1.763112570070290439e-17
1.025706556675771708e-01 -1.696027541529022032e-17
9.964006550564641351e-02 -1.717347053150036081e-17
9.670947534371565624e-02 -1.650908934672060287e-17
9.377888518178489896e-02 -1.672748475137039073e-17
9.084829501985414169e-02 -1.606941245646432226e-17
8.791770485792338441e-02 -1.629288497420480633e-17
8.498711469599262713e-02 -1.564096900585828131e-17
8.205652453406186986e-02 -1.586939172648133110e-17
7.912593437213089054e-02 -1.522348393350008344e-17
7.619534421020013326e-02 -1.545674041547109019e-17
7.326475404826959803e-02 -1.481668973052025928e-17
7.033416388633861871e-02 -1.505466511122258125e-17
6.740357372440786143e-02 -1.442032707740910962e-17
6.447298356247710416e-02 -1.466289996253667436e-17
6.154239340054634688e-02 -1.403413908047579869e-17
5.861180323861558961e-02 -1.428119801330657523e-17
5.568121307668461029e-02 -1.365787426749788032e-17
5.275062291475407505e-02 -1.390931574282625919e-17
4.982003275282331778e-02 -1.329129253791822269e-17
4.688944259089233846e-02 -1.354700371308156821e-17
4.395885242896180323e-02 -1.293415320319220190e-17
4.102826226703082391e-02 -1.319403026776044246e-17
3.809767210510006663e-02 -1.258622493307901140e-17
3.516708194316953140e-02 -1.285017145801418068e-17
3.223649178123855208e-02 -1.224728674073646439e-17
2.930590161930779480e-02 -1.251519790204630831e-17
2.637531145737703753e-02 -1.191710704103881302e-17
2.344472129544628025e-02 -1.218888711608356165e-17
2.051413113351552298e-02 -1.159547087410272832e-17
1.758354097158454366e-02 -1.187100955769100213e-17
1.465295080965400842e-02 -1.128215025080113752e-17
1.172236064772325115e-02 -1.156137095532058953e-17
8.791770485792271828e-03 -1.097696804446324479e-17
5.861180323861736596e-03 -1.125979870833691623e-17
2.930590161930757276e-03 -1.067973366133834857e-17
0.000000000000000000e+00 -1.096604711137654584e-17
-2.930590161930757276e-03 -1.039020170050208656e-17
-5.861180323861736596e-03 -1.067992583272819657e-17
-8.791770485792049783e-03 -1.010820210351780588e-17
-1.172236064772302910e-02 -1.040125240244954324e-17
-1.465295080965378638e-02 -9.833545622484134961e-18
-1.758354097158454366e-02 -1.012984003881377186e-17
-2.051413113351552298e-02 -9.566048428836432488e-18
-2.344472129544628025e-02 -9.865505066027461583e-18
-2.637531145737703753e-02 -9.305532254060698825e-18
-2.930590161930757276e-02 -9.608071570790520827e-18
-3.223649178123833003e-02 -9.051823033916502421e-18
-3.516708194316930935e-02 -9.357368954859410419e-18
-3.809767210510006663e-02 -8.804744422604615921e-18
-4.102826226703082391e-02 -9.113216767092251621e-18
-4.395885242896180323e-02 -8.564132278452134957e-18
-4.688944259089256050e-02 -8.875467077670419858e-18
-4.982003275282309573e-02 -8.329822006842351665e-18
-5.275062291475385301e-02 -8.643945557988557344e-18
-5.568121307668461029e-02 -8.101658269397605641e-18
-5.861180323861558961e-02 -8.418491822957707705e-18
-6.154239340054634688e-02 -7.879479811051603879e-18
-6.447298356247710416e-02 -8.198960536346978137e-18
-6.740357372440763939e-02 -7.663141297757778608e-18
-7.033416388633839667e-02 -7.985205841898440102e-18
-7.326475404826937599e-02 -7.452494943612883815e-18
-7.619534421020013326e-02 -7.777070553123789788e-18
-7.912593437213089054e-02 -7.247388583883583559e-18
-8.205652453406186986e-02 -7.574416931906054851e-18
-8.498711469599262713e-02 -7.047687153510242960e-18
-8.791770485792316236e-02 -7.377100988976571835e-18
-9.084829501985391964e-02 -6.853249017176623279e-18
-9.377888518178489896e-02 -7.184993688031098869e-18
-9.670947534371565624e-02 -6.663945137733748201e-18
-9.964006550564641351e-02 -6.997959748125204320e-18
-1.025706556675771708e-01 -6.479645828264019951e-18
-1.055012458295081501e-01 -6.815874782008179597e-18
-1.084318359914386853e-01 -6.300219082582596969e-18
-1.113624261533694426e-01 -6.638599420535506989e-18
-1.142930163153001999e-01 -6.125537076155733454e-18
-1.172236064772311792e-01 -6.466017224326479243e-18
-1.201541966391619365e-01 -5.955483037915004191e-18
-1.230847868010926938e-01 -6.298010066106354008e-18
-1.260153769630232290e-01 -5.789934949238190653e-18
-1.289459671249539863e-01 -6.134453547898190831e-18
-1.318765572868849656e-01 -5.628777405453671449e-18
-1.348071474488157229e-01 -5.975242401975888582e-18
-1.377377376107464801e-01 -5.471902729688082722e-18
-1.406683277726774595e-01 -5.820258403212694932e-18
-1.435989179346082167e-01 -5.319196011255363977e-18
-1.465295080965387520e-01 -5.669398310549143326e-18
-1.494600982584695092e-01 -5.170550260454272907e-18
-1.523906884204002665e-01 -5.522544903664562856e-18
-1.553212785823312458e-01 -5.025857187182728819e-18
-1.582518687442620031e-01 -5.379603989479934153e-18
-1.611824589061927604e-01 -4.885023025250723583e-18
-1.641130490681237397e-01 -5.240476256292833192e-18
-1.670436392300540529e-01 -4.747942741622520120e-18
-1.699742293919850322e-01 -5.105059131733295310e-18
-1.729048195539157895e-01 -4.614520728041673696e-18
-1.758354097158465468e-01 -4.973255432472701966e-18
-1.787659998777775261e-01 -4.484660828510601981e-18
-1.816965900397082834e-01 -4.844967561432126709e-18
-1.846271802016390406e-01 -4.358263621106808490e-18
-1.875577703635695759e-01 -4.720106993540555452e-18
-1.904883605255003332e-01 -4.235250950285436622e-18
-1.934189506874313125e-01 -4.598590332934160375e-18
-1.963495408493620697e-01 -4.115529021096934626e-18
-1.992801310112928270e-01 -4.480327591727570099e-18
-2.022107211732238063e-01 -3.999017161636444157e-18
-2.051413113351541195e-01 -4.365234709692689122e-18
-2.080719014970850989e-01 -3.885627767631330396e-18
-2.110024916590158561e-01 -4.253228473450349071e-18
-2.139330818209466134e-01 -3.775280528560802805e-18
-2.168636719828775927e-01 -4.144229578462461539e-18
-2.197942621448083500e-01 -3.667898121297661511e-18
-2.227248523067391073e-01 -4.038159306044028354e-18
-2.256554424686696425e-01 -3.563396355637265680e-18
-2.285860326306003998e-01 -3.934928393377474254e-18
-2.315166227925313791e-01 -3.461702126296108253e-18
-2.344472129544621364e-01 -3.834483739037927742e-18
-2.373778031163928937e-01 -3.362746458129494777e-18
-2.403083932783238730e-01 -3.736738235255112440e-18
-2.432389834402546303e-01 -3.266453408714803970e-18
-2.461695736021851655e-01 -3.641623787115241820e-18
-2.491001637641159228e-01 -3.172752885009102093e-18
-2.520307539260466800e-01 -3.549076510110185966e-18
-2.549613440879776594e-01 -3.081590250575058009e-18
-2.578919342499084166e-01 -3.459041657180823877e-18
-2.608225244118391739e-01 -2.992901353663332411e-18
-2.637531145737697091e-01 -3.371456048500684195e-18
-2.666837047357004664e-01 -2.906629454451835246e-18
-2.696142948976314457e-01 -3.286215299894520643e-18
-2.725448850595622030e-01 -2.822637380369866276e-18
-2.754754752214929603e-01 -3.203255675769770936e-18
-2.784060653834239396e-01 -2.740916095346026216e-18
-2.813366555453546969e-01 -3.122554672776379129e-18
-2.842672457072852321e-01 -2.661423666838238988e-18
-2.871978358692159894e-01 -3.044035648977343127e-18
-2.901284260311469687e-01 -2.584074800008957308e-18
-2.930590161930777260e-01 -2.967642131977066747e-18
-2.959896063550084833e-01 -2.508825048889168703e-18
-2.989201965169392405e-01 -2.893321595256660048e-18
-3.018507866788702199e-01 -2.435615850406084650e-18
-3.047813768408007551e-01 -2.821015259346503470e-18
-3.077119670027315124e-01 -2.364392487427409254e-18
-3.106425571646622696e-01 -2.750669602213545838e-18
-3.135731473265932490e-01 -2.295097192665317483e-18
-3.165037374885240062e-01 -2.682233336257011349e-18
-3.194343276504547635e-01 -2.227686854840537225e-18
-3.223649178123852987e-01 -2.615655136912956021e-18
-3.252955079743160560e-01 -2.162105488262662475e-18
-3.282260981362470353e-01 -2.550883796929011579e-18
-3.311566882981777926e-01 -2.098306560888496811e-18
-3.340872784601085499e-01 -2.487878247086431124e-18
-3.370178686220395292e-01 -2.036246347530228826e-18
-3.399484587839702865e-01 -2.426589406786349607e-18
-3.428790489459008217e-01 -1.975877450271245287e-18
-3.458096391078315790e-01 -2.366970901603718854e-18
-3.487402292697623363e-01 -1.917155538316497822e-18
-3.516708194316933156e-01 -2.308974781125010648e-18
-3.546014095936240729e-01 -1.860034383613513768e-18
-3.575319997555548301e-01 -2.252562891069484597e-18
-3.604625899174858095e-01 -1.804473266939937324e-18
-3.633931800794161227e-01 -2.197694089552280850e-18
-3.663237702413471020e-01 -1.750427790940880148e-18
-3.692543604032778592e-01 -2.144321736452209892e-18
-3.721849505652086165e-01 -1.697858042499975954e-18
-3.751155407271395958e-01 -2.092414164625746268e-18
-3.780461308890703531e-01 -1.646734456004386049e-18
-3.809767210510008884e-01 -2.041922179899822208e-18
-3.839073112129316456e-01 -1.597003674950872640e-18
-3.868379013748624029e-01 -1.992809495603498567e-18
-3.897684915367933822e-01 -1.548629408055624736e-18
-3.926990816987241395e-01 -1.945041484749589808e-18
-3.956296718606548968e-01 -1.501585104776209581e-18
-3.985602620225858761e-01 -1.898583071060295551e-18
-4.014908521845161893e-01 -1.455826010621262908e-18
-4.044214423464471686e-01 -1.853392683593336332e-18
-4.073520325083779259e-01 -1.411321698323973441e-18
-4.102826226703086832e-01 -1.809448373216236670e-18
-4.132132128322396625e-01 -1.368041287182067879e-18
-4.161438029941704198e-01 -1.766710519477642394e-18
-4.190743931561011770e-01 -1.325949131487954645e-18
-4.220049833180317123e-01 -1.725146419318488441e-18
-4.249355734799624695e-01 -1.285014902549147841e-18
-4.278661636418934489e-01 -1.684723259856400232e-18
-4.307967538038242061e-01 -1.245203262707330339e-18
-4.337273439657551855e-01 -1.645407510290490522e-18
-4.366579341276857207e-01 -1.206485153844256646e-18
-4.395885242896167000e-01 -1.607177996186977991e-18
-4.425191144515472352e-01 -1.168829400211274620e-18
-4.454497046134782146e-01 -1.569991611699221360e-18
-4.483802947754087498e-01 -1.132211135574367656e-18
-4.513108849373397291e-01 -1.533836402174246393e-18
-4.542414750992707084e-01 -1.096604769051995423e-18
-4.571720652612012437e-01 -1.498678053475431618e-18
-4.601026554231317789e-01 -1.061977198362594131e-18
-4.630332455850627582e-01 -1.464485932954092176e-18
-4.659638357469932934e-01 -1.028305160158607786e-18
-4.688944259089242728e-01 -1.431237657130899074e-18
-4.718250160708552521e-01 -9.955622458891723107e-19
-4.747556062327857873e-01 -1.398906857585171985e-18
-4.776861963947167666e-01 -9.637266226779320975e-19
-4.806167865566473019e-01 -1.367473118029324855e-18
-4.835473767185782812e-01 -9.327685879555607235e-19
-4.864779668805088164e-01 -1.336909747676840308e-18
-4.894085570424397957e-01 -9.026638401075145999e-19
-4.923391472043707751e-01 -1.307182331005095197e-18
-4.952697373663013103e-01 -8.733907140667993208e-19
-4.982003275282322896e-01 -1.278271844690429659e-18
-5.011309176901628248e-01 -8.449155740259666038e-19
-5.040615078520933601e-01 -1.250154222406851450e-18
-5.069920980140243394e-01 -8.172219791725824138e-19
-5.099226881759553187e-01 -1.222804331087199071e-18
-5.128532783378858539e-01 -7.902827068976179239e-19
-5.157838684998168333e-01 -1.196195297444376919e-18
-5.187144586617473685e-01 -7.640692141920279386e-19
-5.216450488236783478e-01 -1.170298201907015115e-18
-5.245756389856088830e-01 -7.385473911845177574e-19
-5.275062291475398624e-01 -1.145079549913179063e-18
-5.304368193094708417e-01 -7.136905551751680244e-19
-5.333674094714013769e-01 -1.120494869914944564e-18
-5.362979996333323562e-01 -6.894363800002725838e-19
-5.392285897952628915e-01 -1.096527869571508925e-18
-5.421591799571934267e-01 -6.658471060352174824e-19
-5.450897701191244060e-01 -1.073346035958870610e-18
-5.480203602810553853e-01 -6.434351691589708014e-19
-5.509509504429859206e-01 -1.051416157603181014e-18
-5.538815406049168999e-01 -6.215076000015434911e-19
-5.568121307668478792e-01 -1.029697189023861180e-18
-5.597427209287784144e-01 -6.002169632941982465e-19
-5.626733110907089497e-01 -1.008535420829583545e-18
-5.656039012526399290e-01 -5.793012006209061617e-19
-5.685344914145709083e-01 -9.878962635823698476e-19
-5.714650815765014435e-01 -5.589734886979993498e-19
-5.743956717384324229e-01 -9.678187223216334462e-19
-5.773262619003629581e-01 -5.392173855589263083e-19
-5.802568520622939374e-01 -9.483352738058192694e-19
-5.831874422242244727e-01 -5.200250565000122788e-19
-5.861180323861554520e-01 -9.293785236548234909e-19
-5.890486225480859872e-01 -5.013728174286155125e-19
-5.919792127100169665e-01 -9.109808836621404235e-19
-5.949098028719479458e-01 -4.832647758607775746e-19
-5.978403930338784811e-01 -8.931047860706341543e-19
-6.007709831958090163e-01 -4.656536779041368994e-19
-6.037015733577399956e-01 -8.757133067627057715e-19
-6.066321635196709749e-01 -4.485346515874955345e-19
-6.095627536816015102e-01 -8.588201247463243114e-19
-6.124933438435324895e-01 -4.318949345164160212e-19
-6.154239340054634688e-01 -8.423847743193596788e-19
-6.183545241673940041e-01 -4.157120859067520386e-19
-6.212851143293245393e-01 -8.264032720438636942e-19
-6.242157044912555186e-01 -3.999736219277058150e-19
-6.271462946531864979e-01 -8.108628531355086753e-19
-6.300768848151170332e-01 -3.846682771183036869e-19
-6.330074749770480125e-01 -7.957522143315036997e-19
-6.359380651389785477e-01 -3.697941928117336081e-19
-6.388686553009090829e-01 -7.810699521140392027e-19
-6.417992454628400623e-01 -3.553333487075123350e-19
-6.447298356247710416e-01 -7.667905756106822186e-19
-6.476604257867015768e-01 -3.412742046161398668e-19
-6.505910159486325561e-01 -7.529125160809813784e-19
-6.535216061105635355e-01 -3.276116597467668774e-19
-6.564521962724940707e-01 -7.394241199260988116e-19
-6.593827864344246059e-01 -3.143309132903514245e-19
-6.623133765963555852e-01 -7.263143921120797166e-19
-6.652439667582865646e-01 -3.014202434275768880e-19
-6.681745569202170998e-01 -7.135691958653252678e-19
-6.711051470821480791e-01 -2.888792200834423885e-19
-6.740357372440790584e-01 -7.011970844982461375e-19
-6.769663274060091496e-01 -2.767005293234742400e-19
-6.798969175679401289e-01 -6.891798404198528936e-19
-6.828275077298711082e-01 -2.648736276735036335e-19
-6.857580978918016434e-01 -6.775046851448563259e-19
-6.886886880537326228e-01 -2.533791983068376990e-19
-6.916192782156636021e-01 -6.661568461632245938e-19
-6.945498683775941373e-01 -2.422041668114537183e-19
-6.974804585395246725e-01 -6.551254935661386227e-19
-7.004110487014556519e-01 -2.313385108950944678e-19
-7.033416388633866312e-01 -6.443950246339086025e-19
-7.062722290253171664e-01 -2.207729101963277613e-19
-7.092028191872481457e-01 -6.339691281272814303e-19
-7.121334093491791251e-01 -2.105097581719150456e-19
-7.150639995111092162e-01 -6.238362205558414653e-19
-7.179945896730401955e-01 -2.005352156745745865e-19
-7.209251798349711748e-01 -6.139866616309567656e-19
-7.238557699969017101e-01 -1.908376113643870596e-19
-7.267863601588326894e-01 -6.044122848079119037e-19
-7.297169503207636687e-01 -1.814129322408546217e-19
-7.326475404826942039e-01 -5.951140707100913322e-19
-7.355781306446247392e-01 -1.722588585797454617e-19
-7.385087208065557185e-01 -5.860789006836115516e-19
-7.414393109684866978e-01 -1.633609588179000928e-19
-7.443699011304172330e-01 -5.772934129485912828e-19
-7.473004912923482124e-01 -1.547123834064675493e-19
-7.502310814542791917e-01 -5.687584998393078665e-19
-7.531616716162097269e-01 -1.463065809989794883e-19
-7.560922617781402622e-01 -5.604593234763363503e-19
-7.590228519400712415e-01 -1.381410331189151568e-19
-7.619534421020017767e-01 -5.524015778345643415e-19
-7.648840322639327560e-01 -1.302093560271132400e-19
-7.678146224258637353e-01 -5.445668508964324325e-19
-7.707452125877942706e-01 -1.224969274376760574e-19
-7.736758027497248058e-01 -5.369565918524850991e-19
-7.766063929116557851e-01 -1.150029737167956205e-19
-7.795369830735867644e-01 -5.295649435294436197e-19
-7.824675732355172997e-01 -1.077223014661315614e-19
-7.853981633974482790e-01 -5.223752552794409739e-19
-7.883287535593792583e-01 -1.006460261987703264e-19
-7.912593437213097936e-01 -5.153965592010704679e-19
-7.941899338832403288e-01 -9.377441060263390604e-20
-7.971205240451713081e-01 -5.086077763507721633e-19
-8.000511142071022874e-01 -8.709668136099498290e-20
-8.029817043690328227e-01 -5.020188012463644225e-19
-8.059122945309638020e-01 -8.060453567658006821e-20
-8.088428846928947813e-01 -4.956100549788745437e-19
-8.117734748548253165e-01 -7.429930345312642123e-20
-8.147040650167558518e-01 -4.893795648061805768e-19
-8.176346551786868311e-01 -6.816353154760501274e-20
-8.205652453406173663e-01 -4.833223181502504668e-19
-8.234958355025483456e-01 -6.219509741407538202e-20
-8.264264256644793250e-01 -4.774423311204609770e-19
-8.293570158264098602e-01 -5.644730041454991318e-20
-8.322876059883403954e-01 -4.717944722453030595e-19
-8.352181961502713747e-01 -5.079143429849394122e-20
-8.381487863122023541e-01 -4.661700103458812868e-19
-8.410793764741328893e-01 -4.531550054591398847e-20
-8.440099666360638686e-01 -4.607781070534517458e-19
-8.469405567979948479e-01 -4.001077707666911573e-20
-8.498711469599253832e-01 -4.555409601314804310e-19
-8.528017371218559184e-01 -3.485506055184913685e-20
-8.557323272837868977e-01 -4.504505559680484465e-19
-8.586629174457174329e-01 -2.984346209307353093e-20
-8.615935076076484123e-01 -4.455058077332453023e-19
-8.645240977695793916e-01 -2.497436215821055343e-20
-8.674546879315099268e-01 -4.406979818078342707e-19
-8.703852780934409061e-01 -2.024384651580861682e-20
-8.733158682553714414e-01 -4.360315144579058848e-19
-8.762464584173024207e-01 -1.564912766982628837e-20
-8.791770485792329559e-01 -4.314979761938821258e-19
-8.821076387411639352e-01 -1.118761577634247975e-20
-8.850382289030949146e-01 -4.270947267726472777e-19
-8.879688190650254498e-01 -6.854978285896392616e-21
-8.908994092269559850e-01 -4.228185039401423477e-19
-8.938299993888869643e-01 -2.643044845352990138e-21
-8.967605895508174996e-01 -4.186591990368458809e-19
-8.996911797127484789e-01 1.448250091161206333e-21
-9.026217698746794582e-01 -4.146178514660080743e-19
-9.055523600366099934e-01 5.425969546382795208e-21
-9.084829501985409728e-01 -4.106952507764083879e-19
-9.114135403604715080e-01 9.289872800790994010e-21
-9.143441305224024873e-01 -4.068781735133468772e-19
-9.172747206843330225e-01 1.304661866058192818e-20
-9.202053108462640019e-01 -4.031727044435734569e-19
-9.231359010081949812e-01 1.669229735497824423e-20
-9.260664911701255164e-01 -3.995726776141956467e-19
-9.289970813320564957e-01 2.023400025266892158e-20
-9.319276714939870310e-01 -3.960815576859385319e-19
-9.348582616559175662e-01 2.367485434415668550e-20
-9.377888518178485455e-01 -3.926868733738267918e-19
-9.407194419797795248e-01 2.701995462709383030e-20
-9.436500321417100601e-01 -3.893873010752344609e-19
-9.465806223036410394e-01 3.026747466271399641e-20
-9.495112124655720187e-01 -3.861817209358830435e-19
-9.524418026275025539e-01 3.341992312255279266e-20
-9.553723927894330892e-01 -3.830664428249932282e-19
-9.583029829513640685e-01 3.648405740749749725e-20
-9.612335731132950478e-01 -3.800446969886365453e-19
-9.641641632752255830e-01 3.946481734863117327e-20
-9.670947534371565624e-01 -3.771027659975101662e-19
-9.700253435990870976e-01 4.235794148270298158e-20
-9.729559337610180769e-01 -3.742457981893933649e-19
-9.758865239229486122e-01 4.516584561292239325e-20
-9.788171140848795915e-01 -3.714757633049134878e-19
-9.817477042468105708e-01 4.789679839138489006e-20
-9.846782944087411060e-01 -3.687858877887132967e-19
-9.876088845706720853e-01 5.054330282455178003e-20
-9.905394747326026206e-01 -3.661721579080315390e-19
-9.934700648945331558e-01 5.311433589969645100e-20
-9.964006550564641351e-01 -3.636337109201186094e-19
-9.993312452183951144e-01 5.561654040187603380e-20
-1.002261835380325650e+00 -3.611638622928840133e-19
-1.005192425542256629e+00 5.804694073319279049e-20
-1.008123015704187608e+00 -3.587614043154853530e-19
-1.011053605866118144e+00 6.040877145312831033e-20
-1.013984196028048679e+00 -3.564362295692048539e-19
-1.016914786189979658e+00 6.270265925733733548e-20
-1.019845376351910637e+00 -3.541654310619426726e-19
-1.022775966513841173e+00 6.492543755180502763e-20
-1.025706556675772152e+00 -3.519675495178778413e-19
-1.028637146837702687e+00 6.708882508646992219e-20
-1.031567736999633222e+00 -3.498367492632104898e-19
-1.034498327161564202e+00 6.919030885371033156e-20
-1.037428917323495181e+00 -3.477685702172974661e-19
-1.040359507485425716e+00 7.122788168862558531e-20
-1.043290097647356696e+00 -3.457532798844170676e-19
-1.046220687809287675e+00 7.320827022304418037e-20
-1.049151277971218210e+00 -3.437990024389095310e-19
-1.052081868133148745e+00 7.513332987845502667e-20
-1.055012458295079725e+00 -3.419035474844201958e-19
-1.057943048457010704e+00 7.699780887814794303e-20
-1.060873638618941239e+00 -3.400560658765514521e-19
-1.063804228780872219e+00 7.881074174428293308e-20
-1.066734818942803198e+00 -3.382737766365167710e-19
-1.069665409104733289e+00 8.057338667671873542e-20
-1.072595999266664268e+00 -3.365377466647048197e-19
-1.075526589428595248e+00 8.228086319325110245e-20
-1.078457179590525783e+00 -3.348507622024671439e-19
-1.081387769752456762e+00 8.394235539072960380e-20
-1.084318359914387742e+00 -3.332113798606408759e-19
-1.087248950076318277e+00 8.555577775224839740e-20
-1.090179540238248812e+00 -3.316197122330763731e-19
-1.093110130400179791e+00 8.712042804404916944e-20
-1.096040720562110771e+00 -3.300732959272005152e-19
-1.098971310724041306e+00 8.863983302667918613e-20
-1.101901900885972285e+00 -3.285721514065672736e-19
-1.104832491047903265e+00 9.011860752407227664e-20
-1.107763081209833356e+00 -3.271343591131297960e-19
-1.110693671371764335e+00 9.152813701684356749e-20
-1.113624261533695314e+00 -3.257314016446075562e-19
-1.116554851695625850e+00 9.293266116625911053e-20
-1.119485441857556829e+00 -3.243268730982001814e-19
-1.122416032019487808e+00 9.430044773639750023e-20
-1.125346622181418343e+00 -3.229894144249067774e-19
-1.128277212343348879e+00 9.561174153208170615e-20
-1.131207802505279858e+00 -3.216970683869316857e-19
-1.134138392667210837e+00 9.688292750958873115e-20
-1.137068982829141373e+00 -3.204425299948444284e-19
-1.139999572991072352e+00 9.811672053697723441e-20
-1.142930163153003331e+00 -3.192259459089661981e-19
-1.145860753314933866e+00 9.931260274874000207e-20
-1.148791343476864402e+00 -3.180477239676777625e-19
-1.151721933638795381e+00 1.004746065501750063e-19
-1.154652523800725916e+00 -3.168995143625710208e-19
-1.157583113962656896e+00 1.016014048797090680e-19
-1.160513704124587875e+00 -3.157872266681977077e-19
-1.163444294286518410e+00 1.026969087226616697e-19
-1.166374884448448945e+00 -3.147076126458632219e-19
-1.169305474610379925e+00 1.037580780689469225e-19
-1.172236064772310904e+00 -3.136598546247180969e-19
-1.175166654934241439e+00 1.047904840684543284e-19
-1.178097245096172418e+00 -3.126455939664479597e-19
-1.181027835258103398e+00 1.057880404172344504e-19
-1.183958425420033933e+00 -3.116570310447419740e-19
-1.186889015581964468e+00 1.067608101743013090e-19
-1.189819605743895448e+00 -3.107010925093977883e-19
-1.192750195905826427e+00 1.076989825398128717e-19
-1.195680786067756962e+00 -3.097736022103156913e-19
-1.198611376229687941e+00 1.086100941147417627e-19
-1.201541966391618921e+00 -3.088782590274700976e-19
-1.204472556553549456e+00 1.094908261962758199e-19
-1.207403146715479991e+00 -3.080088650031998708e-19
-1.210333736877410971e+00 1.103450551146486068e-19
-1.213264327039341506e+00 -3.071665242384932522e-19
-1.216194917201272485e+00 1.111750879707553773e-19
-1.219125507363203464e+00 -3.063502118556919560e-19
-1.222056097525134000e+00 1.119762579604331925e-19
-1.224986687687064535e+00 -3.055591324546040688e-19
-1.227917277848995514e+00 1.127537988053492430e-19
-1.230847868010926494e+00 -3.047920164557124998e-19
-1.233778458172857029e+00 1.135047632129979069e-19
-1.236709048334788008e+00 -3.040508510169810777e-19
-1.239639638496718987e+00 1.142348594991330118e-19
-1.242570228658649523e+00 -3.033347659842481480e-19
-1.245500818820580058e+00 1.149397418834543792e-19
-1.248431408982511037e+00 -3.026372879815376721e-19
-1.251361999144441572e+00 1.156199201240014641e-19
-1.254292589306372552e+00 -3.019687838660166802e-19
-1.257223179468303531e+00 1.162801199335231998e-19
-1.260153769630234066e+00 -3.013197876581890346e-19
-1.263084359792165046e+00 1.169176413920335100e-19
-1.266014949954095581e+00 -3.006926868190480575e-19
-1.268945540116026560e+00 1.175330984966640560e-19
-1.271876130277957095e+00 -3.000863095618711735e-19
-1.274806720439888075e+00 1.181273478781957685e-19
-1.277737310601819054e+00 -2.995045715202241582e-19
-1.280667900763749589e+00 1.186973432661608870e-19
-1.283598490925680125e+00 -2.989415430720679922e-19
-1.286529081087611104e+00 1.192497876826376688e-19
-1.289459671249541639e+00 -2.983987408373261021e-19
-1.292390261411472618e+00 1.197804900454981285e-19
-1.295320851573403598e+00 -2.978780665435181730e-19
-1.298251441735334133e+00 1.202920752956286816e-19
-1.301182031897265112e+00 -2.973745429823119675e-19
-1.304112622059195647e+00 1.207838714751494758e-19
-1.307043212221126627e+00 -2.968916683279316044e-19
-1.309973802383057162e+00 1.212565466070472793e-19
-1.312904392544988141e+00 -2.964279300639530004e-19
-1.315834982706919121e+00 1.217110555577986639e-19
-1.318765572868849656e+00 -2.959804738587067059e-19
-1.321696163030780635e+00 1.221465766447003888e-19
-1.324626753192711170e+00 -2.955515018988019485e-19
-1.327557343354641706e+00 1.225667891983876232e-19
-1.330487933516572685e+00 -2.951406613754042836e-19
-1.333418523678503664e+00 1.229716022174562442e-19
-1.336349113840434200e+00 -2.947515566171718921e-19
-1.339279704002365179e+00 1.233522840383486102e-19
-1.342210294164295714e+00 -2.943707046314331060e-19
-1.345140884326226693e+00 1.237197927672247340e-19
-1.348071474488157229e+00 -2.940126686263448714e-19
-1.351002064650088208e+00 1.240670572004007826e-19
-1.353932654812019187e+00 -2.936723762013801060e-19
-1.356863244973949723e+00 1.243984497690998588e-19
-1.359793835135880702e+00 -2.933515005659590723e-19
-1.362724425297811237e+00 1.247079724363950226e-19
-1.365655015459742216e+00 -2.930510316044464906e-19
-1.368585605621672752e+00 1.250014976766808679e-19
-1.371516195783603731e+00 -2.927615105705787933e-19
-1.374446785945534266e+00 1.252817914792415768e-19
-1.377377376107465246e+00 -2.924883644046521967e-19
-1.380307966269396225e+00 1.255428712446041551e-19
-1.383238556431326760e+00 -2.922363566462460287e-19
-1.386169146593257295e+00 1.257946633682395502e-19
-1.389099736755188275e+00 -2.919856814495174787e-19
-1.392030326917119254e+00 1.260312563305673098e-19
-1.394960917079049789e+00 -2.917858915347506973e-19
-1.397891507240980769e+00 1.262600996145543833e-19
-1.400822097402911304e+00 -2.915342552891799962e-19
-1.403752687564842283e+00 1.264672320169124622e-19
-1.406683277726772818e+00 -2.913415737958426119e-19
-1.409613867888703798e+00 1.266476185423657752e-19
-1.412544458050634777e+00 -2.911679577831251923e-19
-1.415475048212565312e+00 1.268162680927244195e-19
-1.418405638374496291e+00 -2.909947184582874412e-19
-1.421336228536426827e+00 1.269668038881140750e-19
-1.424266818698357362e+00 -2.908639332736466071e-19
-1.427197408860288341e+00 1.270976662802328658e-19
-1.430127999022219321e+00 -2.907347249647186460e-19
-1.433058589184149856e+00 1.272103293718907638e-19
-1.435989179346080835e+00 -2.906471892793404789e-19
-1.438919769508011814e+00 1.272975854564495481e-19
-1.441850359669942350e+00 -2.905393374711810507e-19
-1.444780949831872885e+00 1.273769072061380318e-19
-1.447711539993803864e+00 -2.904802388226519603e-19
-1.450642130155734844e+00 1.274353021517091540e-19
-1.453572720317665379e+00 -2.904620303655396047e-19
-1.456503310479596358e+00 1.274649068721212446e-19
-1.459433900641527337e+00 -2.904360836366076776e-19
-1.462364490803457429e+00 1.274851794195372022e-19
-1.465295080965388408e+00 -2.903855133831531026e-19
-1.468225671127319387e+00 1.274976472081965389e-19
-1.471156261289249922e+00 -2.904001310992417427e-19
-1.474086851451180902e+00 1.274776728207011192e-19
-1.477017441613111881e+00 -2.904346969356788459e-19
-1.479948031775042416e+00 1.274349714678805844e-19
-1.482878621936972952e+00 -2.904699898323058042e-19
-1.485809212098903931e+00 1.273714064596865020e-19
-1.488739802260834910e+00 -2.905547304611251105e-19
-1.491670392422765445e+00 1.272746933310099183e-19
-1.494600982584696425e+00 -2.906553487041471251e-19
-1.497531572746627404e+00 1.271547879580231054e-19
-1.500462162908557495e+00 -2.907597793792235033e-19
-1.503392753070488475e+00 1.270080880670879037e-19
-1.506323343232419454e+00 -2.909411360843153745e-19
-1.509253933394349989e+00 1.268119377359991889e-19
-1.512184523556280968e+00 -2.911312578921424045e-19
-1.515115113718211948e+00 1.265839012881672197e-19
-1.518045703880142483e+00 -2.913710201786727230e-19
-1.520976294042073018e+00 1.263070391542128302e-19
-1.523906884204003997e+00 -2.916563879976059635e-19
-1.526837474365934977e+00 1.259768758494448761e-19
-1.529768064527865512e+00 -2.919848700596083434e-19
-1.532698654689796491e+00 1.255575188876278508e-19
-1.535629244851727471e+00 -2.923787240430315513e-19
-1.538559835013658006e+00 1.251183960730704238e-19
-1.541490425175588541e+00 -2.928393751614862236e-19
-1.544421015337519520e+00 1.242851850771866007e-19
-1.547351605499450056e+00 -2.934463031391133549e-19
-1.550282195661381035e+00 1.243712105783073691e-19
-1.553212785823312014e+00 -2.936040917454380398e-19
-1.556143375985242550e+00 1.197939151531523969e-19
-1.559073966147173085e+00 -2.957413909785891200e-19
-1.562004556309104064e+00 1.298994151075483354e-19
-1.564935146471035043e+00 -3.052464390070300986e-19
-1.567865736632965579e+00 -2.573399733425977461e-20
-1.570796326794896558e+00 -6.685892042283391189e-19
