1.570796326794896558e+00 3.642401847353617086e+02
1.567865736632965801e+00 3.651675280883789014e+02
1.564935146471035043e+00 3.666376468907674848e+02
1.562004556309104286e+00 3.657466949162801484e+02
1.559073966147173529e+00 3.654006537694295957e+02
1.556143375985242772e+00 3.644694269999186531e+02
1.553212785823311792e+00 3.640815458747864000e+02
1.550282195661381035e+00 3.628267490796406491e+02
1.547351605499450278e+00 3.621126313992817813e+02
1.544421015337519520e+00 3.606006243176778412e+02
1.541490425175588763e+00 3.596269298777261838e+02
1.538559835013658006e+00 3.578504894823709606e+02
1.535629244851727249e+00 3.566095126001994231e+02
1.532698654689796491e+00 3.545801153144836348e+02
1.529768064527865734e+00 3.530828718887329387e+02
1.526837474365934977e+00 3.508090863449097014e+02
1.523906884204004220e+00 3.490636224444072013e+02
1.520976294042073240e+00 3.465561667803446539e+02
1.518045703880142483e+00 3.445726697057088472e+02
1.515115113718211726e+00 3.418430349177042444e+02
1.512184523556280968e+00 3.396324563443502598e+02
1.509253933394350211e+00 3.366931035766602349e+02
1.506323343232419454e+00 3.342673627751668164e+02
1.503392753070488697e+00 3.311315225435892557e+02
1.500462162908557939e+00 3.285033080897013633e+02
1.497531572746627182e+00 3.251848711672464560e+02
1.494600982584696425e+00 3.223675354921977032e+02
1.491670392422765667e+00 3.188809213447570983e+02
1.488739802260834910e+00 3.158883502410888582e+02
1.485809212098903931e+00 3.122483770250956923e+02
1.482878621936973174e+00 3.090948631752013966e+02
1.479948031775042416e+00 3.053166213345845676e+02
1.477017441613111659e+00 3.020167399762472087e+02
1.474086851451180902e+00 2.981154654769897547e+02
1.471156261289250144e+00 2.946839515535990586e+02
1.468225671127319387e+00 2.906749076332092159e+02
1.465295080965388630e+00 2.871265389750163308e+02
1.462364490803457873e+00 2.830249017450968836e+02
1.459433900641527115e+00 2.793743887680054172e+02
1.456503310479596358e+00 2.751951392278036224e+02
1.453572720317665379e+00 2.714570192062377600e+02
1.450642130155734622e+00 2.672148477979024506e+02
1.447711539993803864e+00 2.634033911547342655e+02
1.444780949831873107e+00 2.591126058692931906e+02
1.441850359669942350e+00 2.552417282915751002e+02
1.438919769508011592e+00 2.509161753972371685e+02
1.435989179346080835e+00 2.469993599042257131e+02
1.433058589184150078e+00 2.426523547742208393e+02
1.430127999022219321e+00 2.387025846832275420e+02
1.427197408860288563e+00 2.343468525876362776e+02
1.424266818698357806e+00 2.303765547777811378e+02
1.421336228536426827e+00 2.260241718165079874e+02
1.418405638374496069e+00 2.220451604682922664e+02
1.415475048212565312e+00 2.177075243611653548e+02
1.412544458050634555e+00 2.137309658554076748e+02
1.409613867888703798e+00 2.094187787531534752e+02
1.406683277726773040e+00 2.054551797106425397e+02
1.403752687564842283e+00 2.011783849255879488e+02
1.400822097402911526e+00 1.972375359870910643e+02
1.397891507240980769e+00 1.930053417134602682e+02
1.394960917079050011e+00 1.890963313677470126e+02
1.392030326917119254e+00 1.849171878349304166e+02
1.389099736755188275e+00 1.810483856430053606e+02
1.386169146593257517e+00 1.769299941317240723e+02
1.383238556431326760e+00 1.731090560178120654e+02
1.380307966269396003e+00 1.690583750269571794e+02
1.377377376107465246e+00 1.652922481521606528e+02
1.374446785945534488e+00 1.613155064636230520e+02
1.371516195783603731e+00 1.576104426579793198e+02
1.368585605621672974e+00 1.537131571418762235e+02
1.365655015459742216e+00 1.500747309031168299e+02
1.362724425297811459e+00 1.462617314196268978e+02
1.359793835135880702e+00 1.426948606353759601e+02
1.356863244973949723e+00 1.389703170616149634e+02
1.353932654812018965e+00 1.354792903900146257e+02
1.351002064650088208e+00 1.318467410766601517e+02
1.348071474488157451e+00 1.284352420928954643e+02
1.345140884326226693e+00 1.248976258082071951e+02
1.342210294164295936e+00 1.215687657379150437e+02
1.339279704002365179e+00 1.181284559964498015e+02
1.336349113840434422e+00 1.148848048047383656e+02
1.333418523678503664e+00 1.115436447911580302e+02
1.330487933516572907e+00 1.083872634847005259e+02
1.327557343354642150e+00 1.051466002128601218e+02
1.324626753192711170e+00 1.020790740127563225e+02
1.321696163030780635e+00 9.893979492950440147e+01
1.318765572868849656e+00 9.596226690470376752e+01
1.315834982706918899e+00 9.292483487447103130e+01
1.312904392544988141e+00 9.003803958358764703e+01
1.309973802383057384e+00 8.710252800140381169e+01
1.307043212221126627e+00 8.430682405649818634e+01
1.304112622059195870e+00 8.147295172042848321e+01
1.301182031897265112e+00 7.876835491892497032e+01
1.298251441735334355e+00 7.603551820678708850e+01
1.295320851573403598e+00 7.342173155695597586e+01
1.292390261411472618e+00 7.078903738505046306e+01
1.289459671249542083e+00 6.826548220926920862e+01
1.286529081087611104e+00 6.573177800318400443e+01
1.283598490925680347e+00 6.329762269490559845e+01
1.280667900763749589e+00 6.086152603123983340e+01
1.277737310601818832e+00 5.851571350987753561e+01
1.274806720439888075e+00 5.617563974329630128e+01
1.271876130277957317e+00 5.391691329472858030e+01
1.268945540116026560e+00 5.167110120493572367e+01
1.266014949954095803e+00 4.949802970046997075e+01
1.263084359792165046e+00 4.734456641286213596e+01
1.260153769630234066e+00 4.525556668167114083e+01
1.257223179468303531e+00 4.319241025110881083e+01
1.254292589306372552e+00 4.118576899134318126e+01
1.251361999144441794e+00 3.921076962509155095e+01
1.248431408982511037e+00 3.728466393712361793e+01
1.245500818820580280e+00 3.539558268915812533e+01
1.242570228658649523e+00 3.354809740727742451e+01
1.239639638496718765e+00 3.174262512283324966e+01
1.236709048334788008e+00 2.997177068023681912e+01
1.233778458172857251e+00 2.824754425430297999e+01
1.230847868010926494e+00 2.655127192815144710e+01
1.227917277848995514e+00 2.490588869984944509e+01
1.224986687687064979e+00 2.328210467656453275e+01
1.222056097525134000e+00 2.171313633626302320e+01
1.219125507363203242e+00 2.015971516342163028e+01
1.216194917201272485e+00 1.866471977666218862e+01
1.213264327039341728e+00 1.717951553319295144e+01
1.210333736877410971e+00 1.575604853795369387e+01
1.207403146715480213e+00 1.433690559082031335e+01
1.204472556553549456e+00 1.298252964859008607e+01
1.201541966391618699e+00 1.162729160232544068e+01
1.198611376229687941e+00 1.033958536478678347e+01
1.195680786067756962e+00 9.046104150644938002e+00
1.192750195905826427e+00 7.822669287109374814e+00
1.189819605743895448e+00 6.588811876424154335e+00
1.186889015581964912e+00 5.427280613962810030e+00
1.183958425420033933e+00 4.250936130015054992e+00
1.181027835258103176e+00 3.148976291402181271e+00
1.178097245096172418e+00 2.028060847981770554e+00
1.175166654934241661e+00 9.833816424051919913e-01
1.172236064772310904e+00 -8.415588328043620281e-02
1.169305474610380147e+00 -1.073800694020589086e+00
1.166374884448449389e+00 -2.089975130462646380e+00
1.163444294286518410e+00 -3.026782592264811278e+00
1.160513704124587875e+00 -3.993568159484863322e+00
1.157583113962656896e+00 -4.879683995819091180e+00
1.154652523800726138e+00 -5.799012535095214638e+00
1.151721933638795381e+00 -6.636526799265543453e+00
1.148791343476864624e+00 -7.510281895192464141e+00
1.145860753314933866e+00 -8.301233641815185749e+00
1.142930163153003109e+00 -9.131259053802489589e+00
1.139999572991072352e+00 -9.877620470174152345e+00
1.137068982829141373e+00 -1.066569210840861004e+01
1.134138392667210837e+00 -1.136940610707600641e+01
1.131207802505280080e+00 -1.211729334742228126e+01
1.128277212343349323e+00 -1.278018427302042781e+01
1.125346622181418343e+00 -1.348954199549357114e+01
1.122416032019487586e+00 -1.411343628285725593e+01
1.119485441857556829e+00 -1.478591945266723684e+01
1.116554851695626072e+00 -1.537255292002360108e+01
1.113624261533695314e+00 -1.600974094619751043e+01
1.110693671371764557e+00 -1.656079846420287893e+01
1.107763081209833800e+00 -1.716422542953491259e+01
1.104832491047903043e+00 -1.768133154322306666e+01
1.101901900885972285e+00 -1.825247900187174466e+01
1.098971310724041306e+00 -1.873720059331258270e+01
1.096040720562110771e+00 -1.927749940439860055e+01
1.093110130400179791e+00 -1.973134630330403638e+01
1.090179540238249034e+00 -2.024217669372558603e+01
1.087248950076318277e+00 -2.066660276412963881e+01
1.084318359914387520e+00 -2.114929561055500784e+01
1.081387769752456762e+00 -2.154569896418253450e+01
1.078457179590526005e+00 -2.200153568979898822e+01
1.075526589428595248e+00 -2.237126072209675698e+01
1.072595999266664490e+00 -2.280147491582234665e+01
1.069665409104733733e+00 -2.314581316502889052e+01
1.066734818942802754e+00 -2.355159156570435286e+01
1.063804228780872219e+00 -2.387178271865844792e+01
1.060873638618941239e+00 -2.425426577275594298e+01
1.057943048457010704e+00 -2.455149966557820562e+01
1.055012458295079725e+00 -2.491178361638387173e+01
1.052081868133149190e+00 -2.518720103988647452e+01
1.049151277971218210e+00 -2.552633788019815952e+01
1.046220687809287453e+00 -2.578103246383666658e+01
1.043290097647356696e+00 -2.610003215255737175e+01
1.040359507485425938e+00 -2.633505155944824239e+01
1.037428917323495181e+00 -2.663488285700480063e+01
1.034498327161564202e+00 -2.685123003870646130e+01
1.031567736999633667e+00 -2.713282160441080393e+01
1.028637146837702687e+00 -2.733145674413044901e+01
1.025706556675772152e+00 -2.759569902903238869e+01
1.022775966513841173e+00 -2.777754039484659643e+01
1.019845376351910415e+00 -2.802528558680216264e+01
1.016914786189979658e+00 -2.819121217066447471e+01
1.013984196028048901e+00 -2.842327678909301980e+01
1.011053605866118144e+00 -2.857412755559285245e+01
1.008123015704187386e+00 -2.879129378941854611e+01
1.005192425542256629e+00 -2.892787084325155078e+01
1.002261835380325650e+00 -2.913088607101440175e+01
9.993312452183951144e-01 -2.925395605748494532e+01
9.964006550564642462e-01 -2.944353571065266806e+01
9.934700648945334889e-01 -2.955382999343872186e+01
9.905394747326026206e-01 -2.973065795466104788e+01
9.876088845706719743e-01 -2.982887498397827386e+01
9.846782944087412170e-01 -2.999360503107706677e+01
9.817477042468103487e-01 -3.008041101964314734e+01
9.788171140848795915e-01 -3.023366793746948389e+01
9.758865239229487232e-01 -3.030969834314982947e+01
9.729559337610180769e-01 -3.045207901891071955e+01
9.700253435990873196e-01 -3.051793993403116900e+01
9.670947534371564513e-01 -3.065001445185343698e+01
9.641641632752256941e-01 -3.070628340225218977e+01
9.612335731132949368e-01 -3.082859588902791614e+01
9.583029829513641795e-01 -3.087582358118692838e+01
9.553723927894334222e-01 -3.098889357579549042e+01
9.524418026275025539e-01 -3.102760448354084843e+01
9.495112124655717967e-01 -3.113192757644653241e+01
9.465806223036410394e-01 -3.116262104568481206e+01
9.436500321417102821e-01 -3.125867047297160184e+01
9.407194419797794138e-01 -3.128182185592651265e+01
9.377888518178486565e-01 -3.137004850336709794e+01
9.348582616559178993e-01 -3.138611057968140017e+01
9.319276714939871420e-01 -3.146694443817138875e+01
9.289970813320563847e-01 -3.147634780171711455e+01
9.260664911701255164e-01 -3.155019895197550639e+01
9.231359010081947591e-01 -3.155335325724283635e+01
9.202053108462641129e-01 -3.162061249771118199e+01
9.172747206843332446e-01 -3.161790729141235445e+01
9.143441305224024873e-01 -3.167894686152140338e+01
9.114135403604716190e-01 -3.167075259272257526e+01
9.084829501985409728e-01 -3.172592711486816341e+01
9.055523600366102155e-01 -3.171259577255248985e+01
9.026217698746793472e-01 -3.176224295349121363e+01
8.996911797127485899e-01 -3.174410886535644494e+01
8.967605895508178326e-01 -3.178855069427489966e+01
8.938299993888870754e-01 -3.176593115921020782e+01
8.908994092269563181e-01 -3.180547374064127553e+01
8.879688190650254498e-01 -3.177867102127074972e+01
8.850382289030946925e-01 -3.181360518519083769e+01
8.821076387411639352e-01 -3.178290570297241047e+01
8.791770485792331780e-01 -3.181350944925944191e+01
8.762464584173024207e-01 -3.177918446807861130e+01
8.733158682553715524e-01 -3.180572136713663767e+01
8.703852780934407951e-01 -3.176802851638793967e+01
8.674546879315100378e-01 -3.179074886144002221e+01
8.645240977695792806e-01 -3.174993683013916268e+01
8.615935076076485233e-01 -3.176908616867065405e+01
8.586629174457176550e-01 -3.172541144688924319e+01
8.557323272837870087e-01 -3.174126634546915326e+01
8.528017371218561404e-01 -3.169481673965454149e+01
8.498711469599253832e-01 -3.170745402094522802e+01
8.469405567979946259e-01 -3.165861080907185610e+01
8.440099666360638686e-01 -3.166833631718953157e+01
8.410793764741331113e-01 -3.161722624079386534e+01
8.381487863122022430e-01 -3.162421353836059623e+01
8.352181961502714858e-01 -3.157102539342244540e+01
8.322876059883407285e-01 -3.157546203893025805e+01
8.293570158264099712e-01 -3.152037021204630207e+01
8.264264256644792139e-01 -3.152242985916137741e+01
8.234958355025483456e-01 -3.146560178553263398e+01
8.205652453406175884e-01 -3.146545118611653891e+01
8.176346551786868311e-01 -3.140704441401163649e+01
8.147040650167560738e-01 -3.140484115168253254e+01
8.117734748548253165e-01 -3.134500485254923774e+01
8.088428846928944482e-01 -3.134089816309611010e+01
8.059122945309636910e-01 -3.127977342198689570e+01
8.029817043690330447e-01 -3.127390543034871584e+01
8.000511142071021764e-01 -3.121162511011759122e+01
7.971205240451714191e-01 -3.120413009516398262e+01
7.941899338832405508e-01 -3.114081968968709546e+01
7.912593437213099046e-01 -3.113182505340576256e+01
7.883287535593791473e-01 -3.106760318323771131e+01
7.853981633974482790e-01 -3.105722963841756012e+01
7.824675732355174107e-01 -3.099220777638753432e+01
7.795369830735867644e-01 -3.098056951014200777e+01
7.766063929116560072e-01 -3.091485285364786861e+01
7.736758027497251389e-01 -3.090205794804890971e+01
7.707452125877944926e-01 -3.083574561284383009e+01
7.678146224258636243e-01 -3.082189634882609397e+01
7.648840322639328670e-01 -3.075508150838216181e+01
7.619534421020019987e-01 -3.074027467269897684e+01
7.590228519400713525e-01 -3.067304502792358534e+01
7.560922617781404842e-01 -3.065737197341918829e+01
7.531616716162097269e-01 -3.058980994898477945e+01
7.502310814542790807e-01 -3.057335709660847911e+01
7.473004912923482124e-01 -3.050553992004394743e+01
7.443699011304173441e-01 -3.048838909708658917e+01
7.414393109684866978e-01 -3.042038929570515648e+01
7.385087208065558295e-01 -3.040261734771728541e+01
7.355781306446250722e-01 -3.033450304438273548e+01
7.326475404826942039e-01 -3.031618256047567073e+01
7.297169503207635577e-01 -3.024801733932495296e+01
7.267863601588326894e-01 -3.022921691563924185e+01
7.238557699969019321e-01 -3.016106036809284774e+01
7.209251798349712859e-01 -3.014184418131510412e+01
7.179945896730404176e-01 -3.007375214029947941e+01
7.150639995111095493e-01 -3.005418141504923213e+01
7.121334093491789030e-01 -2.998620551884969032e+01
7.092028191872481457e-01 -2.996633730773925564e+01
7.062722290253172774e-01 -2.989852618026733566e+01
7.033416388633864091e-01 -2.987841445948282981e+01
7.004110487014557629e-01 -2.981081323216756118e+01
6.974804585395250056e-01 -2.979050849736531248e+01
6.945498683775941373e-01 -2.972315921401977690e+01
6.916192782156634911e-01 -2.970270889867146735e+01
6.886886880537326228e-01 -2.963565067723592250e+01
6.857580978918018655e-01 -2.961509955317179177e+01
6.828275077298712192e-01 -2.954836840489705452e+01
6.798969175679403509e-01 -2.952775805384317920e+01
6.769663274060094826e-01 -2.946138767217000165e+01
6.740357372440787254e-01 -2.944075740458170642e+01
6.711051470821480791e-01 -2.937477854105631181e+01
6.681745569202172108e-01 -2.935416496556599952e+01
6.652439667582863425e-01 -2.928860627975463871e+01
6.623133765963556963e-01 -2.926804348627726071e+01
6.593827864344249390e-01 -2.920293113632202520e+01
6.564521962724940707e-01 -2.918245136617024471e+01
6.535216061105634244e-01 -2.911780928421020676e+01
6.505910159486325561e-01 -2.909744221979777024e+01
6.476604257867017989e-01 -2.903329258550008518e+01
6.447298356247709306e-01 -2.901306615015665002e+01
6.417992454628402843e-01 -2.894942889099121075e+01
6.388686553009094160e-01 -2.892936891581217651e+01
6.359380651389786587e-01 -2.886626238174439152e+01
6.330074749770479015e-01 -2.884639284388223857e+01
6.300768848151171442e-01 -2.878383365351358592e+01
6.271462946531862759e-01 -2.876417683919271440e+01
6.242157044912556296e-01 -2.870217970123291096e+01
6.212851143293247613e-01 -2.868275636927286953e+01
6.183545241673940041e-01 -2.862133460362752402e+01
6.154239340054631358e-01 -2.860216368077595916e+01
6.124933438435324895e-01 -2.854132924474080113e+01
6.095627536816016212e-01 -2.852242830327352152e+01
6.066321635196708639e-01 -2.846219165369668858e+01
6.037015733577402177e-01 -2.844357713750203587e+01
6.007709831958093494e-01 -2.838394739583333504e+01
5.978403930338784811e-01 -2.836563370234171089e+01
5.949098028719478348e-01 -2.830661915715536026e+01
5.919792127100170775e-01 -2.828862025375366329e+01
5.890486225480862092e-01 -2.823022736943562805e+01
5.861180323861553410e-01 -2.821255518213907720e+01
5.831874422242246947e-01 -2.815478949635823724e+01
5.802568520622939374e-01 -2.813745424168904563e+01
5.773262619003630691e-01 -2.808031980921427007e+01
5.743956717384324229e-01 -2.806333491109212019e+01
5.714650815765015546e-01 -2.800684150263468197e+01
5.685344914145706863e-01 -2.799021622950235866e+01
5.656039012526399290e-01 -2.793435623296101866e+01
5.626733110907091717e-01 -2.791809254557291453e+01
5.597427209287784144e-01 -2.786287573242187676e+01
5.568121307668476572e-01 -2.784698681360880812e+01
5.538815406049168999e-01 -2.779241198298136695e+01
5.509509504429861426e-01 -2.777690239639282410e+01
5.480203602810553853e-01 -2.772297049942016400e+01
5.450897701191246281e-01 -2.770784630711873220e+01
5.421591799571938708e-01 -2.765455696487426351e+01
5.392285897952628915e-01 -2.763982296574910436e+01
5.362979996333321342e-01 -2.758717531763712927e+01
5.333674094714015990e-01 -2.757283549728393623e+01
5.304368193094706196e-01 -2.752082815806070926e+01
5.275062291475398624e-01 -2.750688652343750107e+01
5.245756389856091051e-01 -2.745551722717285159e+01
5.216450488236783478e-01 -2.744197627894083524e+01
5.187144586617475905e-01 -2.739124282277424882e+01
5.157838684998168333e-01 -2.737810494613647450e+01
5.128532783378860760e-01 -2.732800420913696371e+01
5.099226881759553187e-01 -2.731527123209635377e+01
5.069920980140243394e-01 -2.726579985249837179e+01
5.040615078520938042e-01 -2.725347289148966823e+01
5.011309176901628248e-01 -2.720462685114542722e+01
4.982003275282320676e-01 -2.719270682042439802e+01
4.952697373663013103e-01 -2.714448160095215101e+01
4.923391472043705530e-01 -2.713296868108113458e+01
4.894085570424397957e-01 -2.708535997899373271e+01
4.864779668805090385e-01 -2.707425382054646690e+01
4.835473767185782812e-01 -2.702725644276936734e+01
4.806167865566475239e-01 -2.701655686543782409e+01
4.776861963947165446e-01 -2.697016556320190617e+01
4.747556062327860094e-01 -2.695987129389445158e+01
4.718250160708550300e-01 -2.691408065465291699e+01
4.688944259089242728e-01 -2.690419062779744408e+01
4.659638357469937375e-01 -2.685899471944173200e+01
4.630332455850627582e-01 -2.684950729955037119e+01
4.601026554231320009e-01 -2.680489998601277435e+01
4.571720652612012437e-01 -2.679581316401163704e+01
4.542414750992704864e-01 -2.675178832931518613e+01
4.513108849373397291e-01 -2.674310003356933407e+01
4.483802947754087498e-01 -2.669965106074015182e+01
4.454497046134782146e-01 -2.669135866775513222e+01
4.425191144515474573e-01 -2.664847905298868724e+01
4.395885242896164780e-01 -2.664058001327515157e+01
4.366579341276859427e-01 -2.659826277949015250e+01
4.337273439657549634e-01 -2.659075409469605233e+01
4.307967538038242061e-01 -2.654899253005981663e+01
4.278661636418936709e-01 -2.654187105433146598e+01
4.249355734799626916e-01 -2.650065789210001910e+01
4.220049833180319343e-01 -2.649392029800414861e+01
4.190743931561011770e-01 -2.645324854278564430e+01
4.161438029941704198e-01 -2.644689138997395617e+01
4.132132128322396625e-01 -2.640675360285441897e+01
4.102826226703086832e-01 -2.640077315088907639e+01
4.073520325083781479e-01 -2.636116219660440763e+01
4.044214423464473906e-01 -2.635555470046996618e+01
4.014908521845164113e-01 -2.631646290283202561e+01
3.985602620225858761e-01 -2.631122441584269112e+01
3.956296718606548968e-01 -2.627264458567301375e+01
3.926990816987241395e-01 -2.626777090301513695e+01
3.897684915367933822e-01 -2.622969538853963201e+01
3.868379013748626249e-01 -2.622518245086670063e+01
3.839073112129318677e-01 -2.618760371983845658e+01
3.809767210510008884e-01 -2.618344716644287118e+01
3.780461308890703531e-01 -2.614635773773193606e+01
3.751155407271395958e-01 -2.614255322138468429e+01
3.721849505652086165e-01 -2.610594550933837965e+01
3.692543604032780813e-01 -2.610248870849609304e+01
3.663237702413471020e-01 -2.606635507431030163e+01
3.633931800794163447e-01 -2.606324136479695497e+01
3.604625899174855874e-01 -2.602757421620686884e+01
3.575319997555548301e-01 -2.602479917348225769e+01
3.546014095936240729e-01 -2.598959097417195707e+01
3.516708194316933156e-01 -2.598714983011881685e+01
3.487402292697625583e-01 -2.595239298375448200e+01
3.458096391078318010e-01 -2.595028128077189677e+01
3.428790489459008217e-01 -2.591596816482544341e+01
3.399484587839702865e-01 -2.591418099899291860e+01
3.370178686220395292e-01 -2.588030431874593162e+01
3.340872784601085499e-01 -2.587883687108358188e+01
3.311566882981777926e-01 -2.584538907750447478e+01
3.282260981362470353e-01 -2.584423690210978464e+01
3.252955079743162781e-01 -2.581121043294270834e+01
3.223649178123855208e-01 -2.581036863123576097e+01
3.194343276504547635e-01 -2.577775634994506859e+01
3.165037374885240062e-01 -2.577722022018432568e+01
3.135731473265932490e-01 -2.574501458155314637e+01
3.106425571646622696e-01 -2.574477921803792668e+01
3.077119670027317344e-01 -2.571297317632038926e+01
3.047813768408007551e-01 -2.571303403778076202e+01
3.018507866788699978e-01 -2.568162031631469588e+01
2.989201965169392405e-01 -2.568197298380533056e+01
2.959896063550084833e-01 -2.565094284820556680e+01
2.930590161930777260e-01 -2.565158150151571448e+01
2.901284260311469687e-01 -2.562093057327270174e+01
2.871978358692162114e-01 -2.562185057525634591e+01
2.842672457072854542e-01 -2.559157080485026015e+01
2.813366555453544748e-01 -2.559276824467977107e+01
2.784060653834239396e-01 -2.556285218633015788e+01
2.754754752214929603e-01 -2.556432165985107119e+01
2.725448850595622030e-01 -2.553476276524861532e+01
2.696142948976316678e-01 -2.553649993616740232e+01
2.666837047357006885e-01 -2.550729126637777355e+01
2.637531145737699312e-01 -2.550929146855671803e+01
2.608225244118391739e-01 -2.548042627919515368e+01
2.578919342499084166e-01 -2.548268484929402788e+01
2.549613440879776594e-01 -2.545415671106973932e+01
2.520307539260466800e-01 -2.545666898295084124e+01
2.491001637641161448e-01 -2.542847118962605535e+01
2.461695736021853875e-01 -2.543123277028401574e+01
2.432389834402544082e-01 -2.540335879720051793e+01
2.403083932783238730e-01 -2.540636505330403594e+01
2.373778031163928937e-01 -2.537880859959919988e+01
2.344472129544621364e-01 -2.538205496444702192e+01
2.315166227925316011e-01 -2.535480966288248439e+01
2.285860326306006218e-01 -2.535829184494018662e+01
2.256554424686698646e-01 -2.533135146967569895e+01
2.227248523067391073e-01 -2.533506503702799151e+01
2.197942621448083500e-01 -2.530842340749104835e+01
2.168636719828775927e-01 -2.531236412658690682e+01
2.139330818209466134e-01 -2.528601531194050978e+01
2.110024916590160782e-01 -2.529017865575154289e+01
2.080719014970853209e-01 -2.526411661097208849e+01
2.051413113351543416e-01 -2.526849864476521290e+01
2.022107211732238063e-01 -2.524271734415690460e+01
1.992801310112928270e-01 -2.524731363983154608e+01
1.963495408493620697e-01 -2.522180752538045212e+01
1.934189506874313125e-01 -2.522661389999389314e+01
1.904883605255005552e-01 -2.520137709604898646e+01
1.875577703635697979e-01 -2.520638970464070283e+01
1.846271802016388186e-01 -2.518141658554077367e+01
1.816965900397082834e-01 -2.518663114496866839e+01
1.787659998777775261e-01 -2.516191639073690212e+01
1.758354097158465468e-01 -2.516732893905639656e+01
1.729048195539160115e-01 -2.514286706797281923e+01
1.699742293919850322e-01 -2.514847373962402344e+01
1.670436392300542749e-01 -2.512425930735269830e+01
1.641130490681235177e-01 -2.513005607808431208e+01
1.611824589061927604e-01 -2.510608396555582900e+01
1.582518687442620031e-01 -2.511206712036132060e+01
1.553212785823312458e-01 -2.508833201751708941e+01
1.523906884204004886e-01 -2.509449774932861743e+01
1.494600982584697313e-01 -2.507099465764363444e+01
1.465295080965387520e-01 -2.507733923365274720e+01
1.435989179346082167e-01 -2.505406311187743640e+01
1.406683277726774595e-01 -2.506058295974731465e+01
1.377377376107464801e-01 -2.503752893625895837e+01
1.348071474488157229e-01 -2.504422037328084727e+01
1.318765572868849656e-01 -2.502138367487589932e+01
1.289459671249542083e-01 -2.502824324900308994e+01
1.260153769630234510e-01 -2.500561898803710292e+01
1.230847868010926938e-01 -2.501264305699665513e+01
1.201541966391619365e-01 -2.499022680638631400e+01
1.172236064772311792e-01 -2.499741193211873025e+01
1.142930163153004219e-01 -2.497519902928670632e+01
1.113624261533696647e-01 -2.498254195404052780e+01
1.084318359914386853e-01 -2.496052779998779059e+01
1.055012458295079281e-01 -2.496802510503133732e+01
1.025706556675771708e-01 -2.494620539779663915e+01
9.964006550564641351e-02 -2.495385387090047402e+01
9.670947534371565624e-02 -2.493222436396280983e+01
9.377888518178489896e-02 -2.494002074356079746e+01
9.084829501985414169e-02 -2.491857705485026386e+01
8.791770485792338441e-02 -2.492651819432575877e+01
8.498711469599262713e-02 -2.490525631154378416e+01
8.205652453406186986e-02 -2.491333905207316235e+01
7.912593437213089054e-02 -2.489225490748088276e+01
7.619534421020013326e-02 -2.490047623901367402e+01
7.326475404826959803e-02 -2.487956571884155110e+01
7.033416388633861871e-02 -2.488792273406982147e+01
6.740357372440786143e-02 -2.486718190409342455e+01
6.447298356247710416e-02 -2.487567143859863350e+01
6.154239340054634688e-02 -2.485509671478271798e+01
5.861180323861558961e-02 -2.486371598612468148e+01
5.568121307668461029e-02 -2.484330335769653431e+01
5.275062291475407505e-02 -2.485204956995646342e+01
4.982003275282331778e-02 -2.483179540379842010e+01
4.688944259089233846e-02 -2.484066571756999053e+01
4.395885242896180323e-02 -2.482056643981933775e+01
4.102826226703082391e-02 -2.482955808181763047e+01
3.809767210510006663e-02 -2.480961016006470032e+01
3.516708194316953140e-02 -2.481872063395181982e+01
3.223649178123855208e-02 -2.479892063039143935e+01
2.930590161930779480e-02 -2.480814715550739891e+01
2.637531145737703753e-02 -2.478849152043660808e+01
2.344472129544628025e-02 -2.479783158289591682e+01
2.051413113351552298e-02 -2.477831677017211476e+01
1.758354097158454366e-02 -2.478776712265015192e+01
1.465295080965400842e-02 -2.476839133173625029e+01
1.172236064772325115e-02 -2.477795154240926934e+01
8.791770485792271828e-03 -2.475870744120280520e+01
5.861180323861736596e-03 -2.476837112579346112e+01
2.930590161930757276e-03 -2.474926128616332832e+01
0.000000000000000000e+00 -2.475903073018391964e+01
-2.930590161930757276e-03 -2.474004843139648457e+01
-5.861180323861736596e-03 -2.474991845067342666e+01
-8.791770485792049783e-03 -2.473106175257365535e+01
-1.172236064772302910e-02 -2.474103085581462125e+01
-1.465295080965378638e-02 -2.472229656346639359e+01
-1.758354097158454366e-02 -2.473236231129964935e+01
-2.051413113351552298e-02 -2.471374766540526835e+01
-2.344472129544628025e-02 -2.472390796152750525e+01
-2.637531145737703753e-02 -2.470541011555989641e+01
-2.930590161930757276e-02 -2.471566267344156742e+01
-3.223649178123833003e-02 -2.469727895609537782e+01
-3.516708194316930935e-02 -2.470762172012328861e+01
-3.809767210510006663e-02 -2.468934932327270459e+01
-4.102826226703082391e-02 -2.469978015645344982e+01
-4.395885242896180323e-02 -2.468161655553182143e+01
-4.688944259089256050e-02 -2.469213359705608113e+01
-4.982003275282309573e-02 -2.467407589289347314e+01
-5.275062291475385301e-02 -2.468467714233398524e+01
-5.568121307668461029e-02 -2.466672303619384721e+01
-5.861180323861558961e-02 -2.467740629119873574e+01
-6.154239340054634688e-02 -2.465955340321859168e+01
-6.447298356247710416e-02 -2.467031694030761813e+01
-6.740357372440763939e-02 -2.465256278991699546e+01
-7.033416388633839667e-02 -2.466340476608276688e+01
-7.326475404826937599e-02 -2.464574700927733986e+01
-7.619534421020013326e-02 -2.465666546936035886e+01
-7.912593437213089054e-02 -2.463910168151855729e+01
-8.205652453406186986e-02 -2.465009490432739270e+01
-8.498711469599262713e-02 -2.463262292861939073e+01
-8.791770485792316236e-02 -2.464368907394408481e+01
-9.084829501985391964e-02 -2.462630669097900338e+01
-9.377888518178489896e-02 -2.463744419682820919e+01
-9.670947534371565624e-02 -2.462014928131103275e+01
-9.964006550564641351e-02 -2.463135647201537992e+01
-1.025706556675771708e-01 -2.461414688008626328e+01
-1.055012458295081501e-01 -2.462542205123901340e+01
-1.084318359914386853e-01 -2.460829564641316480e+01
-1.113624261533694426e-01 -2.461963710988363019e+01
-1.142930163153001999e-01 -2.460259191818238023e+01
-1.172236064772311792e-01 -2.461399814300536804e+01
-1.201541966391619365e-01 -2.459703215154012668e+01
-1.230847868010926938e-01 -2.460850153376260963e+01
-1.260153769630232290e-01 -2.459161289240518755e+01
-1.289459671249539863e-01 -2.460314404118855691e+01
-1.318765572868849656e-01 -2.458633076731364042e+01
-1.348071474488157229e-01 -2.459792219924927181e+01
-1.377377376107464801e-01 -2.458118256785075317e+01
-1.406683277726774595e-01 -2.459283278274536144e+01
-1.435989179346082167e-01 -2.457616488800048415e+01
-1.465295080965387520e-01 -2.458787248255411484e+01
-1.494600982584695092e-01 -2.457127460912068884e+01
-1.523906884204002665e-01 -2.458303815917968649e+01
-1.553212785823312458e-01 -2.456650856628417756e+01
-1.582518687442620031e-01 -2.457832679112751961e+01
-1.611824589061927604e-01 -2.456186394373575865e+01
-1.641130490681237397e-01 -2.457373556925455915e+01
-1.670436392300540529e-01 -2.455733772099813095e+01
-1.699742293919850322e-01 -2.456926153589884620e+01
-1.729048195539157895e-01 -2.455292701543172029e+01
-1.758354097158465468e-01 -2.456490159861246880e+01
-1.787659998777775261e-01 -2.454862896728516120e+01
-1.816965900397082834e-01 -2.456065304692586437e+01
-1.846271802016390406e-01 -2.454444055099487443e+01
-1.875577703635695759e-01 -2.455651296615600998e+01
-1.904883605255003332e-01 -2.454035934397379748e+01
-1.934189506874313125e-01 -2.455247890268961797e+01
-1.963495408493620697e-01 -2.453638267644246440e+01
-1.992801310112928270e-01 -2.454854844665527480e+01
-2.022107211732238063e-01 -2.453250815404256002e+01
-2.051413113351541195e-01 -2.454471879450480287e+01
-2.080719014970850989e-01 -2.452873305282592753e+01
-2.110024916590158561e-01 -2.454098756586710905e+01
-2.139330818209466134e-01 -2.452505496241251848e+01
-2.168636719828775927e-01 -2.453735225957234434e+01
-2.197942621448083500e-01 -2.452147138875325538e+01
-2.227248523067391073e-01 -2.453381027323404240e+01
-2.256554424686696425e-01 -2.451798009414672563e+01
-2.285860326306003998e-01 -2.453035974731444568e+01
-2.315166227925313791e-01 -2.451457872975667129e+01
-2.344472129544621364e-01 -2.452699797490437916e+01
-2.373778031163928937e-01 -2.451126509348551608e+01
-2.403083932783238730e-01 -2.452372318089802761e+01
-2.432389834402546303e-01 -2.450803710912068567e+01
-2.461695736021851655e-01 -2.452053287709553686e+01
-2.491001637641159228e-01 -2.450489265569051511e+01
-2.520307539260466800e-01 -2.451742558415730144e+01
-2.549613440879776594e-01 -2.450182976659138845e+01
-2.578919342499084166e-01 -2.451439853871663388e+01
-2.608225244118391739e-01 -2.449884784698486939e+01
-2.637531145737697091e-01 -2.451145365626017281e+01
-2.666837047357004664e-01 -2.449593911666869772e+01
-2.696142948976314457e-01 -2.450857165857950548e+01
-2.725448850595622030e-01 -2.449310544916788501e+01
-2.754754752214929603e-01 -2.450577911478678317e+01
-2.784060653834239396e-01 -2.449034953231811684e+01
-2.813366555453546969e-01 -2.450305255533854165e+01
-2.842672457072852321e-01 -2.448766332575479865e+01
-2.871978358692159894e-01 -2.450039886296589842e+01
-2.901284260311469687e-01 -2.448504749170939476e+01
-2.930590161930777260e-01 -2.449781372680664404e+01
-2.959896063550084833e-01 -2.448249962081909104e+01
-2.989201965169392405e-01 -2.449529596837361112e+01
-3.018507866788702199e-01 -2.448001807988484657e+01
-3.047813768408007551e-01 -2.449284369633992497e+01
-3.077119670027315124e-01 -2.447760119120279398e+01
-3.106425571646622696e-01 -2.449045534871419605e+01
-3.135731473265932490e-01 -2.447524713211059932e+01
-3.165037374885240062e-01 -2.448812920125325476e+01
-3.194343276504547635e-01 -2.447295451711018899e+01
-3.223649178123852987e-01 -2.448586365890502847e+01
-3.252955079743160560e-01 -2.447072168680826465e+01
-3.282260981362470353e-01 -2.448365731302897075e+01
-3.311566882981777926e-01 -2.446854718068441059e+01
-3.340872784601085499e-01 -2.448150867970785072e+01
-3.370178686220395292e-01 -2.446642960281372225e+01
-3.399484587839702865e-01 -2.447941635894774848e+01
-3.428790489459008217e-01 -2.446436755498250193e+01
-3.458096391078315790e-01 -2.447737893142700116e+01
-3.487402292697623363e-01 -2.446235964558919207e+01
-3.516708194316933156e-01 -2.447539484685261968e+01
-3.546014095936240729e-01 -2.446040444488525623e+01
-3.575319997555548301e-01 -2.447346300684611364e+01
-3.604625899174858095e-01 -2.445850062739054565e+01
-3.633931800794161227e-01 -2.447158193003336635e+01
-3.663237702413471020e-01 -2.445664687550862482e+01
-3.692543604032778592e-01 -2.446975049616495923e+01
-3.721849505652086165e-01 -2.445484189198811720e+01
-3.751155407271395958e-01 -2.446796728185018210e+01
-3.780461308890703531e-01 -2.445308468729654905e+01
-3.809767210510008884e-01 -2.446623100713094345e+01
-3.839073112129316456e-01 -2.445137366816203084e+01
-3.868379013748624029e-01 -2.446454047342936633e+01
-3.897684915367933822e-01 -2.444970754852295158e+01
-3.926990816987241395e-01 -2.446289436238606996e+01
-3.956296718606548968e-01 -2.444808539403279468e+01
-3.985602620225858761e-01 -2.446129157079060690e+01
-4.014908521845161893e-01 -2.444650603459675864e+01
-4.044214423464471686e-01 -2.445973129018147674e+01
-4.073520325083779259e-01 -2.444496836776733062e+01
-4.102826226703086832e-01 -2.445821203409830957e+01
-4.132132128322396625e-01 -2.444347135747274180e+01
-4.161438029941704198e-01 -2.445673322474161893e+01
-4.190743931561011770e-01 -2.444201400477091468e+01
-4.220049833180317123e-01 -2.445529340667724938e+01
-4.249355734799624695e-01 -2.444059523747762341e+01
-4.278661636418934489e-01 -2.445389173151652074e+01
-4.307967538038242061e-01 -2.443921402740478399e+01
-4.337273439657551855e-01 -2.445252713190714644e+01
-4.366579341276857207e-01 -2.443786928532917813e+01
-4.395885242896167000e-01 -2.445119861170451259e+01
-4.425191144515472352e-01 -2.443656014480590599e+01
-4.454497046134782146e-01 -2.444990537058512459e+01
-4.483802947754087498e-01 -2.443528576049804713e+01
-4.513108849373397291e-01 -2.444864634119669944e+01
-4.542414750992707084e-01 -2.443404521382649719e+01
-4.571720652612012437e-01 -2.444742091649373350e+01
-4.601026554231317789e-01 -2.443283761723836278e+01
-4.630332455850627582e-01 -2.444622797063192010e+01
-4.659638357469932934e-01 -2.443166212183634300e+01
-4.688944259089242728e-01 -2.444506671600341718e+01
-4.718250160708552521e-01 -2.443051792729695393e+01
-4.747556062327857873e-01 -2.444393647384643486e+01
-4.776861963947167666e-01 -2.442940423558552965e+01
-4.806167865566473019e-01 -2.444283622156779145e+01
-4.835473767185782812e-01 -2.442832007293701579e+01
-4.864779668805088164e-01 -2.444176544774373028e+01
-4.894085570424397957e-01 -2.442726477890014536e+01
-4.923391472043707751e-01 -2.444072292327880902e+01
-4.952697373663013103e-01 -2.442623755137125485e+01
-4.982003275282322896e-01 -2.443970793762207094e+01
-5.011309176901628248e-01 -2.442523731536865483e+01
-5.040615078520933601e-01 -2.443871985727945884e+01
-5.069920980140243394e-01 -2.442426347783406726e+01
-5.099226881759553187e-01 -2.443775758463541692e+01
-5.128532783378858539e-01 -2.442331521428425845e+01
-5.157838684998168333e-01 -2.443682065099080347e+01
-5.187144586617473685e-01 -2.442239178924560505e+01
-5.216450488236783478e-01 -2.443590809733072788e+01
-5.245756389856088830e-01 -2.442149208170572905e+01
-5.275062291475398624e-01 -2.443501883239746419e+01
-5.304368193094708417e-01 -2.442061600545247657e+01
-5.333674094714013769e-01 -2.443415295511881524e+01
-5.362979996333323562e-01 -2.441976249694824119e+01
-5.392285897952628915e-01 -2.443331037063598998e+01
-5.421591799571934267e-01 -2.441893949610392056e+01
-5.450897701191244060e-01 -2.443250794448852048e+01
-5.480203602810553853e-01 -2.441815295130411556e+01
-5.509509504429859206e-01 -2.443172768656411620e+01
-5.538815406049168999e-01 -2.441735204442342777e+01
-5.568121307668478792e-01 -2.443091300735474292e+01
-5.597427209287784144e-01 -2.441658344548543269e+01
-5.626733110907089497e-01 -2.443018050638834637e+01
-5.656039012526399290e-01 -2.441585046895345101e+01
-5.685344914145709083e-01 -2.442944807408650476e+01
-5.714650815765014435e-01 -2.441513055394490550e+01
-5.743956717384324229e-01 -2.442873863321939965e+01
-5.773262619003629581e-01 -2.441443042577107647e+01
-5.802568520622939374e-01 -2.442804619191487703e+01
-5.831874422242244727e-01 -2.441374914728800505e+01
-5.861180323861554520e-01 -2.442737422561645388e+01
-5.890486225480859872e-01 -2.441308674240112353e+01
-5.919792127100169665e-01 -2.442671971817016896e+01
-5.949098028719479458e-01 -2.441244221750895704e+01
-5.978403930338784811e-01 -2.442608325373331368e+01
-6.007709831958090163e-01 -2.441181501592000203e+01
-6.037015733577399956e-01 -2.442546380208333190e+01
-6.066321635196709749e-01 -2.441120429255167679e+01
-6.095627536816015102e-01 -2.442486025568643981e+01
-6.124933438435324895e-01 -2.441060956954956040e+01
-6.154239340054634688e-01 -2.442427271855671833e+01
-6.183545241673940041e-01 -2.441003050257365103e+01
-6.212851143293245393e-01 -2.442370041631062705e+01
-6.242157044912555186e-01 -2.440946666437784884e+01
-6.271462946531864979e-01 -2.442314354222616046e+01
-6.300768848151170332e-01 -2.440891775563558141e+01
-6.330074749770480125e-01 -2.442260125249226377e+01
-6.359380651389785477e-01 -2.440838339818318659e+01
-6.388686553009090829e-01 -2.442207333679199266e+01
-6.417992454628400623e-01 -2.440786321868896280e+01
-6.447298356247710416e-01 -2.442155956192016930e+01
-6.476604257867015768e-01 -2.440735707143148048e+01
-6.505910159486325561e-01 -2.442105973739624147e+01
-6.535216061105635355e-01 -2.440686456476847610e+01
-6.564521962724940707e-01 -2.442057316970825198e+01
-6.593827864344246059e-01 -2.440638531824747659e+01
-6.623133765963555852e-01 -2.442010002288818526e+01
-6.652439667582865646e-01 -2.440591919784545638e+01
-6.681745569202170998e-01 -2.441963980992635186e+01
-6.711051470821480791e-01 -2.440546586888631353e+01
-6.740357372440790584e-01 -2.441919218928019220e+01
-6.769663274060091496e-01 -2.440502519276936866e+01
-6.798969175679401289e-01 -2.441875739212036223e+01
-6.828275077298711082e-01 -2.440459691390991281e+01
-6.857580978918016434e-01 -2.441833434524535917e+01
-6.886886880537326228e-01 -2.440418031539917010e+01
-6.916192782156636021e-01 -2.441792305704752408e+01
-6.945498683775941373e-01 -2.440377491455078030e+01
-6.974804585395246725e-01 -2.441752257207235033e+01
-7.004110487014556519e-01 -2.440338037999471155e+01
-7.033416388633866312e-01 -2.441713297170003472e+01
-7.062722290253171664e-01 -2.440299639231363926e+01
-7.092028191872481457e-01 -2.441675375696817696e+01
-7.121334093491791251e-01 -2.440262285715738955e+01
-7.150639995111092162e-01 -2.441638481775919445e+01
-7.179945896730401955e-01 -2.440225947977701892e+01
-7.209251798349711748e-01 -2.441602589085897179e+01
-7.238557699969017101e-01 -2.440190593719482592e+01
-7.267863601588326894e-01 -2.441567677510579060e+01
-7.297169503207636687e-01 -2.440156202875773417e+01
-7.326475404826942039e-01 -2.441533729909260941e+01
-7.355781306446247392e-01 -2.440122759780883754e+01
-7.385087208065557185e-01 -2.441500707117716473e+01
-7.414393109684866978e-01 -2.440090230636596402e+01
-7.443699011304172330e-01 -2.441468588790893790e+01
-7.473004912923482124e-01 -2.440058586807251118e+01
-7.502310814542791917e-01 -2.441437342020670442e+01
-7.531616716162097269e-01 -2.440027804183959859e+01
-7.560922617781402622e-01 -2.441406948521932208e+01
-7.590228519400712415e-01 -2.439997866846720598e+01
-7.619534421020017767e-01 -2.441377381312052464e+01
-7.648840322639327560e-01 -2.439968758875528820e+01
-7.678146224258637353e-01 -2.441348635482788154e+01
-7.707452125877942706e-01 -2.439940438715616722e+01
-7.736758027497248058e-01 -2.441320673853556045e+01
-7.766063929116557851e-01 -2.439912885843913060e+01
-7.795369830735867644e-01 -2.441293483072916715e+01
-7.824675732355172997e-01 -2.439886093673706213e+01
-7.853981633974482790e-01 -2.441267022832234801e+01
-7.883287535593792583e-01 -2.439860027338663784e+01
-7.912593437213097936e-01 -2.441241297785441233e+01
-7.941899338832403288e-01 -2.439834684931437536e+01
-7.971205240451713081e-01 -2.441216257146199808e+01
-8.000511142071022874e-01 -2.439810034484863621e+01
-8.029817043690328227e-01 -2.441191922531128355e+01
-8.059122945309638020e-01 -2.439786046142578257e+01
-8.088428846928947813e-01 -2.441168235677083587e+01
-8.117734748548253165e-01 -2.439762718124389806e+01
-8.147040650167558518e-01 -2.441145170669555498e+01
-8.176346551786868311e-01 -2.439740005162557068e+01
-8.205652453406173663e-01 -2.441122755737304928e+01
-8.234958355025483456e-01 -2.439717891006469586e+01
-8.264264256644793250e-01 -2.441100941136678415e+01
-8.293570158264098602e-01 -2.439696608098347852e+01
-8.322876059883403954e-01 -2.441080082422892161e+01
-8.352181961502713747e-01 -2.439675802179972308e+01
-8.381487863122023541e-01 -2.441059460627238309e+01
-8.410793764741328893e-01 -2.439655518163045400e+01
-8.440099666360638686e-01 -2.441039299392700102e+01
-8.469405567979948479e-01 -2.439635738347370975e+01
-8.498711469599253832e-01 -2.441019835586547870e+01
-8.528017371218559184e-01 -2.439616554489135680e+01
-8.557323272837868977e-01 -2.441000878016154019e+01
-8.586629174457174329e-01 -2.439597880961100529e+01
-8.615935076076484123e-01 -2.440982448730468946e+01
-8.645240977695793916e-01 -2.439579724578857167e+01
-8.674546879315099268e-01 -2.440964517339070738e+01
-8.703852780934409061e-01 -2.439562071914673069e+01
-8.733158682553714414e-01 -2.440947099177042645e+01
-8.762464584173024207e-01 -2.439544911270141370e+01
-8.791770485792329559e-01 -2.440930160802205506e+01
-8.821076387411639352e-01 -2.439528232447306877e+01
-8.850382289030949146e-01 -2.440913695627848057e+01
-8.879688190650254498e-01 -2.439512018737793042e+01
-8.908994092269559850e-01 -2.440897686080932516e+01
-8.938299993888869643e-01 -2.439496241378784092e+01
-8.967605895508174996e-01 -2.440882102076212590e+01
-8.996911797127484789e-01 -2.439480904515584925e+01
-9.026217698746794582e-01 -2.440866952184041594e+01
-9.055523600366099934e-01 -2.439465980300903070e+01
-9.084829501985409728e-01 -2.440852225112914908e+01
-9.114135403604715080e-01 -2.439451467615763391e+01
-9.143441305224024873e-01 -2.440837887446085475e+01
-9.172747206843330225e-01 -2.439437360178629888e+01
-9.202053108462640019e-01 -2.440823980026245010e+01
-9.231359010081949812e-01 -2.439423649368286107e+01
-9.260664911701255164e-01 -2.440810418675740578e+01
-9.289970813320564957e-01 -2.439410312067667519e+01
-9.319276714939870310e-01 -2.440797279510498186e+01
-9.348582616559175662e-01 -2.439397348810831900e+01
-9.377888518178485455e-01 -2.440784478530883561e+01
-9.407194419797795248e-01 -2.439384738591512303e+01
-9.436500321417100601e-01 -2.440772045618693298e+01
-9.465806223036410394e-01 -2.439372486343383173e+01
-9.495112124655720187e-01 -2.440759940185546739e+01
-9.524418026275025539e-01 -2.439360573908487595e+01
-9.553723927894330892e-01 -2.440748167648315459e+01
-9.583029829513640685e-01 -2.439348990961710584e+01
-9.612335731132950478e-01 -2.440736745173136413e+01
-9.641641632752255830e-01 -2.439337719573974539e+01
-9.670947534371565624e-01 -2.440725617650350188e+01
-9.700253435990870976e-01 -2.439326771011353046e+01
-9.729559337610180769e-01 -2.440714805831908762e+01
-9.758865239229486122e-01 -2.439316137568155796e+01
-9.788171140848795915e-01 -2.440704313329061037e+01
-9.817477042468105708e-01 -2.439305793736776096e+01
-9.846782944087411060e-01 -2.440694125035604145e+01
-9.876088845706720853e-01 -2.439295753097534103e+01
-9.905394747326026206e-01 -2.440684196726481048e+01
-9.934700648945331558e-01 -2.439285989252725884e+01
-9.964006550564641351e-01 -2.440674563573201539e+01
-9.993312452183951144e-01 -2.439276493453979455e+01
-1.002261835380325650e+00 -2.440665192235310599e+01
-1.005192425542256629e+00 -2.439267260106404578e+01
-1.008123015704187608e+00 -2.440656058578490928e+01
-1.011053605866118144e+00 -2.439258280563354830e+01
-1.013984196028048679e+00 -2.440647219772339227e+01
-1.016914786189979658e+00 -2.439249556020100940e+01
-1.019845376351910637e+00 -2.440638582204181972e+01
-1.022775966513841173e+00 -2.439241088816324776e+01
-1.025706556675772152e+00 -2.440630208257039513e+01
-1.028637146837702687e+00 -2.439232847061157017e+01
-1.031567736999633222e+00 -2.440622092361450512e+01
-1.034498327161564202e+00 -2.439224840291341678e+01
-1.037428917323495181e+00 -2.440614207992553730e+01
-1.040359507485425716e+00 -2.439217069753011202e+01
-1.043290097647356696e+00 -2.440606523615518952e+01
-1.046220687809287675e+00 -2.439209516779581577e+01
-1.049151277971218210e+00 -2.440599072647094658e+01
-1.052081868133148745e+00 -2.439202172368367627e+01
-1.055012458295079725e+00 -2.440591836191813258e+01
-1.057943048457010704e+00 -2.439195049870808774e+01
-1.060873638618941239e+00 -2.440584781010945647e+01
-1.063804228780872219e+00 -2.439188124008179059e+01
-1.066734818942803198e+00 -2.440577971420288250e+01
-1.069665409104733289e+00 -2.439181389490763507e+01
-1.072595999266664268e+00 -2.440571335144042564e+01
-1.075526589428595248e+00 -2.439174864857991665e+01
-1.078457179590525783e+00 -2.440564895324706995e+01
-1.081387769752456762e+00 -2.439168520685831609e+01
-1.084318359914387742e+00 -2.440558635635376206e+01
-1.087248950076318277e+00 -2.439162355982462671e+01
-1.090179540238248812e+00 -2.440552551879882870e+01
-1.093110130400179791e+00 -2.439156377156575672e+01
-1.096040720562110771e+00 -2.440546648635864102e+01
-1.098971310724041306e+00 -2.439150556818644233e+01
-1.101901900885972285e+00 -2.440540881983439192e+01
-1.104832491047903265e+00 -2.439145002568562504e+01
-1.107763081209833356e+00 -2.440535602162677975e+01
-1.110693671371764335e+00 -2.439139576288858891e+01
-1.113624261533695314e+00 -2.440529957122802784e+01
-1.116554851695625850e+00 -2.439134145558674760e+01
-1.119485441857556829e+00 -2.440524746017455726e+01
-1.122416032019487808e+00 -2.439128963267008743e+01
-1.125346622181418343e+00 -2.440519571126301912e+01
-1.128277212343348879e+00 -2.439123922958373925e+01
-1.131207802505279858e+00 -2.440514641342163671e+01
-1.134138392667210837e+00 -2.439119067967732590e+01
-1.137068982829141373e+00 -2.440509846140543715e+01
-1.139999572991072352e+00 -2.439114357248941900e+01
-1.142930163153003331e+00 -2.440505208104451995e+01
-1.145860753314933866e+00 -2.439109793268839610e+01
-1.148791343476864402e+00 -2.440500708033243882e+01
-1.151721933638795381e+00 -2.439105363744100075e+01
-1.154652523800725916e+00 -2.440496340866089042e+01
-1.157583113962656896e+00 -2.439101073964436850e+01
-1.160513704124587875e+00 -2.440492105484008789e+01
-1.163444294286518410e+00 -2.439096909815470227e+01
-1.166374884448448945e+00 -2.440488009668986535e+01
-1.169305474610379925e+00 -2.439092876205445037e+01
-1.172236064772310904e+00 -2.440484021428426331e+01
-1.175166654934241439e+00 -2.439088956680298281e+01
-1.178097245096172418e+00 -2.440480179977416952e+01
-1.181027835258103398e+00 -2.439085178858439207e+01
-1.183958425420033933e+00 -2.440476440099080691e+01
-1.186889015581964468e+00 -2.439081506296793478e+01
-1.189819605743895448e+00 -2.440472838312784631e+01
-1.192750195905826427e+00 -2.439077965698242423e+01
-1.195680786067756962e+00 -2.440469335250854144e+01
-1.198611376229687941e+00 -2.439074536641438939e+01
-1.201541966391618921e+00 -2.440465978164673189e+01
-1.204472556553549456e+00 -2.439071229298908960e+01
-1.207403146715479991e+00 -2.440462709732056013e+01
-1.210333736877410971e+00 -2.439068028310140335e+01
-1.213264327039341506e+00 -2.440459565226236904e+01
-1.216194917201272485e+00 -2.439064931208292464e+01
-1.219125507363203464e+00 -2.440456520207722946e+01
-1.222056097525134000e+00 -2.439061945877075388e+01
-1.224986687687064535e+00 -2.440453577702840349e+01
-1.227917277848995514e+00 -2.439059056599935360e+01
-1.230847868010926494e+00 -2.440450731302897225e+01
-1.233778458172857029e+00 -2.439056278127035071e+01
-1.236709048334788008e+00 -2.440447999598185902e+01
-1.239639638496718987e+00 -2.439053585917154265e+01
-1.242570228658649523e+00 -2.440445356674194599e+01
-1.245500818820580058e+00 -2.439050996042886865e+01
-1.248431408982511037e+00 -2.440442807184855312e+01
-1.251361999144441572e+00 -2.439048505299886216e+01
-1.254292589306372552e+00 -2.440440356521606091e+01
-1.257223179468303531e+00 -2.439046103413900113e+01
-1.260153769630234066e+00 -2.440438012949625701e+01
-1.263084359792165046e+00 -2.439043799514770683e+01
-1.266014949954095581e+00 -2.440435745290120551e+01
-1.268945540116026560e+00 -2.439041589126587084e+01
-1.271876130277957095e+00 -2.440433583602905543e+01
-1.274806720439888075e+00 -2.439039472020466803e+01
-1.277737310601819054e+00 -2.440431512324015273e+01
-1.280667900763749589e+00 -2.439037454096476409e+01
-1.283598490925680125e+00 -2.440429531936645446e+01
-1.286529081087611104e+00 -2.439035522740682183e+01
-1.289459671249541639e+00 -2.440427646408080520e+01
-1.292390261411472618e+00 -2.439033686828613412e+01
-1.295320851573403598e+00 -2.440425853220621732e+01
-1.298251441735334133e+00 -2.439031937637328440e+01
-1.301182031897265112e+00 -2.440424144592284961e+01
-1.304112622059195647e+00 -2.439030278447469158e+01
-1.307043212221126627e+00 -2.440422525507608498e+01
-1.309973802383057162e+00 -2.439028703867594672e+01
-1.312904392544988141e+00 -2.440420991236368664e+01
-1.315834982706919121e+00 -2.439027216618855931e+01
-1.318765572868849656e+00 -2.440419543762207155e+01
-1.321696163030780635e+00 -2.439025821380614900e+01
-1.324626753192711170e+00 -2.440418182652791046e+01
-1.327557343354641706e+00 -2.439024502970377739e+01
-1.330487933516572685e+00 -2.440416909103393195e+01
-1.333418523678503664e+00 -2.439023260548909633e+01
-1.336349113840434200e+00 -2.440415730082194301e+01
-1.339279704002365179e+00 -2.439022129287719665e+01
-1.342210294164295714e+00 -2.440414617945353370e+01
-1.345140884326226693e+00 -2.439021070683796921e+01
-1.348071474488157229e+00 -2.440413599878946371e+01
-1.351002064650088208e+00 -2.439020110880533920e+01
-1.353932654812019187e+00 -2.440412685775756785e+01
-1.356863244973949723e+00 -2.439019241434732876e+01
-1.359793835135880702e+00 -2.440411866378784111e+01
-1.362724425297811237e+00 -2.439018468043009591e+01
-1.365655015459742216e+00 -2.440411131261189226e+01
-1.368585605621672752e+00 -2.439017788721720592e+01
-1.371516195783603731e+00 -2.440410498021443431e+01
-1.374446785945534266e+00 -2.439017195561726936e+01
-1.377377376107465246e+00 -2.440409937896728465e+01
-1.380307966269396225e+00 -2.439016682078043630e+01
-1.383238556431326760e+00 -2.440409461059569907e+01
-1.386169146593257295e+00 -2.439016216812134275e+01
-1.389099736755188275e+00 -2.440409010442098037e+01
-1.392030326917119254e+00 -2.439016034723917770e+01
-1.394960917079049789e+00 -2.440409172566731755e+01
-1.397891507240980769e+00 -2.439015860570271599e+01
-1.400822097402911304e+00 -2.440408683064778828e+01
-1.403752687564842283e+00 -2.439015629933675555e+01
-1.406683277726772818e+00 -2.440408611068725619e+01
-1.409613867888703798e+00 -2.439015614624023698e+01
-1.412544458050634777e+00 -2.440408634058634263e+01
-1.415475048212565312e+00 -2.439015699437459617e+01
-1.418405638374496291e+00 -2.440408748931885086e+01
-1.421336228536426827e+00 -2.439015933812459025e+01
-1.424266818698357362e+00 -2.440409092814127945e+01
-1.427197408860288341e+00 -2.439016290359496963e+01
-1.430127999022219321e+00 -2.440409467773437413e+01
-1.433058589184149856e+00 -2.439016782099405845e+01
-1.435989179346080835e+00 -2.440410104980469086e+01
-1.438919769508011814e+00 -2.439017459818522582e+01
-1.441850359669942350e+00 -2.440410753707885405e+01
-1.444780949831872885e+00 -2.439018246231079345e+01
-1.447711539993803864e+00 -2.440411650034586444e+01
-1.450642130155734844e+00 -2.439019237136841411e+01
-1.453572720317665379e+00 -2.440412867126465102e+01
-1.456503310479596358e+00 -2.439020462010702062e+01
-1.459433900641527337e+00 -2.440414150034586882e+01
-1.462364490803457429e+00 -2.439021838251749585e+01
-1.465295080965388408e+00 -2.440415499674479349e+01
-1.468225671127319387e+00 -2.439023388086954824e+01
-1.471156261289249922e+00 -2.440417212880452880e+01
-1.474086851451180902e+00 -2.439025248972575000e+01
-1.477017441613111881e+00 -2.440419252293905217e+01
-1.479948031775042416e+00 -2.439027440923054968e+01
-1.482878621936972952e+00 -2.440421544952392807e+01
-1.485809212098903931e+00 -2.439029939880370890e+01
-1.488739802260834910e+00 -2.440424226557414045e+01
-1.491670392422765445e+00 -2.439032862701416349e+01
-1.494600982584696425e+00 -2.440427363713582665e+01
-1.497531572746627404e+00 -2.439036279296875520e+01
-1.500462162908557495e+00 -2.440430943934122610e+01
-1.503392753070488475e+00 -2.439040260060628285e+01
-1.506323343232419454e+00 -2.440435299886067355e+01
-1.509253933394349989e+00 -2.439045072809855697e+01
-1.512184523556280968e+00 -2.440440499979655442e+01
-1.515115113718211948e+00 -2.439050632654825890e+01
-1.518045703880142483e+00 -2.440446332295735843e+01
-1.520976294042073018e+00 -2.439058271001179889e+01
-1.523906884204003997e+00 -2.440455681279501121e+01
-1.526837474365934977e+00 -2.439064615936279523e+01
-1.529768064527865512e+00 -2.440458867289225253e+01
-1.532698654689796491e+00 -2.439085912144978607e+01
-1.535629244851727471e+00 -2.440497885869343619e+01
-1.538559835013658006e+00 -2.439061144002278780e+01
-1.541490425175588541e+00 -2.440409251785277789e+01
-1.544421015337519520e+00 -2.439251281331380028e+01
-1.547351605499450056e+00 -2.440876164423625028e+01
-1.550282195661381035e+00 -2.438573533096312929e+01
-1.553212785823312014e+00 -2.439056877873738927e+01
-1.556143375985242550e+00 -2.441860440394084009e+01
-1.559073966147173085e+00 -2.447427114028930717e+01
-1.562004556309104064e+00 -2.426104880294800381e+01
-1.564935146471035043e+00 -2.407651935501098706e+01
-1.567865736632965579e+00 -2.541281396916707536e+01
-1.570796326794896558e+00 -2.677985417048136441e+01
