1.567126241919207574e+00 -1.087222845409054871e+11
1.559786072167829607e+00 -1.087156844438553925e+11
1.552445902416451418e+00 -1.087172833187029419e+11
1.545105732665073450e+00 -1.087171185530417938e+11
1.537765562913695483e+00 -1.087173566111882324e+11
1.530425393162317516e+00 -1.087175684172509613e+11
1.523085223410939326e+00 -1.087178454678974304e+11
1.515745053659561359e+00 -1.087181609092173920e+11
1.508404883908183391e+00 -1.087185168073939819e+11
1.501064714156805424e+00 -1.087189084959417725e+11
1.493724544405427235e+00 -1.087193330321992950e+11
1.486384374654049267e+00 -1.087197870102175751e+11
1.479044204902671300e+00 -1.087202670919692230e+11
1.471704035151293333e+00 -1.087207698906062927e+11
1.464363865399915365e+00 -1.087212920330771484e+11
1.457023695648537176e+00 -1.087218301829335022e+11
1.449683525897159209e+00 -1.087223810744626160e+11
1.442343356145781241e+00 -1.087229415417781677e+11
1.435003186394403052e+00 -1.087235085461973877e+11
1.427663016643025085e+00 -1.087240791989138031e+11
1.420322846891647117e+00 -1.087246507808730164e+11
1.412982677140269150e+00 -1.087252207575721436e+11
1.405642507388891183e+00 -1.087257867900747833e+11
1.398302337637512993e+00 -1.087263467426110840e+11
1.390962167886135026e+00 -1.087268986858986359e+11
1.383621998134757058e+00 -1.087274408971277618e+11
1.376281828383379091e+00 -1.087279718624722443e+11
1.368941658632000902e+00 -1.087284902591266022e+11
1.361601488880622934e+00 -1.087289949637959595e+11
1.354261319129244967e+00 -1.087294850346784973e+11
1.346921149377867000e+00 -1.087299597034517975e+11
1.339580979626488810e+00 -1.087304183642691193e+11
1.332240809875110843e+00 -1.087308605618152924e+11
1.324900640123732876e+00 -1.087312859792282410e+11
1.317560470372354908e+00 -1.087316944256784821e+11
1.310220300620976719e+00 -1.087320858240671234e+11
1.302880130869598752e+00 -1.087324601990836639e+11
1.295539961118220784e+00 -1.087328176655551300e+11
1.288199791366842817e+00 -1.087331584173837280e+11
1.280859621615464849e+00 -1.087334827168966370e+11
1.273519451864086660e+00 -1.087337908852245789e+11
1.266179282112708693e+00 -1.087340832928512726e+11
1.258839112361330725e+00 -1.087343603514030457e+11
1.251498942609952536e+00 -1.087346225057963409e+11
1.244158772858574569e+00 -1.087348702272767792e+11
1.236818603107196601e+00 -1.087351040070167999e+11
1.229478433355818634e+00 -1.087353243506269684e+11
1.222138263604440667e+00 -1.087355317729411469e+11
1.214798093853062699e+00 -1.087357267937511292e+11
1.207457924101684510e+00 -1.087359099338708038e+11
1.200117754350306543e+00 -1.087360817117922363e+11
1.192777584598928575e+00 -1.087362426408194275e+11
1.185437414847550386e+00 -1.087363932267080383e+11
1.178097245096172418e+00 -1.087365339655123596e+11
1.170757075344794451e+00 -1.087366653419101257e+11
1.163416905593416484e+00 -1.087367878279485779e+11
1.156076735842038294e+00 -1.087369018818113251e+11
1.148736566090660327e+00 -1.087370079470313110e+11
1.141396396339282360e+00 -1.087371064518872223e+11
1.134056226587904170e+00 -1.087371978090414886e+11
1.126716056836526203e+00 -1.087372824151725006e+11
1.119375887085148236e+00 -1.087373606509245911e+11
1.112035717333770268e+00 -1.087374328808458252e+11
1.104695547582392301e+00 -1.087374994535628357e+11
1.097355377831014334e+00 -1.087375607019556885e+11
1.090015208079636366e+00 -1.087376169435551147e+11
1.082675038328258177e+00 -1.087376684805290985e+11
1.075334868576880210e+00 -1.087377156006368866e+11
1.067994698825502020e+00 -1.087377585769779053e+11
1.060654529074124053e+00 -1.087377976690086365e+11
1.053314359322746085e+00 -1.087378331226195526e+11
1.045974189571368118e+00 -1.087378651711097870e+11
1.038634019819990151e+00 -1.087378940344956818e+11
1.031293850068612183e+00 -1.087379199267045593e+11
1.023953680317233772e+00 -1.087379430324114380e+11
1.016613510565855805e+00 -1.087379635475400238e+11
1.009273340814477837e+00 -1.087379816497313690e+11
1.001933171063099870e+00 -1.087379974998975677e+11
9.945930013117217916e-01 -1.087380112562078247e+11
9.872528315603438243e-01 -1.087380230656796570e+11
9.799126618089657459e-01 -1.087380330672705383e+11
9.725724920575877785e-01 -1.087380413916259003e+11
9.652323223062097002e-01 -1.087380481616032562e+11
9.578921525548318439e-01 -1.087380534926235352e+11
9.505519828034536545e-01 -1.087380574932870941e+11
9.432118130520756871e-01 -1.087380602655111847e+11
9.358716433006977198e-01 -1.087380619050058899e+11
9.285314735493196414e-01 -1.087380625015632324e+11
9.211913037979416741e-01 -1.087380621394124451e+11
9.138511340465635957e-01 -1.087380608974649048e+11
9.065109642951856284e-01 -1.087380588496675110e+11
8.991707945438076610e-01 -1.087380560652775116e+11
8.918306247924296937e-01 -1.087380526090654602e+11
8.844904550410516153e-01 -1.087380485416300049e+11
8.771502852896736480e-01 -1.087380439196527252e+11
8.698101155382955696e-01 -1.087380387960488281e+11
8.624699457869176022e-01 -1.087380332202375641e+11
8.551297760355394129e-01 -1.087380272383239136e+11
8.477896062841615565e-01 -1.087380208933177338e+11
8.404494365327833671e-01 -1.087380142253518524e+11
8.331092667814055108e-01 -1.087380072717736664e+11
8.257690970300274325e-01 -1.087380000673477478e+11
8.184289272786493541e-01 -1.087379926443834534e+11
8.110887575272713867e-01 -1.087379850329037781e+11
8.037485877758934194e-01 -1.087379772607994690e+11
7.964084180245152300e-01 -1.087379693539333191e+11
7.890682482731372627e-01 -1.087379613362577820e+11
7.817280785217594063e-01 -1.087379532299955292e+11
7.743879087703812170e-01 -1.087379450556463318e+11
7.670477390190032496e-01 -1.087379368321397705e+11
7.597075692676251712e-01 -1.087379285769593201e+11
7.523673995162473149e-01 -1.087379203062226257e+11
7.450272297648691255e-01 -1.087379120347449341e+11
7.376870600134911582e-01 -1.087379037761192017e+11
7.303468902621131909e-01 -1.087378955428359528e+11
7.230067205107351125e-01 -1.087378873462830811e+11
7.156665507593570341e-01 -1.087378791968884735e+11
7.083263810079791778e-01 -1.087378711041293335e+11
7.009862112566009884e-01 -1.087378630766452789e+11
6.936460415052231321e-01 -1.087378551222404480e+11
6.863058717538450537e-01 -1.087378472479821167e+11
6.789657020024669754e-01 -1.087378394603556519e+11
6.716255322510888970e-01 -1.087378317648401489e+11
6.642853624997110407e-01 -1.087378241665311127e+11
6.569451927483328513e-01 -1.087378166700892792e+11
6.496050229969549950e-01 -1.087378092794027710e+11
6.422648532455769166e-01 -1.087378019979706726e+11
6.349246834941988382e-01 -1.087377948288132629e+11
6.275845137428208709e-01 -1.087377877745226440e+11
6.202443439914429035e-01 -1.087377808373045959e+11
6.129041742400648252e-01 -1.087377740189689636e+11
6.055640044886868578e-01 -1.087377673209858704e+11
5.982238347373086684e-01 -1.087377607445438843e+11
5.908836649859308121e-01 -1.087377542905172882e+11
5.835434952345527337e-01 -1.087377479595287933e+11
5.762033254831746554e-01 -1.087377417519656677e+11
5.688631557317964660e-01 -1.087377356678991699e+11
5.615229859804187207e-01 -1.087377297072681427e+11
5.541828162290405313e-01 -1.087377238697984619e+11
5.468426464776627860e-01 -1.087377181550490875e+11
5.395024767262845966e-01 -1.087377125623807983e+11
5.321623069749066293e-01 -1.087377070910620880e+11
5.248221372235284399e-01 -1.087377017401954041e+11
5.174819674721504725e-01 -1.087376965087389221e+11
5.101417977207725052e-01 -1.087376913955495453e+11
5.028016279693945378e-01 -1.087376863994447021e+11
4.954614582180163485e-01 -1.087376815190699310e+11
4.881212884666386032e-01 -1.087376767530186157e+11
4.807811187152604138e-01 -1.087376720998660126e+11
4.734409489638824464e-01 -1.087376675580432281e+11
4.661007792125042570e-01 -1.087376631259645996e+11
4.587606094611265117e-01 -1.087376588019685822e+11
4.514204397097483223e-01 -1.087376545844022827e+11
4.440802699583703550e-01 -1.087376504715321960e+11
4.367401002069921656e-01 -1.087376464616123352e+11
4.293999304556144203e-01 -1.087376425528628845e+11
4.220597607042362309e-01 -1.087376387434887695e+11
4.147195909528582636e-01 -1.087376350316670380e+11
4.073794212014800742e-01 -1.087376314155786438e+11
4.000392514501023289e-01 -1.087376278934199677e+11
3.926990816987243615e-01 -1.087376244633271027e+11
3.853589119473459501e-01 -1.087376211234606781e+11
3.780187421959682048e-01 -1.087376178720055847e+11
3.706785724445902375e-01 -1.087376147071450195e+11
3.633384026932122701e-01 -1.087376116270372620e+11
3.559982329418340807e-01 -1.087376086298557892e+11
3.486580631904561134e-01 -1.087376057138285522e+11
3.413178934390781460e-01 -1.087376028771714325e+11
3.339777236877001787e-01 -1.087376001181073151e+11
3.266375539363219893e-01 -1.087375974350471649e+11
3.192973841849440220e-01 -1.087375948256494446e+11
3.119572144335660546e-01 -1.087375922888566895e+11
3.046170446821880873e-01 -1.087375898227872162e+11
2.972768749308098979e-01 -1.087375874257094727e+11
2.899367051794319305e-01 -1.087375850960060272e+11
2.825965354280539632e-01 -1.087375828320389557e+11
2.752563656766759959e-01 -1.087375806322153168e+11
2.679161959252978065e-01 -1.087375784949494171e+11
2.605760261739198391e-01 -1.087375764186980133e+11
2.532358564225418718e-01 -1.087375744019174805e+11
2.458956866711639044e-01 -1.087375724431199799e+11
2.385555169197857150e-01 -1.087375705408136292e+11
2.312153471684077477e-01 -1.087375686935971832e+11
2.238751774170297804e-01 -1.087375669000394135e+11
2.165350076656518130e-01 -1.087375651587541504e+11
2.091948379142736236e-01 -1.087375634683743286e+11
2.018546681628956563e-01 -1.087375618275365448e+11
1.945144984115176889e-01 -1.087375602349501343e+11
1.871743286601397216e-01 -1.087375586893440094e+11
1.798341589087615322e-01 -1.087375571894539795e+11
1.724939891573835649e-01 -1.087375557340541840e+11
1.651538194060055975e-01 -1.087375543219448090e+11
1.578136496546276302e-01 -1.087375529519467010e+11
1.504734799032494408e-01 -1.087375516229044647e+11
1.431333101518714734e-01 -1.087375503337087402e+11
1.357931404004935061e-01 -1.087375490832411804e+11
1.284529706491155387e-01 -1.087375478704618835e+11
1.211128008977373494e-01 -1.087375466943151093e+11
1.137726311463593820e-01 -1.087375455537729645e+11
1.064324613949814147e-01 -1.087375444478478546e+11
9.909229164360344733e-02 -1.087375433755330658e+11
9.175212189222525794e-02 -1.087375423359029541e+11
8.441195214084729059e-02 -1.087375413280102081e+11
7.707178238946932325e-02 -1.087375403509684296e+11
6.973161263809135590e-02 -1.087375394038797150e+11
6.239144288671316652e-02 -1.087375384859003906e+11
5.505127313533519917e-02 -1.087375375961948242e+11
4.771110338395723183e-02 -1.087375367339345551e+11
4.037093363257926448e-02 -1.087375358983348694e+11
3.303076388120107509e-02 -1.087375350886006317e+11
2.569059412982310775e-02 -1.087375343039932098e+11
1.835042437844514041e-02 -1.087375335437780304e+11
1.101025462706717306e-02 -1.087375328072160492e+11
3.670084875688983672e-03 -1.087375320936563110e+11
-3.670084875688983672e-03 -1.087375314023975220e+11
-1.101025462706695102e-02 -1.087375307327697754e+11
-1.835042437844514041e-02 -1.087375300841221924e+11
-2.569059412982288571e-02 -1.087375294566533051e+11
-3.303076388120107509e-02 -1.087375288472460327e+11
-4.037093363257904244e-02 -1.087375282582544098e+11
-4.771110338395723183e-02 -1.087375276875397034e+11
-5.505127313533497713e-02 -1.087375271348899078e+11
-6.239144288671316652e-02 -1.087375265997352905e+11
-6.973161263809113386e-02 -1.087375260815421600e+11
-7.707178238946887916e-02 -1.087375255797954865e+11
-8.441195214084706855e-02 -1.087375250940182953e+11
-9.175212189222503589e-02 -1.087375246237301483e+11
-9.909229164360322528e-02 -1.087375241684119720e+11
-1.064324613949809706e-01 -1.087375237276565857e+11
-1.137726311463591600e-01 -1.087375233009745331e+11
-1.211128008977371273e-01 -1.087375228879686127e+11
-1.284529706491153167e-01 -1.087375224882166748e+11
-1.357931404004930620e-01 -1.087375221013167419e+11
-1.431333101518712514e-01 -1.087375217268745575e+11
-1.504734799032492187e-01 -1.087375213644481812e+11
-1.578136496546274081e-01 -1.087375210137361755e+11
-1.651538194060051534e-01 -1.087375206743284302e+11
-1.724939891573833428e-01 -1.087375203459088593e+11
-1.798341589087613102e-01 -1.087375200281140442e+11
-1.871743286601394995e-01 -1.087375197206247864e+11
-1.945144984115172448e-01 -1.087375194230991211e+11
-2.018546681628954342e-01 -1.087375191352233276e+11
-2.091948379142734016e-01 -1.087375188567318268e+11
-2.165350076656515910e-01 -1.087375185872819977e+11
-2.238751774170293363e-01 -1.087375183266209564e+11
-2.312153471684075257e-01 -1.087375180744774933e+11
-2.385555169197854930e-01 -1.087375178305497894e+11
-2.458956866711636824e-01 -1.087375175946332397e+11
-2.532358564225414277e-01 -1.087375173664517822e+11
-2.605760261739196171e-01 -1.087375171457345123e+11
-2.679161959252975844e-01 -1.087375169322891388e+11
-2.752563656766757738e-01 -1.087375167258345337e+11
-2.825965354280535191e-01 -1.087375165261859894e+11
-2.899367051794317085e-01 -1.087375163331047363e+11
-2.972768749308096758e-01 -1.087375161463814697e+11
-3.046170446821878652e-01 -1.087375159658356323e+11
-3.119572144335656105e-01 -1.087375157912647552e+11
-3.192973841849437999e-01 -1.087375156224481812e+11
-3.266375539363217673e-01 -1.087375154592522125e+11
-3.339777236876999567e-01 -1.087375153014659271e+11
-3.413178934390777020e-01 -1.087375151488899841e+11
-3.486580631904558913e-01 -1.087375150014554596e+11
-3.559982329418338587e-01 -1.087375148589641571e+11
-3.633384026932120481e-01 -1.087375147212825165e+11
-3.706785724445897934e-01 -1.087375145883669739e+11
-3.780187421959679828e-01 -1.087375144585536041e+11
-3.853589119473459501e-01 -1.087375143346903076e+11
-3.926990816987241395e-01 -1.087375142140324402e+11
-4.000392514501018848e-01 -1.087375140975507507e+11
-4.073794212014802962e-01 -1.087375139850780182e+11
-4.147195909528580415e-01 -1.087375138764059143e+11
-4.220597607042362309e-01 -1.087375137714122314e+11
-4.293999304556139762e-01 -1.087375136699474030e+11
-4.367401002069919436e-01 -1.087375135718943787e+11
-4.440802699583703550e-01 -1.087375134771258545e+11
-4.514204397097483223e-01 -1.087375133855469055e+11
-4.587606094611262897e-01 -1.087375132970768738e+11
-4.661007792125042570e-01 -1.087375132115290222e+11
-4.734409489638822244e-01 -1.087375131288705597e+11
-4.807811187152601917e-01 -1.087375130490169373e+11
-4.881212884666381591e-01 -1.087375129718540039e+11
-4.954614582180161264e-01 -1.087375128973268738e+11
-5.028016279693945378e-01 -1.087375128253456116e+11
-5.101417977207725052e-01 -1.087375127557986298e+11
-5.174819674721504725e-01 -1.087375126886571960e+11
-5.248221372235284399e-01 -1.087375126238142090e+11
-5.321623069749064072e-01 -1.087375125611865845e+11
-5.395024767262843746e-01 -1.087375125007231140e+11
-5.468426464776623419e-01 -1.087375124423199310e+11
-5.541828162290403093e-01 -1.087375123859213104e+11
-5.615229859804187207e-01 -1.087375123314517212e+11
-5.688631557317962439e-01 -1.087375122788963776e+11
-5.762033254831742113e-01 -1.087375122281613464e+11
-5.835434952345526227e-01 -1.087375121791693420e+11
-5.908836649859305901e-01 -1.087375121318418579e+11
-5.982238347373085574e-01 -1.087375120861626587e+11
-6.055640044886865248e-01 -1.087375120420700989e+11
-6.129041742400644921e-01 -1.087375119995293274e+11
-6.202443439914429035e-01 -1.087375119584583588e+11
-6.275845137428204268e-01 -1.087375119188237000e+11
-6.349246834941983941e-01 -1.087375118805832520e+11
-6.422648532455768056e-01 -1.087375118436874084e+11
-6.496050229969547729e-01 -1.087375118080820770e+11
-6.569451927483327403e-01 -1.087375117737183075e+11
-6.642853624997107076e-01 -1.087375117405719604e+11
-6.716255322510886749e-01 -1.087375117086207123e+11
-6.789657020024670864e-01 -1.087375116778272400e+11
-6.863058717538446096e-01 -1.087375116481538544e+11
-6.936460415052225770e-01 -1.087375116195829010e+11
-7.009862112566009884e-01 -1.087375115920050507e+11
-7.083263810079789558e-01 -1.087375115654321747e+11
-7.156665507593569231e-01 -1.087375115398556976e+11
-7.230067205107348904e-01 -1.087375115152060242e+11
-7.303468902621128578e-01 -1.087375114908457947e+11
-7.376870600134912692e-01 -1.087375114688718567e+11
-7.450272297648687925e-01 -1.087375114464107971e+11
-7.523673995162467598e-01 -1.087375114248369598e+11
-7.597075692676251712e-01 -1.087375114042585449e+11
-7.670477390190031386e-01 -1.087375113844602966e+11
-7.743879087703811059e-01 -1.087375113654228210e+11
-7.817280785217590733e-01 -1.087375113471160889e+11
-7.890682482731370406e-01 -1.087375113295160522e+11
-7.964084180245154521e-01 -1.087375113125781250e+11
-8.037485877758929753e-01 -1.087375112962844849e+11
-8.110887575272709427e-01 -1.087375112806484680e+11
-8.184289272786493541e-01 -1.087375112656548767e+11
-8.257690970300273214e-01 -1.087375112512742310e+11
-8.331092667814052888e-01 -1.087375112374801178e+11
-8.404494365327832561e-01 -1.087375112242839966e+11
-8.477896062841612235e-01 -1.087375112116346436e+11
-8.551297760355396349e-01 -1.087375111995293884e+11
-8.624699457869171582e-01 -1.087375111879408875e+11
-8.698101155382951255e-01 -1.087375111768448792e+11
-8.771502852896735369e-01 -1.087375111662223969e+11
-8.844904550410515043e-01 -1.087375111560904541e+11
-8.918306247924294716e-01 -1.087375111464237213e+11
-8.991707945438074390e-01 -1.087375111371805420e+11
-9.065109642951854063e-01 -1.087375111284068298e+11
-9.138511340465638177e-01 -1.087375111200336304e+11
-9.211913037979413410e-01 -1.087375111121119080e+11
-9.285314735493193083e-01 -1.087375111046004028e+11
-9.358716433006977198e-01 -1.087375110974843750e+11
-9.432118130520756871e-01 -1.087375110907681885e+11
-9.505519828034536545e-01 -1.087375110844389191e+11
-9.578921525548316218e-01 -1.087375110784704895e+11
-9.652323223062095892e-01 -1.087375110728809662e+11
-9.725724920575880006e-01 -1.087375110676718445e+11
-9.799126618089655238e-01 -1.087375110628118134e+11
-9.872528315603434912e-01 -1.087375110583140411e+11
-9.945930013117219026e-01 -1.087375110541867065e+11
-1.001933171063099870e+00 -1.087375110504017944e+11
-1.009273340814477837e+00 -1.087375110469623718e+11
-1.016613510565855805e+00 -1.087375110438682404e+11
-1.023953680317233772e+00 -1.087375110411287537e+11
-1.031293850068611739e+00 -1.087375110387248993e+11
-1.038634019819989707e+00 -1.087375110366770020e+11
-1.045974189571367674e+00 -1.087375110350095062e+11
-1.053314359322746085e+00 -1.087375110336772156e+11
-1.060654529074123609e+00 -1.087375110326921997e+11
-1.067994698825502020e+00 -1.087375110320766907e+11
-1.075334868576879988e+00 -1.087375110318388519e+11
-1.082675038328257955e+00 -1.087375110319425964e+11
-1.090015208079635922e+00 -1.087375110323828583e+11
-1.097355377831013890e+00 -1.087375110331879883e+11
-1.104695547582391857e+00 -1.087375110343926086e+11
-1.112035717333770268e+00 -1.087375110359961700e+11
-1.119375887085147792e+00 -1.087375110380174255e+11
-1.126716056836526203e+00 -1.087375110404654999e+11
-1.134056226587904170e+00 -1.087375110433576508e+11
-1.141396396339282138e+00 -1.087375110466938782e+11
-1.148736566090660105e+00 -1.087375110505095062e+11
-1.156076735842038072e+00 -1.087375110548200684e+11
-1.163416905593416040e+00 -1.087375110596483459e+11
-1.170757075344794451e+00 -1.087375110650235291e+11
-1.178097245096171974e+00 -1.087375110709676361e+11
-1.185437414847550386e+00 -1.087375110775016632e+11
-1.192777584598928353e+00 -1.087375110846913452e+11
-1.200117754350306321e+00 -1.087375110925542755e+11
-1.207457924101684288e+00 -1.087375111011520691e+11
-1.214798093853062255e+00 -1.087375111105269928e+11
-1.222138263604440223e+00 -1.087375111207332001e+11
-1.229478433355818634e+00 -1.087375111318353577e+11
-1.236818603107196157e+00 -1.087375111439026184e+11
-1.244158772858574569e+00 -1.087375111570162354e+11
-1.251498942609952536e+00 -1.087375111712432861e+11
-1.258839112361330503e+00 -1.087375111866872559e+11
-1.266179282112708471e+00 -1.087375112034804077e+11
-1.273519451864086438e+00 -1.087375112217372284e+11
-1.280859621615464405e+00 -1.087375112415958862e+11
-1.288199791366842817e+00 -1.087375112632157745e+11
-1.295539961118220340e+00 -1.087375112867852478e+11
-1.302880130869598752e+00 -1.087375113125000763e+11
-1.310220300620976719e+00 -1.087375113405974731e+11
-1.317560470372354686e+00 -1.087375113713768616e+11
-1.324900640123732654e+00 -1.087375114051353302e+11
-1.332240809875110621e+00 -1.087375114422550659e+11
-1.339580979626488588e+00 -1.087375114831581879e+11
-1.346921149377867000e+00 -1.087375115283332520e+11
-1.354261319129244523e+00 -1.087375115783843079e+11
-1.361601488880622490e+00 -1.087375116340005798e+11
-1.368941658632000902e+00 -1.087375116959921875e+11
-1.376281828383378869e+00 -1.087375117653760986e+11
-1.383621998134756836e+00 -1.087375118433973236e+11
-1.390962167886134804e+00 -1.087375119311772766e+11
-1.398302337637512771e+00 -1.087375120308645477e+11
-1.405642507388891183e+00 -1.087375121443821869e+11
-1.412982677140268706e+00 -1.087375122745189972e+11
-1.420322846891646673e+00 -1.087375124244114075e+11
-1.427663016643025085e+00 -1.087375125984387360e+11
-1.435003186394403052e+00 -1.087375128019896088e+11
-1.442343356145781019e+00 -1.087375130419954681e+11
-1.449683525897158987e+00 -1.087375133276180420e+11
-1.457023695648536954e+00 -1.087375136710701447e+11
-1.464363865399915365e+00 -1.087375140890684052e+11
-1.471704035151292889e+00 -1.087375146044518890e+11
-1.479044204902670856e+00 -1.087375152499544220e+11
-1.486384374654049267e+00 -1.087375160710339355e+11
-1.493724544405426791e+00 -1.087375171430237274e+11
-1.501064714156805202e+00 -1.087375185511291962e+11
-1.508404883908183169e+00 -1.087375205517245483e+11
-1.515745053659561137e+00 -1.087375230861235657e+11
-1.523085223410939104e+00 -1.087375280137134399e+11
-1.530425393162317071e+00 -1.087375306970867615e+11
-1.537765562913695039e+00 -1.087375557057315369e+11
-1.545105732665073450e+00 -1.087375095463641510e+11
-1.552445902416450974e+00 -1.087378197799231110e+11
-1.559786072167829385e+00 -1.087363181596929321e+11
-1.567126241919207352e+00 -1.087429690323432770e+11
