1.570796326794896558e+00 4.832984732754561037e+02
1.563456157043518591e+00 4.619392312182414457e+02
1.556115987292140623e+00 4.332202849945193179e+02
1.548775817540762434e+00 4.350529086803000496e+02
1.541435647789384467e+00 4.299106037650722101e+02
1.534095478038006499e+00 4.240964888177427383e+02
1.526755308286628532e+00 4.116551147334841971e+02
1.519415138535250342e+00 4.038575318122391309e+02
1.512074968783872375e+00 3.898300677762638884e+02
1.504734799032494408e+00 3.794805019708214786e+02
1.497394629281116440e+00 3.633825971151229055e+02
1.490054459529738251e+00 3.513513086706117861e+02
1.482714289778360284e+00 3.340857624529185159e+02
1.475374120026982316e+00 3.209324051879705735e+02
1.468033950275604349e+00 3.030610023317915420e+02
1.460693780524226160e+00 2.893812076125504404e+02
1.453353610772848192e+00 2.714735182186599332e+02
1.446013441021470225e+00 2.577681345762516116e+02
1.438673271270092258e+00 2.402803385115975061e+02
1.431333101518714068e+00 2.269593249749766528e+02
1.423992931767336101e+00 2.102460123547234048e+02
1.416652762015958134e+00 1.976167628206470397e+02
1.409312592264580166e+00 1.819263556774983783e+02
1.401972422513201977e+00 1.702000871266729973e+02
1.394632252761824009e+00 1.556864066846217725e+02
1.387292083010446042e+00 1.449896026941001423e+02
1.379951913259068075e+00 1.317266613955180503e+02
1.372611743507690107e+00 1.221164263671137888e+02
1.365271573756311918e+00 1.101155192933788101e+02
1.357931404004933951e+00 1.015955428050784377e+02
1.350591234253555983e+00 9.082174929446935607e+01
1.343251064502177794e+00 8.335721153249612314e+01
1.335910894750799827e+00 7.374404362568930082e+01
1.328570724999421859e+00 6.727442382838522406e+01
1.321230555248043892e+00 5.873592803713841448e+01
1.313890385496665925e+00 5.318534265222142920e+01
1.306550215745287735e+00 4.562553473498672219e+01
1.299210045993909768e+00 4.091062340913308759e+01
1.291869876242531801e+00 3.423045412841462110e+01
1.284529706491153611e+00 3.026610254503397712e+01
1.277189536739775644e+00 2.436831161025228454e+01
1.269849366988397676e+00 2.107155875301310388e+01
1.262509197237019709e+00 1.586384110911213874e+01
1.255169027485641742e+00 1.315636891444455436e+01
1.247828857734263552e+00 8.553246478541126407e+00
1.240488687982885585e+00 6.362810087861715758e+00
1.233148518231507618e+00 2.286559803595512363e+00
1.225808348480129428e+00 5.476470795101734401e-01
1.218468178728751461e+00 -3.071428671854913528e+00
1.211128008977373494e+00 -4.417458070535432491e+00
1.203787839225995526e+00 -7.641197871579636036e+00
1.196447669474617559e+00 -8.646315234692588447e+00
1.189107499723239592e+00 -1.152913480959586323e+01
1.181767329971861402e+00 -1.223905576611228874e+01
1.174427160220483435e+00 -1.482853300298626209e+01
1.167086990469105467e+00 -1.528323733099949600e+01
1.159746820717727278e+00 -1.762076987838841902e+01
1.152406650966349311e+00 -1.785506901371974564e+01
1.145066481214971343e+00 -1.997654200107660216e+01
1.137726311463593376e+00 -2.002064849974530247e+01
1.130386141712215409e+00 -2.195708006691436509e+01
1.123045971960837219e+00 -2.183715365571030986e+01
1.115705802209459252e+00 -2.361529830679577202e+01
1.108365632458081285e+00 -2.335395381012536475e+01
1.101025462706703095e+00 -2.499685540139841677e+01
1.093685292955325128e+00 -2.461362037266155767e+01
1.086345123203947161e+00 -2.614110480175190432e+01
1.079004953452569193e+00 -2.565283303482856070e+01
1.071664783701191226e+00 -2.708194645046558335e+01
1.064324613949813259e+00 -2.650317918892211466e+01
1.056984444198435069e+00 -2.784857207973456639e+01
1.049644274447057102e+00 -2.719185764989761012e+01
1.042304104695678912e+00 -2.846611840320039022e+01
1.034963934944300945e+00 -2.774228666217240402e+01
1.027623765192922978e+00 -2.895623132503392938e+01
1.020283595441545010e+00 -2.817463429481993842e+01
1.012943425690167043e+00 -2.933755828330262361e+01
1.005603255938789076e+00 -2.850627556379152949e+01
9.982630861874108863e-01 -2.962616480349952397e+01
9.909229164360329190e-01 -2.875218147255776202e+01
9.835827466846548406e-01 -2.983589934717074144e+01
9.762425769332768732e-01 -2.892525841561988287e+01
9.689024071818987949e-01 -2.997870358184718143e+01
9.615622374305208275e-01 -2.903663511090138982e+01
9.542220676791427492e-01 -3.006487679899005627e+01
9.468818979277647818e-01 -2.909591108543928328e+01
9.395417281763867035e-01 -3.010330431462583434e+01
9.322015584250087361e-01 -2.911136705551468040e+01
9.248613886736306577e-01 -3.010165264995091405e+01
9.175212189222526904e-01 -2.909014788298674503e+01
9.101810491708746120e-01 -3.006653729139714670e+01
9.028408794194966447e-01 -2.903841709527801029e+01
8.955007096681185663e-01 -3.000366512113884454e+01
8.881605399167405990e-01 -2.896149063780395139e+01
8.808203701653625206e-01 -2.991795779205067873e+01
8.734802004139845533e-01 -2.886395098591019703e+01
8.661400306626065859e-01 -2.981365751327995639e+01
8.587998609112286186e-01 -2.874974570616460667e+01
8.514596911598505402e-01 -2.969441854810291659e+01
8.441195214084725729e-01 -2.862227370404500348e+01
8.367793516570944945e-01 -2.956338393896163197e+01
8.294391819057165272e-01 -2.848445468269618175e+01
8.220990121543384488e-01 -2.942325415964141655e+01
8.147588424029604814e-01 -2.833879607620035657e+01
8.074186726515824031e-01 -2.927634550490784449e+01
8.000785029002044357e-01 -2.818744429968634080e+01
7.927383331488263574e-01 -2.912463994568183878e+01
7.853981633974483900e-01 -2.803223482185626736e+01
7.780579936460703117e-01 -2.896982891023168705e+01
7.707178238946922333e-01 -2.787472950953533157e+01
7.633776541433142659e-01 -2.881335091414571536e+01
7.560374843919361876e-01 -2.771625486576274255e+01
7.486973146405582202e-01 -2.865642560583797405e+01
7.413571448891801419e-01 -2.755793212488801203e+01
7.340169751378021745e-01 -2.850008086636774252e+01
7.266768053864240962e-01 -2.740070297897748475e+01
7.193366356350461288e-01 -2.834517807295173242e+01
7.119964658836680504e-01 -2.724535426347498301e+01
7.046562961322900831e-01 -2.819243499251187401e+01
6.973161263809120047e-01 -2.709253758827622960e+01
6.899759566295340374e-01 -2.804244254285755034e+01
6.826357868781559590e-01 -2.694278673043067229e+01
6.752956171267779917e-01 -2.789568398988057041e+01
6.679554473753999133e-01 -2.679653450500451228e+01
6.606152776240219460e-01 -2.775254688239566647e+01
6.532751078726438676e-01 -2.665412422364435940e+01
6.459349381212659003e-01 -2.761333736705121567e+01
6.385947683698878219e-01 -2.651582498353929296e+01
6.312545986185098545e-01 -2.747829085713663488e+01
6.239144288671319982e-01 -2.638183761793748161e+01
6.165742591157538088e-01 -2.734758138329566535e+01
6.092340893643759525e-01 -2.625230769031626821e+01
6.018939196129977631e-01 -2.722133027721778475e+01
5.945537498616199068e-01 -2.612733115899312608e+01
5.872135801102417174e-01 -2.709961451316319270e+01
5.798734103588638611e-01 -2.600696279701159952e+01
5.725332406074856717e-01 -2.698247115021052878e+01
5.651930708561077044e-01 -2.589122141577348657e+01
5.578529011047297370e-01 -2.686990543964695632e+01
5.505127313533517697e-01 -2.578009535113775286e+01
5.431725616019735803e-01 -2.676189470839944562e+01
5.358323918505956129e-01 -2.567354793058829898e+01
5.284922220992176456e-01 -2.665839285878881881e+01
5.211520523478396782e-01 -2.557152082369630719e+01
5.138118825964614889e-01 -2.655933354827587678e+01
5.064717128450835215e-01 -2.547393773918811988e+01
4.991315430937055542e-01 -2.646463476238995582e+01
4.917913733423275868e-01 -2.538070776458107858e+01
4.844512035909493974e-01 -2.637420139705204036e+01
4.771110338395714301e-01 -2.529172741495283105e+01
4.697708640881934627e-01 -2.628792717672751422e+01
4.624306943368154954e-01 -2.520688571491281493e+01
4.550905245854373060e-01 -2.620569812319926584e+01
4.477503548340593387e-01 -2.512606271445115524e+01
4.404101850826813713e-01 -2.612739277538351601e+01
4.330700153313034040e-01 -2.504913277294200569e+01
4.257298455799252146e-01 -2.605288502846670795e+01
4.183896758285472472e-01 -2.497596690001791586e+01
4.110495060771692799e-01 -2.598204642116072094e+01
4.037093363257913126e-01 -2.490643315015627834e+01
3.963691665744131232e-01 -2.591474488834127854e+01
3.890289968230351558e-01 -2.484039823646426370e+01
3.816888270716571885e-01 -2.585084870601066243e+01
3.743486573202792211e-01 -2.477772786504446856e+01
3.670084875689010318e-01 -2.579022487326782453e+01
3.596683178175230644e-01 -2.471828833846195295e+01
3.523281480661450971e-01 -2.573274127977565584e+01
3.449879783147671297e-01 -2.466194789744577065e+01
3.376478085633889403e-01 -2.567826898385172996e+01
3.303076388120109730e-01 -2.460857519593417564e+01
3.229674690606330056e-01 -2.562667762789829951e+01
3.156272993092550383e-01 -2.455804135417468359e+01
3.082871295578768489e-01 -2.557784197176226471e+01
3.009469598064991036e-01 -2.451022082581690498e+01
2.936067900551209142e-01 -2.553163803153534417e+01
2.862666203037429469e-01 -2.446498998423151505e+01
2.789264505523647575e-01 -2.548794529554108124e+01
2.715862808009870122e-01 -2.442222933834155540e+01
2.642461110496088228e-01 -2.544664667538991765e+01
2.569059412982308555e-01 -2.438182209499266406e+01
2.495657715468526661e-01 -2.540762861220847668e+01
2.422256017954749208e-01 -2.434365557473043040e+01
2.348854320440967314e-01 -2.537078089540600345e+01
2.275452622927187640e-01 -2.430762060159705484e+01
2.202050925413405746e-01 -2.533599705776594746e+01
2.128649227899628293e-01 -2.427361162810617046e+01
2.055247530385846400e-01 -2.530317436175913315e+01
1.981845832872066726e-01 -2.424152711019645778e+01
1.908444135358284832e-01 -2.527221383148960143e+01
1.835042437844507379e-01 -2.421126941522611276e+01
1.761640740330725485e-01 -2.524301992778144310e+01
1.688239042816945812e-01 -2.418274470024887535e+01
1.614837345303166138e-01 -2.521550360233823440e+01
1.541435647789386465e-01 -2.415586295477250545e+01
1.468033950275606792e-01 -2.518957470739313464e+01
1.394632252761824898e-01 -2.413053787902349612e+01
1.321230555248045224e-01 -2.516515050390924557e+01
1.247828857734265551e-01 -2.410668683969147352e+01
1.174427160220485877e-01 -2.514215097863306525e+01
1.101025462706703983e-01 -2.408423124432548335e+01
1.027623765192924310e-01 -2.512050053551079998e+01
9.542220676791446365e-02 -2.406309547057073317e+01
8.808203701653649631e-02 -2.510012434938953874e+01
8.074186726515830692e-02 -2.404320745158929640e+01
7.340169751378033958e-02 -2.508095539105680771e+01
6.606152776240237223e-02 -2.402449913725878616e+01
5.872135801102440489e-02 -2.506292189542923055e+01
5.138118825964621550e-02 -2.400690502524162540e+01
4.404101850826824815e-02 -2.504596788356273507e+01
3.670084875689028081e-02 -2.399036328778980121e+01
2.936067900551231347e-02 -2.503002709612679411e+01
2.202050925413412408e-02 -2.397481483067456765e+01
1.468033950275615673e-02 -2.501504530468132614e+01
7.340169751378189389e-03 -2.396020332413329257e+01
2.220446049250313081e-16 -2.500096817466976518e+01
-7.340169751377745300e-03 -2.394647584770043025e+01
-1.468033950275593469e-02 -2.498774416355607642e+01
-2.202050925413390203e-02 -2.393358143591341047e+01
-2.936067900551209142e-02 -2.497532451525470165e+01
-3.670084875688983672e-02 -2.392147273026823484e+01
-4.404101850826802611e-02 -2.496366095010993646e+01
-5.138118825964599345e-02 -2.391010387047758812e+01
-5.872135801102418284e-02 -2.495271180517703158e+01
-6.606152776240192814e-02 -2.389943197931699714e+01
-7.340169751378011753e-02 -2.494243619436639037e+01
-8.074186726515808488e-02 -2.388941652847644548e+01
-8.808203701653627427e-02 -2.493279221760246855e+01
-9.542220676791401957e-02 -2.388001886515710126e+01
-1.027623765192922090e-01 -2.492374322769627071e+01
-1.101025462706701763e-01 -2.387120269778908721e+01
-1.174427160220483657e-01 -2.491525419687284781e+01
-1.247828857734261110e-01 -2.386293323976640579e+01
-1.321230555248043004e-01 -2.490729396400268314e+01
-1.394632252761822677e-01 -2.385517824091197525e+01
-1.468033950275604571e-01 -2.489982875020752573e+01
-1.541435647789382024e-01 -2.384790666882636145e+01
-1.614837345303163918e-01 -2.489282962866184690e+01
-1.688239042816943591e-01 -2.384109001691999907e+01
-1.761640740330725485e-01 -2.488626861548012315e+01
-1.835042437844502938e-01 -2.383470073682344292e+01
-1.908444135358284832e-01 -2.488011954875421594e+01
-1.981845832872064506e-01 -2.382871263007868734e+01
-2.055247530385846400e-01 -2.487435651808311476e+01
-2.128649227899623853e-01 -2.382310157884368351e+01
-2.202050925413405746e-01 -2.486895684880254720e+01
-2.275452622927185420e-01 -2.381784462670843183e+01
-2.348854320440967314e-01 -2.486389798706547083e+01
-2.422256017954744767e-01 -2.381291997468319721e+01
-2.495657715468526661e-01 -2.485915973630854836e+01
-2.569059412982306334e-01 -2.380830739575759125e+01
-2.642461110496088228e-01 -2.485472209391306464e+01
-2.715862808009865681e-01 -2.380398782839078109e+01
-2.789264505523647575e-01 -2.485056585439706822e+01
-2.862666203037427248e-01 -2.379994302518380067e+01
-2.936067900551209142e-01 -2.484667465978918344e+01
-3.009469598064986595e-01 -2.379615567777195295e+01
-3.082871295578768489e-01 -2.484303057902040379e+01
-3.156272993092548163e-01 -2.379261038544095896e+01
-3.229674690606325616e-01 -2.483962059249851961e+01
-3.303076388120107509e-01 -2.378929175315800748e+01
-3.376478085633889403e-01 -2.483642742458393471e+01
-3.449879783147669077e-01 -2.378618538188498377e+01
-3.523281480661446530e-01 -2.483344023412768564e+01
-3.596683178175228424e-01 -2.378327817828587243e+01
-3.670084875689010318e-01 -2.483064356336013034e+01
-3.743486573202789991e-01 -2.378055768066533204e+01
-3.816888270716567444e-01 -2.482802745625694385e+01
-3.890289968230349338e-01 -2.377801210324495074e+01
-3.963691665744131232e-01 -2.482557814353596015e+01
-4.037093363257910905e-01 -2.377563033128250325e+01
-4.110495060771688358e-01 -2.482328730837994257e+01
-4.183896758285470252e-01 -2.377340163444645427e+01
-4.257298455799252146e-01 -2.482114413196386238e+01
-4.330700153313031819e-01 -2.377131730851508351e+01
-4.404101850826811493e-01 -2.481913899129829915e+01
-4.477503548340591166e-01 -2.376936675080156292e+01
-4.550905245854370840e-01 -2.481726364255304773e+01
-4.624306943368154954e-01 -2.376754241732729156e+01
-4.697708640881930187e-01 -2.481550867463230148e+01
-4.771110338395709860e-01 -2.376583600498603843e+01
-4.844512035909493974e-01 -2.481386739653419582e+01
-4.917913733423273648e-01 -2.376423962647170995e+01
-4.991315430937053321e-01 -2.481233272108867283e+01
-5.064717128450832995e-01 -2.376274686995241581e+01
-5.138118825964612668e-01 -2.481089606709959838e+01
-5.211520523478396782e-01 -2.376134963294887825e+01
-5.284922220992172015e-01 -2.480955263928479937e+01
-5.358323918505951688e-01 -2.376004329549427396e+01
-5.431725616019735803e-01 -2.480829596304407403e+01
-5.505127313533515476e-01 -2.375882111176304790e+01
-5.578529011047295150e-01 -2.480712036767829787e+01
-5.651930708561074823e-01 -2.375767780571801424e+01
-5.725332406074854497e-01 -2.480602048877173260e+01
-5.798734103588638611e-01 -2.375660777809093105e+01
-5.872135801102413843e-01 -2.480499170982673007e+01
-5.945537498616193517e-01 -2.375560686638355179e+01
-6.018939196129977631e-01 -2.480402868402305216e+01
-6.092340893643757305e-01 -2.375467051137464836e+01
-6.165742591157536978e-01 -2.480312768314607652e+01
-6.239144288671316652e-01 -2.375379381180865934e+01
-6.312545986185096325e-01 -2.480228402989991565e+01
-6.385947683698880439e-01 -2.375297364467895278e+01
-6.459349381212655672e-01 -2.480149426027043091e+01
-6.532751078726435345e-01 -2.375220542991563732e+01
-6.606152776240219460e-01 -2.480075491884269212e+01
-6.679554473753999133e-01 -2.375148625382001200e+01
-6.752956171267778807e-01 -2.480006296004082955e+01
-6.826357868781558480e-01 -2.375081241807324517e+01
-6.899759566295338153e-01 -2.479941418672249043e+01
-6.973161263809122268e-01 -2.375018123404458592e+01
-7.046562961322897500e-01 -2.479880565833614625e+01
-7.119964658836677174e-01 -2.374958917562813099e+01
-7.193366356350461288e-01 -2.479823622936229555e+01
-7.266768053864240962e-01 -2.374903437689090424e+01
-7.340169751378020635e-01 -2.479770194616349244e+01
-7.413571448891800308e-01 -2.374851426425649592e+01
-7.486973146405579982e-01 -2.479720083349294057e+01
-7.560374843919364096e-01 -2.374802596838527791e+01
-7.633776541433139329e-01 -2.479672987710254972e+01
-7.707178238946919002e-01 -2.374756759671463158e+01
-7.780579936460703117e-01 -2.479628781484550615e+01
-7.853981633974478349e-01 -2.374713653002647362e+01
-7.927383331488262463e-01 -2.479587187138111659e+01
-8.000785029002042137e-01 -2.374673168661692202e+01
-8.074186726515821810e-01 -2.479548153703546376e+01
-8.147588424029601484e-01 -2.374635031927995144e+01
-8.220990121543381157e-01 -2.479511323072972573e+01
-8.294391819057160831e-01 -2.374599166333273814e+01
-8.367793516570944945e-01 -2.479476717540886455e+01
-8.441195214084720178e-01 -2.374565407118716465e+01
-8.514596911598504292e-01 -2.479444114333217186e+01
-8.587998609112283965e-01 -2.374533557410244455e+01
-8.661400306626063639e-01 -2.479413374781328017e+01
-8.734802004139843312e-01 -2.374503527968195371e+01
-8.808203701653622986e-01 -2.479384248086747178e+01
-8.881605399167402659e-01 -2.374475060480575905e+01
-8.955007096681186773e-01 -2.479356791995996545e+01
-9.028408794194962006e-01 -2.374448244010104858e+01
-9.101810491708746120e-01 -2.479330796379839796e+01
-9.175212189222525794e-01 -2.374422793228577078e+01
-9.248613886736305467e-01 -2.479306163598470292e+01
-9.322015584250085141e-01 -2.374398706929252967e+01
-9.395417281763864814e-01 -2.479282845079872644e+01
-9.468818979277644488e-01 -2.374375856079555547e+01
-9.542220676791428602e-01 -2.479260708713357886e+01
-9.615622374305203834e-01 -2.374354166857841619e+01
-9.689024071818983508e-01 -2.479239666848566515e+01
-9.762425769332767622e-01 -2.374333533355126846e+01
-9.835827466846547296e-01 -2.479219638077232446e+01
-9.909229164360326969e-01 -2.374313908753581970e+01
-9.982630861874106643e-01 -2.479200612432976314e+01
-1.005603255938788632e+00 -2.374295186337430152e+01
-1.012943425690167043e+00 -2.479182453336304093e+01
-1.020283595441544566e+00 -2.374277378906594294e+01
-1.027623765192922534e+00 -2.479165160297168669e+01
-1.034963934944300945e+00 -2.374260420395709659e+01
-1.042304104695678912e+00 -2.479148651326599406e+01
-1.049644274447056880e+00 -2.374244225387627338e+01
-1.056984444198434847e+00 -2.479132947650025898e+01
-1.064324613949812814e+00 -2.374228805103174622e+01
-1.071664783701191226e+00 -2.479117957446851150e+01
-1.079004953452568749e+00 -2.374214100884186252e+01
-1.086345123203946716e+00 -2.479103658508376640e+01
-1.093685292955325128e+00 -2.374200063960915230e+01
-1.101025462706703095e+00 -2.479090098015992183e+01
-1.108365632458081063e+00 -2.374186732765144825e+01
-1.115705802209459030e+00 -2.479077138612957398e+01
-1.123045971960836997e+00 -2.374174102022707800e+01
-1.130386141712215409e+00 -2.479064967923182650e+01
-1.137726311463592932e+00 -2.374162174522805913e+01
-1.145066481214970899e+00 -2.479053445589948268e+01
-1.152406650966349311e+00 -2.374150920868439485e+01
-1.159746820717727278e+00 -2.479042703599021635e+01
-1.167086990469105245e+00 -2.374140571001388267e+01
-1.174427160220483213e+00 -2.479032745101904212e+01
-1.181767329971861180e+00 -2.374130940846053406e+01
-1.189107499723239592e+00 -2.479023667070765313e+01
-1.196447669474617115e+00 -2.374122172123197672e+01
-1.203787839225995082e+00 -2.479015459945659927e+01
-1.211128008977373494e+00 -2.374114394373575365e+01
-1.218468178728751461e+00 -2.479008309543004884e+01
-1.225808348480129428e+00 -2.374107805478125854e+01
-1.233148518231507396e+00 -2.479002311465032804e+01
-1.240488687982885363e+00 -2.374102413060846928e+01
-1.247828857734263330e+00 -2.478997725005694264e+01
-1.255169027485641298e+00 -2.374098517432997113e+01
-1.262509197237019265e+00 -2.478994697272647940e+01
-1.269849366988397676e+00 -2.374096336840870336e+01
-1.277189536739775200e+00 -2.478993518153960096e+01
-1.284529706491153611e+00 -2.374096172970470420e+01
-1.291869876242531578e+00 -2.478994532223178027e+01
-1.299210045993909546e+00 -2.374098429629807683e+01
-1.306550215745287513e+00 -2.478998190967928750e+01
-1.313890385496665481e+00 -2.374103682139864802e+01
-1.321230555248043448e+00 -2.479005257602135615e+01
-1.328570724999421859e+00 -2.374112437764147643e+01
-1.335910894750799383e+00 -2.479016135239690399e+01
-1.343251064502177794e+00 -2.374125790629423705e+01
-1.350591234253555761e+00 -2.479032044359102827e+01
-1.357931404004933729e+00 -2.374144612707751989e+01
-1.365271573756311696e+00 -2.479054090896430651e+01
-1.372611743507689663e+00 -2.374170602789907747e+01
-1.379951913259067631e+00 -2.479084332438464600e+01
-1.387292083010446042e+00 -2.374205718060328607e+01
-1.394632252761823565e+00 -2.479124747144959784e+01
-1.401972422513201977e+00 -2.374253014783589322e+01
-1.409312592264579944e+00 -2.479179467352590294e+01
-1.416652762015957912e+00 -2.374315440631639262e+01
-1.423992931767335879e+00 -2.479250185754387914e+01
-1.431333101518713846e+00 -2.374403260959197226e+01
-1.438673271270091814e+00 -2.479356277276865583e+01
-1.446013441021470225e+00 -2.374507858308894370e+01
-1.453353610772847748e+00 -2.479460798689212808e+01
-1.460693780524226160e+00 -2.374711899861267383e+01
-1.468033950275604127e+00 -2.479769092674440856e+01
-1.475374120026982094e+00 -2.374761944266871438e+01
-1.482714289778360062e+00 -2.479562693046340272e+01
-1.490054459529738029e+00 -2.375810867099790258e+01
-1.497394629281115996e+00 -2.481896798636369184e+01
-1.504734799032494408e+00 -2.373353900965973651e+01
-1.512074968783871931e+00 -2.474595840048532835e+01
-1.519415138535250342e+00 -2.386815301583583704e+01
-1.526755308286628310e+00 -2.509039474918654733e+01
-1.534095478038006277e+00 -2.331870007985114412e+01
-1.541435647789384245e+00 -2.363403295447564645e+01
-1.548775817540762212e+00 -2.615930567500030435e+01
-1.556115987292140179e+00 -3.081391327499851585e+01
-1.563456157043518591e+00 -6.390104277899853358e+00
-1.570796326794896114e+00 1.562342772930661461e+01
