1.570796326794896558e+00 1.468408100188304298e+07
1.567126241919207574e+00 1.472453874875242822e+07
1.563456157043518591e+00 1.466835418076379411e+07
1.559786072167829607e+00 1.462274685849918611e+07
1.556115987292140623e+00 1.460604587024465762e+07
1.552445902416451418e+00 1.453626987555458397e+07
1.548775817540762434e+00 1.447399323995091207e+07
1.545105732665073450e+00 1.438871379365286417e+07
1.541435647789384467e+00 1.430332233506192639e+07
1.537765562913695483e+00 1.419573878765919060e+07
1.534095478038006499e+00 1.408573986884841882e+07
1.530425393162317516e+00 1.395677618908256851e+07
1.526755308286628532e+00 1.382435952371437103e+07
1.523085223410939326e+00 1.367448336993710883e+07
1.519415138535250342e+00 1.352076548009475879e+07
1.515745053659561359e+00 1.335106587843217514e+07
1.512074968783872375e+00 1.317744705403927527e+07
1.508404883908183391e+00 1.298915787212431617e+07
1.504734799032494408e+00 1.279706134027495608e+07
1.501064714156805424e+00 1.259158330467120372e+07
1.497394629281116440e+00 1.238252829970194399e+07
1.493724544405427235e+00 1.216136796582441777e+07
1.490054459529738251e+00 1.193693994956932031e+07
1.486384374654049267e+00 1.170168363464546576e+07
1.482714289778360284e+00 1.146352153295168467e+07
1.479044204902671300e+00 1.121580685489697382e+07
1.475374120026982316e+00 1.096558242595470510e+07
1.471704035151293333e+00 1.070707407826722972e+07
1.468033950275604349e+00 1.044647218434087187e+07
1.464363865399915365e+00 1.017883934757808410e+07
1.460693780524226160e+00 9.909538325238624588e+06
1.457023695648537176e+00 9.634434160864176229e+06
1.453353610772848192e+00 9.358087398088540882e+06
1.449683525897159209e+00 9.077130554272916168e+06
1.446013441021470225e+00 8.795349597240505740e+06
1.442343356145781241e+00 8.510107862221388146e+06
1.438673271270092258e+00 8.224447379486023448e+06
1.435003186394403052e+00 7.936423557859492488e+06
1.431333101518714068e+00 7.648368343818072230e+06
1.427663016643025085e+00 7.358988398198430426e+06
1.423992931767336101e+00 7.069942511954935268e+06
1.420322846891647117e+00 6.780545967570469715e+06
1.416652762015958134e+00 6.491824033390966244e+06
1.412982677140269150e+00 6.203656587516144849e+06
1.409312592264580166e+00 5.916477212806539610e+06
1.405642507388891183e+00 5.630685453745908104e+06
1.401972422513201977e+00 5.346166675580331124e+06
1.398302337637512993e+00 5.063794772029073909e+06
1.394632252761824009e+00 4.782951394785785116e+06
1.390962167886135026e+00 4.504939597765514627e+06
1.387292083010446042e+00 4.228682264780887403e+06
1.383621998134757058e+00 3.955867023653891869e+06
1.379951913259068075e+00 3.685002826307093725e+06
1.376281828383379091e+00 3.418118344610267319e+06
1.372611743507690107e+00 3.153352799251975026e+06
1.368941658632000902e+00 2.893033782492793631e+06
1.365271573756311918e+00 2.634973925026065670e+06
1.361601488880622934e+00 2.381759379130862653e+06
1.357931404004933951e+00 2.130917841939098202e+06
1.354261319129244967e+00 1.885255662941674469e+06
1.350591234253555983e+00 1.642055482119042426e+06
1.346921149377867000e+00 1.404307692808295600e+06
1.343251064502177794e+00 1.169087702598222764e+06
1.339580979626488810e+00 9.395361454236458521e+05
1.335910894750799827e+00 7.125567775809076848e+05
1.332240809875110843e+00 4.914091119302563020e+05
1.328570724999421859e+00 2.728584533066144795e+05
1.324900640123732876e+00 6.025431753599687363e+04
1.321230555248043892e+00 -1.497457075041729840e+05
1.317560470372354908e+00 -3.537284897908493294e+05
1.313890385496665925e+00 -5.551159262663929258e+05
1.310220300620976719e+00 -7.504551994526580675e+05
1.306550215745287735e+00 -9.432219564180478919e+05
1.302880130869598752e+00 -1.129945229778799927e+06
1.299210045993909768e+00 -1.314131141206697328e+06
1.295539961118220784e+00 -1.492309800175849115e+06
1.291869876242531801e+00 -1.667996917226001155e+06
1.288199791366842817e+00 -1.837740701530568535e+06
1.284529706491153611e+00 -2.005047865570005495e+06
1.280859621615464849e+00 -2.166499655013809912e+06
1.277189536739775644e+00 -2.325577387108238880e+06
1.273519451864086660e+00 -2.478908323396993801e+06
1.269849366988397676e+00 -2.629934055266459938e+06
1.266179282112708693e+00 -2.775339016354369000e+06
1.262509197237019709e+00 -2.918512676852577832e+06
1.258839112361330725e+00 -3.056206113679637667e+06
1.255169027485641742e+00 -3.191746077642977238e+06
1.251498942609952536e+00 -3.321958211935260799e+06
1.247828857734263552e+00 -3.450097608980797697e+06
1.244158772858574569e+00 -3.573070989203066565e+06
1.240488687982885585e+00 -3.694054366462671198e+06
1.236818603107196601e+00 -3.810040769415259827e+06
1.233148518231507618e+00 -3.924121096261141822e+06
1.229478433355818634e+00 -4.033378761758925859e+06
1.225808348480129428e+00 -4.140814761394822970e+06
1.222138263604440667e+00 -4.243605941806927323e+06
1.218468178728751461e+00 -4.344659732272283174e+06
1.214798093853062699e+00 -4.441248539107782766e+06
1.211128008977373494e+00 -4.536183564314360730e+06
1.207457924101684510e+00 -4.626834090403115377e+06
1.203787839225995526e+00 -4.715913320724170655e+06
1.200117754350306543e+00 -4.800888018322519027e+06
1.196447669474617559e+00 -4.884372399641222320e+06
1.192777584598928575e+00 -4.963930692612970248e+06
1.189107499723239592e+00 -5.042077823550069705e+06
1.185437414847550386e+00 -5.116474933188664727e+06
1.181767329971861402e+00 -5.189537949289581738e+06
1.178097245096172418e+00 -5.259023913580989465e+06
1.174427160220483435e+00 -5.327250558839528821e+06
1.170757075344794451e+00 -5.392069425979949534e+06
1.167086990469105467e+00 -5.455701292704835534e+06
1.163416905593416484e+00 -5.516090470106723718e+06
1.159746820717727278e+00 -5.575362389168269001e+06
1.156076735842038294e+00 -5.631552130846068263e+06
1.152406650966349311e+00 -5.686691694995639846e+06
1.148736566090660327e+00 -5.738904711622888222e+06
1.145066481214971343e+00 -5.790131916788753122e+06
1.141396396339282360e+00 -5.838583092633495107e+06
1.137726311463593376e+00 -5.886110082131029107e+06
1.134056226587904170e+00 -5.931006286033970304e+06
1.130386141712215409e+00 -5.975037184657040983e+06
1.126716056836526203e+00 -6.016577162377230823e+06
1.123045971960837219e+00 -6.057307988395828754e+06
1.119375887085148236e+00 -6.095682324310132302e+06
1.115705802209459252e+00 -6.133300968117821962e+06
1.112035717333770268e+00 -6.168692107020006515e+06
1.108365632458081285e+00 -6.203378366225486621e+06
1.104695547582392301e+00 -6.235960685388175771e+06
1.101025462706703095e+00 -6.267886348652480170e+06
1.097355377831014334e+00 -6.297826272075755522e+06
1.093685292955325128e+00 -6.327155242040986195e+06
1.090015208079636366e+00 -6.354611389665213414e+06
1.086345123203947161e+00 -6.381499839827677235e+06
1.082675038328258177e+00 -6.406623205473998562e+06
1.079004953452569193e+00 -6.431219762905252166e+06
1.075334868576880210e+00 -6.454153914691027254e+06
1.071664783701191226e+00 -6.476599865161983296e+06
1.067994698825502020e+00 -6.497481164070190862e+06
1.064324613949813259e+00 -6.517910672865787521e+06
1.060654529074124053e+00 -6.536868504216567613e+06
1.056984444198435069e+00 -6.555408849829055369e+06
1.053314359322746085e+00 -6.572565866007105447e+06
1.049644274447057102e+00 -6.589337683094848879e+06
1.045974189571368118e+00 -6.604810049705717713e+06
1.042304104695678912e+00 -6.619927575312126428e+06
1.038634019819990151e+00 -6.633825233007133938e+06
1.034963934944300945e+00 -6.647396571323012933e+06
1.031293850068612183e+00 -6.659823447574832477e+06
1.027623765192922978e+00 -6.671950750238345005e+06
1.023953680317233994e+00 -6.683005121236745268e+06
1.020283595441545010e+00 -6.693785048859523609e+06
1.016613510565856027e+00 -6.703559611713461578e+06
1.012943425690167043e+00 -6.713083235601294786e+06
1.009273340814477837e+00 -6.721665544407961890e+06
1.005603255938789076e+00 -6.730018925303104334e+06
1.001933171063099870e+00 -6.737491505529501475e+06
9.982630861874108863e-01 -6.744755748779813759e+06
9.945930013117219026e-01 -6.751196386827329174e+06
9.909229164360329190e-01 -6.757447932033489458e+06
9.872528315603439353e-01 -6.762929893316145055e+06
9.835827466846548406e-01 -6.768240732484714128e+06
9.799126618089658569e-01 -6.772832986289957538e+06
9.762425769332768732e-01 -6.777270885810147040e+06
9.725724920575878896e-01 -6.781038322460070252e+06
9.689024071818987949e-01 -6.784667037305750884e+06
9.652323223062098112e-01 -6.787670674918005243e+06
9.615622374305208275e-01 -6.790550152582932264e+06
9.578921525548318439e-01 -6.792847340141152963e+06
9.542220676791427492e-01 -6.795033920652674511e+06
9.505519828034537655e-01 -6.796678528821473941e+06
9.468818979277647818e-01 -6.798225132850451395e+06
9.432118130520757981e-01 -6.799267740420058370e+06
9.395417281763867035e-01 -6.800224052849569358e+06
9.358716433006978308e-01 -6.800712122998149134e+06
9.322015584250087361e-01 -6.801124766406230628e+06
9.285314735493197524e-01 -6.801102816578107886e+06
9.248613886736306577e-01 -6.801015518380243331e+06
9.211913037979417851e-01 -6.800525281667593867e+06
9.175212189222526904e-01 -6.799979033094963059e+06
9.138511340465637067e-01 -6.799059612262642011e+06
9.101810491708746120e-01 -6.798092819656714797e+06
9.065109642951857394e-01 -6.796780834373620339e+06
9.028408794194966447e-01 -6.795429464055133983e+06
8.991707945438076610e-01 -6.793759190070854500e+06
8.955007096681185663e-01 -6.792056905264433473e+06
8.918306247924296937e-01 -6.790060407597129233e+06
8.881605399167405990e-01 -6.788038699310846627e+06
8.844904550410516153e-01 -6.785745958102848381e+06
8.808203701653625206e-01 -6.783434268825486302e+06
8.771502852896736480e-01 -6.780873299316008575e+06
8.734802004139845533e-01 -6.778299140949297696e+06
8.698101155382955696e-01 -6.775496106786634773e+06
8.661400306626065859e-01 -6.772685172108566388e+06
8.624699457869176022e-01 -6.769664493065502495e+06
8.587998609112286186e-01 -6.766640761526467279e+06
8.551297760355395239e-01 -6.763425215421313420e+06
8.514596911598505402e-01 -6.760211053241971880e+06
8.477896062841615565e-01 -6.756821872528371401e+06
8.441195214084725729e-01 -6.753438127607178874e+06
8.404494365327834782e-01 -6.749895090566406958e+06
8.367793516570944945e-01 -6.746361182195161469e+06
8.331092667814055108e-01 -6.742682699414968491e+06
8.294391819057165272e-01 -6.739016703119980171e+06
8.257690970300274325e-01 -6.735219899191340432e+06
8.220990121543384488e-01 -6.731438627103303559e+06
8.184289272786494651e-01 -6.727539417705246247e+06
8.147588424029604814e-01 -6.723658494230836630e+06
8.110887575272713867e-01 -6.719671659176696092e+06
8.074186726515824031e-01 -6.715705592789694667e+06
8.037485877758934194e-01 -6.711644844740572385e+06
8.000785029002044357e-01 -6.707607095519697294e+06
7.964084180245153410e-01 -6.703485145100766793e+06
7.927383331488263574e-01 -6.699388188580788672e+06
7.890682482731373737e-01 -6.695216805818211287e+06
7.853981633974483900e-01 -6.691072193353112787e+06
7.817280785217594063e-01 -6.686862265332818963e+06
7.780579936460703117e-01 -6.682680680935454555e+06
7.743879087703813280e-01 -6.678442266596473753e+06
7.707178238946922333e-01 -6.674233580682614818e+06
7.670477390190033606e-01 -6.669975962167922407e+06
7.633776541433142659e-01 -6.665749281890658662e+06
7.597075692676252823e-01 -6.661481013318940997e+06
7.560374843919361876e-01 -6.657244730513071641e+06
7.523673995162473149e-01 -6.652973683533152565e+06
7.486973146405582202e-01 -6.648735519554527476e+06
7.450272297648692366e-01 -6.644468926594085991e+06
7.413571448891801419e-01 -6.640235974794439971e+06
7.376870600134912692e-01 -6.635980469535738230e+06
7.340169751378021745e-01 -6.631759235096047632e+06
7.303468902621131909e-01 -6.627520890949101187e+06
7.266768053864240962e-01 -6.623317328448135406e+06
7.230067205107352235e-01 -6.619101694533159956e+06
7.193366356350461288e-01 -6.614921243514235131e+06
7.156665507593571451e-01 -6.610733378457577899e+06
7.119964658836680504e-01 -6.606580996582794003e+06
7.083263810079791778e-01 -6.602425500725117512e+06
7.046562961322900831e-01 -6.598305695351935923e+06
7.009862112566010994e-01 -6.594186740521296859e+06
6.973161263809120047e-01 -6.590103598052936606e+06
6.936460415052231321e-01 -6.586024956239143386e+06
6.899759566295340374e-01 -6.581982170282052830e+06
6.863058717538450537e-01 -6.577947239419102669e+06
6.826357868781559590e-01 -6.573948135829513893e+06
6.789657020024670864e-01 -6.569959967055561021e+06
6.752956171267779917e-01 -6.566007532178455964e+06
6.716255322510890080e-01 -6.562068848854803480e+06
6.679554473753999133e-01 -6.558165744787227362e+06
6.642853624997110407e-01 -6.554278971342895180e+06
6.606152776240219460e-01 -6.550427568327832036e+06
6.569451927483329623e-01 -6.546594844168217853e+06
6.532751078726438676e-01 -6.542797232107155025e+06
6.496050229969549950e-01 -6.539020435874912888e+06
6.459349381212659003e-01 -6.535278448248539120e+06
6.422648532455769166e-01 -6.531559214253814891e+06
6.385947683698878219e-01 -6.527874444691024721e+06
6.349246834941989492e-01 -6.524214180606753565e+06
6.312545986185098545e-01 -6.520588000121782534e+06
6.275845137428208709e-01 -6.516987903237505816e+06
6.239144288671319982e-01 -6.513421476134350523e+06
6.202443439914429035e-01 -6.509882548564578407e+06
6.165742591157538088e-01 -6.506376847545848228e+06
6.129041742400648252e-01 -6.502899910400241613e+06
6.092340893643759525e-01 -6.499455730364961550e+06
6.055640044886868578e-01 -6.496041437407201156e+06
6.018939196129977631e-01 -6.492659408927539364e+06
5.982238347373087795e-01 -6.489308258933892474e+06
5.945537498616199068e-01 -6.485988860376460478e+06
5.908836649859308121e-01 -6.482701209080745466e+06
5.872135801102417174e-01 -6.479444778423804790e+06
5.835434952345527337e-01 -6.476220849506891333e+06
5.798734103588638611e-01 -6.473027595128238201e+06
5.762033254831747664e-01 -6.469867490760352463e+06
5.725332406074856717e-01 -6.466737501554632559e+06
5.688631557317966880e-01 -6.463641212031259201e+06
5.651930708561077044e-01 -6.460574467211297713e+06
5.615229859804187207e-01 -6.457541879936980084e+06
5.578529011047297370e-01 -6.454538257799415849e+06
5.541828162290405313e-01 -6.451569166067440994e+06
5.505127313533517697e-01 -6.448628452466043644e+06
5.468426464776627860e-01 -6.445722563227422535e+06
5.431725616019735803e-01 -6.442844459322800860e+06
5.395024767262845966e-01 -6.440001400906478986e+06
5.358323918505956129e-01 -6.437185530708371662e+06
5.321623069749066293e-01 -6.434404859539664350e+06
5.284922220992176456e-01 -6.431650776647325605e+06
5.248221372235284399e-01 -6.428931984006515704e+06
5.211520523478396782e-01 -6.426239178018482402e+06
5.174819674721506946e-01 -6.423581696037188172e+06
5.138118825964614889e-01 -6.420949598662998527e+06
5.101417977207725052e-01 -6.418352806167529896e+06
5.064717128450835215e-01 -6.415780796770720743e+06
5.028016279693945378e-01 -6.413244024388710037e+06
4.991315430937055542e-01 -6.410731435240650550e+06
4.954614582180163485e-01 -6.408253970550859347e+06
4.917913733423275868e-01 -6.405800091683955863e+06
4.881212884666386032e-01 -6.403381183837678283e+06
4.844512035909493974e-01 -6.400985267631601542e+06
4.807811187152604138e-01 -6.398624131653380580e+06
4.771110338395714301e-01 -6.396285397162412293e+06
4.734409489638824464e-01 -6.393981217908843420e+06
4.697708640881934627e-01 -6.391698854762144387e+06
4.661007792125042570e-01 -6.389450790769715793e+06
4.624306943368154954e-01 -6.387223962769454345e+06
4.587606094611265117e-01 -6.385031149736305699e+06
4.550905245854373060e-01 -6.382858998374147341e+06
4.514204397097483223e-01 -6.380720552341667935e+06
4.477503548340593387e-01 -6.378602200040258467e+06
4.440802699583703550e-01 -6.376517220340435393e+06
4.404101850826813713e-01 -6.374451773232977837e+06
4.367401002069921656e-01 -6.372419345538094640e+06
4.330700153313034040e-01 -6.370405896412270144e+06
4.293999304556144203e-01 -6.368425095001202077e+06
4.257298455799252146e-01 -6.366462725667117164e+06
4.220597607042362309e-01 -6.364532616068522446e+06
4.183896758285472472e-01 -6.362620399853874929e+06
4.147195909528582636e-01 -6.360740040922794491e+06
4.110495060771692799e-01 -6.358877044762029313e+06
4.073794212014800742e-01 -6.357045490738747641e+06
4.037093363257913126e-01 -6.355230777186738327e+06
4.000392514501023289e-01 -6.353447079703068361e+06
3.963691665744131232e-01 -6.351679708884092048e+06
3.926990816987243615e-01 -6.349942918504391797e+06
3.890289968230351558e-01 -6.348221949672381394e+06
3.853589119473461722e-01 -6.346531117740054615e+06
3.816888270716571885e-01 -6.344855610969574191e+06
3.780187421959682048e-01 -6.343209790810411796e+06
3.743486573202792211e-01 -6.341578808392618783e+06
3.706785724445902375e-01 -6.339977056899982505e+06
3.670084875689010318e-01 -6.338389664678247645e+06
3.633384026932122701e-01 -6.336831043403996155e+06
3.596683178175230644e-01 -6.335286312028153799e+06
3.559982329418340807e-01 -6.333769888374987058e+06
3.523281480661450971e-01 -6.332266894274458289e+06
3.486580631904561134e-01 -6.330791742490838282e+06
3.449879783147671297e-01 -6.329329569079123437e+06
3.413178934390781460e-01 -6.327894771185841411e+06
3.376478085633889403e-01 -6.326472509560448118e+06
3.339777236877001787e-01 -6.325077156613534316e+06
3.303076388120109730e-01 -6.323693906818056479e+06
3.266375539363219893e-01 -6.322337097572254948e+06
3.229674690606330056e-01 -6.320991967907696962e+06
3.192973841849440220e-01 -6.319672815090627410e+06
3.156272993092550383e-01 -6.318364926420335658e+06
3.119572144335660546e-01 -6.317082548028046265e+06
3.082871295578768489e-01 -6.315811028382373042e+06
3.046170446821880873e-01 -6.314564558281651698e+06
3.009469598064991036e-01 -6.313328549942322075e+06
2.972768749308098979e-01 -6.312117131433518603e+06
2.936067900551209142e-01 -6.310915786617564037e+06
2.899367051794319305e-01 -6.309738575877945870e+06
2.862666203037429469e-01 -6.308571059512636624e+06
2.825965354280539632e-01 -6.307427225085127167e+06
2.789264505523647575e-01 -6.306292714403282851e+06
2.752563656766759959e-01 -6.305181437734933570e+06
2.715862808009870122e-01 -6.304079122771454044e+06
2.679161959252978065e-01 -6.302999598487533629e+06
2.642461110496088228e-01 -6.301928682295688428e+06
2.605760261739198391e-01 -6.300880118439594284e+06
2.569059412982308555e-01 -6.299839817404589616e+06
2.532358564225418718e-01 -6.298821435487768613e+06
2.495657715468526661e-01 -6.297810979405606166e+06
2.458956866711639044e-01 -6.296822014798387885e+06
2.422256017954749208e-01 -6.295840647136876360e+06
2.385555169197857150e-01 -6.294880348965156823e+06
2.348854320440967314e-01 -6.293927326856957749e+06
2.312153471684077477e-01 -6.292994958239279687e+06
2.275452622927187640e-01 -6.292069552719158120e+06
2.238751774170297804e-01 -6.291164390775253065e+06
2.202050925413405746e-01 -6.290265886680135503e+06
2.165350076656518130e-01 -6.289387222658127546e+06
2.128649227899628293e-01 -6.288514918817481026e+06
2.091948379142736236e-01 -6.287662057956349105e+06
2.055247530385846400e-01 -6.286815267059504054e+06
2.018546681628956563e-01 -6.285987528704105876e+06
1.981845832872066726e-01 -6.285165577421434224e+06
1.945144984115176889e-01 -6.284362294848811813e+06
1.908444135358284832e-01 -6.283564523667083122e+06
1.871743286601397216e-01 -6.282785044142602943e+06
1.835042437844507379e-01 -6.282010807345761918e+06
1.798341589087615322e-01 -6.281254492047079839e+06
1.761640740330725485e-01 -6.280503157747229561e+06
1.724939891573835649e-01 -6.279769381623826921e+06
1.688239042816945812e-01 -6.279040331500052474e+06
1.651538194060055975e-01 -6.278328483212430030e+06
1.614837345303166138e-01 -6.277621112575063482e+06
1.578136496546276302e-01 -6.276930594348816201e+06
1.541435647789386465e-01 -6.276244311895718798e+06
1.504734799032494408e-01 -6.275574539454421960e+06
1.468033950275606792e-01 -6.274908767189790495e+06
1.431333101518714734e-01 -6.274259169475649484e+06
1.394632252761824898e-01 -6.273613342569977045e+06
1.357931404004935061e-01 -6.272983361766685732e+06
1.321230555248045224e-01 -6.272356928432826884e+06
1.284529706491155387e-01 -6.271746019670983776e+06
1.247828857734265551e-01 -6.271138440979968756e+06
1.211128008977373494e-01 -6.270546072220798582e+06
1.174427160220485877e-01 -6.269956821892702952e+06
1.137726311463593820e-01 -6.269382473838639446e+06
1.101025462706703983e-01 -6.268811038213112392e+06
1.064324613949814147e-01 -6.268254203928619623e+06
1.027623765192924310e-01 -6.267700081613432616e+06
9.909229164360344733e-02 -6.267160266552526504e+06
9.542220676791446365e-02 -6.266622968309507705e+06
9.175212189222525794e-02 -6.266099690024277195e+06
8.808203701653649631e-02 -6.265578738621380180e+06
8.441195214084729059e-02 -6.265071526536389254e+06
8.074186726515830692e-02 -6.264566456502207555e+06
7.707178238946932325e-02 -6.264074851757328957e+06
7.340169751378033958e-02 -6.263585209208005108e+06
6.973161263809135590e-02 -6.263108764466968365e+06
6.606152776240237223e-02 -6.262634106906443834e+06
6.239144288671316652e-02 -6.262172386131849140e+06
5.872135801102440489e-02 -6.261712282225975767e+06
5.505127313533519917e-02 -6.261264860502908938e+06
5.138118825964621550e-02 -6.260818889941717498e+06
4.771110338395723183e-02 -6.260385353242146783e+06
4.404101850826824815e-02 -6.259953106428061612e+06
4.037093363257926448e-02 -6.259533051419608295e+06
3.670084875689028081e-02 -6.259114129383734427e+06
3.303076388120107509e-02 -6.258707163222329691e+06
2.936067900551231347e-02 -6.258301177366488613e+06
2.569059412982310775e-02 -6.257906917469398119e+06
2.202050925413412408e-02 -6.257513489281753078e+06
1.835042437844514041e-02 -6.257131563183135353e+06
1.468033950275615673e-02 -6.256750324158282951e+06
1.101025462706717306e-02 -6.256380369226266630e+06
7.340169751378189389e-03 -6.256010960608832538e+06
3.670084875688983672e-03 -6.255652623833952472e+06
2.220446049250313081e-16 -6.255294696447203867e+06
-3.670084875688983672e-03 -6.254947634275674820e+06
-7.340169751377745300e-03 -6.254600848235433921e+06
-1.101025462706695102e-02 -6.254264726390934549e+06
-1.468033950275593469e-02 -6.253928750889119692e+06
-1.835042437844514041e-02 -6.253603243784251623e+06
-2.202050925413390203e-02 -6.253277756758173928e+06
-2.569059412982288571e-02 -6.252962549095241353e+06
-2.936067900551209142e-02 -6.252647239549850114e+06
-3.303076388120107509e-02 -6.252342023446032777e+06
-3.670084875688983672e-02 -6.252036582883893512e+06
-4.037093363257904244e-02 -6.251741057402173989e+06
-4.404101850826802611e-02 -6.251445192359132692e+06
-4.771110338395723183e-02 -6.251159068331972696e+06
-5.138118825964599345e-02 -6.250872491275511682e+06
-5.505127313533497713e-02 -6.250595484956312925e+06
-5.872135801102418284e-02 -6.250317915021560155e+06
-6.239144288671316652e-02 -6.250049751547802240e+06
-6.606152776240192814e-02 -6.249780916670268402e+06
-6.973161263809113386e-02 -6.249521328595333733e+06
-7.340169751378011753e-02 -6.249260964102635160e+06
-7.707178238946887916e-02 -6.249009691621485166e+06
-8.074186726515808488e-02 -6.248757540369194001e+06
-8.441195214084706855e-02 -6.248514330893112347e+06
-8.808203701653627427e-02 -6.248270142891507596e+06
-9.175212189222503589e-02 -6.248034751066061668e+06
-9.542220676791401957e-02 -6.247798283463834785e+06
-9.909229164360322528e-02 -6.247570470916395076e+06
-1.027623765192922090e-01 -6.247341487667885609e+06
-1.064324613949809706e-01 -6.247121022783676162e+06
-1.101025462706701763e-01 -6.246899294668870047e+06
-1.137726311463591600e-01 -6.246685952433605678e+06
-1.174427160220483657e-01 -6.246471256736378185e+06
-1.211128008977371273e-01 -6.246264818614508025e+06
-1.247828857734261110e-01 -6.246056938919848762e+06
-1.284529706491153167e-01 -6.245857192728778347e+06
-1.321230555248043004e-01 -6.245655918977263384e+06
-1.357931404004930620e-01 -6.245462658616657369e+06
-1.394632252761822677e-01 -6.245267786719503812e+06
-1.431333101518712514e-01 -6.245080812089518644e+06
-1.468033950275604571e-01 -6.244892143875882961e+06
-1.504734799032492187e-01 -6.244711260784468614e+06
-1.541435647789382024e-01 -6.244528603920819238e+06
-1.578136496546274081e-01 -6.244353623687405139e+06
-1.614837345303163918e-01 -6.244176791300506331e+06
-1.651538194060051534e-01 -6.244007530901649036e+06
-1.688239042816943591e-01 -6.243836341707415879e+06
-1.724939891573833428e-01 -6.243672623441273347e+06
-1.761640740330725485e-01 -6.243506901419794187e+06
-1.798341589087613102e-01 -6.243348552768837661e+06
-1.835042437844502938e-01 -6.243188127056973055e+06
-1.871743286601394995e-01 -6.243034980733154342e+06
-1.908444135358284832e-01 -6.242879685522510670e+06
-1.945144984115172448e-01 -6.242731579119020142e+06
-1.981845832872064506e-01 -6.242581253478287719e+06
-2.018546681628954342e-01 -6.242438029463570565e+06
-2.055247530385846400e-01 -6.242292517244102433e+06
-2.091948379142734016e-01 -6.242154022707696073e+06
-2.128649227899623853e-01 -6.242013172355051152e+06
-2.165350076656515910e-01 -6.241879259016124532e+06
-2.202050925413405746e-01 -6.241742923570623621e+06
-2.238751774170293363e-01 -6.241613447548836470e+06
-2.275452622927185420e-01 -6.241481484382450581e+06
-2.312153471684075257e-01 -6.241356306178227067e+06
-2.348854320440967314e-01 -6.241228576888328418e+06
-2.385555169197854930e-01 -6.241107561119358987e+06
-2.422256017954744767e-01 -6.240983931557884440e+06
-2.458956866711636824e-01 -6.240866947035613470e+06
-2.495657715468526661e-01 -6.240747286955785006e+06
-2.532358564225414277e-01 -6.240634206379067153e+06
-2.569059412982306334e-01 -6.240518389566893689e+06
-2.605760261739196171e-01 -6.240409089570083655e+06
-2.642461110496088228e-01 -6.240296993560612202e+06
-2.679161959252975844e-01 -6.240191354428744875e+06
-2.715862808009865681e-01 -6.240082860495471396e+06
-2.752563656766757738e-01 -6.239980766278204508e+06
-2.789264505523647575e-01 -6.239875759240179323e+06
-2.825965354280535191e-01 -6.239777097476359457e+06
-2.862666203037427248e-01 -6.239675465678745881e+06
-2.899367051794317085e-01 -6.239580127404581755e+06
-2.936067900551209142e-01 -6.239481762683597393e+06
-2.972768749308096758e-01 -6.239389642072882503e+06
-3.009469598064986595e-01 -6.239294439409423620e+06
-3.046170446821878652e-01 -6.239205434198880568e+06
-3.082871295578768489e-01 -6.239113291781353764e+06
-3.119572144335656105e-01 -6.239027302693759091e+06
-3.156272993092548163e-01 -6.238938121966254897e+06
-3.192973841849437999e-01 -6.238855052749932744e+06
-3.229674690606325616e-01 -6.238768738055757247e+06
-3.266375539363217673e-01 -6.238688495578968897e+06
-3.303076388120107509e-01 -6.238604954273520969e+06
-3.339777236876999567e-01 -6.238527448139991611e+06
-3.376478085633889403e-01 -6.238446590352169238e+06
-3.413178934390777020e-01 -6.238371733084766194e+06
-3.449879783147669077e-01 -6.238293471730919555e+06
-3.486580631904558913e-01 -6.238221178563693538e+06
-3.523281480661446530e-01 -6.238145429214927368e+06
-3.559982329418338587e-01 -6.238075617952337489e+06
-3.596683178175228424e-01 -6.238002298814983107e+06
-3.633384026932120481e-01 -6.237934889860563911e+06
-3.670084875689010318e-01 -6.237863921664518304e+06
-3.706785724445897934e-01 -6.237798837411610410e+06
-3.743486573202789991e-01 -6.237730142259522341e+06
-3.780187421959679828e-01 -6.237667309053449892e+06
-3.816888270716567444e-01 -6.237600816717166454e+06
-3.853589119473459501e-01 -6.237540163127773441e+06
-3.890289968230349338e-01 -6.237475800418235362e+06
-3.926990816987241395e-01 -6.237417254342678003e+06
-3.963691665744131232e-01 -6.237354946372710168e+06
-4.000392514501018848e-01 -6.237298441274893470e+06
-4.037093363257910905e-01 -6.237238123335309327e+06
-4.073794212014800742e-01 -6.237183593243689276e+06
-4.110495060771688358e-01 -6.237125199896572158e+06
-4.147195909528580415e-01 -6.237072581250716932e+06
-4.183896758285470252e-01 -6.237016048981063999e+06
-4.220597607042362309e-01 -6.236965280210928060e+06
-4.257298455799252146e-01 -6.236910547431807965e+06
-4.293999304556139762e-01 -6.236861569090511650e+06
-4.330700153313031819e-01 -6.236808576284155250e+06
-4.367401002069919436e-01 -6.236761330567579716e+06
-4.404101850826811493e-01 -6.236710019897583872e+06
-4.440802699583703550e-01 -6.236664451073652133e+06
-4.477503548340591166e-01 -6.236614766652811319e+06
-4.514204397097483223e-01 -6.236570820669102482e+06
-4.550905245854370840e-01 -6.236522708277458325e+06
-4.587606094611262897e-01 -6.236480332874663174e+06
-4.624306943368154954e-01 -6.236433739930330776e+06
-4.661007792125042570e-01 -6.236392884565131739e+06
-4.697708640881930187e-01 -6.236347760373524390e+06
-4.734409489638822244e-01 -6.236308375938721932e+06
-4.771110338395709860e-01 -6.236264671174310148e+06
-4.807811187152601917e-01 -6.236226710344632156e+06
-4.844512035909493974e-01 -6.236184377253821120e+06
-4.881212884666381591e-01 -6.236147794201482087e+06
-4.917913733423273648e-01 -6.236106786620434374e+06
-4.954614582180161264e-01 -6.236071536940530874e+06
-4.991315430937053321e-01 -6.236031810094623826e+06
-5.028016279693945378e-01 -6.235997850914360024e+06
-5.064717128450832995e-01 -6.235959361377700232e+06
-5.101417977207725052e-01 -6.235926651204786263e+06
-5.138118825964612668e-01 -6.235889357065385208e+06
-5.174819674721504725e-01 -6.235857855756908655e+06
-5.211520523478396782e-01 -6.235821716296752915e+06
-5.248221372235284399e-01 -6.235791385033439845e+06
-5.284922220992172015e-01 -6.235756360935948789e+06
-5.321623069749064072e-01 -6.235727162108479068e+06
-5.358323918505951688e-01 -6.235693215159468353e+06
-5.395024767262843746e-01 -6.235665112576835789e+06
-5.431725616019735803e-01 -6.235632205837329850e+06
-5.468426464776623419e-01 -6.235605164358623326e+06
-5.505127313533515476e-01 -6.235573262062376365e+06
-5.541828162290403093e-01 -6.235547247740609571e+06
-5.578529011047295150e-01 -6.235516315216684714e+06
-5.615229859804187207e-01 -6.235491295290880837e+06
-5.651930708561074823e-01 -6.235461298923788592e+06
-5.688631557317962439e-01 -6.235437241642841138e+06
-5.725332406074854497e-01 -6.235408148918236606e+06
-5.762033254831742113e-01 -6.235385023692636751e+06
-5.798734103588638611e-01 -6.235356803080928512e+06
-5.835434952345526227e-01 -6.235334580336575396e+06
-5.872135801102413843e-01 -6.235307201385667548e+06
-5.908836649859305901e-01 -6.235285852439810522e+06
-5.945537498616193517e-01 -6.235259285504454747e+06
-5.982238347373085574e-01 -6.235238782785013318e+06
-6.018939196129977631e-01 -6.235212999244873412e+06
-6.055640044886865248e-01 -6.235193315991851501e+06
-6.092340893643757305e-01 -6.235168288119221106e+06
-6.129041742400644921e-01 -6.235149398579221219e+06
-6.165742591157536978e-01 -6.235125099413021468e+06
-6.202443439914429035e-01 -6.235106978682242334e+06
-6.239144288671316652e-01 -6.235083382178612053e+06
-6.275845137428204268e-01 -6.235066006260963157e+06
-6.312545986185096325e-01 -6.235043087166326120e+06
-6.349246834941983941e-01 -6.235026432819720358e+06
-6.385947683698880439e-01 -6.235004166622525081e+06
-6.422648532455768056e-01 -6.234988211500266567e+06
-6.459349381212655672e-01 -6.234966574558677152e+06
-6.496050229969547729e-01 -6.234951296993391588e+06
-6.532751078726435345e-01 -6.234930266237961128e+06
-6.569451927483327403e-01 -6.234915645388456061e+06
-6.606152776240219460e-01 -6.234895198533901945e+06
-6.642853624997107076e-01 -6.234881214325197041e+06
-6.679554473753999133e-01 -6.234861329745446332e+06
-6.716255322510886749e-01 -6.234847962736064568e+06
-6.752956171267778807e-01 -6.234828619427425787e+06
-6.789657020024670864e-01 -6.234815850940801203e+06
-6.826357868781558480e-01 -6.234797028559477068e+06
-6.863058717538446096e-01 -6.234784840616755188e+06
-6.899759566295338153e-01 -6.234766519435638562e+06
-6.936460415052225770e-01 -6.234754894628297538e+06
-6.973161263809122268e-01 -6.234737055564478040e+06
-7.009862112566009884e-01 -6.234725977171493694e+06
-7.046562961322897500e-01 -6.234708601633039303e+06
-7.083263810079789558e-01 -6.234698053591713309e+06
-7.119964658836677174e-01 -6.234681123646404594e+06
-7.156665507593569231e-01 -6.234671090029457584e+06
-7.193366356350461288e-01 -6.234654587570707314e+06
-7.230067205107348904e-01 -6.234645054764631204e+06
-7.266768053864240962e-01 -6.234628964454313740e+06
-7.303468902621128578e-01 -6.234619913070034236e+06
-7.340169751378020635e-01 -6.234604210691396147e+06
-7.376870600134912692e-01 -6.234595640006002970e+06
-7.413571448891800308e-01 -6.234580327624334954e+06
-7.450272297648687925e-01 -6.234572209116272628e+06
-7.486973146405579982e-01 -6.234557253356009722e+06
-7.523673995162467598e-01 -6.234549582059230655e+06
-7.560374843919364096e-01 -6.234534974764032289e+06
-7.597075692676251712e-01 -6.234527736623883247e+06
-7.633776541433139329e-01 -6.234513461904608645e+06
-7.670477390190031386e-01 -6.234506645730732940e+06
-7.707178238946919002e-01 -6.234492689634223469e+06
-7.743879087703811059e-01 -6.234486284053763375e+06
-7.780579936460703117e-01 -6.234472632493314333e+06
-7.817280785217590733e-01 -6.234466626827988774e+06
-7.853981633974478349e-01 -6.234453266234011389e+06
-7.890682482731370406e-01 -6.234447650155778043e+06
-7.927383331488262463e-01 -6.234434567305250093e+06
-7.964084180245154521e-01 -6.234429330962165259e+06
-8.000785029002042137e-01 -6.234416512839121744e+06
-8.037485877758929753e-01 -6.234411646858654916e+06
-8.074186726515821810e-01 -6.234399080898208544e+06
-8.110887575272709427e-01 -6.234394576273737475e+06
-8.147588424029601484e-01 -6.234382250123552978e+06
-8.184289272786493541e-01 -6.234378098322313279e+06
-8.220990121543381157e-01 -6.234365999895023182e+06
-8.257690970300273214e-01 -6.234362192845487967e+06
-8.294391819057160831e-01 -6.234350310513563454e+06
-8.331092667814052888e-01 -6.234346840364869684e+06
-8.367793516570944945e-01 -6.234335162517242134e+06
-8.404494365327832561e-01 -6.234332022096311674e+06
-8.441195214084720178e-01 -6.234320537459986284e+06
-8.477896062841612235e-01 -6.234317719812514260e+06
-8.514596911598504292e-01 -6.234306417434571311e+06
-8.551297760355396349e-01 -6.234303915995199233e+06
-8.587998609112283965e-01 -6.234292784990748391e+06
-8.624699457869171582e-01 -6.234290593680273741e+06
-8.661400306626063639e-01 -6.234279623426028527e+06
-8.698101155382951255e-01 -6.234277736450842582e+06
-8.734802004139843312e-01 -6.234266916576979682e+06
-8.771502852896735369e-01 -6.234265328495135531e+06
-8.808203701653622986e-01 -6.234254648653360084e+06
-8.844904550410515043e-01 -6.234253354505794123e+06
-8.881605399167402659e-01 -6.234242804611405358e+06
-8.918306247924294716e-01 -6.234241799649820663e+06
-8.955007096681186773e-01 -6.234231369749559090e+06
-8.991707945438074390e-01 -6.234230649726088159e+06
-9.028408794194962006e-01 -6.234220329797844402e+06
-9.065109642951854063e-01 -6.234219890817230567e+06
-9.101810491708746120e-01 -6.234209671309221536e+06
-9.138511340465638177e-01 -6.234209509653033689e+06
-9.175212189222525794e-01 -6.234199380882812664e+06
-9.211913037979413410e-01 -6.234199493405815214e+06
-9.248613886736305467e-01 -6.234189445749482140e+06
-9.285314735493193083e-01 -6.234189829603813589e+06
-9.322015584250085141e-01 -6.234179853629259393e+06
-9.358716433006977198e-01 -6.234180506221207790e+06
-9.395417281763864814e-01 -6.234170592414291576e+06
-9.432118130520756871e-01 -6.234171511766169220e+06
-9.468818979277644488e-01 -6.234161650676419958e+06
-9.505519828034536545e-01 -6.234162834943772294e+06
-9.542220676791428602e-01 -6.234153017237341963e+06
-9.578921525548316218e-01 -6.234154465040070936e+06
-9.615622374305203834e-01 -6.234144681291143410e+06
-9.652323223062095892e-01 -6.234146391583601013e+06
-9.689024071818983508e-01 -6.234136632342191413e+06
-9.725724920575880006e-01 -6.234138604542443529e+06
-9.762425769332767622e-01 -6.234128860343679786e+06
-9.799126618089655238e-01 -6.234131094160940498e+06
-9.835827466846547296e-01 -6.234121355530637316e+06
-9.872528315603434912e-01 -6.234123851096084341e+06
-9.909229164360326969e-01 -6.234114108380855061e+06
-9.945930013117219026e-01 -6.234116866271072999e+06
-9.982630861874106643e-01 -6.234107109806550667e+06
-1.001933171063099870e+00 -6.234110130989804864e+06
-1.005603255938788632e+00 -6.234100350975956768e+06
-1.009273340814477837e+00 -6.234103636844353750e+06
-1.012943425690167043e+00 -6.234093823318471201e+06
-1.016613510565855805e+00 -6.234097375692882575e+06
-1.020283595441544566e+00 -6.234087518565843813e+06
-1.023953680317233772e+00 -6.234091339726707898e+06
-1.027623765192922534e+00 -6.234081428652068600e+06
-1.031293850068611739e+00 -6.234085521362582222e+06
-1.034963934944300945e+00 -6.234075545820044354e+06
-1.038634019819989707e+00 -6.234079913371598348e+06
-1.042304104695678912e+00 -6.234069862607949413e+06
-1.045974189571367674e+00 -6.234074508685172535e+06
-1.049644274447056880e+00 -6.234064371596975252e+06
-1.053314359322746085e+00 -6.234069300571884960e+06
-1.056984444198434847e+00 -6.234059065834809095e+06
-1.060654529074123609e+00 -6.234064282537490129e+06
-1.064324613949812814e+00 -6.234053938363617286e+06
-1.067994698825502020e+00 -6.234059448395177722e+06
-1.071664783701191226e+00 -6.234048982860552147e+06
-1.075334868576879988e+00 -6.234054791920011863e+06
-1.079004953452568749e+00 -6.234044192123468965e+06
-1.082675038328257955e+00 -6.234050307560258545e+06
-1.086345123203946716e+00 -6.234039561401452869e+06
-1.090015208079635922e+00 -6.234045989952696487e+06
-1.093685292955325128e+00 -6.234035082565904595e+06
-1.097355377831013890e+00 -6.234041832926779985e+06
-1.101025462706703095e+00 -6.234030751059260219e+06
-1.104695547582391857e+00 -6.234037832032406703e+06
-1.108365632458081063e+00 -6.234026560813053511e+06
-1.112035717333770268e+00 -6.234033982177257538e+06
-1.115705802209459030e+00 -6.234022506180512719e+06
-1.119375887085147792e+00 -6.234030278573718853e+06
-1.123045971960836997e+00 -6.234018581564489752e+06
-1.126716056836526203e+00 -6.234026716671435162e+06
-1.130386141712215409e+00 -6.234014781670075841e+06
-1.134056226587904170e+00 -6.234023292151653208e+06
-1.137726311463592932e+00 -6.234011101234426722e+06
-1.141396396339282138e+00 -6.234020000882123597e+06
-1.145066481214970899e+00 -6.234007535098670982e+06
-1.148736566090660105e+00 -6.234016838893922977e+06
-1.152406650966349311e+00 -6.234004078227901831e+06
-1.156076735842038072e+00 -6.234013802434597164e+06
-1.159746820717727278e+00 -6.234000725624916144e+06
-1.163416905593416040e+00 -6.234010887905772775e+06
-1.167086990469105245e+00 -6.233997472402814776e+06
-1.170757075344794451e+00 -6.234008091926515102e+06
-1.174427160220483213e+00 -6.233994313654968515e+06
-1.178097245096171974e+00 -6.234005411287532188e+06
-1.181767329971861180e+00 -6.233991244638869539e+06
-1.185437414847550386e+00 -6.234002842979167588e+06
-1.189107499723239592e+00 -6.233988260461494327e+06
-1.192777584598928353e+00 -6.234000384124899283e+06
-1.196447669474617115e+00 -6.233985356391389854e+06
-1.200117754350306321e+00 -6.233998032107147388e+06
-1.203787839225995082e+00 -6.233982527538599446e+06
-1.207457924101684288e+00 -6.233995784455688670e+06
-1.211128008977373494e+00 -6.233979769171457738e+06
-1.214798093853062255e+00 -6.233993638959298842e+06
-1.218468178728751461e+00 -6.233977076295878738e+06
-1.222138263604440223e+00 -6.233991593537936918e+06
-1.225808348480129428e+00 -6.233974443929373287e+06
-1.229478433355818634e+00 -6.233989646374762990e+06
-1.233148518231507396e+00 -6.233971866955276579e+06
-1.236818603107196157e+00 -6.233987795864188112e+06
-1.240488687982885363e+00 -6.233969340122763067e+06
-1.244158772858574569e+00 -6.233986040657769889e+06
-1.247828857734263330e+00 -6.233966858031257987e+06
-1.251498942609952536e+00 -6.233984379644026048e+06
-1.255169027485641298e+00 -6.233964414959656075e+06
-1.258839112361330503e+00 -6.233982811993613839e+06
-1.262509197237019265e+00 -6.233962004915845580e+06
-1.266179282112708471e+00 -6.233981337125786580e+06
-1.269849366988397676e+00 -6.233959621611369774e+06
-1.273519451864086438e+00 -6.233979954818149097e+06
-1.277189536739775200e+00 -6.233957258311104029e+06
-1.280859621615464405e+00 -6.233978665211239830e+06
-1.284529706491153611e+00 -6.233954907798004337e+06
-1.288199791366842817e+00 -6.233977468818826601e+06
-1.291869876242531578e+00 -6.233952562286744826e+06
-1.295539961118220340e+00 -6.233976366622784175e+06
-1.299210045993909546e+00 -6.233950213244576007e+06
-1.302880130869598752e+00 -6.233975360094552860e+06
-1.306550215745287513e+00 -6.233947851372620091e+06
-1.310220300620976719e+00 -6.233974451216856949e+06
-1.313890385496665481e+00 -6.233945466194844805e+06
-1.317560470372354686e+00 -6.233973642677920870e+06
-1.321230555248043448e+00 -6.233943046306726523e+06
-1.324900640123732654e+00 -6.233972937905105762e+06
-1.328570724999421859e+00 -6.233940578628327698e+06
-1.332240809875110621e+00 -6.233972341198537499e+06
-1.335910894750799383e+00 -6.233938048516119830e+06
-1.339580979626488588e+00 -6.233971857888625935e+06
-1.343251064502177794e+00 -6.233935439171984792e+06
-1.346921149377867000e+00 -6.233971494523879141e+06
-1.350591234253555761e+00 -6.233932731281124987e+06
-1.354261319129244523e+00 -6.233971259088737890e+06
-1.357931404004933729e+00 -6.233929902511241846e+06
-1.361601488880622490e+00 -6.233971161381788552e+06
-1.365271573756311696e+00 -6.233926926782150753e+06
-1.368941658632000902e+00 -6.233971213239771314e+06
-1.372611743507689663e+00 -6.233923773315292783e+06
-1.376281828383378869e+00 -6.233971429121831432e+06
-1.379951913259067631e+00 -6.233920405817646533e+06
-1.383621998134756836e+00 -6.233971826794360764e+06
-1.387292083010446042e+00 -6.233916780639190227e+06
-1.390962167886134804e+00 -6.233972427893772721e+06
-1.394632252761823565e+00 -6.233912845241533592e+06
-1.398302337637512771e+00 -6.233973258914346807e+06
-1.401972422513201977e+00 -6.233908535575282760e+06
-1.405642507388891183e+00 -6.233974352947395295e+06
-1.409312592264579944e+00 -6.233903773655601777e+06
-1.412982677140268706e+00 -6.233975751293813810e+06
-1.416652762015957912e+00 -6.233898461587770842e+06
-1.420322846891646673e+00 -6.233977505335336551e+06
-1.423992931767335879e+00 -6.233892477665306069e+06
-1.427663016643025085e+00 -6.233979680884895846e+06
-1.431333101518713846e+00 -6.233885666988727637e+06
-1.435003186394403052e+00 -6.233982361817720346e+06
-1.438673271270091814e+00 -6.233877831002735533e+06
-1.442343356145781019e+00 -6.233985656857381575e+06
-1.446013441021470225e+00 -6.233868709895839915e+06
-1.449683525897158987e+00 -6.233989708965094760e+06
-1.453353610772847748e+00 -6.233857962369200774e+06
-1.457023695648536954e+00 -6.233994708879453130e+06
-1.460693780524226160e+00 -6.233845127744711936e+06
-1.464363865399915365e+00 -6.234000915085594170e+06
-1.468033950275604127e+00 -6.233829574488821439e+06
-1.471704035151292889e+00 -6.234008685888705775e+06
-1.475374120026982094e+00 -6.233810420510048978e+06
-1.479044204902670856e+00 -6.234018525204495527e+06
-1.482714289778360062e+00 -6.233786389961002395e+06
-1.486384374654049267e+00 -6.234031175428887829e+06
-1.490054459529738029e+00 -6.233755631302979775e+06
-1.493724544405426791e+00 -6.234047705450821668e+06
-1.497394629281115996e+00 -6.233715185601923615e+06
-1.501064714156805202e+00 -6.234069937091063708e+06
-1.504734799032494408e+00 -6.233660854195817374e+06
-1.508404883908183169e+00 -6.234100162798785605e+06
-1.512074968783871931e+00 -6.233583595038531348e+06
-1.515745053659561137e+00 -6.234144923819873482e+06
-1.519415138535250342e+00 -6.233475536457710899e+06
-1.523085223410939104e+00 -6.234205369777256623e+06
-1.526755308286628310e+00 -6.233288136092418805e+06
-1.530425393162317071e+00 -6.234328093827369623e+06
-1.534095478038006277e+00 -6.233057409493276849e+06
-1.537765562913695039e+00 -6.234426261780061759e+06
-1.541435647789384245e+00 -6.232270466145501472e+06
-1.545105732665073450e+00 -6.235113258913137019e+06
-1.548775817540762212e+00 -6.232107345885482617e+06
-1.552445902416450974e+00 -6.234397150471122935e+06
-1.556115987292140179e+00 -6.223716954659486189e+06
-1.559786072167829385e+00 -6.245365623398674652e+06
-1.563456157043518591e+00 -6.234374391000821255e+06
-1.567126241919207352e+00 -6.197912604162501171e+06
-1.570796326794896114e+00 -6.243458142545321025e+06
