1.567126241919207574e+00 2.673353498541796505e+08
1.559786072167829607e+00 2.672696176561155915e+08
1.552445902416451418e+00 2.671757398476254046e+08
1.545105732665073450e+00 2.670295742110781372e+08
1.537765562913695483e+00 2.668377791153984666e+08
1.530425393162317516e+00 2.666009079938244224e+08
1.523085223410939326e+00 2.663211677033720613e+08
1.515745053659561359e+00 2.660007875261805356e+08
1.508404883908183391e+00 2.656423490158737302e+08
1.501064714156805424e+00 2.652486551283133030e+08
1.493724544405427235e+00 2.648227072662936449e+08
1.486384374654049267e+00 2.643676545016748011e+08
1.479044204902671300e+00 2.638867494636900425e+08
1.471704035151293333e+00 2.633833035007498860e+08
1.464363865399915365e+00 2.628606441021109223e+08
1.457023695648537176e+00 2.623220748302799463e+08
1.449683525897159209e+00 2.617708385468253493e+08
1.442343356145781241e+00 2.612100844026709795e+08
1.435003186394403052e+00 2.606428389566358328e+08
1.427663016643025085e+00 2.600719816327869594e+08
1.420322846891647117e+00 2.595002245932925642e+08
1.412982677140269150e+00 2.589300969809695184e+08
1.405642507388891183e+00 2.583639333830643296e+08
1.398302337637512993e+00 2.578038662746575177e+08
1.390962167886135026e+00 2.572518221407396793e+08
1.383621998134757058e+00 2.567095209204560816e+08
1.376281828383379091e+00 2.561784783808230758e+08
1.368941658632000902e+00 2.556600110216135681e+08
1.361601488880622934e+00 2.551552431091992259e+08
1.354261319129244967e+00 2.546651154330122471e+08
1.346921149377867000e+00 2.541903954127076864e+08
1.339580979626488810e+00 2.537316882065246403e+08
1.332240809875110843e+00 2.532894484974916279e+08
1.324900640123732876e+00 2.528639926735866964e+08
1.317560470372354908e+00 2.524555111511144936e+08
1.310220300620976719e+00 2.520640806284487247e+08
1.302880130869598752e+00 2.516896760911363363e+08
1.295539961118220784e+00 2.513321824236048162e+08
1.288199791366842817e+00 2.509914055127397776e+08
1.280859621615464849e+00 2.506670827573479712e+08
1.273519451864086660e+00 2.503588929225838482e+08
1.266179282112708693e+00 2.500664652990522683e+08
1.258839112361330725e+00 2.497893881471454501e+08
1.251498942609952536e+00 2.495272164206725657e+08
1.244158772858574569e+00 2.492794787788336575e+08
1.236818603107196601e+00 2.490456839036370516e+08
1.229478433355818634e+00 2.488253261511421204e+08
1.222138263604440667e+00 2.486178905672960877e+08
1.214798093853062699e+00 2.484228573068641126e+08
1.207457924101684510e+00 2.482397054938003719e+08
1.200117754350306543e+00 2.480679165655538738e+08
1.192777584598928575e+00 2.479069771417855322e+08
1.185437414847550386e+00 2.477563814600869715e+08
1.178097245096172418e+00 2.476156334178596139e+08
1.170757075344794451e+00 2.474842482602310777e+08
1.163416905593416484e+00 2.473617539502487481e+08
1.156076735842038294e+00 2.472476922564160228e+08
1.148736566090660327e+00 2.471416195901934206e+08
1.141396396339282360e+00 2.470431076234181821e+08
1.134056226587904170e+00 2.469517437134823799e+08
1.126716056836526203e+00 2.468671311613682210e+08
1.119375887085148236e+00 2.467888893255577087e+08
1.112035717333770268e+00 2.467166536134282351e+08
1.104695547582392301e+00 2.466500753672076464e+08
1.097355377831014334e+00 2.465888216635069549e+08
1.090015208079636366e+00 2.465325750384227633e+08
1.082675038328258177e+00 2.464810331544790566e+08
1.075334868576880210e+00 2.464339084181957841e+08
1.067994698825502020e+00 2.463909275606591702e+08
1.060654529074124053e+00 2.463518311880398989e+08
1.053314359322746085e+00 2.463163733124615252e+08
1.045974189571368118e+00 2.462843208665232956e+08
1.038634019819990151e+00 2.462554532083318830e+08
1.031293850068612183e+00 2.462295616507977247e+08
1.023953680317233772e+00 2.462064488331294060e+08
1.016613510565855805e+00 2.461859284943965077e+08
1.009273340814477837e+00 2.461678247094131708e+08
1.001933171063099870e+00 2.461519715395534635e+08
9.945930013117217916e-01 2.461382125572043657e+08
9.872528315603438243e-01 2.461264003711547554e+08
9.799126618089657459e-01 2.461163961890969276e+08
9.725724920575877785e-01 2.461080693863646984e+08
9.652323223062097002e-01 2.461012970911530852e+08
9.578921525548318439e-01 2.460959637847823203e+08
9.505519828034536545e-01 2.460919609178007245e+08
9.432118130520756871e-01 2.460891865407306850e+08
9.358716433006977198e-01 2.460875449512578249e+08
9.285314735493196414e-01 2.460869463560111523e+08
9.211913037979416741e-01 2.460873065481816232e+08
9.138511340465635957e-01 2.460885465994613469e+08
9.065109642951856284e-01 2.460905925667971969e+08
8.991707945438076610e-01 2.460933752132934332e+08
8.918306247924296937e-01 2.460968297424724698e+08
8.844904550410516153e-01 2.461008955462350845e+08
8.771502852896736480e-01 2.461055159651870131e+08
8.698101155382955696e-01 2.461106380614068210e+08
8.624699457869176022e-01 2.461162124030157328e+08
8.551297760355394129e-01 2.461221928600269556e+08
8.477896062841615565e-01 2.461285364110910296e+08
8.404494365327833671e-01 2.461352029604476094e+08
8.331092667814055108e-01 2.461421551648284793e+08
8.257690970300274325e-01 2.461493582696607113e+08
8.184289272786493541e-01 2.461567799543344378e+08
8.110887575272713867e-01 2.461643901860370040e+08
8.037485877758934194e-01 2.461721610816108584e+08
7.964084180245152300e-01 2.461800667770101428e+08
7.890682482731372627e-01 2.461880833043158650e+08
7.817280785217594063e-01 2.461961884754520655e+08
7.743879087703812170e-01 2.462043617726758718e+08
7.670477390190032496e-01 2.462125842449911833e+08
7.597075692676251712e-01 2.462208384107845426e+08
7.523673995162473149e-01 2.462291081659350395e+08
7.450272297648691255e-01 2.462373786970422268e+08
7.376870600134911582e-01 2.462456363998128474e+08
7.303468902621131909e-01 2.462538688022615910e+08
7.230067205107351125e-01 2.462620644920943081e+08
7.156665507593570341e-01 2.462702130485371351e+08
7.083263810079791778e-01 2.462783049781109691e+08
7.009862112566009884e-01 2.462863316541239619e+08
6.936460415052231321e-01 2.462942852597692013e+08
6.863058717538450537e-01 2.463021587345550656e+08
6.789657020024669754e-01 2.463099457235038877e+08
6.716255322510888970e-01 2.463176405313634872e+08
6.642853624997110407e-01 2.463252380745454431e+08
6.569451927483328513e-01 2.463327338437100649e+08
6.496050229969549950e-01 2.463401238608288765e+08
6.422648532455769166e-01 2.463474046437637806e+08
6.349246834941988382e-01 2.463545731710214615e+08
6.275845137428208709e-01 2.463616268491420448e+08
6.202443439914429035e-01 2.463685634819625020e+08
6.129041742400648252e-01 2.463753812417938709e+08
6.055640044886868578e-01 2.463820786423432231e+08
5.982238347373086684e-01 2.463886545133621991e+08
5.908836649859308121e-01 2.463951079766919315e+08
5.835434952345527337e-01 2.464014384239920676e+08
5.762033254831746554e-01 2.464076454959086180e+08
5.688631557317964660e-01 2.464137290619899929e+08
5.615229859804187207e-01 2.464196892025791407e+08
5.541828162290405313e-01 2.464255261917178631e+08
5.468426464776627860e-01 2.464312404806605577e+08
5.395024767262845966e-01 2.464368326828740835e+08
5.321623069749066293e-01 2.464423035598764718e+08
5.248221372235284399e-01 2.464476540081137419e+08
5.174819674721504725e-01 2.464528850462747812e+08
5.101417977207725052e-01 2.464579978041443825e+08
5.028016279693945378e-01 2.464629935114359260e+08
4.954614582180163485e-01 2.464678734879153967e+08
4.881212884666386032e-01 2.464726391339588165e+08
4.807811187152604138e-01 2.464772919217594564e+08
4.734409489638824464e-01 2.464818333870330155e+08
4.661007792125042570e-01 2.464862651215845048e+08
4.587606094611265117e-01 2.464905887660998404e+08
4.514204397097483223e-01 2.464948060037040710e+08
4.440802699583703550e-01 2.464989185536335111e+08
4.367401002069921656e-01 2.465029281657223701e+08
4.293999304556144203e-01 2.465068366149679720e+08
4.220597607042362309e-01 2.465106456968099177e+08
4.147195909528582636e-01 2.465143572225000560e+08
4.073794212014800742e-01 2.465179730149332881e+08
4.000392514501023289e-01 2.465214949048437178e+08
3.926990816987243615e-01 2.465249247270849347e+08
3.853589119473459501e-01 2.465282643175688684e+08
3.780187421959682048e-01 2.465315155100887120e+08
3.706785724445902375e-01 2.465346801336042285e+08
3.633384026932122701e-01 2.465377600096025467e+08
3.559982329418340807e-01 2.465407569499361515e+08
3.486580631904561134e-01 2.465436727545621395e+08
3.413178934390781460e-01 2.465465092097485960e+08
3.339777236877001787e-01 2.465492680862413645e+08
3.266375539363219893e-01 2.465519511364499331e+08
3.192973841849440220e-01 2.465545600981410146e+08
3.119572144335660546e-01 2.465570966836335957e+08
3.046170446821880873e-01 2.465595625885167122e+08
2.972768749308098979e-01 2.465619594846514463e+08
2.899367051794319305e-01 2.465642890213308334e+08
2.825965354280539632e-01 2.465665528240257800e+08
2.752563656766759959e-01 2.465687524938263595e+08
2.679161959252978065e-01 2.465708896067900062e+08
2.605760261739198391e-01 2.465729657134053111e+08
2.532358564225418718e-01 2.465749823381508887e+08
2.458956866711639044e-01 2.465769409792245328e+08
2.385555169197857150e-01 2.465788431082181633e+08
2.312153471684077477e-01 2.465806901698338687e+08
2.238751774170297804e-01 2.465824835818313360e+08
2.165350076656518130e-01 2.465842247347957492e+08
2.091948379142736236e-01 2.465859149921831191e+08
2.018546681628956563e-01 2.465875556901904345e+08
1.945144984115176889e-01 2.465891481379611194e+08
1.871743286601397216e-01 2.465906936176330745e+08
1.798341589087615322e-01 2.465921933843336105e+08
1.724939891573835649e-01 2.465936486664087772e+08
1.651538194060055975e-01 2.465950606655485034e+08
1.578136496546276302e-01 2.465964305570714474e+08
1.504734799032494408e-01 2.465977594901564121e+08
1.431333101518714734e-01 2.465990485879823864e+08
1.357931404004935061e-01 2.466002989481382370e+08
1.284529706491155387e-01 2.466015116428716183e+08
1.211128008977373494e-01 2.466026877193488777e+08
1.137726311463593820e-01 2.466038282000336349e+08
1.064324613949814147e-01 2.466049340829850137e+08
9.909229164360344733e-02 2.466060063422648013e+08
9.175212189222525794e-02 2.466070459282497764e+08
8.441195214084729059e-02 2.466080537680483758e+08
7.707178238946932325e-02 2.466090307658392489e+08
6.973161263809135590e-02 2.466099778032444715e+08
6.239144288671316652e-02 2.466108957397564650e+08
5.505127313533519917e-02 2.466117854131538868e+08
4.771110338395723183e-02 2.466126476397953928e+08
4.037093363257926448e-02 2.466134832150819004e+08
3.303076388120107509e-02 2.466142929138742983e+08
2.569059412982310775e-02 2.466150774908931851e+08
1.835042437844514041e-02 2.466158376810491681e+08
1.101025462706717306e-02 2.466165741999334991e+08
3.670084875688983672e-03 2.466172877441711426e+08
-3.670084875688983672e-03 2.466179789918397665e+08
-1.101025462706695102e-02 2.466186486028085649e+08
-1.835042437844514041e-02 2.466192972193756402e+08
-2.569059412982288571e-02 2.466199254635493457e+08
-3.303076388120107509e-02 2.466205339510505199e+08
-4.037093363257904244e-02 2.466211232638014257e+08
-4.771110338395723183e-02 2.466216939808586836e+08
-5.505127313533497713e-02 2.466222466606126726e+08
-6.239144288671316652e-02 2.466227818466224670e+08
-6.973161263809113386e-02 2.466233000672055483e+08
-7.707178238946887916e-02 2.466238018359750807e+08
-8.441195214084706855e-02 2.466242876520736516e+08
-9.175212189222503589e-02 2.466247580006055832e+08
-9.909229164360322528e-02 2.466252133529763520e+08
-1.064324613949809706e-01 2.466256541670334339e+08
-1.137726311463591600e-01 2.466260808877341747e+08
-1.211128008977371273e-01 2.466264939472834766e+08
-1.284529706491153167e-01 2.466268937654754221e+08
-1.357931404004930620e-01 2.466272807500191927e+08
-1.431333101518712514e-01 2.466276552967469394e+08
-1.504734799032492187e-01 2.466280177900900841e+08
-1.578136496546274081e-01 2.466283686032961607e+08
-1.651538194060051534e-01 2.466287080986482501e+08
-1.724939891573833428e-01 2.466290366279718876e+08
-1.798341589087613102e-01 2.466293545326327085e+08
-1.871743286601394995e-01 2.466296621440091133e+08
-1.945144984115172448e-01 2.466299597836451828e+08
-2.018546681628954342e-01 2.466302477636086941e+08
-2.091948379142734016e-01 2.466305263867118061e+08
-2.165350076656515910e-01 2.466307959467109740e+08
-2.238751774170293363e-01 2.466310567286457717e+08
-2.312153471684075257e-01 2.466313090090593100e+08
-2.385555169197854930e-01 2.466315530560470223e+08
-2.458956866711636824e-01 2.466317891298993528e+08
-2.532358564225414277e-01 2.466320174827619493e+08
-2.605760261739196171e-01 2.466322383594252467e+08
-2.679161959252975844e-01 2.466324519970882833e+08
-2.752563656766757738e-01 2.466326586259194016e+08
-2.825965354280535191e-01 2.466328584689134657e+08
-2.899367051794317085e-01 2.466330517423731387e+08
-2.972768749308096758e-01 2.466332386558837891e+08
-3.046170446821878652e-01 2.466334194129240215e+08
-3.119572144335656105e-01 2.466335942103550732e+08
-3.192973841849437999e-01 2.466337632391908169e+08
-3.266375539363217673e-01 2.466339266846024692e+08
-3.339777236876999567e-01 2.466340847258691788e+08
-3.413178934390777020e-01 2.466342375368996561e+08
-3.486580631904558913e-01 2.466343852862852216e+08
-3.559982329418338587e-01 2.466345281372123659e+08
-3.633384026932120481e-01 2.466346662479194105e+08
-3.706785724445897934e-01 2.466347997718904316e+08
-3.780187421959679828e-01 2.466349288598284423e+08
-3.853589119473459501e-01 2.466350536424547434e+08
-3.926990816987241395e-01 2.466351742779043019e+08
-4.000392514501018848e-01 2.466352908915089965e+08
-4.073794212014802962e-01 2.466354036153959334e+08
-4.147195909528580415e-01 2.466355125761363506e+08
-4.220597607042362309e-01 2.466356178963625431e+08
-4.293999304556139762e-01 2.466357196948546171e+08
-4.367401002069919436e-01 2.466358180865387321e+08
-4.440802699583703550e-01 2.466359131828032434e+08
-4.514204397097483223e-01 2.466360050915065110e+08
-4.587606094611262897e-01 2.466360939171033800e+08
-4.661007792125042570e-01 2.466361797606272697e+08
-4.734409489638822244e-01 2.466362627199692130e+08
-4.807811187152601917e-01 2.466363428899927139e+08
-4.881212884666381591e-01 2.466364203624368608e+08
-4.954614582180161264e-01 2.466364952261143923e+08
-5.028016279693945378e-01 2.466365675670556426e+08
-5.101417977207725052e-01 2.466366374684272707e+08
-5.174819674721504725e-01 2.466367050108621716e+08
-5.248221372235284399e-01 2.466367702722671628e+08
-5.321623069749064072e-01 2.466368333281094432e+08
-5.395024767262843746e-01 2.466368942514612079e+08
-5.468426464776623419e-01 2.466369531129006743e+08
-5.541828162290403093e-01 2.466370099808604121e+08
-5.615229859804187207e-01 2.466370649215903282e+08
-5.688631557317962439e-01 2.466371179990673661e+08
-5.762033254831742113e-01 2.466371692752957046e+08
-5.835434952345526227e-01 2.466372188101666570e+08
-5.908836649859305901e-01 2.466372666617226005e+08
-5.982238347373085574e-01 2.466373128860962391e+08
-6.055640044886865248e-01 2.466373575375443697e+08
-6.129041742400644921e-01 2.466374006687330604e+08
-6.202443439914429035e-01 2.466374423303572536e+08
-6.275845137428204268e-01 2.466374825716246367e+08
-6.349246834941983941e-01 2.466375214400797486e+08
-6.422648532455768056e-01 2.466375589817188084e+08
-6.496050229969547729e-01 2.466375952410210669e+08
-6.569451927483327403e-01 2.466376302609736621e+08
-6.642853624997107076e-01 2.466376640832768083e+08
-6.716255322510886749e-01 2.466376967481777072e+08
-6.789657020024670864e-01 2.466377282946337163e+08
-6.863058717538446096e-01 2.466377587603048682e+08
-6.936460415052225770e-01 2.466377881815131903e+08
-7.009862112566009884e-01 2.466378165934947729e+08
-7.083263810079789558e-01 2.466378440302631855e+08
-7.156665507593569231e-01 2.466378705248193145e+08
-7.230067205107348904e-01 2.466378961092119217e+08
-7.303468902621128578e-01 2.466379208155671358e+08
-7.376870600134912692e-01 2.466379446661788225e+08
-7.450272297648687925e-01 2.466379676997544467e+08
-7.523673995162467598e-01 2.466379899390840530e+08
-7.597075692676251712e-01 2.466380114122986495e+08
-7.670477390190031386e-01 2.466380321450245380e+08
-7.743879087703811059e-01 2.466380521624094844e+08
-7.817280785217590733e-01 2.466380714887426496e+08
-7.890682482731370406e-01 2.466380901474821568e+08
-7.964084180245154521e-01 2.466381081613333821e+08
-8.037485877758929753e-01 2.466381255522150993e+08
-8.110887575272709427e-01 2.466381423414026797e+08
-8.184289272786493541e-01 2.466381585493724346e+08
-8.257690970300273214e-01 2.466381741959618926e+08
-8.331092667814052888e-01 2.466381893002793491e+08
-8.404494365327832561e-01 2.466382038808681965e+08
-8.477896062841612235e-01 2.466382179555392563e+08
-8.551297760355396349e-01 2.466382315415844321e+08
-8.624699457869171582e-01 2.466382446556980610e+08
-8.698101155382951255e-01 2.466382573139837086e+08
-8.771502852896735369e-01 2.466382695320195556e+08
-8.844904550410515043e-01 2.466382813248877525e+08
-8.918306247924294716e-01 2.466382927071072459e+08
-8.991707945438074390e-01 2.466383036928671002e+08
-9.065109642951854063e-01 2.466383142956257164e+08
-9.138511340465638177e-01 2.466383245285338461e+08
-9.211913037979413410e-01 2.466383344043313861e+08
-9.285314735493193083e-01 2.466383439352510571e+08
-9.358716433006977198e-01 2.466383531330975890e+08
-9.432118130520756871e-01 2.466383620094061792e+08
-9.505519828034536545e-01 2.466383705750617385e+08
-9.578921525548316218e-01 2.466383788408389091e+08
-9.652323223062095892e-01 2.466383868170146942e+08
-9.725724920575880006e-01 2.466383945135800242e+08
-9.799126618089655238e-01 2.466384019400877059e+08
-9.872528315603434912e-01 2.466384091059061885e+08
-9.945930013117219026e-01 2.466384160199704170e+08
-1.001933171063099870e+00 2.466384226909453571e+08
-1.009273340814477837e+00 2.466384291272059381e+08
-1.016613510565855805e+00 2.466384353367741108e+08
-1.023953680317233772e+00 2.466384413275522292e+08
-1.031293850068611739e+00 2.466384471070120335e+08
-1.038634019819989707e+00 2.466384526825057268e+08
-1.045974189571367674e+00 2.466384580609740019e+08
-1.053314359322746085e+00 2.466384632492540479e+08
-1.060654529074123609e+00 2.466384682539342642e+08
-1.067994698825502020e+00 2.466384730813101828e+08
-1.075334868576879988e+00 2.466384777374388278e+08
-1.082675038328257955e+00 2.466384822282281518e+08
-1.090015208079635922e+00 2.466384865594465137e+08
-1.097355377831013890e+00 2.466384907363590598e+08
-1.104695547582391857e+00 2.466384947645880580e+08
-1.112035717333770268e+00 2.466384986491315961e+08
-1.119375887085147792e+00 2.466385023949852586e+08
-1.126716056836526203e+00 2.466385060068980455e+08
-1.134056226587904170e+00 2.466385094895263314e+08
-1.141396396339282138e+00 2.466385128473082483e+08
-1.148736566090660105e+00 2.466385160845279992e+08
-1.156076735842038072e+00 2.466385192053810060e+08
-1.163416905593416040e+00 2.466385222138955891e+08
-1.170757075344794451e+00 2.466385251139406562e+08
-1.178097245096171974e+00 2.466385279092264771e+08
-1.185437414847550386e+00 2.466385306034440994e+08
-1.192777584598928353e+00 2.466385332000806332e+08
-1.200117754350306321e+00 2.466385357025561035e+08
-1.207457924101684288e+00 2.466385381141456366e+08
-1.214798093853062255e+00 2.466385404380207360e+08
-1.222138263604440223e+00 2.466385426772508025e+08
-1.229478433355818634e+00 2.466385448348680735e+08
-1.236818603107196157e+00 2.466385469137490690e+08
-1.244158772858574569e+00 2.466385489166934788e+08
-1.251498942609952536e+00 2.466385508464065194e+08
-1.258839112361330503e+00 2.466385527056118846e+08
-1.266179282112708471e+00 2.466385544969064593e+08
-1.273519451864086438e+00 2.466385562228386402e+08
-1.280859621615464405e+00 2.466385578859093785e+08
-1.288199791366842817e+00 2.466385594885435998e+08
-1.295539961118220340e+00 2.466385610331837535e+08
-1.302880130869598752e+00 2.466385625222238004e+08
-1.310220300620976719e+00 2.466385639580727220e+08
-1.317560470372354686e+00 2.466385653431523442e+08
-1.324900640123732654e+00 2.466385666798517704e+08
-1.332240809875110621e+00 2.466385679706613421e+08
-1.339580979626488588e+00 2.466385692181184590e+08
-1.346921149377867000e+00 2.466385704248771966e+08
-1.354261319129244523e+00 2.466385715936780572e+08
-1.361601488880622490e+00 2.466385727274938226e+08
-1.368941658632000902e+00 2.466385738294362128e+08
-1.376281828383378869e+00 2.466385749031310081e+08
-1.383621998134756836e+00 2.466385759522560835e+08
-1.390962167886134804e+00 2.466385769812619090e+08
-1.398302337637512771e+00 2.466385779952187240e+08
-1.405642507388891183e+00 2.466385790000965893e+08
-1.412982677140268706e+00 2.466385800026074648e+08
-1.420322846891646673e+00 2.466385810112278163e+08
-1.427663016643025085e+00 2.466385820365958512e+08
-1.435003186394403052e+00 2.466385830915372074e+08
-1.442343356145781019e+00 2.466385841922490001e+08
-1.449683525897158987e+00 2.466385853606794178e+08
-1.457023695648536954e+00 2.466385866246880889e+08
-1.464363865399915365e+00 2.466385880223690271e+08
-1.471704035151292889e+00 2.466385896057484150e+08
-1.479044204902670856e+00 2.466385914491289854e+08
-1.486384374654049267e+00 2.466385936551957428e+08
-1.493724544405426791e+00 2.466385963938891292e+08
-1.501064714156805202e+00 2.466385998572499752e+08
-1.508404883908183169e+00 2.466386046221434772e+08
-1.515745053659561137e+00 2.466386105570772886e+08
-1.523085223410939104e+00 2.466386218436444104e+08
-1.530425393162317071e+00 2.466386280536442399e+08
-1.537765562913695039e+00 2.466386844393111765e+08
-1.545105732665073450e+00 2.466385807519904375e+08
-1.552445902416450974e+00 2.466392784964503050e+08
-1.559786072167829385e+00 2.466359016915856004e+08
-1.567126241919207352e+00 2.466508582888494432e+08
