1.570796326794896558e+00 -9.855833105510219932e+06
1.567126241919207574e+00 -1.002687116196438111e+07
1.563456157043518591e+00 -1.003027337116554379e+07
1.559786072167829607e+00 -9.966185895543921739e+06
1.556115987292140623e+00 -9.943487902794359252e+06
1.552445902416451418e+00 -9.870116705801419914e+06
1.548775817540762434e+00 -9.810784399005087093e+06
1.545105732665073450e+00 -9.723233529793918133e+06
1.541435647789384467e+00 -9.637428150265496224e+06
1.537765562913695483e+00 -9.529912747766258195e+06
1.534095478038006499e+00 -9.420714501154636964e+06
1.530425393162317516e+00 -9.293838774137331173e+06
1.526755308286628532e+00 -9.163815266600385308e+06
1.523085223410939326e+00 -9.018847091520179063e+06
1.519415138535250342e+00 -8.870333170486893505e+06
1.515745053659561359e+00 -8.709176621677314863e+06
1.512074968783872375e+00 -8.544560806669585407e+06
1.508404883908183391e+00 -8.369370258229578845e+06
1.504734799032494408e+00 -8.191093480906226672e+06
1.501064714156805424e+00 -8.004180153023813851e+06
1.497394629281116440e+00 -7.814714609707851894e+06
1.493724544405427235e+00 -7.618448613506312482e+06
1.490054459529738251e+00 -7.420253561547486112e+06
1.486384374654049267e+00 -7.216995941213031299e+06
1.482714289778360284e+00 -7.012472072568379343e+06
1.479044204902671300e+00 -6.804516794838654809e+06
1.475374120026982316e+00 -6.595963026337228715e+06
1.471704035151293333e+00 -6.385490302729517221e+06
1.468033950275604349e+00 -6.175066502955203876e+06
1.464363865399915365e+00 -5.964105812499254011e+06
1.460693780524226160e+00 -5.753802823215117678e+06
1.457023695648537176e+00 -5.544205384929426014e+06
1.453353610772848192e+00 -5.335822927141793072e+06
1.449683525897159209e+00 -5.129243003378170542e+06
1.446013441021470225e+00 -4.924375394421477802e+06
1.442343356145781241e+00 -4.722259696894366294e+06
1.438673271270092258e+00 -4.522288879511694424e+06
1.435003186394403052e+00 -4.325873152475485578e+06
1.431333101518714068e+00 -4.131968243161692284e+06
1.427663016643025085e+00 -3.942279979356390890e+06
1.423992931767336101e+00 -3.755402368254240602e+06
1.420322846891647117e+00 -3.573268549927937333e+06
1.416652762015958134e+00 -3.394181503853603732e+06
1.412982677140269150e+00 -3.220240258682671934e+06
1.409312592264580166e+00 -3.049521971836874727e+06
1.405642507388891183e+00 -2.884237088989232667e+06
1.401972422513201977e+00 -2.722296180395395961e+06
1.398302337637512993e+00 -2.565973517470798921e+06
1.394632252761824009e+00 -2.413066063710548915e+06
1.390962167886135026e+00 -2.265870999189584050e+06
1.387292083010446042e+00 -2.122118311588627752e+06
1.383621998134757058e+00 -1.984093522844258929e+06
1.379951913259068075e+00 -1.849500005878914846e+06
1.376281828383379091e+00 -1.720582990730588790e+06
1.372611743507690107e+00 -1.595053551658315351e+06
1.368941658632000902e+00 -1.475093441060649930e+06
1.365271573756311918e+00 -1.358450043188408017e+06
1.361601488880622934e+00 -1.247223375401842175e+06
1.357931404004933951e+00 -1.139220451621219981e+06
1.354261319129244967e+00 -1.036445679132426274e+06
1.350591234253555983e+00 -9.367842096784685273e+05
1.346921149377867000e+00 -8.421348079455386614e+05
1.343251064502177794e+00 -7.504749622880030656e+05
1.339580979626488810e+00 -6.635910799899526173e+05
1.335910894750799827e+00 -5.795633864294523373e+05
1.332240809875110843e+00 -5.000620379959261627e+05
1.328570724999421859e+00 -4.232771002318150713e+05
1.324900640123732876e+00 -3.507609453917120118e+05
1.321230555248043892e+00 -2.808177646459008101e+05
1.317560470372354908e+00 -2.148825535741313943e+05
1.313890385496665925e+00 -1.513755443194981490e+05
1.310220300620976719e+00 -9.161632745195721509e+04
1.306550215745287735e+00 -3.414113241368195304e+04
1.302880130869598752e+00 1.984265213987999232e+04
1.299210045993909768e+00 7.168443192990214447e+04
1.295539961118220784e+00 1.202848751724443136e+05
1.291869876242531801e+00 1.668819153243108885e+05
1.288199791366842817e+00 2.104794395815197204e+05
1.284529706491153611e+00 2.522077737643787987e+05
1.280859621615464849e+00 2.911687045476079220e+05
1.277189536739775644e+00 3.283895385884093121e+05
1.273519451864086660e+00 3.630643374137881328e+05
1.269849366988397676e+00 3.961224892479638220e+05
1.266179282112708693e+00 4.268445466153893503e+05
1.262509197237019709e+00 4.560674141732629505e+05
1.258839112361330725e+00 4.831523106891517527e+05
1.255169027485641742e+00 5.088492789260874270e+05
1.251498942609952536e+00 5.325944326918984298e+05
1.247828857734263552e+00 5.550566410567765124e+05
1.244158772858574569e+00 5.757412686418592930e+05
1.240488687982885585e+00 5.952416690897478256e+05
1.236818603107196601e+00 6.131269970780543517e+05
1.233148518231507618e+00 6.299206428970717825e+05
1.229478433355818634e+00 6.452503151319632307e+05
1.225808348480129428e+00 6.595748285592899192e+05
1.222138263604440667e+00 6.725754629898511339e+05
1.218468178728751461e+00 6.846516376527962275e+05
1.214798093853062699e+00 6.955334930830458179e+05
1.211128008977373494e+00 7.055659941993623506e+05
1.207457924101684510e+00 7.145237143620735733e+05
1.203787839225995526e+00 7.227018462052354589e+05
1.200117754350306543e+00 7.299152543529781979e+05
1.196447669474617559e+00 7.364137695233835839e+05
1.192777584598928575e+00 7.420486909738359973e+05
1.189107499723239592e+00 7.470286210686458508e+05
1.185437414847550386e+00 7.512377165030906908e+05
1.181767329971861402e+00 7.548472078457585303e+05
1.178097245096172418e+00 7.577708028481293004e+05
1.174427160220483435e+00 7.601459441917499062e+05
1.170757075344794451e+00 7.619128442484273110e+05
1.167086990469105467e+00 7.631784765287444461e+05
1.163416905593416484e+00 7.639067593341593165e+05
1.159746820717727278e+00 7.641772601991748670e+05
1.156076735842038294e+00 7.639750389284528792e+05
1.152406650966349311e+00 7.633550762756249169e+05
1.148736566090660327e+00 7.623212294653372373e+05
1.145066481214971343e+00 7.609064802678581327e+05
1.141396396339282360e+00 7.591313453891088720e+05
1.137726311463593376e+00 7.570091774139706977e+05
1.134056226587904170e+00 7.545752068009806098e+05
1.130386141712215409e+00 7.518253219120369758e+05
1.126716056836526203e+00 7.488076996447369456e+05
1.123045971960837219e+00 7.455027382388487458e+05
1.119375887085148236e+00 7.419699587098120246e+05
1.115705802209459252e+00 7.381760654695422854e+05
1.112035717333770268e+00 7.341904734248184832e+05
1.108365632458081285e+00 7.299678250739239156e+05
1.104695547582392301e+00 7.255861187834787415e+05
1.101025462706703095e+00 7.209894149276535027e+05
1.097355377831014334e+00 7.162631135586027522e+05
1.093685292955325128e+00 7.113420324031168129e+05
1.090015208079636366e+00 7.063179088606670266e+05
1.086345123203947161e+00 7.011175288808904588e+05
1.082675038328258177e+00 6.958380102330460213e+05
1.079004953452569193e+00 6.903991999048850266e+05
1.075334868576880210e+00 6.849027370789023116e+05
1.071664783701191226e+00 6.792625144002324669e+05
1.067994698825502020e+00 6.735839226400263142e+05
1.064324613949813259e+00 6.677757861511228839e+05
1.060654529074124053e+00 6.619465585673378082e+05
1.056984444198435069e+00 6.560007919496503891e+05
1.053314359322746085e+00 6.500493876176150516e+05
1.049644274447057102e+00 6.439933393866859842e+05
1.045974189571368118e+00 6.379454477854465367e+05
1.042304104695678912e+00 6.318037878356839065e+05
1.038634019819990151e+00 6.256825713957108092e+05
1.034963934944300945e+00 6.194775265895780176e+05
1.031293850068612183e+00 6.133038432727139443e+05
1.027623765192922978e+00 6.070554129241207847e+05
1.023953680317233994e+00 6.008480194854150759e+05
1.020283595441545010e+00 5.945741727476811502e+05
1.016613510565856027e+00 5.883499108328121947e+05
1.012943425690167043e+00 5.820667671030247584e+05
1.009273340814477837e+00 5.758407342962177936e+05
1.005603255938789076e+00 5.695627281920517562e+05
1.001933171063099870e+00 5.633484332923844922e+05
9.982630861874108863e-01 5.570884657396111870e+05
9.945930013117219026e-01 5.508979711016849615e+05
9.909229164360329190e-01 5.446675469342623837e+05
9.872528315603439353e-01 5.385115984309136402e+05
9.835827466846548406e-01 5.323209521580291912e+05
9.799126618089658569e-01 5.262090978371377569e+05
9.762425769332768732e-01 5.200673085632302100e+05
9.725724920575878896e-01 5.140080069257052382e+05
9.689024071818987949e-01 5.079231030696043745e+05
9.652323223062098112e-01 5.019238219280703925e+05
9.615622374305208275e-01 4.959028768508709618e+05
9.578921525548318439e-01 4.899701836070537684e+05
9.542220676791427492e-01 4.840194029276366346e+05
9.505519828034537655e-01 4.781590466975226300e+05
9.468818979277647818e-01 4.722838476832951419e+05
9.432118130520757981e-01 4.665008343777163536e+05
9.395417281763867035e-01 4.607059185738028609e+05
9.358716433006978308e-01 4.550045792709884699e+05
9.322015584250087361e-01 4.492939986452778103e+05
9.285314735493197524e-01 4.436780522088376456e+05
9.248613886736306577e-01 4.380552696278291987e+05
9.211913037979417851e-01 4.325278794000881608e+05
9.175212189222526904e-01 4.269958233713594382e+05
9.138511340465637067e-01 4.215596492131481646e+05
9.101810491708746120e-01 4.161207642436349997e+05
9.065109642951857394e-01 4.107780097822087700e+05
9.028408794194966447e-01 4.054343019383081701e+05
8.991707945438076610e-01 4.001867578861435759e+05
8.955007096681185663e-01 3.949398366903084097e+05
8.918306247924296937e-01 3.897889200722699170e+05
8.881605399167405990e-01 3.846400364192030393e+05
8.844904550410516153e-01 3.795868264827737585e+05
8.808203701653625206e-01 3.745369073132636840e+05
8.771502852896736480e-01 3.695821783221702208e+05
8.734802004139845533e-01 3.646318582240549731e+05
8.698101155382955696e-01 3.597761093413371709e+05
8.661400306626065859e-01 3.549257595171417342e+05
8.624699457869176022e-01 3.501692418948551640e+05
8.587998609112286186e-01 3.454189961541732773e+05
8.551297760355395239e-01 3.407617379946468282e+05
8.514596911598505402e-01 3.361115170775719453e+05
8.477896062841615565e-01 3.315533461211322574e+05
8.441195214084725729e-01 3.270028792425938882e+05
8.404494365327834782e-01 3.225434433913007961e+05
8.367793516570944945e-01 3.180922883965561050e+05
8.331092667814055108e-01 3.137310748352663941e+05
8.294391819057165272e-01 3.093786363179588807e+05
8.257690970300274325e-01 3.051149883755958872e+05
8.220990121543384488e-01 3.008605341684939922e+05
8.184289272786494651e-01 2.966936672685890226e+05
8.147588424029604814e-01 2.925363437525690533e+05
8.110887575272713867e-01 2.884653594168244745e+05
8.074186726515824031e-01 2.844042050028071390e+05
8.037485877758934194e-01 2.804281041969248326e+05
8.000785029002044357e-01 2.764620622516986914e+05
7.964084180245153410e-01 2.725797571345518809e+05
7.927383331488263574e-01 2.687076872199312202e+05
7.890682482731373737e-01 2.649180119000471313e+05
7.853981633974483900e-01 2.611387002150820335e+05
7.817280785217594063e-01 2.574404207947351679e+05
7.780579936460703117e-01 2.537525897665564262e+05
7.743879087703813280e-01 2.501444132431635226e+05
7.707178238946922333e-01 2.465467301572533906e+05
7.670477390190033606e-01 2.430273126711700461e+05
7.633776541433142659e-01 2.395183975305582280e+05
7.597075692676252823e-01 2.360863518045729143e+05
7.560374843919361876e-01 2.326647845556190005e+05
7.523673995162473149e-01 2.293186867619454570e+05
7.486973146405582202e-01 2.259830139001877687e+05
7.450272297648692366e-01 2.227214097677045211e+05
7.413571448891801419e-01 2.194701501683120732e+05
7.376870600134912692e-01 2.162915606761538074e+05
7.340169751378021745e-01 2.131232110618114821e+05
7.303468902621131909e-01 2.100261375620265026e+05
7.266768053864240962e-01 2.069391774574409064e+05
7.230067205107352235e-01 2.039221062979033741e+05
7.193366356350461288e-01 2.009150024307201093e+05
7.156665507593571451e-01 1.979764091755631380e+05
7.119964658836680504e-01 1.950476195433310349e+05
7.083263810079791778e-01 1.921859728283795703e+05
7.046562961322900831e-01 1.893339503989297082e+05
7.009862112566010994e-01 1.865477153923600854e+05
6.973161263809120047e-01 1.837709113872361486e+05
6.936460415052231321e-01 1.810585529465138097e+05
6.899759566295340374e-01 1.783554198730348144e+05
6.863058717538450537e-01 1.757154052967783064e+05
6.826357868781559590e-01 1.730843996406914375e+05
6.789657020024670864e-01 1.705152016238137148e+05
6.752956171267779917e-01 1.679547861884142912e+05
6.716255322510890080e-01 1.654548842278625234e+05
6.679554473753999133e-01 1.629635307052112476e+05
6.642853624997110407e-01 1.605314141388723801e+05
6.606152776240219460e-01 1.581076047479721019e+05
6.569451927483329623e-01 1.557417743145941931e+05
6.532751078726438676e-01 1.533840035079537483e+05
6.496050229969549950e-01 1.510829727557862061e+05
6.459349381212659003e-01 1.487897490671493870e+05
6.422648532455769166e-01 1.465520461067684228e+05
6.385947683698878219e-01 1.443218934320237895e+05
6.349246834941989492e-01 1.421460621645304782e+05
6.312545986185098545e-01 1.399775210150873172e+05
6.275845137428208709e-01 1.378621223306393367e+05
6.239144288671319982e-01 1.357537509821468848e+05
6.202443439914429035e-01 1.336973637991934665e+05
6.165742591157538088e-01 1.316477392298315535e+05
6.129041742400648252e-01 1.296489613775186590e+05
6.092340893643759525e-01 1.276566800919785746e+05
6.055640044886868578e-01 1.257141291518200305e+05
6.018939196129977631e-01 1.237778079863044550e+05
5.982238347373087795e-01 1.218901219107636425e+05
5.945537498616199068e-01 1.200083986267137516e+05
5.908836649859308121e-01 1.181742363973620813e+05
5.872135801102417174e-01 1.163457702458410786e+05
5.835434952345527337e-01 1.145638123195769585e+05
5.798734103588638611e-01 1.127872844848552777e+05
5.762033254831747664e-01 1.110562332764071471e+05
5.725332406074856717e-01 1.093303472662114364e+05
5.688631557317966880e-01 1.076489273943178123e+05
5.651930708561077044e-01 1.059724092818392674e+05
5.615229859804187207e-01 1.043393679379761161e+05
5.578529011047297370e-01 1.027109667021257483e+05
5.541828162290405313e-01 1.011250737686387729e+05
5.505127313533517697e-01 9.954356141628367186e+04
5.468426464776627860e-01 9.800360974792309571e+04
5.431725616019735803e-01 9.646778149271781149e+04
5.395024767262845966e-01 9.497258692104987858e+04
5.358323918505956129e-01 9.348126117519242689e+04
5.321623069749066293e-01 9.202966252776577312e+04
5.284922220992176456e-01 9.058168094114547421e+04
5.248221372235284399e-01 8.917254017136068433e+04
5.211520523478396782e-01 8.776676770718378248e+04
5.174819674721506946e-01 8.639896981221523311e+04
5.138118825964614889e-01 8.503429463054245571e+04
5.101417977207725052e-01 8.370674755704090057e+04
5.064717128450835215e-01 8.238208092551460140e+04
5.028016279693945378e-01 8.109371544461562007e+04
4.991315430937055542e-01 7.980799155019146565e+04
4.954614582180163485e-01 7.855776120998928673e+04
4.917913733423275868e-01 7.730993721893746988e+04
4.881212884666386032e-01 7.609681818315526471e+04
4.844512035909493974e-01 7.488587390410847729e+04
4.807811187152604138e-01 7.370886477220576489e+04
4.771110338395714301e-01 7.253380253542106948e+04
4.734409489638824464e-01 7.139192404864888522e+04
4.697708640881934627e-01 7.025176840434045880e+04
4.661007792125042570e-01 6.914406330246466678e+04
4.624306943368154954e-01 6.803786088165524416e+04
4.587606094611265117e-01 6.696339370560323005e+04
4.550905245854373060e-01 6.589021295737494074e+04
4.514204397097483223e-01 6.484806968314030382e+04
4.477503548340593387e-01 6.380700052551871340e+04
4.440802699583703550e-01 6.279628839264692942e+04
4.404101850826813713e-01 6.178644207994270982e+04
4.367401002069921656e-01 6.080628926796127053e+04
4.330700153313034040e-01 5.982679792564010859e+04
4.293999304556144203e-01 5.887635328158455377e+04
4.257298455799252146e-01 5.792636977283693705e+04
4.220597607042362309e-01 5.700480252753102832e+04
4.183896758285472472e-01 5.608350004708111373e+04
4.147195909528582636e-01 5.518999948959713220e+04
4.110495060771692799e-01 5.429657135010146158e+04
4.073794212014800742e-01 5.343034643725547357e+04
4.037093363257913126e-01 5.256400557546475466e+04
4.000392514501023289e-01 5.172428474432069925e+04
3.963691665744131232e-01 5.088426352548216528e+04
3.926990816987243615e-01 5.007029426408823201e+04
3.890289968230351558e-01 4.925584411764442484e+04
3.853589119473461722e-01 4.846689269992087065e+04
3.816888270716571885e-01 4.767728380054305308e+04
3.780187421959682048e-01 4.691263492411593325e+04
3.743486573202792211e-01 4.614715584425239649e+04
3.706785724445902375e-01 4.540611230428137787e+04
3.670084875689010318e-01 4.466406965667058830e+04
3.633384026932122701e-01 4.394595203152469912e+04
3.596683178175230644e-01 4.322667014647072210e+04
3.559982329418340807e-01 4.253081638044555439e+04
3.523281480661450971e-01 4.183363698866732011e+04
3.486580631904561134e-01 4.115940212552913727e+04
3.449879783147671297e-01 4.048368393977633241e+04
3.413178934390781460e-01 3.983043978247719497e+04
3.376478085633889403e-01 3.917555830572912237e+04
3.339777236877001787e-01 3.854269292528993537e+04
3.303076388120109730e-01 3.790804002587013383e+04
3.266375539363219893e-01 3.729495801030936127e+04
3.229674690606330056e-01 3.667994092256453587e+04
3.192973841849440220e-01 3.608606192275052308e+04
3.156272993092550383e-01 3.549010466917341546e+04
3.119572144335660546e-01 3.491486437218343781e+04
3.082871295578768489e-01 3.433740570728164312e+04
3.046170446821880873e-01 3.378025452320891782e+04
3.009469598064991036e-01 3.322074823449356336e+04
2.972768749308098979e-01 3.268115134093236338e+04
2.936067900551209142e-01 3.213906593260137015e+04
2.899367051794319305e-01 3.161650303130679822e+04
2.862666203037429469e-01 3.109132139561791337e+04
2.825965354280539632e-01 3.058528620956077066e+04
2.789264505523647575e-01 3.007650522397438181e+04
2.752563656766759959e-01 2.958650530787136086e+04
2.715862808009870122e-01 2.909363565713865682e+04
2.679161959252978065e-01 2.861919204278510733e+04
2.642461110496088228e-01 2.814175777642170215e+04
2.605760261739198391e-01 2.768240463865144557e+04
2.569059412982308555e-01 2.721994288513282299e+04
2.532358564225418718e-01 2.677522724921462941e+04
2.495657715468526661e-01 2.632728792208926825e+04
2.458956866711639044e-01 2.589676936004270829e+04
2.422256017954749208e-01 2.546291486894312402e+04
2.385555169197857150e-01 2.504616522438069660e+04
2.348854320440967314e-01 2.462597018917776222e+04
2.312153471684077477e-01 2.422257325423235307e+04
2.275452622927187640e-01 2.381562416288655004e+04
2.238751774170297804e-01 2.342517543251733150e+04
2.202050925413405746e-01 2.303107043126566714e+04
2.165350076656518130e-01 2.265317678605030233e+04
2.128649227899628293e-01 2.227152527764472325e+04
2.091948379142736236e-01 2.190580463769928247e+04
2.055247530385846400e-01 2.153622704808316848e+04
2.018546681628956563e-01 2.118230819731902375e+04
1.981845832872066726e-01 2.082443579297937686e+04
1.945144984115176889e-01 2.048195821049017104e+04
1.908444135358284832e-01 2.013543281586886224e+04
1.871743286601397216e-01 1.980404620783469727e+04
1.835042437844507379e-01 1.946851981622032690e+04
1.798341589087615322e-01 1.914788380978759960e+04
1.761640740330725485e-01 1.882301828294573352e+04
1.724939891573835649e-01 1.851280239333166901e+04
1.688239042816945812e-01 1.819826944396123872e+04
1.651538194060055975e-01 1.789815270822199454e+04
1.614837345303166138e-01 1.759363351574319677e+04
1.578136496546276302e-01 1.730330424995650174e+04
1.541435647789386465e-01 1.700848915978208606e+04
1.504734799032494408e-01 1.672764478222668913e+04
1.468033950275606792e-01 1.644223322652745264e+04
1.431333101518714734e-01 1.617057997723932567e+04
1.394632252761824898e-01 1.589428011400244031e+04
1.357931404004935061e-01 1.563153276634907888e+04
1.321230555248045224e-01 1.536406124072323473e+04
1.284529706491155387e-01 1.510994292626148672e+04
1.247828857734265551e-01 1.485102466307377472e+04
1.211128008977373494e-01 1.460526662451527773e+04
1.174427160220485877e-01 1.435463462611547948e+04
1.137726311463593820e-01 1.411697603637332759e+04
1.101025462706703983e-01 1.387437120145378140e+04
1.064324613949814147e-01 1.364455906561262236e+04
1.027623765192924310e-01 1.340973001524423671e+04
9.909229164360344733e-02 1.318751866348918520e+04
9.542220676791446365e-02 1.296022129086015229e+04
9.175212189222525794e-02 1.274537241592062855e+04
8.808203701653649631e-02 1.252536995818069045e+04
8.441195214084729059e-02 1.231765236797007128e+04
8.074186726515830692e-02 1.210471510513144858e+04
7.707178238946932325e-02 1.190390455887294229e+04
7.340169751378033958e-02 1.169780968816538916e+04
6.973161263809135590e-02 1.150368859845928455e+04
6.606152776240237223e-02 1.130421989011651567e+04
6.239144288671316652e-02 1.111657720648485520e+04
5.872135801102440489e-02 1.092352491693978118e+04
5.505127313533519917e-02 1.074215595113524250e+04
5.138118825964621550e-02 1.055531660949426623e+04
4.771110338395723183e-02 1.038002278365834900e+04
4.404101850826824815e-02 1.019919907101504396e+04
4.037093363257926448e-02 1.002978787203290267e+04
3.670084875689028081e-02 9.854788457062644738e+03
3.303076388120107509e-02 9.691073332093819772e+03
2.936067900551231347e-02 9.521712748784922951e+03
2.569059412982310775e-02 9.363512607034774192e+03
2.202050925413412408e-02 9.199610808249375623e+03
1.835042437844514041e-02 9.046750132817845952e+03
1.468033950275615673e-02 8.888132668584099520e+03
1.101025462706717306e-02 8.740441384829824528e+03
7.340169751378189389e-03 8.586939120663482754e+03
3.670084875688983672e-03 8.444252274416954606e+03
2.220446049250313081e-16 8.295701151837542056e+03
-3.670084875688983672e-03 8.157858793278539451e+03
-7.340169751377745300e-03 8.014099783376210326e+03
-1.101025462706695102e-02 7.880946976575520239e+03
-1.468033950275593469e-02 7.741825953317857056e+03
-1.835042437844514041e-02 7.613212501653843901e+03
-2.202050925413390203e-02 7.478580228202964463e+03
-2.569059412982288571e-02 7.354360544278600173e+03
-2.936067900551209142e-02 7.224071949568221498e+03
-3.303076388120107509e-02 7.104105372633976003e+03
-3.670084875688983672e-02 6.978020035924282638e+03
-4.037093363257904244e-02 6.862169407665588551e+03
-4.404101850826802611e-02 6.740151788612333803e+03
-4.771110338395723183e-02 6.628284731009157440e+03
-5.138118825964599345e-02 6.510202734157312989e+03
-5.505127313533497713e-02 6.402190990336526738e+03
-5.872135801102418284e-02 6.287916864783038363e+03
-6.239144288671316652e-02 6.183636067605940298e+03
-6.606152776240192814e-02 6.073046023785920625e+03
-6.973161263809113386e-02 5.972375792030863522e+03
-7.340169751378011753e-02 5.865349923003848744e+03
-7.707178238946887916e-02 5.768173571051635008e+03
-8.074186726515808488e-02 5.664595660727340146e+03
-8.441195214084706855e-02 5.570800133984453169e+03
-8.808203701653627427e-02 5.470557537997554391e+03
-9.175212189222503589e-02 5.380033367462134265e+03
-9.542220676791401957e-02 5.283017034409247572e+03
-9.909229164360322528e-02 5.195658245386537601e+03
-1.027623765192922090e-01 5.101762538453130219e+03
-1.064324613949809706e-01 5.017466422211743520e+03
-1.101025462706701763e-01 4.926588961928287972e+03
-1.137726311463591600e-01 4.845256086550453801e+03
-1.174427160220483657e-01 4.757297723824004606e+03
-1.211128008977371273e-01 4.678831798093423458e+03
-1.247828857734261110e-01 4.593696487106738459e+03
-1.284529706491153167e-01 4.518004292720399462e+03
-1.321230555248043004e-01 4.435598998262607893e+03
-1.357931404004930620e-01 4.362590214888387891e+03
-1.394632252761822677e-01 4.282824836230958681e+03
-1.431333101518712514e-01 4.212412124134869373e+03
-1.468033950275604571e-01 4.135199422789964046e+03
-1.504734799032492187e-01 4.067298127833608305e+03
-1.541435647789382024e-01 3.992553586385842209e+03
-1.578136496546274081e-01 3.927081831946370585e+03
-1.614837345303163918e-01 3.854723641519699413e+03
-1.651538194060051534e-01 3.791602100897193850e+03
-1.688239042816943591e-01 3.721550961004114470e+03
-1.724939891573833428e-01 3.660702893484697142e+03
-1.761640740330725485e-01 3.592882099233342160e+03
-1.798341589087613102e-01 3.534233195154251916e+03
-1.835042437844502938e-01 3.468568419245871155e+03
-1.871743286601394995e-01 3.412046822869674088e+03
-1.908444135358284832e-01 3.348466134960738145e+03
-1.945144984115172448e-01 3.294002268254509090e+03
-1.981845832872064506e-01 3.232435993908036835e+03
-2.018546681628954342e-01 3.179962523727766893e+03
-2.055247530385846400e-01 3.120343218638699000e+03
-2.091948379142734016e-01 3.069794972890243116e+03
-2.128649227899623853e-01 3.012057331278126640e+03
-2.165350076656515910e-01 2.963371267816879481e+03
-2.202050925413405746e-01 2.907452053649588379e+03
-2.238751774170293363e-01 2.860567198716842995e+03
-2.275452622927185420e-01 2.806405219143524391e+03
-2.312153471684075257e-01 2.761262542466836749e+03
-2.348854320440967314e-01 2.708798513553925204e+03
-2.385555169197854930e-01 2.665340899486885064e+03
-2.422256017954744767e-01 2.614517466192809934e+03
-2.458956866711636824e-01 2.572689750273289064e+03
-2.495657715468526661e-01 2.523451410804394982e+03
-2.532358564225414277e-01 2.483200171570489601e+03
-2.569059412982306334e-01 2.435493184133840259e+03
-2.605760261739196171e-01 2.396766714372545721e+03
-2.642461110496088228e-01 2.350538982699265034e+03
-2.679161959252975844e-01 2.313287330118077989e+03
-2.715862808009865681e-01 2.268488528872054303e+03
-2.752563656766757738e-01 2.232663375725218884e+03
-2.789264505523647575e-01 2.189244744486929903e+03
-2.825965354280535191e-01 2.154799353016327132e+03
-2.862666203037427248e-01 2.112713694765148375e+03
-2.899367051794317085e-01 2.079602867449320456e+03
-2.936067900551209142e-01 2.038804483331948632e+03
-2.972768749308096758e-01 2.006984530957985044e+03
-3.009469598064986595e-01 1.967429248007545539e+03
-3.046170446821878652e-01 1.936857932078881731e+03
-3.082871295578768489e-01 1.898502930137729209e+03
-3.119572144335656105e-01 1.869139391631653552e+03
-3.156272993092548163e-01 1.831943200533655272e+03
-3.192973841849437999e-01 1.803748004757104582e+03
-3.229674690606325616e-01 1.767670588700809731e+03
-3.266375539363217673e-01 1.740605556142658315e+03
-3.303076388120107509e-01 1.705608088725119615e+03
-3.339777236876999567e-01 1.679636349680900139e+03
-3.376478085633889403e-01 1.645681270615527410e+03
-3.413178934390777020e-01 1.620767145990424524e+03
-3.449879783147669077e-01 1.587818119098498755e+03
-3.486580631904558913e-01 1.563927154234034788e+03
-3.523281480661446530e-01 1.531948949438656200e+03
-3.559982329418338587e-01 1.509047901630328170e+03
-3.596683178175228424e-01 1.478006454613681399e+03
-3.633384026932120481e-01 1.456063163424855475e+03
-3.670084875689010318e-01 1.425925511044777977e+03
-3.706785724445897934e-01 1.404908920509863947e+03
-3.743486573202789991e-01 1.375643239587644530e+03
-3.780187421959679828e-01 1.355523251776606912e+03
-3.816888270716567444e-01 1.327098270928546071e+03
-3.853589119473459501e-01 1.307846240631219644e+03
-3.890289968230349338e-01 1.280232544986900166e+03
-3.926990816987241395e-01 1.261819851437849593e+03
-3.963691665744131232e-01 1.234988222409954005e+03
-4.000392514501018848e-01 1.217388232928451771e+03
-4.037093363257910905e-01 1.191310723842626430e+03
-4.073794212014800742e-01 1.174497277482170148e+03
-4.110495060771688358e-01 1.149146767678886135e+03
-4.147195909528580415e-01 1.133094688261743158e+03
-4.183896758285470252e-01 1.108444901347127825e+03
-4.220597607042362309e-01 1.093129793672911546e+03
-4.257298455799252146e-01 1.069155251837006290e+03
-4.293999304556139762e-01 1.054553631083946811e+03
-4.330700153313031819e-01 1.031229707543554923e+03
-4.367401002069919436e-01 1.017318944161682680e+03
-4.404101850826811493e-01 9.946218147515105557e+02
-4.440802699583703550e-01 9.813800119069143193e+02
-4.477503548340591166e-01 9.592865790289715733e+02
-4.514204397097483223e-01 9.466926483170457232e+02
-4.550905245854370840e-01 9.251805655303890035e+02
-4.587606094611262897e-01 9.132141251500717090e+02
-4.624306943368154954e-01 8.922617017200165037e+02
-4.661007792125042570e-01 8.809031355651379727e+02
-4.697708640881930187e-01 8.604894016467120537e+02
-4.734409489638822244e-01 8.497197779486418767e+02
-4.771110338395709860e-01 8.298244038838156484e+02
-4.807811187152601917e-01 8.196254622682300806e+02
-4.844512035909493974e-01 8.002287538975681400e+02
-4.881212884666381591e-01 7.905829441583002790e+02
-4.917913733423273648e-01 7.716658599630980007e+02
-4.954614582180161264e-01 7.625561664733739917e+02
-4.991315430937053321e-01 7.441001881833853986e+02
-5.028016279693945378e-01 7.355102901463324088e+02
-5.064717128450832995e-01 7.174974926836289342e+02
-5.101417977207725052e-01 7.094116263909719464e+02
-5.138118825964612668e-01 6.918246330767789232e+02
-5.174819674721504725e-01 6.842276682846811582e+02
-5.211520523478396782e-01 6.670496558953311705e+02
-5.248221372235284399e-01 6.599270045347636824e+02
-5.284922220992172015e-01 6.431416462183289013e+02
-5.321623069749064072e-01 6.364792923985668267e+02
-5.358323918505951688e-01 6.200707670414714130e+02
-5.395024767262843746e-01 6.138551729993031358e+02
-5.431725616019735803e-01 5.978080956400547166e+02
-5.468426464776623419e-01 5.920262273432817892e+02
-5.505127313533515476e-01 5.763256648293876196e+02
-5.541828162290403093e-01 5.709650496848176999e+02
-5.578529011047295150e-01 5.555965834043047380e+02
-5.615229859804187207e-01 5.506452579784180443e+02
-5.651930708561074823e-01 5.355948443809461423e+02
-5.688631557317962439e-01 5.310412219285161655e+02
-5.725332406074854497e-01 5.162952345817051309e+02
-5.762033254831742113e-01 5.121282354309639686e+02
-5.798734103588638611e-01 4.976733964843080003e+02
-5.835434952345526227e-01 4.938823830622335436e+02
-5.872135801102413843e-01 4.797058630453142314e+02
-5.908836649859305901e-01 4.762806609223182477e+02
-5.945537498616193517e-01 4.623699486120517577e+02
-5.982238347373085574e-01 4.593007593918700877e+02
-6.018939196129977631e-01 4.456436927798087027e+02
-6.055640044886865248e-01 4.429211698303411708e+02
-6.092340893643757305e-01 4.295059357949120908e+02
-6.129041742400644921e-01 4.271210705116812960e+02
-6.165742591157536978e-01 4.139361491556393275e+02
-6.202443439914429035e-01 4.118803791460328512e+02
-6.239144288671316652e-01 3.989146098708544059e+02
-6.275845137428204268e-01 3.971797169759000781e+02
-6.312545986185096325e-01 3.844221909169855849e+02
-6.349246834941983941e-01 3.830004000110126867e+02
-6.385947683698880439e-01 3.704405352184069784e+02
-6.422648532455768056e-01 3.693242754952013911e+02
-6.459349381212655672e-01 3.569516251629842714e+02
-6.496050229969547729e-01 3.561338042393703063e+02
-6.532751078726435345e-01 3.439383301242290827e+02
-6.569451927483327403e-01 3.434121752581507394e+02
-6.606152776240219460e-01 3.313840393146448946e+02
-6.642853624997107076e-01 3.311430748924731233e+02
-6.679554473753999133e-01 3.192726176035769754e+02
-6.716255322510886749e-01 3.193107339011866088e+02
-6.752956171267778807e-01 3.075885886460380902e+02
-6.789657020024670864e-01 3.079000006066710853e+02
-6.826357868781558480e-01 2.963169901530015977e+02
-6.863058717538446096e-01 2.968962286890505311e+02
-6.899759566295338153e-01 2.854433933583126191e+02
-6.936460415052225770e-01 2.862851953682411477e+02
-6.973161263809122268e-01 2.749536564612707821e+02
-7.009862112566009884e-01 2.760531524429039791e+02
-7.046562961322897500e-01 2.648343017376557782e+02
-7.083263810079789558e-01 2.661868952236686710e+02
-7.119964658836677174e-01 2.550722822408854995e+02
-7.156665507593569231e-01 2.566737152388546974e+02
-7.193366356350461288e-01 2.456550504494652500e+02
-7.230067205107348904e-01 2.475013180904450678e+02
-7.266768053864240962e-01 2.365703457597376769e+02
-7.303468902621128578e-01 2.386577601073055916e+02
-7.340169751378020635e-01 2.278065920587055757e+02
-7.376870600134912692e-01 2.301316525662595609e+02
-7.413571448891800308e-01 2.193523229076046164e+02
-7.450272297648687925e-01 2.219116173087801940e+02
-7.486973146405579982e-01 2.111964247148624167e+02
-7.523673995162467598e-01 2.139872754833405963e+02
-7.560374843919364096e-01 2.033284733671812887e+02
-7.597075692676251712e-01 2.063481695846982689e+02
-7.633776541433139329e-01 1.957381722253478529e+02
-7.670477390190031386e-01 1.989843417163638435e+02
-7.707178238946919002e-01 1.884156335309220367e+02
-7.743879087703811059e-01 1.918861768866883608e+02
-7.780579936460703117e-01 1.813513524547572615e+02
-7.817280785217590733e-01 1.850443605436758503e+02
-7.853981633974478349e-01 1.745360186459282090e+02
-7.890682482731370406e-01 1.784499371887567349e+02
-7.927383331488262463e-01 1.679607898111387954e+02
-7.964084180245154521e-01 1.720942797919820748e+02
-8.000785029002042137e-01 1.616170357784826024e+02
-8.037485877758929753e-01 1.659690493582977240e+02
-8.074186726515821810e-01 1.554965052000206924e+02
-8.110887575272709427e-01 1.600661954742946307e+02
-8.147588424029601484e-01 1.495911032252680002e+02
-8.184289272786493541e-01 1.543779168673855224e+02
-8.220990121543381157e-01 1.438930671215030657e+02
-8.257690970300273214e-01 1.488967010413709318e+02
-8.294391819057160831e-01 1.383948869541929980e+02
-8.331092667814052888e-01 1.436152994639726330e+02
-8.367793516570944945e-01 1.330892623427659487e+02
-8.404494365327832561e-01 1.385267552830474642e+02
-8.441195214084720178e-01 1.279693468536065097e+02
-8.477896062841612235e-01 1.336244165679345315e+02
-8.514596911598504292e-01 1.230283145288026390e+02
-8.551297760355396349e-01 1.289017457886715192e+02
-8.587998609112283965e-01 1.182596346771181288e+02
-8.624699457869171582e-01 1.243524747190095638e+02
-8.661400306626063639e-01 1.136569598984776235e+02
-8.698101155382951255e-01 1.199705393478726592e+02
-8.734802004139843312e-01 1.092141567925960999e+02
-8.771502852896735369e-01 1.157501327254701664e+02
-8.808203701653622986e-01 1.049253727458190042e+02
-8.844904550410515043e-01 1.116856625390656745e+02
-8.881605399167402659e-01 1.007848813631835583e+02
-8.918306247924294716e-01 1.077716958738796222e+02
-8.955007096681186773e-01 9.678713657769787915e+01
-8.991707945438074390e-01 1.040030473096694834e+02
-9.028408794194962006e-01 9.292683988349023139e+01
-9.065109642951854063e-01 1.003746957559982320e+02
-9.101810491708746120e-01 8.919883080688418886e+01
-9.138511340465638177e-01 9.688179220029778094e+01
-9.175212189222525794e-01 8.559806499579008232e+01
-9.211913037979413410e-01 9.351967933018548251e+01
-9.248613886736305467e-01 8.211973684243730531e+01
-9.285314735493193083e-01 9.028385934582900063e+01
-9.322015584250085141e-01 7.875910789574413684e+01
-9.358716433006977198e-01 8.716998248527204396e+01
-9.395417281763864814e-01 7.551168313230630247e+01
-9.432118130520756871e-01 8.417388410058521231e+01
-9.468818979277644488e-01 7.237299840562297959e+01
-9.505519828034536545e-01 8.129143639647045916e+01
-9.542220676791428602e-01 6.933861348469861241e+01
-9.578921525548316218e-01 7.851881257483975673e+01
-9.615622374305203834e-01 6.640467349221898985e+01
-9.652323223062095892e-01 7.585251497422061107e+01
-9.689024071818983508e-01 6.356722989971672177e+01
-9.725724920575880006e-01 7.328902798390538464e+01
-9.762425769332767622e-01 6.082245195101654645e+01
-9.799126618089655238e-01 7.082487414306655182e+01
-9.835827466846547296e-01 5.816641446120047476e+01
-9.872528315603434912e-01 6.845664250078135638e+01
-9.909229164360326969e-01 5.559537455024815245e+01
-9.945930013117219026e-01 6.618114316692373222e+01
-9.982630861874106643e-01 5.310570901982191572e+01
-1.001933171063099870e+00 6.399532064342952253e+01
-1.005603255938788632e+00 5.069395829680308907e+01
-1.009273340814477837e+00 6.189625784067214909e+01
-1.012943425690167043e+00 4.835672058536374607e+01
-1.016613510565855805e+00 5.988120206956375569e+01
-1.020283595441544566e+00 4.609077090517087072e+01
-1.023953680317233772e+00 5.794756350558060376e+01
-1.027623765192922534e+00 4.389292429659224126e+01
-1.031293850068611739e+00 5.609278862591526149e+01
-1.034963934944300945e+00 4.175998100949550462e+01
-1.038634019819989707e+00 5.431435389640080302e+01
-1.042304104695678912e+00 3.968875837242217131e+01
-1.045974189571367674e+00 5.260996125321520367e+01
-1.049644274447056880e+00 3.767635380569174686e+01
-1.053314359322746085e+00 5.097747339097134045e+01
-1.056984444198434847e+00 3.571981963860184806e+01
-1.060654529074123609e+00 4.941478415588835560e+01
-1.064324613949812814e+00 3.381616188247062382e+01
-1.067994698825502020e+00 4.791986888254155019e+01
-1.071664783701191226e+00 3.196264674913311410e+01
-1.075334868576879988e+00 4.649080415846702863e+01
-1.079004953452568749e+00 3.015603710151776795e+01
-1.082675038328257955e+00 4.512523440818478093e+01
-1.086345123203946716e+00 2.839213003252166345e+01
-1.090015208079635922e+00 4.382199694274612511e+01
-1.093685292955325128e+00 2.667118295969532937e+01
-1.097355377831013890e+00 4.257892465294827389e+01
-1.101025462706703095e+00 2.498871308010757275e+01
-1.104695547582391857e+00 4.139601946902098462e+01
-1.108365632458081063e+00 2.334248188138656133e+01
-1.112035717333770268e+00 4.027095908467310892e+01
-1.115705802209459030e+00 2.172904009900435085e+01
-1.119375887085147792e+00 3.920237405201964975e+01
-1.123045971960836997e+00 2.014582719938175615e+01
-1.126716056836526203e+00 3.818916021214113243e+01
-1.130386141712215409e+00 1.858999200391315298e+01
-1.134056226587904170e+00 3.723029212062482429e+01
-1.137726311463592932e+00 1.705864716983103335e+01
-1.141396396339282138e+00 3.632479218967034740e+01
-1.145066481214970899e+00 1.554887746266194881e+01
-1.148736566090660105e+00 3.547185375058234058e+01
-1.152406650966349311e+00 1.405768040287057374e+01
-1.156076735842038072e+00 3.467075180120900768e+01
-1.159746820717727278e+00 1.258201114792052522e+01
-1.163416905593416040e+00 3.392091099704146018e+01
-1.167086990469105245e+00 1.111866804711235091e+01
-1.170757075344794451e+00 3.322183803177949812e+01
-1.174427160220483213e+00 9.664369745869748840e+00
-1.178097245096171974e+00 3.257324258968679942e+01
-1.181767329971861180e+00 8.215745558644584889e+00
-1.185437414847550386e+00 3.197494827147266960e+01
-1.189107499723239592e+00 6.769158197556862433e+00
-1.192777584598928353e+00 3.142685615812951028e+01
-1.196447669474617115e+00 5.320851659949880741e+00
-1.200117754350306321e+00 3.092916307333075565e+01
-1.203787839225995082e+00 3.866900187024384650e+00
-1.207457924101684288e+00 3.048223078653052198e+01
-1.211128008977373494e+00 2.403124356307671405e+00
-1.214798093853062255e+00 3.008656757328435560e+01
-1.218468178728751461e+00 9.249819733297499624e-01
-1.222138263604440223e+00 2.974286111614969741e+01
-1.225808348480129428e+00 -5.724116182386751461e-01
-1.229478433355818634e+00 2.945204669453539736e+01
-1.233148518231507396e+00 -2.094207169762512422e+00
-1.236818603107196157e+00 2.921538225286849411e+01
-1.240488687982885363e+00 -3.646111000111659450e+00
-1.244158772858574569e+00 2.903428520952752478e+01
-1.247828857734263330e+00 -5.234273105534157366e+00
-1.251498942609952536e+00 2.891063417900102195e+01
-1.255169027485641298e+00 -6.865391438042706795e+00
-1.258839112361330503e+00 2.884659850580283091e+01
-1.262509197237019265e+00 -8.546889491354249913e+00
-1.266179282112708471e+00 2.884477530225217379e+01
-1.269849366988397676e+00 -1.028690316932897986e+01
-1.273519451864086438e+00 2.890820811546450386e+01
-1.277189536739775200e+00 -1.209453293835008481e+01
-1.280859621615464405e+00 2.904043271080092836e+01
-1.284529706491153611e+00 -1.397995179073063809e+01
-1.288199791366842817e+00 2.924561572057837111e+01
-1.291869876242531578e+00 -1.595448703040392502e+01
-1.295539961118220340e+00 2.952855835239756743e+01
-1.299210045993909546e+00 -1.803096446451490920e+01
-1.302880130869598752e+00 2.989495644767998783e+01
-1.306550215745287513e+00 -2.022378940915587009e+01
-1.310220300620976719e+00 3.035133766759713581e+01
-1.313890385496665481e+00 -2.254947183955414403e+01
-1.317560470372354686e+00 3.090535341774591416e+01
-1.321230555248043448e+00 -2.502677856776017506e+01
-1.324900640123732654e+00 3.156597141076701973e+01
-1.328570724999421859e+00 -2.767717128850472363e+01
-1.332240809875110621e+00 3.234364484202592394e+01
-1.335910894750799383e+00 -3.052558551126071507e+01
-1.339580979626488588e+00 3.325054418382296717e+01
-1.343251064502177794e+00 -3.360092824252933497e+01
-1.346921149377867000e+00 3.430103477106058563e+01
-1.350591234253555761e+00 -3.693672401617141077e+01
-1.354261319129244523e+00 3.551215172284889832e+01
-1.357931404004933729e+00 -4.057236230012358646e+01
-1.361601488880622490e+00 3.690395800454632536e+01
-1.365271573756311696e+00 -4.455437240264359389e+01
-1.368941658632000902e+00 3.850029194855778769e+01
-1.372611743507689663e+00 -4.893790429567343381e+01
-1.376281828383378869e+00 4.032974355430690139e+01
-1.379951913259067631e+00 -5.378903528109367471e+01
-1.383621998134756836e+00 4.242718524388158130e+01
-1.387292083010446042e+00 -5.918631651289956608e+01
-1.390962167886134804e+00 4.483339593355913166e+01
-1.394632252761823565e+00 -6.522696967885985941e+01
-1.398302337637512771e+00 4.759934759196676168e+01
-1.401972422513201977e+00 -7.202777884567126421e+01
-1.405642507388891183e+00 5.078746710027485278e+01
-1.409312592264579944e+00 -7.973358274985980643e+01
-1.412982677140268706e+00 5.447483784220935377e+01
-1.416652762015957912e+00 -8.852430916928551596e+01
-1.420322846891646673e+00 5.875778731705031532e+01
-1.423992931767335879e+00 -9.862615522984742711e+01
-1.427663016643025085e+00 6.375809613641672513e+01
-1.431333101518713846e+00 -1.103267828799789640e+02
-1.435003186394403052e+00 6.963099761779210439e+01
-1.438673271270091814e+00 -1.239958013494435818e+02
-1.442343356145781019e+00 7.657732823761352847e+01
-1.446013441021470225e+00 -1.401159500793439747e+02
-1.449683525897158987e+00 8.485999077161068271e+01
-1.453353610772847748e+00 -1.593253551216791948e+02
-1.457023695648536954e+00 9.482942325664953387e+01
-1.460693780524226160e+00 -1.824840532215559961e+02
-1.464363865399915365e+00 1.069597909954293300e+02
-1.468033950275604127e+00 -2.107719113506011581e+02
-1.471704035151292889e+00 1.219059146086752889e+02
-1.475374120026982094e+00 -2.458426954199621832e+02
-1.479044204902670856e+00 1.405930687566707320e+02
-1.482714289778360062e+00 -2.900768028346956271e+02
-1.486384374654049267e+00 1.643609285360568038e+02
-1.490054459529738029e+00 -3.469860181513390671e+02
-1.493724544405426791e+00 1.952145325492656411e+02
-1.497394629281115996e+00 -4.219854916695842348e+02
-1.501064714156805202e+00 2.362407443469276132e+02
-1.504734799032494408e+00 -5.235498299749567650e+02
-1.508404883908183169e+00 2.924828382176292507e+02
-1.512074968783871931e+00 -6.664870589872900837e+02
-1.515745053659561137e+00 3.722901202586813270e+02
-1.519415138535250342e+00 -8.746547991078862196e+02
-1.523085223410939104e+00 4.916620721688826734e+02
-1.526755308286628310e+00 -1.204202747434550702e+03
-1.530425393162317071e+00 6.788635114952381855e+02
-1.534095478038006277e+00 -1.732084720667952524e+03
-1.537765562913695039e+00 1.008635849073253098e+03
-1.541435647789384245e+00 -2.837060771073937758e+03
-1.545105732665073450e+00 1.625589885552592932e+03
-1.548775817540762212e+00 -4.797535196460352381e+03
-1.552445902416450974e+00 3.148443266000895164e+03
-1.556115987292140179e+00 -1.352295352007070505e+04
-1.559786072167829385e+00 7.644159550114258309e+03
-1.563456157043518591e+00 -2.563878648593406251e+04
-1.567126241919207352e+00 -3.227370097128996349e+03
-1.570796326794896114e+00 1.901223122712349577e+05
