1.567126241919207574e+00 1.973787482700255111e+02
1.559786072167829607e+00 1.962805600328639173e+02
1.552445902416451418e+00 1.946900573802292627e+02
1.545105732665073450e+00 1.922255575172606541e+02
1.537765562913695483e+00 1.890204961758431068e+02
1.530425393162317516e+00 1.851023532176826336e+02
1.523085223410939326e+00 1.805321773370616540e+02
1.515745053659561359e+00 1.753730784252587682e+02
1.508404883908183391e+00 1.696950768330383994e+02
1.501064714156805424e+00 1.635715579847961862e+02
1.493724544405427235e+00 1.570778123957220203e+02
1.486384374654049267e+00 1.502891829136926560e+02
1.479044204902671300e+00 1.432794995793908868e+02
1.471704035151293333e+00 1.361196872708934791e+02
1.464363865399915365e+00 1.288766137396737861e+02
1.457023695648537176e+00 1.216121812719400879e+02
1.449683525897159209e+00 1.143826647351153269e+02
1.442343356145781241e+00 1.072382843743156400e+02
1.435003186394403052e+00 1.002229938266430054e+02
1.427663016643025085e+00 9.337445754948929277e+01
1.420322846891647117e+00 8.672418831846864862e+01
1.412982677140269150e+00 8.029781401217580594e+01
1.405642507388891183e+00 7.411544336394072729e+01
1.398302337637512993e+00 6.819210218073278895e+01
1.390962167886135026e+00 6.253821435923616434e+01
1.383621998134757058e+00 5.716010545450635050e+01
1.376281828383379091e+00 5.206051020683796082e+01
1.368941658632000902e+00 4.723906914514489586e+01
1.361601488880622934e+00 4.269280292860791093e+01
1.354261319129244967e+00 3.841655612725801916e+01
1.346921149377867000e+00 3.440340506105534502e+01
1.339580979626488810e+00 3.064502655869685555e+01
1.332240809875110843e+00 2.713202643883712639e+01
1.324900640123732876e+00 2.385422799491398038e+01
1.317560470372354908e+00 2.080092188432440281e+01
1.310220300620976719e+00 1.796107964012511360e+01
1.302880130869598752e+00 1.532353352129645607e+01
1.295539961118220784e+00 1.287712574975043367e+01
1.288199791366842817e+00 1.061083029344119133e+01
1.280859621615464849e+00 8.513850361616535523e+00
1.273519451864086660e+00 6.575694676252825666e+00
1.266179282112708471e+00 4.786235400793328765e+00
1.258839112361330725e+00 3.135750405934080387e+00
1.251498942609952536e+00 1.614952306648343994e+00
1.244158772858574569e+00 2.150064601935446351e-01
1.236818603107196601e+00 -1.072460137821361403e+00
1.229478433355818634e+00 -2.255357363349198785e+00
1.222138263604440667e+00 -3.341136402092501623e+00
1.214798093853062699e+00 -4.336798849231749742e+00
1.207457924101684510e+00 -5.248909389922395086e+00
1.200117754350306543e+00 -6.083611161928996758e+00
1.192777584598928575e+00 -6.846643026590720993e+00
1.185437414847550386e+00 -7.543358134758472389e+00
1.178097245096172418e+00 -8.178743262369557954e+00
1.170757075344794451e+00 -8.757438502527399748e+00
1.163416905593416484e+00 -9.283756987239794256e+00
1.156076735842038294e+00 -9.761704372065887370e+00
1.148736566090660327e+00 -1.019499788711778798e+01
1.141396396339282138e+00 -1.058708479209393083e+01
1.134056226587904170e+00 -1.094116013793684594e+01
1.126716056836526203e+00 -1.126018375158496276e+01
1.119375887085148236e+00 -1.154689639593064499e+01
1.112035717333770268e+00 -1.180383507709466251e+01
1.104695547582392301e+00 -1.203334748802557641e+01
1.097355377831014334e+00 -1.223760559709183937e+01
1.090015208079636366e+00 -1.241861839684881375e+01
1.082675038328257955e+00 -1.257824382746070668e+01
1.075334868576880210e+00 -1.271819991442896303e+01
1.067994698825502020e+00 -1.284007515016160816e+01
1.060654529074124053e+00 -1.294533814961462959e+01
1.053314359322746085e+00 -1.303534663004987060e+01
1.045974189571368118e+00 -1.311135573769621665e+01
1.038634019819990151e+00 -1.317452577209249043e+01
1.031293850068612183e+00 -1.322592934132143938e+01
1.023953680317233772e+00 -1.326655798017047339e+01
1.016613510565856027e+00 -1.329732829079888745e+01
1.009273340814477837e+00 -1.331908758387379343e+01
1.001933171063099870e+00 -1.333261912847869013e+01
9.945930013117217916e-01 -1.333864698289893447e+01
9.872528315603438243e-01 -1.333784045749455593e+01
9.799126618089658569e-01 -1.333081823706962155e+01
9.725724920575877785e-01 -1.331815218784324806e+01
9.652323223062098112e-01 -1.330037086924724221e+01
9.578921525548318439e-01 -1.327796277697384575e+01
9.505519828034537655e-01 -1.325137933782376365e+01
9.432118130520756871e-01 -1.322103766779415324e+01
9.358716433006977198e-01 -1.318732312470264745e+01
9.285314735493197524e-01 -1.315059166449308314e+01
9.211913037979416741e-01 -1.311117201484665173e+01
9.138511340465635957e-01 -1.306936768181733655e+01
9.065109642951857394e-01 -1.302545880470387551e+01
8.991707945438076610e-01 -1.297970387292839511e+01
8.918306247924296937e-01 -1.293234130919761959e+01
8.844904550410516153e-01 -1.288359093294926083e+01
8.771502852896736480e-01 -1.283365531532801640e+01
8.698101155382955696e-01 -1.278272103327028475e+01
8.624699457869174912e-01 -1.273095982826687411e+01
8.551297760355394129e-01 -1.267852967660762431e+01
8.477896062841615565e-01 -1.262557578823678206e+01
8.404494365327834782e-01 -1.257223152169883207e+01
8.331092667814055108e-01 -1.251861924128569648e+01
8.257690970300273214e-01 -1.246485110388286444e+01
8.184289272786494651e-01 -1.241102979616187518e+01
8.110887575272712757e-01 -1.235724920886419831e+01
8.037485877758933084e-01 -1.230359506977908346e+01
7.964084180245153410e-01 -1.225014553184620958e+01
7.890682482731373737e-01 -1.219697171415574921e+01
7.817280785217594063e-01 -1.214413820482753259e+01
7.743879087703812170e-01 -1.209170353417508359e+01
7.670477390190032496e-01 -1.203972060816250789e+01
7.597075692676251712e-01 -1.198823711353428756e+01
7.523673995162473149e-01 -1.193729589560516224e+01
7.450272297648692366e-01 -1.188693530943058363e+01
7.376870600134911582e-01 -1.183718954380564092e+01
7.303468902621131909e-01 -1.178808892729878366e+01
7.230067205107351125e-01 -1.173966021023653461e+01
7.156665507593571451e-01 -1.169192682771123870e+01
7.083263810079790668e-01 -1.164490914373323349e+01
7.009862112566009884e-01 -1.159862468227930421e+01
6.936460415052231321e-01 -1.155308833753988118e+01
6.863058717538450537e-01 -1.150831257419847020e+01
6.789657020024670864e-01 -1.146430760988481445e+01
6.716255322510890080e-01 -1.142108159274794232e+01
6.642853624997109296e-01 -1.137864075339101255e+01
6.569451927483328513e-01 -1.133698956570066585e+01
6.496050229969549950e-01 -1.129613087722137621e+01
6.422648532455768056e-01 -1.125606604415662559e+01
6.349246834941988382e-01 -1.121679505176432379e+01
6.275845137428208709e-01 -1.117831662759594913e+01
6.202443439914427925e-01 -1.114062834833636906e+01
6.129041742400648252e-01 -1.110372673647664499e+01
6.055640044886867468e-01 -1.106760735324732892e+01
5.982238347373086684e-01 -1.103226488411314854e+01
5.908836649859308121e-01 -1.099769321902953045e+01
5.835434952345527337e-01 -1.096388552579730735e+01
5.762033254831746554e-01 -1.093083432133644628e+01
5.688631557317964660e-01 -1.089853153307363343e+01
5.615229859804187207e-01 -1.086696856266446432e+01
5.541828162290405313e-01 -1.083613633888140271e+01
5.468426464776627860e-01 -1.080602537260539719e+01
5.395024767262843746e-01 -1.077662580445371532e+01
5.321623069749066293e-01 -1.074792744758129004e+01
5.248221372235284399e-01 -1.071991983164958562e+01
5.174819674721506946e-01 -1.069259224311336887e+01
5.101417977207725052e-01 -1.066593375914841779e+01
5.028016279693945378e-01 -1.063993328041546071e+01
4.954614582180163485e-01 -1.061457956301905270e+01
4.881212884666386032e-01 -1.058986125015094792e+01
4.807811187152604138e-01 -1.056576689614094633e+01
4.734409489638824464e-01 -1.054228499042801559e+01
4.661007792125040350e-01 -1.051940398058183668e+01
4.587606094611265117e-01 -1.049711229556836223e+01
4.514204397097483223e-01 -1.047539836270883562e+01
4.440802699583703550e-01 -1.045425062543414541e+01
4.367401002069921656e-01 -1.043365756199099081e+01
4.293999304556144203e-01 -1.041360769709758216e+01
4.220597607042360089e-01 -1.039408961978703516e+01
4.147195909528582636e-01 -1.037509199304804142e+01
4.073794212014800742e-01 -1.035660356599949417e+01
4.000392514501023289e-01 -1.033861318357214287e+01
3.926990816987243615e-01 -1.032110979672521367e+01
3.853589119473461722e-01 -1.030408247111924069e+01
3.780187421959682048e-01 -1.028752039535008400e+01
3.706785724445902375e-01 -1.027141288672611097e+01
3.633384026932122701e-01 -1.025574939809404285e+01
3.559982329418340807e-01 -1.024051952279917899e+01
3.486580631904561134e-01 -1.022571300027892072e+01
3.413178934390781460e-01 -1.021131971935034066e+01
3.339777236877001787e-01 -1.019732972294054818e+01
3.266375539363217673e-01 -1.018373320569247120e+01
3.192973841849440220e-01 -1.017052053367905273e+01
3.119572144335660546e-01 -1.015768222613930760e+01
3.046170446821880873e-01 -1.014520896573439401e+01
2.972768749308098979e-01 -1.013309160199724168e+01
2.899367051794319305e-01 -1.012132115005552535e+01
2.825965354280539632e-01 -1.010988879064768398e+01
2.752563656766759959e-01 -1.009878587316386245e+01
2.679161959252978065e-01 -1.008800391488298764e+01
2.605760261739198391e-01 -1.007753459943495855e+01
2.532358564225418718e-01 -1.006736977771073782e+01
2.458956866711639044e-01 -1.005750146582573912e+01
2.385555169197857150e-01 -1.004792184605710226e+01
2.312153471684077477e-01 -1.003862326583080034e+01
2.238751774170297804e-01 -1.002959823559858066e+01
2.165350076656518130e-01 -1.002083942808359751e+01
2.091948379142736236e-01 -1.001233967558443361e+01
2.018546681628956563e-01 -1.000409196808897150e+01
1.945144984115176889e-01 -9.996089458715170295e+00
1.871743286601397216e-01 -9.988325454104691303e+00
1.798341589087615322e-01 -9.980793412306162793e+00
1.724939891573835649e-01 -9.973486942597107330e+00
1.651538194060055975e-01 -9.966399804559348041e+00
1.578136496546276302e-01 -9.959525907003506262e+00
1.504734799032494408e-01 -9.952859302948789733e+00
1.431333101518714734e-01 -9.946394190796464585e+00
1.357931404004935061e-01 -9.940124909596145031e+00
1.284529706491155387e-01 -9.934045935142410855e+00
1.211128008977373494e-01 -9.928151878637820005e+00
1.137726311463593820e-01 -9.922437485584989503e+00
1.064324613949814147e-01 -9.916897637343032201e+00
9.909229164360344733e-02 -9.911527340265735120e+00
9.175212189222525794e-02 -9.906321726645527903e+00
8.441195214084729059e-02 -9.901276056014374660e+00
7.707178238946932325e-02 -9.896385710362343602e+00
6.973161263809135590e-02 -9.891646189882235873e+00
6.239144288671316652e-02 -9.887053112271798838e+00
5.505127313533519917e-02 -9.882602208951114520e+00
4.771110338395723183e-02 -9.878289322697371588e+00
4.037093363257926448e-02 -9.874110407354681485e+00
3.303076388120107509e-02 -9.870061528244240989e+00
2.569059412982310775e-02 -9.866138853235543849e+00
1.835042437844514041e-02 -9.862338651253658384e+00
1.101025462706717306e-02 -9.858657294348255107e+00
3.670084875688983672e-03 -9.855091253806653739e+00
-3.670084875688983672e-03 -9.851637092908100968e+00
-1.101025462706695102e-02 -9.848291471329332580e+00
-1.835042437844514041e-02 -9.845051143259185622e+00
-2.569059412982288571e-02 -9.841912955551222808e+00
-3.303076388120107509e-02 -9.838873825807869622e+00
-4.037093363257904244e-02 -9.835930782214923340e+00
-4.771110338395723183e-02 -9.833080915253235688e+00
-5.505127313533497713e-02 -9.830321407265588007e+00
-6.239144288671316652e-02 -9.827649517017972514e+00
-6.973161263809113386e-02 -9.825062582357972474e+00
-7.707178238946887916e-02 -9.822558016147464599e+00
-8.441195214084706855e-02 -9.820133303203061104e+00
-9.175212189222503589e-02 -9.817786000998690810e+00
-9.909229164360322528e-02 -9.815513738711175051e+00
-1.064324613949809706e-01 -9.813314212812484172e+00
-1.137726311463591600e-01 -9.811185185504331940e+00
-1.211128008977371273e-01 -9.809124484531579924e+00
-1.284529706491153167e-01 -9.807130000729111785e+00
-1.357931404004930620e-01 -9.805199684799834614e+00
-1.431333101518712514e-01 -9.803331549911947107e+00
-1.504734799032492187e-01 -9.801523665363342630e+00
-1.578136496546274081e-01 -9.799774158195777574e+00
-1.651538194060051534e-01 -9.798081210045516798e+00
-1.724939891573833428e-01 -9.796443055568259339e+00
-1.798341589087613102e-01 -9.794857982885092795e+00
-1.871743286601394995e-01 -9.793324330357091156e+00
-1.945144984115172448e-01 -9.791840486533567756e+00
-2.018546681628954342e-01 -9.790404887373743037e+00
-2.091948379142734016e-01 -9.789016015277429261e+00
-2.165350076656515910e-01 -9.787672398031876497e+00
-2.238751774170293363e-01 -9.786372608681768170e+00
-2.312153471684075257e-01 -9.785115262327341412e+00
-2.385555169197854930e-01 -9.783899015313386016e+00
-2.458956866711636824e-01 -9.782722565918044566e+00
-2.532358564225414277e-01 -9.781584652668611213e+00
-2.605760261739196171e-01 -9.780484050102531413e+00
-2.679161959252975844e-01 -9.779419570811091589e+00
-2.752563656766757738e-01 -9.778390064119545144e+00
-2.825965354280535191e-01 -9.777394414576143333e+00
-2.899367051794317085e-01 -9.776431540081278015e+00
-2.972768749308096758e-01 -9.775500392309204756e+00
-3.046170446821878652e-01 -9.774599955618381131e+00
-3.119572144335658326e-01 -9.773729242759195301e+00
-3.192973841849437999e-01 -9.772887301167473950e+00
-3.266375539363217673e-01 -9.772073205751182101e+00
-3.339777236876999567e-01 -9.771286060046032063e+00
-3.413178934390777020e-01 -9.770524994797630924e+00
-3.486580631904558913e-01 -9.769789168854430272e+00
-3.559982329418338587e-01 -9.769077765705063143e+00
-3.633384026932120481e-01 -9.768389996842664402e+00
-3.706785724445900154e-01 -9.767725096093865744e+00
-3.780187421959679828e-01 -9.767082320049034649e+00
-3.853589119473459501e-01 -9.766460954827813623e+00
-3.926990816987243615e-01 -9.765860303058103042e+00
-4.000392514501018848e-01 -9.765279687162115252e+00
-4.073794212014802962e-01 -9.764718459096553005e+00
-4.147195909528580415e-01 -9.764175986613333080e+00
-4.220597607042362309e-01 -9.763651656842231574e+00
-4.293999304556139762e-01 -9.763144876108690084e+00
-4.367401002069919436e-01 -9.762655070715027250e+00
-4.440802699583703550e-01 -9.762181685512139495e+00
-4.514204397097483223e-01 -9.761724181907251108e+00
-4.587606094611262897e-01 -9.761282038952781903e+00
-4.661007792125042570e-01 -9.760854751736298240e+00
-4.734409489638822244e-01 -9.760441833040863102e+00
-4.807811187152601917e-01 -9.760042808927966718e+00
-4.881212884666381591e-01 -9.759657223435118212e+00
-4.954614582180161264e-01 -9.759284632857514907e+00
-5.028016279693945378e-01 -9.758924607931451334e+00
-5.101417977207725052e-01 -9.758576733272150250e+00
-5.174819674721504725e-01 -9.758240607653929644e+00
-5.248221372235284399e-01 -9.757915842070802981e+00
-5.321623069749064072e-01 -9.757602061156182671e+00
-5.395024767262843746e-01 -9.757298900495470662e+00
-5.468426464776623419e-01 -9.757006007442249995e+00
-5.541828162290403093e-01 -9.756723039522768204e+00
-5.615229859804187207e-01 -9.756449669990688633e+00
-5.688631557317962439e-01 -9.756185577465220859e+00
-5.762033254831742113e-01 -9.755930453972515792e+00
-5.835434952345526227e-01 -9.755683999354392455e+00
-5.908836649859305901e-01 -9.755445925770700910e+00
-5.982238347373085574e-01 -9.755215953261778594e+00
-6.055640044886865248e-01 -9.754993810576573665e+00
-6.129041742400644921e-01 -9.754779236516728957e+00
-6.202443439914429035e-01 -9.754571977510675396e+00
-6.275845137428204268e-01 -9.754371788428350953e+00
-6.349246834941983941e-01 -9.754178434219211269e+00
-6.422648532455768056e-01 -9.753991683937982771e+00
-6.496050229969547729e-01 -9.753811315618827749e+00
-6.569451927483327403e-01 -9.753637115083261477e+00
-6.642853624997107076e-01 -9.753468875687197226e+00
-6.716255322510886749e-01 -9.753306395949049801e+00
-6.789657020024670864e-01 -9.753149482806398041e+00
-6.863058717538446096e-01 -9.752997950048371223e+00
-6.936460415052225770e-01 -9.752851614644750811e+00
-7.009862112566009884e-01 -9.752710300638899099e+00
-7.083263810079789558e-01 -9.752573838348315149e+00
-7.156665507593569231e-01 -9.752442065044863995e+00
-7.230067205107348904e-01 -9.752314821758121255e+00
-7.303468902621128578e-01 -9.752191956412046281e+00
-7.376870600134912692e-01 -9.752073319001123508e+00
-7.450272297648687925e-01 -9.751958767204360612e+00
-7.523673995162467598e-01 -9.751848160794004627e+00
-7.597075692676251712e-01 -9.751741367767380098e+00
-7.670477390190031386e-01 -9.751638257993384684e+00
-7.743879087703811059e-01 -9.751538706836475612e+00
-7.817280785217590733e-01 -9.751442592867091363e+00
-7.890682482731370406e-01 -9.751349798666312907e+00
-7.964084180245154521e-01 -9.751260212110356207e+00
-8.037485877758929753e-01 -9.751173723848163277e+00
-8.110887575272709427e-01 -9.751090228766575052e+00
-8.184289272786493541e-01 -9.751009623999149056e+00
-8.257690970300273214e-01 -9.750931810411438860e+00
-8.331092667814052888e-01 -9.750856692670659243e+00
-8.404494365327832561e-01 -9.750784179155155940e+00
-8.477896062841612235e-01 -9.750714182040095324e+00
-8.551297760355396349e-01 -9.750646614468470474e+00
-8.624699457869171582e-01 -9.750581393097712990e+00
-8.698101155382951255e-01 -9.750518437010422090e+00
-8.771502852896735369e-01 -9.750457668573037751e+00
-8.844904550410515043e-01 -9.750399013422802241e+00
-8.918306247924294716e-01 -9.750342398786917997e+00
-8.991707945438074390e-01 -9.750287754477186652e+00
-9.065109642951854063e-01 -9.750235013559834130e+00
-9.138511340465638177e-01 -9.750184110072256161e+00
-9.211913037979413410e-01 -9.750134981399028788e+00
-9.285314735493193083e-01 -9.750087565209341278e+00
-9.358716433006977198e-01 -9.750041804188116501e+00
-9.432118130520756871e-01 -9.749997640106082386e+00
-9.505519828034536545e-01 -9.749955014975741463e+00
-9.578921525548316218e-01 -9.749913876812531299e+00
-9.652323223062095892e-01 -9.749874178365990574e+00
-9.725724920575880006e-01 -9.749835871198030190e+00
-9.799126618089655238e-01 -9.749798905917629099e+00
-9.872528315603434912e-01 -9.749763233948126384e+00
-9.945930013117219026e-01 -9.749728810128940992e+00
-1.001933171063099870e+00 -9.749695590695365510e+00
-1.009273340814477837e+00 -9.749663533486799594e+00
-1.016613510565855805e+00 -9.749632599404455036e+00
-1.023953680317233772e+00 -9.749602750888094249e+00
-1.031293850068611739e+00 -9.749573949743435719e+00
-1.038634019819989707e+00 -9.749546158177032851e+00
-1.045974189571367674e+00 -9.749519341931121019e+00
-1.053314359322746085e+00 -9.749493468271570151e+00
-1.060654529074123609e+00 -9.749468503809719522e+00
-1.067994698825502020e+00 -9.749444416317716744e+00
-1.075334868576879988e+00 -9.749421172465755348e+00
-1.082675038328257955e+00 -9.749398746008425931e+00
-1.090015208079635922e+00 -9.749377095638216417e+00
-1.097355377831013890e+00 -9.749356229908393345e+00
-1.104695547582391857e+00 -9.749336078288033391e+00
-1.112035717333770268e+00 -9.749316640849785998e+00
-1.119375887085147792e+00 -9.749297883661837361e+00
-1.126716056836526203e+00 -9.749279785070195103e+00
-1.134056226587904170e+00 -9.749262320959568129e+00
-1.141396396339282138e+00 -9.749245468906314827e+00
-1.148736566090660105e+00 -9.749229206350447541e+00
-1.156076735842038072e+00 -9.749213512707875395e+00
-1.163416905593416040e+00 -9.749198366619271638e+00
-1.170757075344794451e+00 -9.749183748008309891e+00
-1.178097245096171974e+00 -9.749169637313860548e+00
-1.185437414847550386e+00 -9.749156016358732302e+00
-1.192777584598928353e+00 -9.749142864792792906e+00
-1.200117754350306321e+00 -9.749130166018382226e+00
-1.207457924101684288e+00 -9.749117903031780941e+00
-1.214798093853062255e+00 -9.749106059065088203e+00
-1.222138263604440223e+00 -9.749094615845754319e+00
-1.229478433355818634e+00 -9.749083557111394072e+00
-1.236818603107196157e+00 -9.749072867133840248e+00
-1.244158772858574569e+00 -9.749062528788670079e+00
-1.251498942609952536e+00 -9.749052526510135763e+00
-1.258839112361330503e+00 -9.749042845189570983e+00
-1.266179282112708471e+00 -9.749033468879012787e+00
-1.273519451864086438e+00 -9.749024381913619308e+00
-1.280859621615464405e+00 -9.749015567868575260e+00
-1.288199791366842817e+00 -9.749007010165602338e+00
-1.295539961118220340e+00 -9.748998692047598169e+00
-1.302880130869598752e+00 -9.748990596346184034e+00
-1.310220300620976719e+00 -9.748982705076041810e+00
-1.317560470372354686e+00 -9.748974998907371514e+00
-1.324900640123732654e+00 -9.748967458456757385e+00
-1.332240809875110621e+00 -9.748960062643513780e+00
-1.339580979626488588e+00 -9.748952785920351971e+00
-1.346921149377867000e+00 -9.748945603327079823e+00
-1.354261319129244523e+00 -9.748938486861435493e+00
-1.361601488880622490e+00 -9.748931404033303494e+00
-1.368941658632000902e+00 -9.748924318219350127e+00
-1.376281828383378869e+00 -9.748917185992374002e+00
-1.383621998134756836e+00 -9.748909955028072005e+00
-1.390962167886134804e+00 -9.748902575564013517e+00
-1.398302337637512771e+00 -9.748894969828056034e+00
-1.405642507388891183e+00 -9.748887056697160602e+00
-1.412982677140268706e+00 -9.748878732562065608e+00
-1.420322846891646673e+00 -9.748869868330658051e+00
-1.427663016643025085e+00 -9.748860306611284443e+00
-1.435003186394403052e+00 -9.748849841164798136e+00
-1.442343356145781019e+00 -9.748838209066166272e+00
-1.449683525897158987e+00 -9.748825061465428377e+00
-1.457023695648536954e+00 -9.748809938417375420e+00
-1.464363865399915365e+00 -9.748792206429689244e+00
-1.471704035151292889e+00 -9.748770997004211125e+00
-1.479044204902670856e+00 -9.748745043173803637e+00
-1.486384374654049267e+00 -9.748712591820581252e+00
-1.493724544405426791e+00 -9.748670595950262197e+00
-1.501064714156805202e+00 -9.748615830701591989e+00
-1.508404883908183169e+00 -9.748536841164526123e+00
-1.515745053659561137e+00 -9.748438370628655036e+00
-1.523085223410939104e+00 -9.748229473973811565e+00
-1.530425393162317071e+00 -9.748137129636852194e+00
-1.537765562913695039e+00 -9.746932973595708205e+00
-1.545105732665073450e+00 -9.749036849139256944e+00
-1.552445902416450974e+00 -9.732795044878125523e+00
-1.559786072167829385e+00 -9.800510814160482198e+00
-1.567126241919207352e+00 -9.521142148363590962e+00
