1.570796326794896558e+00 -1.588706562538228929e+07
1.567126241919207574e+00 -1.598536212770281173e+07
1.563456157043518591e+00 -1.591602278277033567e+07
1.559786072167829607e+00 -1.585411671001372114e+07
1.556115987292140623e+00 -1.583360012012916431e+07
1.552445902416451418e+00 -1.573863442689482123e+07
1.548775817540762434e+00 -1.565770762385708280e+07
1.545105732665073450e+00 -1.554439993254607916e+07
1.541435647789384467e+00 -1.543283773091782257e+07
1.537765562913695483e+00 -1.529176477047991939e+07
1.534095478038006499e+00 -1.514900896592963301e+07
1.530425393162317516e+00 -1.498207847942816839e+07
1.526755308286628532e+00 -1.481200021240706928e+07
1.523085223410939326e+00 -1.462068293237570301e+07
1.519415138535250342e+00 -1.442581990639125928e+07
1.515745053659561359e+00 -1.421255199238066748e+07
1.512074968783872375e+00 -1.399582481217193045e+07
1.508404883908183391e+00 -1.376326327883235551e+07
1.504734799032494408e+00 -1.352761551660943963e+07
1.501064714156805424e+00 -1.327862111614698730e+07
1.497394629281116440e+00 -1.302707450025098585e+07
1.493724544405427235e+00 -1.276458101763690636e+07
1.490054459529738251e+00 -1.250015847926554084e+07
1.486384374654049267e+00 -1.222709986906955205e+07
1.482714289778360284e+00 -1.195277501056336612e+07
1.479044204902671300e+00 -1.167201615191562846e+07
1.475374120026982316e+00 -1.139065880249618739e+07
1.471704035151293333e+00 -1.110494033721986599e+07
1.468033950275604349e+00 -1.081927079577693716e+07
1.464363865399915365e+00 -1.053116432314851880e+07
1.460693780524226160e+00 -1.024371555169191025e+07
1.457023695648537176e+00 -9.955589619422517717e+06
1.453353610772848192e+00 -9.668678667651185766e+06
1.449683525897159209e+00 -9.382674830343754962e+06
1.446013441021470225e+00 -9.098383307843256742e+06
1.442343356145781241e+00 -8.816401547757986933e+06
1.438673271270092258e+00 -8.536564667817156762e+06
1.435003186394403052e+00 -8.260257185483390465e+06
1.431333101518714068e+00 -7.986460520872041583e+06
1.427663016643025085e+00 -7.717232758670805022e+06
1.423992931767336101e+00 -7.450815649172719568e+06
1.420322846891647117e+00 -7.189833323476778343e+06
1.416652762015958134e+00 -6.931897770032806322e+06
1.412982677140269150e+00 -6.680098669916900806e+06
1.409312592264580166e+00 -6.431522528126129881e+06
1.405642507388891183e+00 -6.189631887983088382e+06
1.401972422513201977e+00 -5.951085222093851306e+06
1.398302337637512993e+00 -5.719633563150651753e+06
1.394632252761824009e+00 -5.491597113371797837e+06
1.390962167886135026e+00 -5.270939577462254092e+06
1.387292083010446042e+00 -5.053724418472720310e+06
1.383621998134757058e+00 -4.844060756390023977e+06
1.379951913259068075e+00 -4.637828366086353548e+06
1.376281828383379091e+00 -4.439222885456701741e+06
1.372611743507690107e+00 -4.244004980903101154e+06
1.368941658632000902e+00 -4.056405918978216592e+06
1.365271573756311918e+00 -3.872123569778754842e+06
1.361601488880622934e+00 -3.695381468963476829e+06
1.357931404004933951e+00 -3.521863112154141068e+06
1.354261319129244967e+00 -3.355747917286286596e+06
1.350591234253555983e+00 -3.192746025453267153e+06
1.346921149377867000e+00 -3.036962713465724606e+06
1.343251064502177794e+00 -2.884168957553576678e+06
1.339580979626488810e+00 -2.738371603302520700e+06
1.335910894750799827e+00 -2.595430437789016869e+06
1.332240809875110843e+00 -2.459234687256789766e+06
1.328570724999421859e+00 -2.325755347393977921e+06
1.324900640123732876e+00 -2.198749324559804983e+06
1.321230555248043892e+00 -2.074316275819923729e+06
1.317560470372354908e+00 -1.956069989741714438e+06
1.313890385496665925e+00 -1.840251905480640940e+06
1.310220300620976719e+00 -1.730325251985249808e+06
1.306550215745287735e+00 -1.622682620319124777e+06
1.302880130869598752e+00 -1.520632090688369935e+06
1.299210045993909768e+00 -1.420723565821154974e+06
1.295539961118220784e+00 -1.326107784703082871e+06
1.291869876242531801e+00 -1.233495406675685896e+06
1.288199791366842817e+00 -1.145879624568486121e+06
1.284529706491153611e+00 -1.060133032535635401e+06
1.280859621615464849e+00 -9.790926971132217441e+05
1.277189536739775644e+00 -8.997924584332359955e+05
1.273519451864086660e+00 -8.249159836948809680e+05
1.269849366988397676e+00 -7.516561559477290139e+05
1.266179282112708693e+00 -6.825470006627467228e+05
1.262509197237019709e+00 -6.149370351873163600e+05
1.258839112361330725e+00 -5.512151935590949142e+05
1.255169027485641742e+00 -4.888812802098264219e+05
1.251498942609952536e+00 -4.301842783091104357e+05
1.247828857734263552e+00 -3.727702218093271949e+05
1.244158772858574569e+00 -3.187537026862055063e+05
1.240488687982885585e+00 -2.659214107002782403e+05
1.236818603107196601e+00 -2.162593819816774921e+05
1.233148518231507618e+00 -1.676890354323661595e+05
1.229478433355818634e+00 -1.220738437569280795e+05
1.225808348480129428e+00 -7.746381088905473007e+04
1.222138263604440667e+00 -3.560589876104946597e+04
1.218468178728751461e+00 5.327553599339560606e+03
1.214798093853062699e+00 4.370006085094905575e+04
1.211128008977373494e+00 8.122321378862555139e+04
1.207457924101684510e+00 1.163650503220146929e+05
1.203787839225995526e+00 1.507272985358545266e+05
1.200117754350306543e+00 1.828766962088856380e+05
1.196447669474617559e+00 2.143112009045794257e+05
1.192777584598928575e+00 2.436905941652831971e+05
1.189107499723239592e+00 2.724149960703446413e+05
1.185437414847550386e+00 2.992317710634986870e+05
1.181767329971861402e+00 3.254489419648757903e+05
1.178097245096172418e+00 3.498962101328063873e+05
1.174427160220483435e+00 3.737950246419867035e+05
1.170757075344794451e+00 3.960524059494867106e+05
1.167086990469105467e+00 4.178085194806262734e+05
1.163416905593416484e+00 4.380429227460001130e+05
1.159746820717727278e+00 4.578195440709745744e+05
1.156076735842038294e+00 4.761859353747107089e+05
1.152406650966349311e+00 4.941345852963408688e+05
1.148736566090660327e+00 5.107767364855871419e+05
1.145066481214971343e+00 5.270379852876421064e+05
1.141396396339282360e+00 5.420891974959035870e+05
1.137726311463593376e+00 5.567933766077761538e+05
1.134056226587904170e+00 5.703771751366985263e+05
1.130386141712215409e+00 5.836450593896672362e+05
1.126716056836526203e+00 5.958758567932918668e+05
1.123045971960837219e+00 6.078193150583280949e+05
1.119375887085148236e+00 6.188030411745369202e+05
1.115705802209459252e+00 6.295256535795123782e+05
1.112035717333770268e+00 6.393603513532393845e+05
1.108365632458081285e+00 6.489579928207956254e+05
1.104695547582392301e+00 6.577343800371336984e+05
1.101025462706703095e+00 6.662957696880917065e+05
1.097355377831014334e+00 6.740977670357946772e+05
1.093685292955325128e+00 6.817049845970624592e+05
1.090015208079636366e+00 6.886102101813540794e+05
1.086345123203947161e+00 6.953391793283186853e+05
1.082675038328258177e+00 7.014194113144739531e+05
1.079004953452569193e+00 7.073403516203126637e+05
1.075334868576880210e+00 7.126619599134298041e+05
1.071664783701191226e+00 7.178398083538599312e+05
1.067994698825502020e+00 7.224641565618223976e+05
1.064324613949813259e+00 7.269589600410877028e+05
1.060654529074124053e+00 7.309427795031146379e+05
1.056984444198435069e+00 7.348100599312392296e+05
1.053314359322746085e+00 7.382057970936568454e+05
1.049644274447057102e+00 7.414968903571807314e+05
1.045974189571368118e+00 7.443530287531707436e+05
1.042304104695678912e+00 7.471153988006378058e+05
1.038634019819990151e+00 7.494767584137029480e+05
1.034963934944300945e+00 7.517542896606083959e+05
1.031293850068612183e+00 7.536623017920982093e+05
1.027623765192922978e+00 7.554955668918589363e+05
1.023953680317233994e+00 7.569885330488692271e+05
1.020283595441545010e+00 7.584150459068513010e+05
1.016613510565856027e+00 7.595283710647422122e+05
1.012943425690167043e+00 7.605828144077146426e+05
1.009273340814477837e+00 7.613492284260991728e+05
1.005603255938789076e+00 7.620636691471245140e+05
1.001933171063099870e+00 7.625134277753040660e+05
9.982630861874108863e-01 7.629175137503778096e+05
9.945930013117219026e-01 7.630785855863229372e+05
9.909229164360329190e-01 7.631997278927718289e+05
9.872528315603439353e-01 7.630979667181193363e+05
9.835827466846548406e-01 7.629615077739311382e+05
9.799126618089658569e-01 7.626208117642727448e+05
9.762425769332768732e-01 7.622501808015980059e+05
9.725724920575878896e-01 7.616926394928725203e+05
9.689024071818987949e-01 7.611094959655711427e+05
9.652323223062098112e-01 7.603555258156969212e+05
9.615622374305208275e-01 7.595798917301571928e+05
9.578921525548318439e-01 7.586483614223718178e+05
9.542220676791427492e-01 7.576987436789865606e+05
9.505519828034537655e-01 7.566070896616829559e+05
9.468818979277647818e-01 7.555005928602661006e+05
9.432118130520757981e-01 7.542649257935686037e+05
9.395417281763867035e-01 7.530173562285365770e+05
9.358716433006978308e-01 7.516525596768257674e+05
9.322015584250087361e-01 7.502785218022187473e+05
9.285314735493197524e-01 7.487983430952397175e+05
9.248613886736306577e-01 7.473113282436924055e+05
9.211913037979417851e-01 7.457284624420243781e+05
9.175212189222526904e-01 7.441409308393684914e+05
9.138511340465637067e-01 7.424670981100628851e+05
9.101810491708746120e-01 7.407905545694554457e+05
9.065109642951857394e-01 7.390365721184449503e+05
9.028408794194966447e-01 7.372816362849602010e+05
8.991707945438076610e-01 7.354574843610544922e+05
8.955007096681185663e-01 7.336339552934782114e+05
8.918306247924296937e-01 7.317488383927915711e+05
8.881605399167405990e-01 7.298657544570765458e+05
8.844904550410516153e-01 7.279281579048492713e+05
8.808203701653625206e-01 7.259938521195414942e+05
8.771502852896736480e-01 7.240115944288562750e+05
8.734802004139845533e-01 7.220337456311492715e+05
8.698101155382955696e-01 7.200140268310594838e+05
8.661400306626065859e-01 7.179997070894922363e+05
8.624699457869176022e-01 7.159491536154439673e+05
8.587998609112286186e-01 7.139048720230003819e+05
8.551297760355395239e-01 7.118295779717323603e+05
8.514596911598505402e-01 7.097613211629160214e+05
8.477896062841615565e-01 7.076668870309144258e+05
8.441195214084725729e-01 7.055801569768139161e+05
8.404494365327834782e-01 7.034717248424963327e+05
8.367793516570944945e-01 7.013715735647270922e+05
8.331092667814055108e-01 6.992538603327529272e+05
8.294391819057165272e-01 6.971449221447611926e+05
8.257690970300274325e-01 6.950222500020628795e+05
8.220990121543384488e-01 6.929087715946258977e+05
8.184289272786494651e-01 6.907850963289290667e+05
8.147588424029604814e-01 6.886709644471169449e+05
8.110887575272713867e-01 6.865499017208337318e+05
8.074186726515824031e-01 6.844386689162777038e+05
8.037485877758934194e-01 6.823235185945519479e+05
8.000785029002044357e-01 6.802184271334824152e+05
7.964084180245153410e-01 6.781121961356650572e+05
7.927383331488263574e-01 6.760162003403739072e+05
7.890682482731373737e-01 6.739216234260296915e+05
7.853981633974483900e-01 6.718374101466046413e+05
7.817280785217594063e-01 6.697569695203551091e+05
7.780579936460703117e-01 6.676869772862736136e+05
7.743879087703813280e-01 6.656229208351860289e+05
7.707178238946922333e-01 6.635693578215809539e+05
7.670477390190033606e-01 6.615237158513817703e+05
7.633776541433142659e-01 6.594885762266542297e+05
7.597075692676252823e-01 6.574631772192305652e+05
7.560374843919361876e-01 6.554482566888382426e+05
7.523673995162473149e-01 6.534447418453693390e+05
7.486973146405582202e-01 6.514516519338162616e+05
7.450272297648692366e-01 6.494714887799941935e+05
7.413571448891801419e-01 6.475016701592628378e+05
7.376870600134912692e-01 6.455461651149801910e+05
7.340169751378021745e-01 6.436008999485136010e+05
7.303468902621131909e-01 6.416712102065284271e+05
7.266768053864240962e-01 6.397516338597426657e+05
7.230067205107352235e-01 6.378487781805922277e+05
7.193366356350461288e-01 6.359558897937963484e+05
7.156665507593571451e-01 6.340807587887528352e+05
7.119964658836680504e-01 6.322154314066341612e+05
7.083263810079791778e-01 6.303687969810578506e+05
7.046562961322900831e-01 6.285317868409830844e+05
7.009862112566010994e-01 6.267143111092090840e+05
6.973161263809120047e-01 6.249062663788808277e+05
6.936460415052231321e-01 6.231185097726195818e+05
6.899759566295340374e-01 6.213399785336017376e+05
6.863058717538450537e-01 6.195824077313747257e+05
6.826357868781559590e-01 6.178338458493173821e+05
6.789657020024670864e-01 6.161068405101462267e+05
6.752956171267779917e-01 6.143886177524533123e+05
6.716255322510890080e-01 6.126924782153423876e+05
6.679554473753999133e-01 6.110048871161318384e+05
6.642853624997110407e-01 6.093398384120205883e+05
6.606152776240219460e-01 6.076830968833478400e+05
6.569451927483329623e-01 6.060492975315421354e+05
6.532751078726438676e-01 6.044235578064738074e+05
6.496050229969549950e-01 6.028211028439366492e+05
6.459349381212659003e-01 6.012264549449302722e+05
6.422648532455769166e-01 5.996553821103551891e+05
6.385947683698878219e-01 5.980918595614162041e+05
6.349246834941989492e-01 5.965521536428632680e+05
6.312545986185098545e-01 5.950197378423607443e+05
6.275845137428208709e-01 5.935113351630454417e+05
6.239144288671319982e-01 5.920099598196857842e+05
6.202443439914429035e-01 5.905327523374496959e+05
6.165742591157538088e-01 5.890623074688052293e+05
6.129041742400648252e-01 5.876161465308838524e+05
6.092340893643759525e-01 5.861764821597352857e+05
6.055640044886868578e-01 5.847611821444322122e+05
6.018939196129977631e-01 5.833521119037719909e+05
5.982238347373087795e-01 5.819674534787514713e+05
5.945537498616199068e-01 5.805887578452216694e+05
5.908836649859308121e-01 5.792344910462710541e+05
5.872135801102417174e-01 5.778859203251510626e+05
5.835434952345527337e-01 5.765617675305756275e+05
5.798734103588638611e-01 5.752430448275426170e+05
5.762033254831747664e-01 5.739487033431482268e+05
5.725332406074856717e-01 5.726595270570063731e+05
5.688631557317966880e-01 5.713946716688744491e+05
5.651930708561077044e-01 5.701347180401576916e+05
5.615229859804187207e-01 5.688990033503115410e+05
5.578529011047297370e-01 5.676679287684781011e+05
5.541828162290405313e-01 5.664609913030199241e+05
5.505127313533517697e-01 5.652584344186935341e+05
5.468426464776627860e-01 5.640798947487391997e+05
5.431725616019735803e-01 5.629054784919398371e+05
5.395024767262845966e-01 5.617549430493700784e+05
5.358323918505956129e-01 5.606082764326105826e+05
5.321623069749066293e-01 5.594853392016846919e+05
5.284922220992176456e-01 5.583660190315651707e+05
5.248221372235284399e-01 5.572702632779683918e+05
5.211520523478396782e-01 5.561778758299795445e+05
5.174819674721506946e-01 5.551088755856463686e+05
5.138118825964614889e-01 5.540429980546088191e+05
5.101417977207725052e-01 5.530003194514034549e+05
5.064717128450835215e-01 5.519605212901734049e+05
5.028016279693945378e-01 5.509437238845141837e+05
4.991315430937055542e-01 5.499295680653295713e+05
4.954614582180163485e-01 5.489382060125416610e+05
4.917913733423275868e-01 5.479492503089042148e+05
4.881212884666386032e-01 5.469828736344440840e+05
4.844512035909493974e-01 5.460186717167194001e+05
4.807811187152604138e-01 5.450768271914623911e+05
4.771110338395714301e-01 5.441369295613232534e+05
4.734409489638824464e-01 5.432191616312430706e+05
4.697708640881934627e-01 5.423031165436265292e+05
4.661007792125042570e-01 5.414089683079941897e+05
4.624306943368154954e-01 5.405163227534282487e+05
4.587606094611265117e-01 5.396453367722150870e+05
4.550905245854373060e-01 5.387756372188256355e+05
4.514204397097483223e-01 5.379273561523316894e+05
4.477503548340593387e-01 5.370801492024505278e+05
4.440802699583703550e-01 5.362541166147131007e+05
4.404101850826813713e-01 5.354289498471431434e+05
4.367401002069921656e-01 5.346247107708494877e+05
4.330700153313034040e-01 5.338211331642160658e+05
4.293999304556144203e-01 5.330382347393603995e+05
4.257298455799252146e-01 5.322557974498126423e+05
4.220597607042362309e-01 5.314937894213935360e+05
4.183896758285472472e-01 5.307320461578303948e+05
4.147195909528582636e-01 5.299904813624239760e+05
4.110495060771692799e-01 5.292489889850057662e+05
4.073794212014800742e-01 5.285274237429001369e+05
4.037093363257913126e-01 5.278057425518498057e+05
4.000392514501023289e-01 5.271037371314748889e+05
3.963691665744131232e-01 5.264014313234052388e+05
3.926990816987243615e-01 5.257185502622824861e+05
3.890289968230351558e-01 5.250351883161097066e+05
3.853589119473461722e-01 5.243710008135077078e+05
3.816888270716571885e-01 5.237061558292515110e+05
3.780187421959682048e-01 5.230602359792463249e+05
3.743486573202792211e-01 5.224134859258046490e+05
3.706785724445902375e-01 5.217854130127540557e+05
3.670084875689010318e-01 5.211563409920637496e+05
3.633384026932122701e-01 5.205456997216510354e+05
3.596683178175230644e-01 5.199338941913300660e+05
3.559982329418340807e-01 5.193402748817397514e+05
3.523281480661450971e-01 5.187453299463964067e+05
3.486580631904561134e-01 5.181683287160313921e+05
3.449879783147671297e-01 5.175898441630516900e+05
3.413178934390781460e-01 5.170290631257363129e+05
3.376478085633889403e-01 5.164666447689718916e+05
3.339777236877001787e-01 5.159216919812120032e+05
3.303076388120109730e-01 5.153749516744714929e+05
3.266375539363219893e-01 5.148454418047750369e+05
3.229674690606330056e-01 5.143139968628946226e+05
3.192973841849440220e-01 5.137995506711222115e+05
3.156272993092550383e-01 5.132830262255865382e+05
3.119572144335660546e-01 5.127832708708540304e+05
3.082871295578768489e-01 5.122812971482095309e+05
3.046170446821880873e-01 5.117958663404943072e+05
3.009469598064991036e-01 5.113080804281362798e+05
2.972768749308098979e-01 5.108366143749512848e+05
2.936067900551209142e-01 5.103626598069962929e+05
2.899367051794319305e-01 5.099048052477174788e+05
2.862666203037429469e-01 5.094443319540443481e+05
2.825965354280539632e-01 5.089997422956896480e+05
2.789264505523647575e-01 5.085524068378059310e+05
2.752563656766759959e-01 5.081207421004655771e+05
2.715862808009870122e-01 5.076862076284955838e+05
2.679161959252978065e-01 5.072671344574264949e+05
2.642461110496088228e-01 5.068450706343476777e+05
2.605760261739198391e-01 5.064382622886781464e+05
2.569059412982308555e-01 5.060283453272603801e+05
2.532358564225418718e-01 5.056334816337770317e+05
2.495657715468526661e-01 5.052353942490865593e+05
2.458956866711639044e-01 5.048521615839223377e+05
2.422256017954749208e-01 5.044655929897052702e+05
2.385555169197857150e-01 5.040936842958106427e+05
2.348854320440967314e-01 5.037183302112756064e+05
2.312153471684077477e-01 5.033574449497805908e+05
2.275452622927187640e-01 5.029930075318852905e+05
2.238751774170297804e-01 5.026428515805893112e+05
2.202050925413405746e-01 5.022890393584106932e+05
2.165350076656518130e-01 5.019493250099272700e+05
2.128649227899628293e-01 5.016058527982537053e+05
2.091948379142736236e-01 5.012762985670257476e+05
2.055247530385846400e-01 5.009428873861273751e+05
2.018546681628956563e-01 5.006232181905800244e+05
1.981845832872066726e-01 5.002995954414573498e+05
1.945144984115176889e-01 4.999895425195615389e+05
1.908444135358284832e-01 4.996754417855334468e+05
1.871743286601397216e-01 4.993747423313155305e+05
1.835042437844507379e-01 4.990699030935174087e+05
1.798341589087615322e-01 4.987783004257802386e+05
1.761640740330725485e-01 4.984824682376342826e+05
1.724939891573835649e-01 4.981997115020896308e+05
1.688239042816945812e-01 4.979126377067886642e+05
1.651538194060055975e-01 4.976384820573672187e+05
1.614837345303166138e-01 4.973599239512063796e+05
1.578136496546276302e-01 4.970941304141871515e+05
1.541435647789386465e-01 4.968238510527802864e+05
1.504734799032494408e-01 4.965661863121056813e+05
1.468033950275606792e-01 4.963039543932871311e+05
1.431333101518714734e-01 4.960541909054022981e+05
1.394632252761824898e-01 4.957997808035685448e+05
1.357931404004935061e-01 4.955576964808324701e+05
1.321230555248045224e-01 4.953108879801238654e+05
1.284529706491155387e-01 4.950762661268151132e+05
1.247828857734265551e-01 4.948368443247805117e+05
1.211128008977373494e-01 4.946094735894253245e+05
1.174427160220485877e-01 4.943772288942288142e+05
1.137726311463593820e-01 4.941569033348297817e+05
1.101025462706703983e-01 4.939316315302532166e+05
1.064324613949814147e-01 4.937181503553265939e+05
1.027623765192924310e-01 4.934996522658726899e+05
9.909229164360344733e-02 4.932928196883731289e+05
9.542220676791446365e-02 4.930809010899997083e+05
9.175212189222525794e-02 4.928805262828374980e+05
8.808203701653649631e-02 4.926749978928749333e+05
8.441195214084729059e-02 4.924808951159772696e+05
8.074186726515830692e-02 4.922815726664514514e+05
7.707178238946932325e-02 4.920935608133879723e+05
7.340169751378033958e-02 4.919002646358754137e+05
6.973161263809135590e-02 4.917181673834078247e+05
6.606152776240237223e-02 4.915307225123037351e+05
6.239144288671316652e-02 4.913543681111409096e+05
5.872135801102440489e-02 4.911726041040646960e+05
5.505127313533519917e-02 4.910018252973336494e+05
5.138118825964621550e-02 4.908255761147661833e+05
4.771110338395723183e-02 4.906602099561010255e+05
4.404101850826824815e-02 4.904893139106285525e+05
4.037093363257926448e-02 4.903292019942717161e+05
3.670084875689028081e-02 4.901635018619267503e+05
3.303076388120107509e-02 4.900084900097327190e+05
2.936067900551231347e-02 4.898478326991985668e+05
2.569059412982310775e-02 4.896977707786676474e+05
2.202050925413412408e-02 4.895420072011013399e+05
1.835042437844514041e-02 4.893967490841188119e+05
1.468033950275615673e-02 4.892457341783339507e+05
1.101025462706717306e-02 4.891051378333644825e+05
7.340169751378189389e-03 4.889587305079831276e+05
3.670084875688983672e-03 4.888226577145984629e+05
2.220446049250313081e-16 4.886807206448809593e+05
-3.670084875688983672e-03 4.885490368244996062e+05
-7.340169751377745300e-03 4.884114363527748501e+05
-1.101025462706695102e-02 4.882840107708158321e+05
-1.468033950275593469e-02 4.881506169723998755e+05
-1.835042437844514041e-02 4.880273227754024556e+05
-2.202050925413390203e-02 4.878980097566181212e+05
-2.569059412982288571e-02 4.877787226962888381e+05
-2.936067900551209142e-02 4.876533667251734296e+05
-3.303076388120107509e-02 4.875379679430688266e+05
-3.670084875688983672e-02 4.874164504011886311e+05
-4.037093363257904244e-02 4.873048217604158563e+05
-4.404101850826802611e-02 4.871870261288486072e+05
-4.771110338395723183e-02 4.870790546336706029e+05
-5.138118825964599345e-02 4.869648681992439670e+05
-5.505127313533497713e-02 4.868604434589970624e+05
-5.872135801102418284e-02 4.867497563370173448e+05
-6.239144288671316652e-02 4.866487712121674558e+05
-6.606152776240192814e-02 4.865414768406747608e+05
-6.973161263809113386e-02 4.864438271941437852e+05
-7.340169751378011753e-02 4.863398219103406882e+05
-7.707178238946887916e-02 4.862454065537914285e+05
-8.074186726515808488e-02 4.861445896388700348e+05
-8.441195214084706855e-02 4.860533102443031385e+05
-8.808203701653627427e-02 4.859555837804921321e+05
-9.175212189222503589e-02 4.858673449063820299e+05
-9.542220676791401957e-02 4.857726138697542483e+05
-9.909229164360322528e-02 4.856873228444178239e+05
-1.027623765192922090e-01 4.855954949011704884e+05
-1.064324613949809706e-01 4.855130616877193679e+05
-1.101025462706701763e-01 4.854240471302262740e+05
-1.137726311463591600e-01 4.853443843160493998e+05
-1.174427160220483657e-01 4.852580960145237041e+05
-1.211128008977371273e-01 4.851811187387126847e+05
-1.247828857734261110e-01 4.850974720776457107e+05
-1.284529706491153167e-01 4.850230979486344149e+05
-1.321230555248043004e-01 4.849420107195517630e+05
-1.357931404004930620e-01 4.848701597725104075e+05
-1.394632252761822677e-01 4.847915522301859455e+05
-1.431333101518712514e-01 4.847221468492376152e+05
-1.468033950275604571e-01 4.846459414790404844e+05
-1.504734799032492187e-01 4.845789063388591749e+05
-1.541435647789382024e-01 4.845050279521864722e+05
-1.578136496546274081e-01 4.844402899418317247e+05
-1.614837345303163918e-01 4.843686654954899568e+05
-1.651538194060051534e-01 4.843061536843660870e+05
-1.688239042816943591e-01 4.842367122739716433e+05
-1.724939891573833428e-01 4.841763578130196547e+05
-1.761640740330725485e-01 4.841090306253355811e+05
-1.798341589087613102e-01 4.840507667631938239e+05
-1.835042437844502938e-01 4.839854870292225969e+05
-1.871743286601394995e-01 4.839292489881305955e+05
-1.908444135358284832e-01 4.838659518555057584e+05
-1.945144984115172448e-01 4.838116768683937262e+05
-1.981845832872064506e-01 4.837502994736415567e+05
-2.018546681628954342e-01 4.836979265684179263e+05
-2.055247530385846400e-01 4.836384078282855335e+05
-2.091948379142734016e-01 4.835878779014582979e+05
-2.128649227899623853e-01 4.835301585787676158e+05
-2.165350076656515910e-01 4.834814143331412924e+05
-2.202050925413405746e-01 4.834254369368089829e+05
-2.238751774170293363e-01 4.833784228257618961e+05
-2.275452622927185420e-01 4.833241315900741611e+05
-2.312153471684075257e-01 4.832787937322363141e+05
-2.348854320440967314e-01 4.832261345221622614e+05
-2.385555169197854930e-01 4.831824206499651191e+05
-2.422256017954744767e-01 4.831313409585410263e+05
-2.458956866711636824e-01 4.830892005201918655e+05
-2.495657715468526661e-01 4.830396494582933956e+05
-2.532358564225414277e-01 4.829990333640828612e+05
-2.569059412982306334e-01 4.829509615216696984e+05
-2.605760261739196171e-01 4.829118222276800079e+05
-2.642461110496088228e-01 4.828651816717783804e+05
-2.679161959252975844e-01 4.828274730388643802e+05
-2.715862808009865681e-01 4.827822172572856653e+05
-2.752563656766757738e-01 4.827458946719813976e+05
-2.789264505523647575e-01 4.827019786085857777e+05
-2.825965354280535191e-01 4.826669987721571233e+05
-2.862666203037427248e-01 4.826243786689480767e+05
-2.899367051794317085e-01 4.825906996779391193e+05
-2.936067900551209142e-01 4.825493331301288563e+05
-2.972768749308096758e-01 4.825169143713140511e+05
-3.009469598064986595e-01 4.824767602819228778e+05
-3.046170446821878652e-01 4.824455623274773825e+05
-3.082871295578768489e-01 4.824065806870193919e+05
-3.119572144335656105e-01 4.823765654869832215e+05
-3.156272993092548163e-01 4.823387176343550673e+05
-3.192973841849437999e-01 4.823098483141737524e+05
-3.229674690606325616e-01 4.822730967737126048e+05
-3.266375539363217673e-01 4.822453375868174480e+05
-3.303076388120107509e-01 4.822096459650628385e+05
-3.339777236876999567e-01 4.821829622701435583e+05
-3.376478085633889403e-01 4.821482952352029388e+05
-3.413178934390777020e-01 4.821226535313269123e+05
-3.449879783147669077e-01 4.820889769251841353e+05
-3.486580631904558913e-01 4.820643447372228839e+05
-3.523281480661446530e-01 4.820316253093306441e+05
-3.559982329418338587e-01 4.820079712956546573e+05
-3.596683178175228424e-01 4.819761768827704946e+05
-3.633384026932120481e-01 4.819534706402225420e+05
-3.670084875689010318e-01 4.819225700364832883e+05
-3.706785724445897934e-01 4.819007822217179346e+05
-3.743486573202789991e-01 4.818707453165650950e+05
-3.780187421959679828e-01 4.818498468128340901e+05
-3.816888270716567444e-01 4.818206433160659508e+05
-3.853589119473459501e-01 4.818006083433991298e+05
-3.890289968230349338e-01 4.817722117053851834e+05
-3.926990816987241395e-01 4.817530115132874344e+05
-3.963691665744131232e-01 4.817253923857109621e+05
-4.000392514501018848e-01 4.817070023187070619e+05
-4.037093363257910905e-01 4.816801347320989007e+05
-4.073794212014800742e-01 4.816625296609390061e+05
-4.110495060771688358e-01 4.816363875263363007e+05
-4.147195909528580415e-01 4.816195433906268445e+05
-4.183896758285470252e-01 4.815941015474200249e+05
-4.220597607042362309e-01 4.815779949917933554e+05
-4.257298455799252146e-01 4.815532290020050714e+05
-4.293999304556139762e-01 4.815378374757784186e+05
-4.330700153313031819e-01 4.815137236467644107e+05
-4.367401002069919436e-01 4.814990253601875156e+05
-4.404101850826811493e-01 4.814755407075820840e+05
-4.440802699583703550e-01 4.814615146490690531e+05
-4.477503548340591166e-01 4.814386369605225627e+05
-4.514204397097483223e-01 4.814252627315627178e+05
-4.550905245854370840e-01 4.814029703505280195e+05
-4.587606094611262897e-01 4.813902283014890272e+05
-4.624306943368154954e-01 4.813685002694001305e+05
-4.661007792125042570e-01 4.813563714214237989e+05
-4.697708640881930187e-01 4.813351874056839151e+05
-4.734409489638822244e-01 4.813236534137645504e+05
-4.771110338395709860e-01 4.813029936714786454e+05
-4.807811187152601917e-01 4.812920368475660798e+05
-4.844512035909493974e-01 4.812718822568983305e+05
-4.881212884666381591e-01 4.812614855206942884e+05
-4.917913733423273648e-01 4.812418175100342487e+05
-4.954614582180161264e-01 4.812319643063578405e+05
-4.991315430937053321e-01 4.812127648178811651e+05
-5.028016279693945378e-01 4.812034392164503224e+05
-5.064717128450832995e-01 4.811846907155937515e+05
-5.101417977207725052e-01 4.811758773528708261e+05
-5.138118825964612668e-01 4.811575628631263971e+05
-5.174819674721504725e-01 4.811492469315225026e+05
-5.211520523478396782e-01 4.811313499523211503e+05
-5.248221372235284399e-01 4.811235171448327601e+05
-5.284922220992172015e-01 4.811060216303885099e+05
-5.321623069749064072e-01 4.810986582269428764e+05
-5.358323918505951688e-01 4.810815486519598635e+05
-5.395024767262843746e-01 4.810746413576827035e+05
-5.431725616019735803e-01 4.810579025800884701e+05
-5.468426464776623419e-01 4.810514385678055114e+05
-5.505127313533515476e-01 4.810350558613053872e+05
-5.541828162290403093e-01 4.810290228210098576e+05
-5.578529011047295150e-01 4.810129819295785856e+05
-5.615229859804187207e-01 4.810073680980937788e+05
-5.651930708561074823e-01 4.809916551784375333e+05
-5.688631557317962439e-01 4.809864490627317573e+05
-5.725332406074854497e-01 4.809710505821316037e+05
-5.762033254831742113e-01 4.809662412603512639e+05
-5.798734103588638611e-01 4.809511440987747628e+05
-5.835434952345526227e-01 4.809467209682004759e+05
-5.872135801102413843e-01 4.809319123310314026e+05
-5.908836649859305901e-01 4.809278653421649942e+05
-5.945537498616193517e-01 4.809133328431113623e+05
-5.982238347373085574e-01 4.809096522306521074e+05
-6.018939196129977631e-01 4.808953837408007821e+05
-6.055640044886865248e-01 4.808920601753720548e+05
-6.092340893643757305e-01 4.808780438988574315e+05
-6.129041742400644921e-01 4.808750684684142470e+05
-6.165742591157536978e-01 4.808612929818984121e+05
-6.202443439914429035e-01 4.808586570255514816e+05
-6.239144288671316652e-01 4.808451110699390993e+05
-6.275845137428204268e-01 4.808428064761921414e+05
-6.312545986185096325e-01 4.808294792492812267e+05
-6.349246834941983941e-01 4.808274981356603093e+05
-6.385947683698880439e-01 4.808143789481529966e+05
-6.422648532455768056e-01 4.808127138040677528e+05
-6.459349381212655672e-01 4.807997922693735454e+05
-6.496050229969547729e-01 4.807984358707442880e+05
-6.532751078726435345e-01 4.807857018189235241e+05
-6.569451927483327403e-01 4.807846473892530776e+05
-6.606152776240219460e-01 4.807720909785052063e+05
-6.642853624997107076e-01 4.807713319835142465e+05
-6.679554473753999133e-01 4.807589434956562473e+05
-6.716255322510886749e-01 4.807584737182426034e+05
-6.752956171267778807e-01 4.807462436792760855e+05
-6.789657020024670864e-01 4.807460573345917510e+05
-6.826357868781558480e-01 4.807339765674928785e+05
-6.863058717538446096e-01 4.807340680353523931e+05
-6.899759566295338153e-01 4.807221274293449242e+05
-6.936460415052225770e-01 4.807224913880851818e+05
-6.973161263809122268e-01 4.807106820059085730e+05
-7.009862112566009884e-01 4.807113134724059491e+05
-7.046562961322897500e-01 4.806996265922166058e+05
-7.083263810079789558e-01 4.807005208642355865e+05
-7.119964658836677174e-01 4.806889479297857033e+05
-7.156665507593569231e-01 4.806901006671389332e+05
-7.193366356350461288e-01 4.806786333067049272e+05
-7.230067205107348904e-01 4.806800403481356916e+05
-7.266768053864240962e-01 4.806686701495948946e+05
-7.303468902621128578e-01 4.806703275290517486e+05
-7.340169751378020635e-01 4.806590463261122932e+05
-7.376870600134912692e-01 4.806609511888498091e+05
-7.413571448891800308e-01 4.806497516614212655e+05
-7.450272297648687925e-01 4.806518994273245335e+05
-7.486973146405579982e-01 4.806407727062326157e+05
-7.523673995162467598e-01 4.806431611794702476e+05
-7.560374843919364096e-01 4.806320999998230254e+05
-7.597075692676251712e-01 4.806347261710361345e+05
-7.633776541433139329e-01 4.806237226486725267e+05
-7.670477390190031386e-01 4.806265840863194317e+05
-7.707178238946919002e-01 4.806156306462897919e+05
-7.743879087703811059e-01 4.806187250726099592e+05
-7.780579936460703117e-01 4.806078141311422223e+05
-7.817280785217590733e-01 4.806111395316823618e+05
-7.853981633974478349e-01 4.806002635822357843e+05
-7.890682482731370406e-01 4.806038182410539594e+05
-7.927383331488262463e-01 4.805929698339516763e+05
-7.964084180245154521e-01 4.805967523024937836e+05
-8.000785029002042137e-01 4.805859240370413172e+05
-8.037485877758929753e-01 4.805899331227629445e+05
-8.074186726515821810e-01 4.805791176507464843e+05
-8.110887575272709427e-01 4.805833523929280927e+05
-8.147588424029601484e-01 4.805725423525862861e+05
-8.184289272786493541e-01 4.805770020215758705e+05
-8.220990121543381157e-01 4.805661900271773338e+05
-8.257690970300273214e-01 4.805708741819297429e+05
-8.294391819057160831e-01 4.805600528886750690e+05
-8.331092667814052888e-01 4.805649613972909283e+05
-8.367793516570944945e-01 4.805541234562757891e+05
-8.404494365327832561e-01 4.805592564490832156e+05
-8.441195214084720178e-01 4.805483945405210252e+05
-8.477896062841612235e-01 4.805537523957422236e+05
-8.514596911598504292e-01 4.805428590792099130e+05
-8.551297760355396349e-01 4.805484424483402981e+05
-8.587998609112283965e-01 4.805375102750991937e+05
-8.624699457869171582e-01 4.805433200524148997e+05
-8.661400306626063639e-01 4.805323414748681244e+05
-8.698101155382951255e-01 4.805383788580910186e+05
-8.734802004139843312e-01 4.805273462793092476e+05
-8.771502852896735369e-01 4.805336127747454448e+05
-8.808203701653622986e-01 4.805225185342691257e+05
-8.844904550410515043e-01 4.805290159758193186e+05
-8.881605399167402659e-01 4.805178523464003229e+05
-8.918306247924294716e-01 4.805245827888614731e+05
-8.955007096681186773e-01 4.805133418575159740e+05
-8.991707945438074390e-01 4.805203077393843560e+05
-9.028408794194962006e-01 4.805089815030946629e+05
-9.065109642951854063e-01 4.805161855367203243e+05
-9.101810491708746120e-01 4.805047658495244104e+05
-9.138511340465638177e-01 4.805122111209906870e+05
-9.175212189222525794e-01 4.805006897038588068e+05
-9.211913037979413410e-01 4.805083795505984453e+05
-9.248613886736305467e-01 4.804967478405158035e+05
-9.285314735493193083e-01 4.805046860943322536e+05
-9.322015584250085141e-01 4.804929354741951684e+05
-9.358716433006977198e-01 4.805011262142582564e+05
-9.395417281763864814e-01 4.804892477803786751e+05
-9.432118130520756871e-01 4.804976953805604135e+05
-9.468818979277644488e-01 4.804856798940788140e+05
-9.505519828034536545e-01 4.804943892339392914e+05
-9.542220676791428602e-01 4.804822273128969828e+05
-9.578921525548316218e-01 4.804912037225295207e+05
-9.615622374305203834e-01 4.804788857939891750e+05
-9.652323223062095892e-01 4.804881351931014797e+05
-9.689024071818983508e-01 4.804756514656572836e+05
-9.725724920575880006e-01 4.804851799792150268e+05
-9.762425769332767622e-01 4.804725201186557533e+05
-9.799126618089655238e-01 4.804823342977119610e+05
-9.835827466846547296e-01 4.804694875948942499e+05
-9.872528315603434912e-01 4.804795944752616342e+05
-9.909229164360326969e-01 4.804665498596387915e+05
-9.945930013117219026e-01 4.804769571004830068e+05
-9.982630861874106643e-01 4.804637031385634909e+05
-1.001933171063099870e+00 4.804744188855245593e+05
-1.005603255938788632e+00 4.804609436585152289e+05
-1.009273340814477837e+00 4.804719766953369835e+05
-1.012943425690167043e+00 4.804582678953595459e+05
-1.016613510565855805e+00 4.804696276125288568e+05
-1.020283595441544566e+00 4.804556724170496454e+05
-1.023953680317233772e+00 4.804673688462142018e+05
-1.027623765192922534e+00 4.804531538435695111e+05
-1.031293850068611739e+00 4.804651976264904952e+05
-1.034963934944300945e+00 4.804507087374659022e+05
-1.038634019819989707e+00 4.804631112462413148e+05
-1.042304104695678912e+00 4.804483337866059737e+05
-1.045974189571367674e+00 4.804611072331485921e+05
-1.049644274447056880e+00 4.804460258693629876e+05
-1.053314359322746085e+00 4.804591832492627436e+05
-1.056984444198434847e+00 4.804437818558251020e+05
-1.060654529074123609e+00 4.804573369735406013e+05
-1.064324613949812814e+00 4.804415985044653644e+05
-1.067994698825502020e+00 4.804555662263145787e+05
-1.071664783701191226e+00 4.804394730190302362e+05
-1.075334868576879988e+00 4.804538685732859303e+05
-1.079004953452568749e+00 4.804374012030754238e+05
-1.082675038328257955e+00 4.804522407410721062e+05
-1.086345123203946716e+00 4.804353779773865244e+05
-1.090015208079635922e+00 4.804506855029619182e+05
-1.093685292955325128e+00 4.804334123476439854e+05
-1.097355377831013890e+00 4.804491975655674469e+05
-1.101025462706703095e+00 4.804314848302248865e+05
-1.104695547582391857e+00 4.804477741996598779e+05
-1.108365632458081063e+00 4.804296027251183405e+05
-1.112035717333770268e+00 4.804464163731688750e+05
-1.115705802209459030e+00 4.804277596250303905e+05
-1.119375887085147792e+00 4.804451214990278822e+05
-1.123045971960836997e+00 4.804259534922195598e+05
-1.126716056836526203e+00 4.804438885401181760e+05
-1.130386141712215409e+00 4.804241810867958702e+05
-1.134056226587904170e+00 4.804427162514866213e+05
-1.137726311463592932e+00 4.804224394711098867e+05
-1.141396396339282138e+00 4.804416035358590889e+05
-1.145066481214970899e+00 4.804207255408614292e+05
-1.148736566090660105e+00 4.804405494319524150e+05
-1.152406650966349311e+00 4.804190361734078615e+05
-1.156076735842038072e+00 4.804395530890882947e+05
-1.159746820717727278e+00 4.804173681927169673e+05
-1.163416905593416040e+00 4.804386137956806924e+05
-1.167086990469105245e+00 4.804157182558452478e+05
-1.170757075344794451e+00 4.804377309240446193e+05
-1.174427160220483213e+00 4.804140829539734405e+05
-1.178097245096171974e+00 4.804369040555802640e+05
-1.181767329971861180e+00 4.804124587873124401e+05
-1.185437414847550386e+00 4.804361329046780011e+05
-1.189107499723239592e+00 4.804108420292567462e+05
-1.192777584598928353e+00 4.804354172534326790e+05
-1.196447669474617115e+00 4.804092287751497934e+05
-1.200117754350306321e+00 4.804347571937787579e+05
-1.203787839225995082e+00 4.804076150381080806e+05
-1.207457924101684288e+00 4.804341530133228516e+05
-1.211128008977373494e+00 4.804059965515077347e+05
-1.214798093853062255e+00 4.804336051032320247e+05
-1.218468178728751461e+00 4.804043686261392431e+05
-1.222138263604440223e+00 4.804331140522601199e+05
-1.225808348480129428e+00 4.804027263265037909e+05
-1.229478433355818634e+00 4.804326807017496903e+05
-1.233148518231507396e+00 4.804010643648186233e+05
-1.236818603107196157e+00 4.804323062327997759e+05
-1.240488687982885363e+00 4.803993770181054715e+05
-1.244158772858574569e+00 4.804319919830926810e+05
-1.247828857734263330e+00 4.803976579935553600e+05
-1.251498942609952536e+00 4.804317397297363495e+05
-1.255169027485641298e+00 4.803959005330157233e+05
-1.258839112361330503e+00 4.804315516109018354e+05
-1.262509197237019265e+00 4.803940972108468413e+05
-1.266179282112708471e+00 4.804314301720390795e+05
-1.269849366988397676e+00 4.803922397899661446e+05
-1.273519451864086438e+00 4.804313783970908262e+05
-1.277189536739775200e+00 4.803903191518767853e+05
-1.280859621615464405e+00 4.804313997729910770e+05
-1.284529706491153611e+00 4.803883250439547119e+05
-1.288199791366842817e+00 4.804314984142033500e+05
-1.291869876242531578e+00 4.803862461141896783e+05
-1.295539961118220340e+00 4.804316791267631925e+05
-1.299210045993909546e+00 4.803840695711369044e+05
-1.302880130869598752e+00 4.804319475995530956e+05
-1.306550215745287513e+00 4.803817809612002457e+05
-1.310220300620976719e+00 4.804323103544823825e+05
-1.313890385496665481e+00 4.803793638111807522e+05
-1.317560470372354686e+00 4.804327750961837592e+05
-1.321230555248043448e+00 4.803767994239440304e+05
-1.324900640123732654e+00 4.804333508557741879e+05
-1.328570724999421859e+00 4.803740663949265727e+05
-1.332240809875110621e+00 4.804340481252069003e+05
-1.335910894750799383e+00 4.803711398090035655e+05
-1.339580979626488588e+00 4.804348791900360375e+05
-1.343251064502177794e+00 4.803679909689471242e+05
-1.346921149377867000e+00 4.804358585832492681e+05
-1.350591234253555761e+00 4.803645864757506642e+05
-1.354261319129244523e+00 4.804370035122977570e+05
-1.357931404004933729e+00 4.803608871590829222e+05
-1.361601488880622490e+00 4.804383342507449561e+05
-1.365271573756311696e+00 4.803568466916952166e+05
-1.368941658632000902e+00 4.804398751351585379e+05
-1.372611743507689663e+00 4.803524107180264546e+05
-1.376281828383378869e+00 4.804416547392210341e+05
-1.379951913259067631e+00 4.803475123337302357e+05
-1.383621998134756836e+00 4.804437085587893380e+05
-1.387292083010446042e+00 4.803420750615667203e+05
-1.390962167886134804e+00 4.804460785642618430e+05
-1.394632252761823565e+00 4.803360019888980314e+05
-1.398302337637512771e+00 4.804488162619029172e+05
-1.401972422513201977e+00 4.803291770911995554e+05
-1.405642507388891183e+00 4.804519851090987795e+05
-1.409312592264579944e+00 4.803214568312020274e+05
-1.412982677140268706e+00 4.804556636338707176e+05
-1.416652762015957912e+00 4.803126628689357894e+05
-1.420322846891646673e+00 4.804599501170963049e+05
-1.423992931767335879e+00 4.803025713262235513e+05
-1.427663016643025085e+00 4.804649689327704837e+05
-1.431333101518713846e+00 4.802908974089346593e+05
-1.435003186394403052e+00 4.804708787568408297e+05
-1.438673271270091814e+00 4.802772755252818461e+05
-1.442343356145781019e+00 4.804778850828883005e+05
-1.446013441021470225e+00 4.802612282325907727e+05
-1.449683525897158987e+00 4.804862572917003999e+05
-1.453353610772847748e+00 4.802421250640659709e+05
-1.457023695648536954e+00 4.804963550911625498e+05
-1.460693780524226160e+00 4.802191168634025380e+05
-1.464363865399915365e+00 4.805086656175163225e+05
-1.468033950275604127e+00 4.801910388250671676e+05
-1.471704035151292889e+00 4.805238640147934202e+05
-1.475374120026982094e+00 4.801562627685318585e+05
-1.479044204902670856e+00 4.805429017071952694e+05
-1.482714289778360062e+00 4.801124350100906449e+05
-1.486384374654049267e+00 4.805671769274330582e+05
-1.490054459529738029e+00 4.800561341667172383e+05
-1.493724544405426791e+00 4.805987210883151856e+05
-1.497394629281115996e+00 4.799819074349935981e+05
-1.501064714156805202e+00 4.806409327827488305e+05
-1.504734799032494408e+00 4.798819413201658754e+05
-1.508404883908183169e+00 4.806983569514495903e+05
-1.512074968783871931e+00 4.797397700173357152e+05
-1.515745053659561137e+00 4.807825945160535048e+05
-1.519415138535250342e+00 4.795396969161588931e+05
-1.523085223410939104e+00 4.808993540790250408e+05
-1.526755308286628310e+00 4.791968295510112657e+05
-1.530425393162317071e+00 4.811235134174301638e+05
-1.534095478038006277e+00 4.787561827927561826e+05
-1.537765562913695039e+00 4.813537302920368966e+05
-1.541435647789384245e+00 4.773648606014290708e+05
-1.545105732665073450e+00 4.825077455401767511e+05
-1.548775817540762212e+00 4.767648547402847908e+05
-1.552445902416450974e+00 4.819971419690962066e+05
-1.556115987292140179e+00 4.626120539493747638e+05
-1.559786072167829385e+00 4.984918829855161603e+05
-1.563456157043518591e+00 4.799216529154243763e+05
-1.567126241919207352e+00 4.285295929452643613e+05
-1.570796326794896114e+00 5.480757989546632161e+05
