1.570796326794896558e+00 -5.995363802327784728e-15
1.567865736632965801e+00 -6.005986441596174300e-15
1.564935146471035043e+00 -5.986382411535642807e-15
1.562004556309104286e+00 -5.988525886895309576e-15
1.559073966147173529e+00 -5.960296378736887850e-15
1.556143375985242772e+00 -5.953569865784472719e-15
1.553212785823311792e+00 -5.916861963261743524e-15
1.550282195661381035e+00 -5.901526718207341273e-15
1.547351605499450278e+00 -5.856640198921883138e-15
1.544421015337519520e+00 -5.832980695591840770e-15
1.541490425175588763e+00 -5.780261527031507240e-15
1.538559835013658006e+00 -5.748617950991102253e-15
1.535629244851727249e+00 -5.688499809336328238e-15
1.532698654689796491e+00 -5.649279590101297866e-15
1.529768064527865734e+00 -5.582260648627641555e-15
1.526837474365934977e+00 -5.535933410385978779e-15
1.523906884204004220e+00 -5.462568518659663993e-15
1.520976294042073240e+00 -5.409657859155711380e-15
1.518045703880142483e+00 -5.330547117308208920e-15
1.515115113718211726e+00 -5.271620859873277484e-15
1.512184523556280968e+00 -5.187398876242735229e-15
1.509253933394350211e+00 -5.123058735902368816e-15
1.506323343232419454e+00 -5.034383632032547168e-15
1.503392753070488697e+00 -4.965254709836681251e-15
1.500462162908557939e+00 -4.872797389062443838e-15
1.497531572746627182e+00 -4.799517837958759233e-15
1.494600982584696425e+00 -4.703951692084872536e-15
1.491670392422765667e+00 -4.627162827463640531e-15
1.488739802260834910e+00 -4.529154121628376041e-15
1.485809212098903931e+00 -4.449491203551176709e-15
1.482878621936973174e+00 -4.349690319942015396e-15
1.479948031775042416e+00 -4.267774186451380571e-15
1.477017441613111659e+00 -4.166807870721043270e-15
1.474086851451180902e+00 -4.083237554900079830e-15
1.471156261289250144e+00 -3.981702262553608601e-15
1.468225671127319387e+00 -3.897048680170689709e-15
1.465295080965388630e+00 -3.795505076591591680e-15
1.462364490803457873e+00 -3.710305827818392640e-15
1.459433900641527115e+00 -3.609274454336527314e-15
1.456503310479596358e+00 -3.524029743753687965e-15
1.453572720317665379e+00 -3.423987825748866295e-15
1.450642130155734622e+00 -3.339157470539085525e-15
1.447711539993803864e+00 -3.240536812669831279e-15
1.444780949831873107e+00 -3.156538280593785194e-15
1.441850359669942350e+00 -3.059724169626740984e-15
1.438919769508011592e+00 -2.976931566043407537e-15
1.435989179346080835e+00 -2.882262583397843961e-15
1.433058589184150078e+00 -2.801006490573944007e-15
1.430127999022219321e+00 -2.708775124538412142e-15
1.427197408860288563e+00 -2.629343186185981041e-15
1.424266818698357806e+00 -2.539797127152183434e-15
1.421336228536426827e+00 -2.462435266170576003e-15
1.418405638374496069e+00 -2.375779266670610040e-15
1.415475048212565312e+00 -2.300693423594046433e-15
1.412544458050634555e+00 -2.217091607466102260e-15
1.409613867888703798e+00 -2.144449890516064115e-15
1.406683277726773040e+00 -2.064028401419477128e-15
1.403752687564842283e+00 -1.993963545358181816e-15
1.400822097402911526e+00 -1.916813433265084099e-15
1.397891507240980769e+00 -1.849425472697956938e-15
1.394960917079050011e+00 -1.775605727114598508e-15
1.392030326917119254e+00 -1.710964799855063791e-15
1.389099736755188275e+00 -1.640505449632087440e-15
1.386169146593257517e+00 -1.578654656450379223e-15
1.383238556431326760e+00 -1.511559867618290163e-15
1.380307966269396003e+00 -1.452518125669655864e-15
1.377377376107465246e+00 -1.388769240204848463e-15
1.374446785945534488e+00 -1.332534078242651441e-15
1.371516195783603731e+00 -1.272092547681673940e-15
1.368585605621672974e+00 -1.218642801407422032e-15
1.365655015459742216e+00 -1.161452979488289621e-15
1.362724425297811459e+00 -1.110751354914934670e-15
1.359793835135880702e+00 -1.056743122761949270e-15
1.356863244973949723e+00 -1.008738604024091254e-15
1.353932654812018965e+00 -9.578298096500668842e-16
1.351002064650088208e+00 -9.124598952569787954e-16
1.348071474488157451e+00 -8.645585963268663573e-16
1.345140884326226693e+00 -8.217513543677979407e-16
1.342210294164295936e+00 -7.767578592406138124e-16
1.339279704002365179e+00 -7.364337975374657892e-16
1.336349113840434422e+00 -6.942425046096018680e-16
1.333418523678503664e+00 -6.563162563034514074e-16
1.330487933516572907e+00 -6.168172957119425556e-16
1.327557343354642150e+00 -5.811991243888388068e-16
1.324626753192711170e+00 -5.442798092682272583e-16
1.321696163030780635e+00 -5.108769404944856151e-16
1.318765572868849656e+00 -4.764230373261486685e-16
1.315834982706918899e+00 -4.451408255372270173e-16
1.312904392544988141e+00 -4.130376547858396279e-16
1.309973802383057384e+00 -3.837805959078540524e-16
1.307043212221126627e+00 -3.539139752067468258e-16
1.304112622059195870e+00 -3.265865763022403639e-16
1.301182031897265112e+00 -2.988436190364938491e-16
1.298251441735334355e+00 -2.733511367534757181e-16
1.295320851573403598e+00 -2.476209190741258876e-16
1.292390261411472618e+00 -2.238699787853110224e-16
1.289459671249542083e+00 -2.000440879489253052e-16
1.286529081087611104e+00 -1.779431953313827217e-16
1.283598490925680347e+00 -1.559161718960210983e-16
1.280667900763749589e+00 -1.353761283115438116e-16
1.277737310601818832e+00 -1.150458141547901736e-16
1.274806720439888075e+00 -9.598004668369368708e-17
1.271876130277957317e+00 -7.724785012190723929e-17
1.268945540116026560e+00 -5.957266645750639785e-17
1.266014949954095803e+00 -4.234375499599448787e-17
1.263084359792165046e+00 -2.597853269327071033e-17
1.260153769630234066e+00 -1.016196309467054693e-17
1.257223179468303531e+00 4.970718070574493074e-18
1.254292589306372552e+00 1.946192352541019557e-17
1.251361999144441794e+00 3.343619810021487902e-17
1.248431408982511037e+00 4.668502112749242521e-17
1.245500818820580280e+00 5.957169618433550415e-17
1.242570228658649523e+00 7.165713055184899114e-17
1.239639638496718765e+00 8.352367904914763192e-17
1.236709048334788008e+00 9.452077072772116766e-17
1.233778458172857251e+00 1.054313542210562073e-16
1.230847868010926494e+00 1.154112678967098212e-16
1.227917277848995514e+00 1.254267834543283617e-16
1.224986687687064979e+00 1.344568903741287352e-16
1.222056097525134000e+00 1.436350371580607801e-16
1.219125507363203242e+00 1.517790198885997767e-16
1.216194917201272485e+00 1.601743814467672987e-16
1.213264327039341728e+00 1.674923517182177473e-16
1.210333736877410971e+00 1.751564905277648186e-16
1.207403146715480213e+00 1.817051168521369768e-16
1.204472556553549456e+00 1.886866781398265637e-16
1.201541966391618699e+00 1.945193203655082260e-16
1.198611376229687941e+00 2.008641426531153059e-16
1.195680786067756962e+00 2.060309910472905410e-16
1.192750195905826427e+00 2.117822212368950051e-16
1.189819605743895448e+00 2.163304380486673555e-16
1.186889015581964912e+00 2.215286492193690529e-16
1.183958425420033933e+00 2.255025110295717107e-16
1.181027835258103176e+00 2.301858213973763376e-16
1.178097245096172418e+00 2.336268608389089875e-16
1.175166654934241661e+00 2.378310525985614342e-16
1.172236064772310904e+00 2.407781982892041276e-16
1.169305474610380147e+00 2.445368352930576883e-16
1.166374884448449389e+00 2.470265490524989426e-16
1.163444294286518410e+00 2.503710924711676904e-16
1.160513704124587875e+00 2.524375030796965286e-16
1.157583113962656896e+00 2.553974243649284540e-16
1.154652523800726138e+00 2.570724572915304457e-16
1.151721933638795381e+00 2.596753479176733129e-16
1.148791343476864624e+00 2.609888505855857350e-16
1.145860753314933866e+00 2.632605281408732282e-16
1.142930163153003109e+00 2.642403904084125774e-16
1.139999572991072352e+00 2.662050007759742251e-16
1.137068982829141373e+00 2.668772704399560181e-16
1.134138392667210837e+00 2.685573859332643562e-16
1.131207802505280080e+00 2.689463791001717795e-16
1.128277212343349323e+00 2.703630920905874563e-16
1.125346622181418343e+00 2.704914984599503007e-16
1.122416032019487586e+00 2.716645109744464849e-16
1.119485441857556829e+00 2.715534938449258089e-16
1.116554851695626072e+00 2.725012026599517750e-16
1.113624261533695314e+00 2.721704939081749960e-16
1.110693671371764557e+00 2.729100713836295547e-16
1.107763081209833800e+00 2.723780613991561974e-16
1.104832491047903043e+00 2.729255320829316013e-16
1.101901900885972285e+00 2.722093548129049297e-16
1.098971310724041306e+00 2.725796678904254004e-16
1.096040720562110771e+00 2.716952811185467518e-16
1.093110130400179791e+00 2.719023788438246078e-16
1.090179540238249034e+00 2.708646398884169860e-16
1.087248950076318277e+00 2.709215221198852966e-16
1.084318359914387520e+00 2.697442591084956132e-16
1.081387769752456762e+00 2.696630440895374895e-16
1.078457179590526005e+00 2.683591230007467617e-16
1.075526589428595248e+00 2.681511045476326709e-16
1.072595999266664490e+00 2.667324922060255034e-16
1.069665409104733733e+00 2.664081934461132310e-16
1.066734818942802754e+00 2.648860166561584264e-16
1.063804228780872219e+00 2.644552404880635395e-16
1.060873638618941239e+00 2.628398415075541875e-16
1.057943048457010704e+00 2.623117179386786005e-16
1.055012458295079725e+00 2.606127064741411833e-16
1.052081868133149190e+00 2.599957369963423999e-16
1.049151277971218210e+00 2.582220389079014664e-16
1.046220687809287453e+00 2.575241380671620359e-16
1.043290097647356696e+00 2.556840409607949220e-16
1.040359507485425938e+00 2.549125752785145552e-16
1.037428917323495181e+00 2.530137711718208321e-16
1.034498327161564202e+00 2.521755955573030059e-16
1.031567736999633667e+00 2.502252207733197027e-16
1.028637146837702687e+00 2.493267125840077215e-16
1.025706556675772152e+00 2.473313850468390253e-16
1.022775966513841173e+00 2.463784759238277096e-16
1.019845376351910415e+00 2.443443300136310745e-16
1.016914786189979658e+00 2.433425356401833173e-16
1.013984196028048901e+00 2.412752547533544677e-16
1.011053605866118144e+00 2.402297026456894106e-16
1.008123015704187386e+00 2.381345495972786245e-16
1.005192425542256629e+00 2.370500050648501600e-16
1.002261835380325650e+00 2.349318504817385854e-16
9.993312452183951144e-01 2.338127408597850686e-16
9.964006550564642462e-01 2.316760896783107208e-16
9.934700648945334889e-01 2.305265269535755308e-16
9.905394747326026206e-01 2.283755431541922309e-16
9.876088845706719743e-01 2.271993450780201614e-16
9.846782944087412170e-01 2.250378747657549943e-16
9.817477042468103487e-01 2.238385845535486701e-16
9.788171140848795915e-01 2.216701774894540424e-16
9.758865239229487232e-01 2.204510822129867056e-16
9.729559337610180769e-01 2.182790119118241251e-16
9.700253435990873196e-01 2.170431596395750933e-16
9.670947534371564513e-01 2.148704421021551336e-16
9.641641632752256941e-01 2.136206579058055194e-16
9.612335731132949368e-01 2.114500691102065130e-16
9.583029829513641795e-01 2.101889699874941711e-16
9.553723927894334222e-01 2.080230621932753166e-16
9.524418026275025539e-01 2.067530709916389040e-16
9.495112124655717967e-01 2.045941879533842939e-16
9.465806223036410394e-01 2.033175463556861276e-16
9.436500321417102821e-01 2.011678375129067435e-16
9.407194419797794138e-01 1.998866181553368515e-16
9.377888518178486565e-01 1.977480518692655377e-16
9.348582616559178993e-01 1.964641696412526154e-16
9.319276714939871420e-01 1.943385455409860020e-16
9.289970813320563847e-01 1.930537681283510449e-16
9.260664911701255164e-01 1.909427286306778158e-16
9.231359010081947591e-01 1.896586863527196978e-16
9.202053108462641129e-01 1.875637274058833761e-16
9.172747206843332446e-01 1.862819223929825041e-16
9.143441305224024873e-01 1.842044035042510298e-16
9.114135403604716190e-01 1.829262182659347950e-16
9.084829501985409728e-01 1.808673718593540763e-16
9.055523600366102155e-01 1.795940772675065008e-16
9.026217698746793472e-01 1.775550174055682267e-16
8.996911797127485899e-01 1.762877801635120872e-16
8.967605895508178326e-01 1.742695107037756097e-16
8.938299993888870754e-01 1.730094003038412502e-16
8.908994092269563181e-01 1.710128224955250156e-16
8.879688190650254498e-01 1.697608177209441596e-16
8.850382289030946925e-01 1.677867373049151238e-16
8.821076387411639352e-01 1.665437322972132798e-16
8.791770485792331780e-01 1.645928661299762726e-16
8.762464584173024207e-01 1.633596760574635473e-16
8.733158682553715524e-01 1.614326582987927202e-16
8.703852780934407951e-01 1.602100246484277091e-16
8.674546879315100378e-01 1.583074125351103009e-16
8.645240977695792806e-01 1.570960080588117673e-16
8.615935076076485233e-01 1.552182873079936947e-16
8.586629174457176550e-01 1.540187206387909597e-16
8.557323272837870087e-01 1.521663104793707442e-16
8.528017371218561404e-01 1.509791304433528438e-16
8.498711469599253832e-01 1.491523882849338638e-16
8.469405567979946259e-01 1.479780879634676786e-16
8.440099666360638686e-01 1.461773138717352462e-16
8.410793764741331113e-01 1.450163343254373800e-16
8.381487863122022430e-01 1.432417750702484209e-16
8.352181961502714858e-01 1.420945088937210737e-16
8.322876059883407285e-01 1.403463618003337405e-16
8.293570158264099712e-01 1.392131564099072545e-16
8.264264256644792139e-01 1.374915729471610755e-16
8.234958355025483456e-01 1.363727336639218016e-16
8.205652453406175884e-01 1.346778227961735364e-16
8.176346551786868311e-01 1.335736157304384425e-16
8.147040650167560738e-01 1.319054470515827064e-16
8.117734748548253165e-01 1.308161017965789040e-16
8.088428846928944482e-01 1.291747084562916547e-16
8.059122945309636910e-01 1.281004206117227306e-16
8.029817043690330447e-01 1.264858020541487850e-16
8.000511142071021764e-01 1.254267355881682766e-16
7.971205240451714191e-01 1.238388601129953167e-16
7.941899338832405508e-01 1.227951495717008932e-16
7.912593437213099046e-01 1.212339567264693760e-16
7.883287535593791473e-01 1.202057093001158436e-16
7.853981633974482790e-01 1.186711121176018558e-16
7.824675732355174107e-01 1.176584095822146431e-16
7.795369830735867644e-01 1.161502966753081644e-16
7.766063929116560072e-01 1.151531972017503520e-16
7.736758027497251389e-01 1.136714347190254398e-16
7.707452125877944926e-01 1.126899745715954456e-16
7.678146224258636243e-01 1.112344080278525981e-16
7.648840322639328670e-01 1.102686031551477445e-16
7.619534421020019987e-01 1.088390591433728923e-16
7.590228519400713525e-01 1.078889066685473614e-16
7.560922617781404842e-01 1.064851944601589357e-16
7.531616716162097269e-01 1.055506740748529566e-16
7.502310814542790807e-01 1.041725871171600240e-16
7.473004912923482124e-01 1.032536623878711953e-16
7.443699011304173441e-01 1.019009797015720191e-16
7.414393109684866978e-01 1.009975992982723588e-16
7.385087208065558295e-01 9.967008679066651390e-17
7.355781306446250722e-01 9.878218562986832020e-17
7.326475404826942039e-01 9.747959731511794277e-17
7.297169503207635577e-01 9.660709763760435884e-17
7.267863601588326894e-01 9.532917678203095576e-17
7.238557699969019321e-01 9.447198916036135969e-17
7.209251798349712859e-01 9.321846935184691382e-17
7.179945896730404176e-01 9.237649363525760471e-17
7.150639995111095493e-01 9.114709978473096863e-17
7.121334093491789030e-01 9.032022598167374808e-17
7.092028191872481457e-01 8.911467525508829710e-17
7.062722290253172774e-01 8.830278436510126657e-17
7.033416388633864091e-01 8.712078705735384363e-17
7.004110487014557629e-01 8.632375184530612223e-17
6.974804585395250056e-01 8.516501219517655061e-17
6.945498683775941373e-01 8.438269792172820520e-17
6.916192782156634911e-01 8.324691487464848373e-17
6.886886880537326228e-01 8.247917997773733294e-17
6.857580978918018655e-01 8.136604789510659322e-17
6.828275077298712192e-01 8.061274462797191881e-17
6.798969175679403509e-01 7.952195395096820906e-17
6.769663274060094826e-01 7.878292898294130488e-17
6.740357372440787254e-01 7.771416685323829696e-17
6.711051470821480791e-01 7.698926182867635410e-17
6.681745569202172108e-01 7.594221266322668920e-17
6.652439667582863425e-01 7.523126472843349765e-17
6.623133765963556963e-01 7.420561076147395060e-17
6.593827864344249390e-01 7.350845305548356079e-17
6.564521962724940707e-01 7.250387483547673471e-17
6.535216061105634244e-01 7.182033695040165739e-17
6.505910159486325561e-01 7.083651380939773288e-17
6.476604257867017989e-01 7.016642222025401515e-17
6.447298356247709306e-01 6.920303270749735437e-17
6.417992454628402843e-01 6.854621117690826922e-17
6.388686553009094160e-01 6.760293346332303472e-17
6.359380651389786587e-01 6.695920341862211762e-17
6.330074749770479015e-01 6.603571567286402845e-17
6.300768848151171442e-01 6.540489655805250692e-17
6.271462946531862759e-01 6.450087729479131040e-17
6.242157044912556296e-01 6.388278690004006558e-17
6.212851143293247613e-01 6.299791530336520647e-17
6.183545241673940041e-01 6.239237007216734384e-17
6.154239340054631358e-01 6.152632629412748049e-17
6.124933438435324895e-01 6.093314161284018487e-17
6.095627536816016212e-01 6.008560705289840985e-17
6.066321635196708639e-01 5.950459751701503066e-17
6.037015733577402177e-01 5.867525507755879787e-17
6.007709831958093494e-01 5.810623474179714481e-17
5.978403930338784811e-01 5.729476906445053927e-17
5.949098028719478348e-01 5.673755167891238429e-17
5.919792127100170775e-01 5.594364936560750061e-17
5.890486225480862092e-01 5.539804858746407081e-17
5.861180323861553410e-01 5.462139840029203951e-17
5.831874422242246947e-01 5.408722801271229475e-17
5.802568520622939374e-01 5.332752105550355657e-17
5.773262619003630691e-01 5.280459508049778375e-17
5.743956717384324229e-01 5.206152493072837210e-17
5.714650815765015546e-01 5.154965802720808816e-17
5.685344914145706863e-01 5.082292105341738796e-17
5.656039012526399290e-01 5.032192829156408037e-17
5.626733110907091717e-01 4.961122355021173925e-17
5.597427209287784144e-01 4.912092095214084355e-17
5.568121307668476572e-01 4.842595049030976028e-17
5.538815406049168999e-01 4.794615495505426505e-17
5.509509504429861426e-01 4.726662386667419770e-17
5.480203602810553853e-01 4.679715335206160461e-17
5.450897701191246281e-01 4.613276989719189744e-17
5.421591799571938708e-01 4.567344353516893708e-17
5.392285897952628915e-01 4.502391923094997972e-17
5.362979996333321342e-01 4.457455743803023197e-17
5.333674094714015990e-01 4.393960714513086804e-17
5.304368193094706196e-01 4.350003172372837031e-17
5.275062291475398624e-01 4.287937372275103887e-17
5.245756389856091051e-01 4.244940795295569208e-17
5.216450488236783478e-01 4.184276401059697149e-17
5.187144586617475905e-01 4.142223273499015289e-17
5.157838684998168333e-01 4.082932816590513732e-17
5.128532783378860760e-01 4.041805787004427588e-17
5.099226881759553187e-01 3.983862158783357076e-17
5.069920980140243394e-01 3.943644046465756178e-17
5.040615078520938042e-01 3.887020502067770572e-17
5.011309176901628248e-01 3.847694303985510603e-17
4.982003275282320676e-01 3.792364466781443702e-17
4.952697373663013103e-01 3.753913362810681311e-17
4.923391472043705530e-01 3.699851227003000556e-17
4.894085570424397957e-01 3.662258585994084802e-17
4.864779668805090385e-01 3.609438519995677442e-17
4.835473767185782812e-01 3.572687904070529359e-17
4.806167865566475239e-01 3.521084651848298356e-17
4.776861963947165446e-01 3.485159820418380909e-17
4.747556062327860094e-01 3.434748502891208768e-17
4.718250160708550300e-01 3.399633416827172581e-17
4.688944259089242728e-01 3.350389533233858547e-17
4.659638357469937375e-01 3.316068357278858462e-17
4.630332455850627582e-01 3.267967785288686000e-17
4.601026554231320009e-01 3.234424891945658976e-17
4.571720652612012437e-01 3.187443888411585373e-17
4.542414750992704864e-01 3.154663859519416755e-17
4.513108849373397291e-01 3.108779059446385426e-17
4.483802947754087498e-01 3.076746688789148362e-17
4.454497046134782146e-01 3.031935105325972820e-17
4.425191144515474573e-01 3.000635400088870898e-17
4.395885242896164780e-01 2.956874423144615871e-17
4.366579341276859427e-01 2.926292605427322789e-17
4.337273439657549634e-01 2.883560000456023318e-17
4.307967538038242061e-01 2.853681508505495601e-17
4.278661636418936709e-01 2.811955415216132805e-17
4.249355734799626916e-01 2.782765904004588466e-17
4.220049833180319343e-01 2.742024834156061221e-17
4.190743931561011770e-01 2.713510175972321301e-17
4.161438029941704198e-01 2.673733011273160783e-17
4.132132128322396625e-01 2.645879296059521613e-17
4.102826226703086832e-01 2.607045285943338672e-17
4.073520325083781479e-01 2.579838821273642772e-17
4.044214423464473906e-01 2.541927580170330489e-17
4.014908521845164113e-01 2.515354891022133679e-17
3.985602620225858761e-01 2.478346395662927768e-17
3.956296718606548968e-01 2.452394224349625083e-17
3.926990816987241395e-01 2.416268810935040548e-17
3.897684915367933822e-01 2.390924116198120297e-17
3.868379013748626249e-01 2.355662477022692338e-17
3.839073112129318677e-01 2.330912433413365910e-17
3.809767210510008884e-01 2.296495613797335063e-17
3.780461308890703531e-01 2.272327610911978795e-17
3.751155407271395958e-01 2.238737005703970710e-17
3.721849505652086165e-01 2.215138646775380856e-17
3.692543604032780813e-01 2.182355996603615401e-17
3.663237702413471020e-01 2.159315097639497450e-17
3.633931800794163447e-01 2.127322485536938528e-17
3.604625899174855874e-01 2.104827073757552467e-17
3.575319997555548301e-01 2.073606921214310302e-17
3.546014095936240729e-01 2.051645233734080357e-17
3.516708194316933156e-01 2.021180296920860093e-17
3.487402292697625583e-01 1.999740779012902922e-17
3.458096391078318010e-01 1.970014144638285550e-17
3.428790489459008217e-01 1.949085448152324432e-17
3.399484587839702865e-01 1.920080529615774115e-17
3.370178686220395292e-01 1.899651511053586429e-17
3.340872784601085499e-01 1.871352044131751687e-17
3.311566882981777926e-01 1.851411763021438756e-17
3.282260981362470353e-01 1.823801802048036832e-17
3.252955079743162781e-01 1.804339518897555409e-17
3.223649178123855208e-01 1.777403432249292311e-17
3.194343276504547635e-01 1.758408606399067658e-17
3.165037374885240062e-01 1.732131072277490427e-17
3.135731473265932490e-01 1.713593360025504714e-17
3.106425571646622696e-01 1.687959362355635926e-17
3.077119670027317344e-01 1.669868614636632421e-17
3.047813768408007551e-01 1.644863438339556969e-17
3.018507866788699978e-01 1.627209698098658306e-17
2.989201965169392405e-01 1.602818924607120326e-17
2.959896063550084833e-01 1.585592426573640209e-17
2.930590161930777260e-01 1.561801933011858232e-17
2.901284260311469687e-01 1.544993097259666544e-17
2.871978358692162114e-01 1.521789043776360981e-17
2.842672457072854542e-01 1.505388478292630596e-17
2.813366555453544748e-01 1.482757311517400229e-17
2.784060653834239396e-01 1.466755806438663540e-17
2.754754752214929603e-01 1.444684252788945710e-17
2.725448850595622030e-01 1.429072779229086750e-17
2.696142948976316678e-01 1.407547839529799035e-17
2.666837047357006885e-01 1.392317546816660479e-17
2.637531145737699312e-01 1.371326492446818399e-17
2.608225244118391739e-01 1.356468705911329976e-17
2.578919342499084166e-01 1.335999074630316906e-17
2.549613440879776594e-01 1.321505293298315198e-17
2.520307539260466800e-01 1.301544884822245469e-17
2.491001637641161448e-01 1.287406778523040619e-17
2.461695736021853875e-01 1.267943649958281623e-17
2.432389834402544082e-01 1.254153056879328893e-17
2.403083932783238730e-01 1.235175518520221327e-17
2.373778031163928937e-01 1.221724442924829706e-17
2.344472129544621364e-01 1.203221054048683311e-17
2.315166227925316011e-01 1.190101663543922424e-17
2.285860326306006218e-01 1.172061227982476589e-17
2.256554424686698646e-01 1.159265851251482161e-17
2.227248523067391073e-01 1.141677413293658368e-17
2.197942621448083500e-01 1.129198537320271495e-17
2.168636719828775927e-01 1.112051377441495314e-17
2.139330818209466134e-01 1.099881645353520445e-17
2.110024916590160782e-01 1.083165276043986714e-17
2.080719014970853209e-01 1.071297484304504476e-17
2.051413113351543416e-01 1.055001645777185718e-17
2.022107211732238063e-01 1.043428741666098915e-17
1.992801310112928270e-01 1.027543397877727699e-17
1.963495408493620697e-01 1.016258477164602997e-17
1.934189506874313125e-01 1.000773811791048892e-17
1.904883605255005552e-01 9.897701162758218390e-18
1.875577703635697979e-01 9.746765285968285567e-18
1.846271802016388186e-01 9.639474436200594975e-18
1.816965900397082834e-01 9.492355446157502046e-18
1.787659998777775261e-01 9.387745964749887975e-18
1.758354097158465468e-01 9.244352046193343655e-18
1.729048195539160115e-01 9.142360583106938561e-18
1.699742293919850322e-01 9.002601959071938668e-18
1.670436392300542749e-01 8.903166525520419804e-18
1.641130490681235177e-01 8.766955417424644873e-18
1.611824589061927604e-01 8.670015362351237169e-18
1.582518687442620031e-01 8.537265952931294880e-18
1.553212785823312458e-01 8.442761940734885781e-18
1.523906884204004886e-01 8.313390336817436481e-18
1.494600982584697313e-01 8.221264321029404575e-18
1.465295080965387520e-01 8.095188513181380494e-18
1.435989179346082167e-01 8.005383717336217761e-18
1.406683277726774595e-01 7.882523547813726452e-18
1.377377376107464801e-01 7.794984434593824019e-18
1.348071474488157229e-01 7.675261554837022391e-18
1.318765572868849656e-01 7.589933813825879232e-18
1.289459671249542083e-01 7.473271655952039529e-18
1.260153769630234510e-01 7.390102169620222662e-18
1.230847868010926938e-01 7.276425903366699684e-18
1.201541966391619365e-01 7.195362734166312417e-18
1.172236064772311792e-01 7.084599240509264540e-18
1.142930163153004219e-01 7.005591604915509254e-18
1.113624261533696647e-01 6.897669435183904852e-18
1.084318359914386853e-01 6.820667678577291869e-18
1.055012458295079281e-01 6.715517021120971500e-18
1.025706556675771708e-01 6.640472598019571821e-18
9.964006550564641351e-02 6.538025247995423351e-18
9.670947534371565624e-02 6.464890706373678189e-18
9.377888518178489896e-02 6.365080033697652527e-18
9.084829501985414169e-02 6.293808987775657157e-18
8.791770485792338441e-02 6.196569900770056321e-18
8.498711469599262713e-02 6.127117008008550296e-18
8.205652453406186986e-02 6.032385921454196127e-18
7.912593437213089054e-02 5.964706868245122585e-18
7.619534421020013326e-02 5.872421676553483114e-18
7.326475404826959803e-02 5.806473154229160935e-18
7.033416388633861871e-02 5.716573197490093644e-18
6.740357372440786143e-02 5.652312885881085134e-18
6.447298356247710416e-02 5.564738922666355738e-18
6.154239340054634688e-02 5.502125466703578697e-18
5.861180323861558961e-02 5.416819640997855134e-18
5.568121307668461029e-02 5.355812631824150496e-18
5.275062291475407505e-02 5.272718444386330674e-18
4.982003275282331778e-02 5.213278397322675320e-18
4.688944259089233846e-02 5.132340673957604912e-18
4.395885242896180323e-02 5.074429015940771382e-18
4.102826226703082391e-02 4.995593884844901980e-18
3.809767210510006663e-02 4.939172930610726236e-18
3.516708194316953140e-02 4.862387791676891959e-18
3.223649178123855208e-02 4.807420731734513353e-18
2.930590161930779480e-02 4.732634232041326104e-18
2.637531145737703753e-02 4.679085106569380207e-18
2.344472129544628025e-02 4.606247108338442344e-18
2.051413113351552298e-02 4.554080799776598552e-18
1.758354097158454366e-02 4.483142364504303078e-18
1.465295080965400842e-02 4.432324550534530777e-18
1.172236064772325115e-02 4.363237875768617664e-18
8.791770485792271828e-03 4.313735095232948888e-18
5.861180323861736596e-03 4.246453577791209430e-18
2.930590161930757276e-03 4.198233076364950195e-18
0.000000000000000000e+00 4.132711165619674954e-18
-2.930590161930757276e-03 4.085741003180997404e-18
-5.861180323861736596e-03 4.021934276336912482e-18
-8.791770485792049783e-03 3.976183254800919424e-18
-1.172236064772302910e-02 3.914048342494447340e-18
-1.465295080965378638e-02 3.869485999719653159e-18
-1.758354097158454366e-02 3.808980580444889492e-18
-2.051413113351552298e-02 3.765577171242607965e-18
-2.344472129544628025e-02 3.706659939842756936e-18
-2.637531145737703753e-02 3.664386426990033415e-18
-2.930590161930757276e-02 3.607017079502398437e-18
-3.223649178123833003e-02 3.565845111196016196e-18
-3.516708194316930935e-02 3.509984314987790595e-18
-3.809767210510006663e-02 3.469886216795505297e-18
-4.102826226703082391e-02 3.415495595500957505e-18
-4.395885242896180323e-02 3.376444349951685731e-18
-4.688944259089256050e-02 3.323486456189243104e-18
-4.982003275282309573e-02 3.285455692835130561e-18
-5.275062291475385301e-02 3.233893992276398875e-18
-5.568121307668461029e-02 3.196857970504467646e-18
-5.861180323861558961e-02 3.146656817595804534e-18
-6.154239340054634688e-02 3.110590413475646139e-18
-6.447298356247710416e-02 3.061715032215403854e-18
-6.740357372440763939e-02 3.026593725360736694e-18
-7.033416388633839667e-02 2.979010190172922706e-18
-7.326475404826937599e-02 2.944810050899389509e-18
-7.619534421020013326e-02 2.898485267388821935e-18
-7.912593437213089054e-02 2.865182941880463454e-18
-8.205652453406186986e-02 2.820084626486365050e-18
-8.498711469599262713e-02 2.787657326847686535e-18
-8.791770485792316236e-02 2.743753991090346584e-18
-9.084829501985391964e-02 2.712179478783984712e-18
-9.377888518178489896e-02 2.669440406124190351e-18
-9.670947534371565624e-02 2.638696982910933547e-18
-9.964006550564641351e-02 2.597092215874024537e-18
-1.025706556675771708e-01 2.567158709711594960e-18
-1.055012458295081501e-01 2.526659029308034018e-18
-1.084318359914386853e-01 2.497514784578864711e-18
-1.113624261533694426e-01 2.458091695409092622e-18
-1.142930163153001999e-01 2.429716559135240887e-18
-1.172236064772311792e-01 2.391342269844322542e-18
-1.201541966391619365e-01 2.363716580607624624e-18
-1.230847868010926938e-01 2.326363989727627831e-18
-1.260153769630232290e-01 2.299468566854786845e-18
-1.289459671249539863e-01 2.263111245804992758e-18
-1.318765572868849656e-01 2.236927378540390349e-18
-1.348071474488157229e-01 2.201539555349985311e-18
-1.377377376107464801e-01 2.176048992435831349e-18
-1.406683277726774595e-01 2.141605538403243621e-18
-1.435989179346082167e-01 2.116790477643548086e-18
-1.465295080965387520e-01 2.083266890618752313e-18
-1.494600982584695092e-01 2.059109965961365898e-18
-1.523906884204002665e-01 2.026482354057541301e-18
-1.553212785823312458e-01 2.002966629827258253e-18
-1.582518687442620031e-01 1.971211701289562424e-18
-1.611824589061927604e-01 1.948320657467096671e-18
-1.641130490681237397e-01 1.917415701432277990e-18
-1.670436392300540529e-01 1.895133229517559758e-18
-1.699742293919850322e-01 1.865056106606544580e-18
-1.729048195539157895e-01 1.843366494990177364e-18
-1.758354097158465468e-01 1.814095621189854461e-18
-1.787659998777775261e-01 1.792983548189561711e-18
-1.816965900397082834e-01 1.764497881409222728e-18
-1.846271802016390406e-01 1.743948407070057436e-18
-1.875577703635695759e-01 1.716227436983548360e-18
-1.904883605255003332e-01 1.696225991691210132e-18
-1.934189506874313125e-01 1.669249723621455954e-18
-1.963495408493620697e-01 1.649782100117507949e-18
-1.992801310112928270e-01 1.623531044041463344e-18
-2.022107211732238063e-01 1.604583392510247239e-18
-2.051413113351541195e-01 1.579038553221103514e-18
-2.080719014970850989e-01 1.560597366865896251e-18
-2.110024916590158561e-01 1.535740226884677613e-18
-2.139330818209466134e-01 1.517792337985649649e-18
-2.168636719828775927e-01 1.493604851116302230e-18
-2.197942621448083500e-01 1.476137420819371596e-18
-2.227248523067391073e-01 1.452601997890588312e-18
-2.256554424686696425e-01 1.435602511055456898e-18
-2.285860326306003998e-01 1.412702010659323118e-18
-2.315166227925313791e-01 1.396158265321739042e-18
-2.344472129544621364e-01 1.373875980869617907e-18
-2.373778031163928937e-01 1.357776083471903223e-18
-2.403083932783238730e-01 1.336095735172768715e-18
-2.432389834402546303e-01 1.320428090009099317e-18
-2.461695736021851655e-01 1.299333811317335389e-18
-2.491001637641159228e-01 1.284087115610822176e-18
-2.520307539260466800e-01 1.263563446924370817e-18
-2.549613440879776594e-01 1.248726684709435669e-18
-2.578919342499084166e-01 1.228758560355072051e-18
-2.608225244118391739e-01 1.214320987720100919e-18
-2.637531145737697091e-01 1.194893723617635235e-18
-2.666837047357004664e-01 1.180844884519085702e-18
-2.696142948976314457e-01 1.161944194632963557e-18
-2.725448850595622030e-01 1.148273873676703869e-18
-2.754754752214929603e-01 1.129885794302371311e-18
-2.784060653834239396e-01 1.116584059667813391e-18
-2.813366555453546969e-01 1.098695026648496865e-18
-2.842672457072852321e-01 1.085752184489912062e-18
-2.871978358692159894e-01 1.068348962624326026e-18
-2.901284260311469687e-01 1.055755569713976040e-18
-2.930590161930777260e-01 1.038825270934091216e-18
-2.959896063550084833e-01 1.026572123955070072e-18
-2.989201965169392405e-01 1.010102189399330265e-18
-3.018507866788702199e-01 9.981803204462200621e-19
-3.047813768408007551e-01 9.821585156774274885e-19
-3.077119670027315124e-01 9.705591849943316806e-19
-3.106425571646622696e-01 9.549735912416147796e-19
-3.135731473265932490e-01 9.436882827839184833e-19
-3.165037374885240062e-01 9.285272894947789119e-19
-3.194343276504547635e-01 9.175477051116970510e-19
-3.223649178123852987e-01 9.028000011660904185e-19
-3.252955079743160560e-01 8.921180551074007210e-19
-3.282260981362470353e-01 8.777726226274818954e-19
-3.311566882981777926e-01 8.673804372392602091e-19
-3.340872784601085499e-01 8.534265449803486380e-19
-3.370178686220395292e-01 8.433164433880344340e-19
-3.399484587839702865e-01 8.297436360924028429e-19
-3.428790489459008217e-01 8.199081405147059051e-19
-3.458096391078315790e-01 8.067062366552033371e-19
-3.487402292697623363e-01 7.971380599333326950e-19
-3.516708194316933156e-01 7.842971420410397150e-19
-3.546014095936240729e-01 7.749891852926926529e-19
-3.575319997555548301e-01 7.624995933487170334e-19
-3.604625899174858095e-01 7.534449414787223302e-19
-3.633931800794161227e-01 7.412972656774206998e-19
-3.663237702413471020e-01 7.324891824837798108e-19
-3.692543604032778592e-01 7.206742605414047947e-19
-3.721849505652086165e-01 7.121061817165491002e-19
-3.751155407271395958e-01 7.006150897759644607e-19
-3.780461308890703531e-01 6.922806223541582985e-19
-3.809767210510008884e-01 6.811046701454402676e-19
-3.839073112129316456e-01 6.729975862584180076e-19
-3.868379013748624029e-01 6.621283093136312135e-19
-3.897684915367933822e-01 6.542425426359876114e-19
-3.926990816987241395e-01 6.436716996207504959e-19
-3.956296718606548968e-01 6.360013413099517183e-19
-3.985602620225858761e-01 6.257209059131157774e-19
-4.014908521845161893e-01 6.182601998035638631e-19
-4.044214423464471686e-01 6.082623552945073132e-19
-4.073520325083779259e-01 6.010056959283390127e-19
-4.102826226703086832e-01 5.912828315959323382e-19
-4.132132128322396625e-01 5.842247582572979031e-19
-4.161438029941704198e-01 5.747694620457663578e-19
-4.190743931561011770e-01 5.679046572416423266e-19
-4.220049833180317123e-01 5.587097139470321111e-19
-4.249355734799624695e-01 5.520329981901159051e-19
-4.278661636418934489e-01 5.430913812584068021e-19
-4.307967538038242061e-01 5.365977105767208850e-19
-4.337273439657551855e-01 5.279025775427112755e-19
-4.366579341276857207e-01 5.215870393435721083e-19
-4.395885242896167000e-01 5.131317302837221511e-19
-4.425191144515472352e-01 5.069895402992039379e-19
-4.454497046134782146e-01 4.987675682870600470e-19
-4.483802947754087498e-01 4.927940683683336730e-19
-4.513108849373397291e-01 4.847991198791481996e-19
-4.542414750992707084e-01 4.789897728580920509e-19
-4.571720652612012437e-01 4.712156992585001628e-19
-4.601026554231317789e-01 4.655660870272803639e-19
-4.630332455850627582e-01 4.580069036080071241e-19
-4.659638357469932934e-01 4.525127238028345592e-19
-4.688944259089242728e-01 4.451626042663943426e-19
-4.718250160708552521e-01 4.398196681999958158e-19
-4.747556062327857873e-01 4.326729401893756394e-19
-4.776861963947167666e-01 4.274771690780975951e-19
-4.806167865566473019e-01 4.205283103779408544e-19
-4.835473767185782812e-01 4.154757327056463437e-19
-4.864779668805088164e-01 4.087193683028624207e-19
-4.894085570424397957e-01 4.038061163439704245e-19
-4.923391472043707751e-01 3.972370127132505086e-19
-4.952697373663013103e-01 3.924593220117130505e-19
-4.982003275282322896e-01 3.860723857049120248e-19
-5.011309176901628248e-01 3.814265899920162599e-19
-5.040615078520933601e-01 3.752168620937706516e-19
-5.069920980140243394e-01 3.706993924995958355e-19
-5.099226881759553187e-01 3.646620469102903924e-19
-5.128532783378858539e-01 3.602694289246143591e-19
-5.157838684998168333e-01 3.543997679363836486e-19
-5.187144586617473685e-01 3.501286178165212374e-19
-5.216450488236783478e-01 3.444220686058042431e-19
-5.245756389856088830e-01 3.402690936609867921e-19
-5.275062291475398624e-01 3.347212056142288853e-19
-5.304368193094708417e-01 3.306831991669455292e-19
-5.333674094714013769e-01 3.252896395363720387e-19
-5.362979996333323562e-01 3.213634808537416509e-19
-5.392285897952628915e-01 3.161200343335722412e-19
-5.421591799571934267e-01 3.123026875559757612e-19
-5.450897701191244060e-01 3.072052499188998883e-19
-5.480203602810553853e-01 3.034937458244328217e-19
-5.509509504429859206e-01 2.985383192359942122e-19
-5.538815406049168999e-01 2.949297974214289224e-19
-5.568121307668478792e-01 2.901125077109879135e-19
-5.597427209287784144e-01 2.866041515819980456e-19
-5.626733110907089497e-01 2.819212032027285046e-19
-5.656039012526399290e-01 2.785102893401622324e-19
-5.685344914145709083e-01 2.739580069836914049e-19
-5.714650815765014435e-01 2.706418792089394334e-19
-5.743956717384324229e-01 2.662166788246585005e-19
-5.773262619003629581e-01 2.629927530794885957e-19
-5.802568520622939374e-01 2.586911487656789377e-19
-5.831874422242244727e-01 2.555569093595814113e-19
-5.861180323861554520e-01 2.513755082792982776e-19
-5.890486225480859872e-01 2.483285058284942833e-19
-5.919792127100169665e-01 2.442640059891244591e-19
-5.949098028719479458e-01 2.413018584672018476e-19
-5.978403930338784811e-01 2.373510490413212717e-19
-6.007709831958090163e-01 2.344714371077939622e-19
-6.037015733577399956e-01 2.306311906063526669e-19
-6.066321635196709749e-01 2.278318564270925452e-19
-6.095627536816015102e-01 2.240991309996287183e-19
-6.124933438435324895e-01 2.213778776368650752e-19
-6.154239340054634688e-01 2.177497136709204574e-19
-6.183545241673940041e-01 2.151044041982123457e-19
-6.212851143293245393e-01 2.115779225087873012e-19
-6.242157044912555186e-01 2.090064754188745023e-19
-6.271462946531864979e-01 2.055788729859080823e-19
-6.300768848151170332e-01 2.030792635985881162e-19
-6.330074749770480125e-01 1.997478147585090078e-19
-6.359380651389785477e-01 1.973180715413959376e-19
-6.388686553009090829e-01 1.940801222465063290e-19
-6.417992454628400623e-01 1.917183291781322619e-19
-6.447298356247710416e-01 1.885712993825553260e-19
-6.476604257867015768e-01 1.862755900094835820e-19
-6.505910159486325561e-01 1.832169689430213339e-19
-6.535216061105635355e-01 1.809855282561538904e-19
-6.564521962724940707e-01 1.780128725264324385e-19
-6.593827864344246059e-01 1.758439314318902252e-19
-6.623133765963555852e-01 1.729548634397544226e-19
-6.652439667582865646e-01 1.708467042959993857e-19
-6.681745569202170998e-01 1.680389126233518353e-19
-6.711051470821480791e-01 1.659898629601210843e-19
-6.740357372440790584e-01 1.632610975775932233e-19
-6.769663274060091496e-01 1.612695297402603699e-19
-6.798969175679401289e-01 1.586176024544796546e-19
-6.828275077298711082e-01 1.566819326813631547e-19
-6.857580978918016434e-01 1.541047143561265091e-19
-6.886886880537326228e-01 1.522234003719576225e-19
-6.916192782156636021e-01 1.497188192245252571e-19
-6.945498683775941373e-01 1.478903631472731557e-19
-6.974804585395246725e-01 1.454564056326411260e-19
-7.004110487014556519e-01 1.436793476644928648e-19
-7.033416388633866312e-01 1.413140526878103654e-19
-7.062722290253171664e-01 1.395869734567560630e-19
-7.092028191872481457e-01 1.372884350850702991e-19
-7.121334093491791251e-01 1.356099554735804744e-19
-7.150639995111092162e-01 1.333763199569646089e-19
-7.179945896730401955e-01 1.317450960153697086e-19
-7.209251798349711748e-01 1.295745595755431133e-19
-7.238557699969017101e-01 1.279892849317084769e-19
-7.267863601588326894e-01 1.258800928720260342e-19
-7.297169503207636687e-01 1.243394951939861097e-19
-7.326475404826942039e-01 1.222899401697859522e-19
-7.355781306446247392e-01 1.207927831415733997e-19
-7.385087208065557185e-01 1.188012056593486055e-19
-7.414393109684866978e-01 1.173462855047298924e-19
-7.443699011304172330e-01 1.154110698639224638e-19
-7.473004912923482124e-01 1.139972169627413835e-19
-7.502310814542791917e-01 1.121167943216444975e-19
-7.531616716162097269e-01 1.107428697079250575e-19
-7.560922617781402622e-01 1.089157117363202278e-19
-7.590228519400712415e-01 1.075806076961644984e-19
-7.619534421020017767e-01 1.058052291855283383e-19
-7.648840322639327560e-01 1.045078688705407012e-19
-7.678146224258637353e-01 1.027828248827705327e-19
-7.707452125877942706e-01 1.015221591058756943e-19
-7.736758027497248058e-01 9.984604334067517118e-20
-7.766063929116557851e-01 9.862105465675039804e-20
-7.795369830735867644e-01 9.699250285639118589e-20
-7.824675732355172997e-01 9.580219945614367006e-20
-7.853981633974482790e-01 9.421988177709611303e-20
-7.883287535593792583e-01 9.306329816257266842e-20
-7.912593437213097936e-01 9.152592166819778371e-20
-7.941899338832403288e-01 9.040211974976688124e-20
-7.971205240451713081e-01 8.890842674572614054e-20
-8.000511142071022874e-01 8.781649505110341521e-20
-8.029817043690328227e-01 8.636526468702229589e-20
-8.059122945309638020e-01 8.530431578379554105e-20
-8.088428846928947813e-01 8.389435870931293333e-20
-8.117734748548253165e-01 8.286352983352470857e-20
-8.147040650167558518e-01 8.149369019987637337e-20
-8.176346551786868311e-01 8.049214121980727070e-20
-8.205652453406173663e-01 7.916129391020111632e-20
-8.234958355025483456e-01 7.818820834870839610e-20
-8.264264256644793250e-01 7.689525422944264005e-20
-8.293570158264098602e-01 7.594984888239614158e-20
-8.322876059883403954e-01 7.469373284459268064e-20
-8.352181961502713747e-01 7.377522032633620731e-20
-8.381487863122023541e-01 7.255491666112746764e-20
-8.410793764741328893e-01 7.166254658842495541e-20
-8.440099666360638686e-01 7.047704095364213261e-20
-8.469405567979948479e-01 6.961008837519146647e-20
-8.498711469599253832e-01 6.845840446068973420e-20
-8.528017371218559184e-01 6.761615833125690680e-20
-8.557323272837868977e-01 6.649734559742376923e-20
-8.586629174457174329e-01 6.567911550647538966e-20
-8.615935076076484123e-01 6.459225018823971245e-20
-8.645240977695793916e-01 6.379736546304692838e-20
-8.674546879315099268e-01 6.274155037766318578e-20
-8.703852780934409061e-01 6.196935774924377173e-20
-8.733158682553714414e-01 6.094371913639054788e-20
-8.762464584173024207e-01 6.019358330368048336e-20
-8.791770485792329559e-01 5.919727193524114245e-20
-8.821076387411639352e-01 5.846857584943104870e-20
-8.850382289030949146e-01 5.750076622399095340e-20
-8.879688190650254498e-01 5.679291019473187015e-20
-8.908994092269559850e-01 5.585280005683081832e-20
-8.938299993888869643e-01 5.516520018923970281e-20
-8.967605895508174996e-01 5.425200883280113667e-20
-8.996911797127484789e-01 5.358409670791092235e-20
-9.026217698746794582e-01 5.269706544438167425e-20
-9.055523600366099934e-01 5.204828990122736551e-20
-9.084829501985409728e-01 5.118668195938868174e-20
-9.114135403604715080e-01 5.055650647547252388e-20
-9.143441305224024873e-01 4.971960409257651059e-20
-9.172747206843330225e-01 4.910750765245621972e-20
-9.202053108462640019e-01 4.829461396046819713e-20
-9.231359010081949812e-01 4.770008917748877450e-20
-9.260664911701255164e-01 4.691052706877243185e-20
-9.289970813320564957e-01 4.633308019597399309e-20
-9.319276714939870310e-01 4.556619078218690510e-20
-9.348582616559175662e-01 4.500534298243883129e-20
-9.377888518178485455e-01 4.426048697073272914e-20
-9.407194419797795248e-01 4.371577180673086622e-20
-9.436500321417100601e-01 4.299232546175046316e-20
-9.465806223036410394e-01 4.246329035015858614e-20
-9.495112124655720187e-01 4.176064894161286438e-20
-9.524418026275025539e-01 4.124685425827020246e-20
-9.553723927894330892e-01 4.056443031986695312e-20
-9.583029829513640685e-01 4.006544744129878061e-20
-9.612335731132950478e-01 3.940266910894104332e-20
-9.641641632752255830e-01 3.891808218735623270e-20
-9.670947534371565624e-01 3.827439359769505076e-20
-9.700253435990870976e-01 3.780379785095079871e-20
-9.729559337610180769e-01 3.717865979685303257e-20
-9.758865239229486122e-01 3.672166185329844240e-20
-9.788171140848795915e-01 3.611454847341196245e-20
-9.817477042468105708e-01 3.567076764392724687e-20
-9.846782944087411060e-01 3.508116957604090874e-20
-9.876088845706720853e-01 3.465023288702029046e-20
-9.905394747326026206e-01 3.407765393540731477e-20
-9.934700648945331558e-01 3.365920051888096988e-20
-9.964006550564641351e-01 3.310315877272765778e-20
-9.993312452183951144e-01 3.269683878885583375e-20
-1.002261835380325650e+00 3.215686700243858516e-20
-1.005192425542256629e+00 3.176233758943647065e-20
-1.008123015704187608e+00 3.123797860833643874e-20
-1.011053605866118144e+00 3.085491027381694227e-20
-1.013984196028048679e+00 3.034572370526571688e-20
-1.016914786189979658e+00 2.997379392127147411e-20
-1.019845376351910637e+00 2.947934937500125007e-20
-1.022775966513841173e+00 2.911824531350626802e-20
-1.025706556675772152e+00 2.863812490376935312e-20
-1.028637146837702687e+00 2.828754171952081667e-20
-1.031567736999633222e+00 2.782133969762550244e-20
-1.034498327161564202e+00 2.748098233189739339e-20
-1.037428917323495181e+00 2.702830444115506522e-20
-1.040359507485425716e+00 2.669788512210177923e-20
-1.043290097647356696e+00 2.625834725712843750e-20
-1.046220687809287675e+00 2.593758816346795596e-20
-1.049151277971218210e+00 2.551081916202639797e-20
-1.052081868133148745e+00 2.519944783504105886e-20
-1.055012458295079725e+00 2.478508483465271697e-20
-1.057943048457010704e+00 2.448283783006575631e-20
-1.060873638618941239e+00 2.408052940702591375e-20
-1.063804228780872219e+00 2.378715122828482365e-20
-1.066734818942803198e+00 2.339655585306754237e-20
-1.069665409104733289e+00 2.311179831980332512e-20
-1.072595999266664268e+00 2.273258432453719554e-20
-1.075526589428595248e+00 2.245620512513929121e-20
-1.078457179590525783e+00 2.208804986596596249e-20
-1.081387769752456762e+00 2.181981512583562518e-20
-1.084318359914387742e+00 2.146240553380120558e-20
-1.087248950076318277e+00 2.120208639306309062e-20
-1.090179540238248812e+00 2.085511808367581273e-20
-1.093110130400179791e+00 2.060249437584992117e-20
-1.096040720562110771e+00 2.026567223328820741e-20
-1.098971310724041306e+00 2.002052708602064803e-20
-1.101901900885972285e+00 1.969356387616675281e-20
-1.104832491047903265e+00 1.945569216653043664e-20
-1.107763081209833356e+00 1.913831812043733425e-20
-1.110693671371764335e+00 1.890749240832017918e-20
-1.113624261533695314e+00 1.859941013598186499e-20
-1.116554851695625850e+00 1.837548288342764238e-20
-1.119485441857556829e+00 1.807645432505864133e-20
-1.122416032019487808e+00 1.785919793340716095e-20
-1.125346622181418343e+00 1.756895377816260732e-20
-1.128277212343348879e+00 1.735819115192240007e-20
-1.131207802505279858e+00 1.707648998486570090e-20
-1.134138392667210837e+00 1.687204055301809045e-20
-1.137068982829141373e+00 1.659863880922455062e-20
-1.139999572991072352e+00 1.640032799215757883e-20
-1.142930163153003331e+00 1.613499252970164253e-20
-1.145860753314933866e+00 1.594264958439993832e-20
-1.148791343476864402e+00 1.568515209396241700e-20
-1.151721933638795381e+00 1.549861278180916797e-20
-1.154652523800725916e+00 1.524873324037119700e-20
-1.157583113962656896e+00 1.506783647961159889e-20
-1.160513704124587875e+00 1.482535960759674184e-20
-1.163444294286518410e+00 1.464995057058218614e-20
-1.166374884448448945e+00 1.441466890941670663e-20
-1.169305474610379925e+00 1.424459653487754753e-20
-1.172236064772310904e+00 1.401630742414238260e-20
-1.175166654934241439e+00 1.385142501883077827e-20
-1.178097245096172418e+00 1.362993196084702840e-20
-1.181027835258103398e+00 1.347009723091351900e-20
-1.183958425420033933e+00 1.325520989307791351e-20
-1.186889015581964468e+00 1.310028557580459168e-20
-1.189819605743895448e+00 1.289181957604757353e-20
-1.192750195905826427e+00 1.274167183130710359e-20
-1.195680786067756962e+00 1.253944752795474684e-20
-1.198611376229687941e+00 1.239394545626348735e-20
-1.201541966391618921e+00 1.219778687432114117e-20
-1.204472556553549456e+00 1.205680611585567870e-20
-1.207403146715479991e+00 1.186654589858354418e-20
-1.210333736877410971e+00 1.172996366767548808e-20
-1.213264327039341506e+00 1.154543715218745082e-20
-1.216194917201272485e+00 1.141313615605249743e-20
-1.219125507363203464e+00 1.123418462049437363e-20
-1.222056097525134000e+00 1.110604886781314590e-20
-1.224986687687064535e+00 1.093251656801371101e-20
-1.227917277848995514e+00 1.080843489422118580e-20
-1.230847868010926494e+00 1.064017271524872717e-20
-1.233778458172857029e+00 1.052003815184970963e-20
-1.236709048334788008e+00 1.035690063446817511e-20
-1.239639638496718987e+00 1.024060836208993021e-20
-1.242570228658649523e+00 1.008245416748726368e-20
-1.245500818820580058e+00 9.969902931672979802e-21
-1.248431408982511037e+00 9.816595224491112671e-21
-1.251361999144441572e+00 9.707687678756163913e-21
-1.254292589306372552e+00 9.559094860995869044e-21
-1.257223179468303531e+00 9.453735342941231892e-21
-1.260153769630234066e+00 9.309727393965917183e-21
-1.263084359792165046e+00 9.207823941585308571e-21
-1.266014949954095581e+00 9.068276177594416440e-21
-1.268945540116026560e+00 8.969739429084513937e-21
-1.271876130277957095e+00 8.834530538584310174e-21
-1.274806720439888075e+00 8.739275408107016294e-21
-1.277737310601819054e+00 8.608288826243315363e-21
-1.280667900763749589e+00 8.516230721093549741e-21
-1.283598490925680125e+00 8.389351954494428540e-21
-1.286529081087611104e+00 8.300411589782533275e-21
-1.289459671249541639e+00 8.177531979737052821e-21
-1.292390261411472618e+00 8.091631196605231171e-21
-1.295320851573403598e+00 7.972643384787131013e-21
-1.298251441735334133e+00 7.889706542912539321e-21
-1.301182031897265112e+00 7.774507231496412976e-21
-1.304112622059195647e+00 7.694461792901229714e-21
-1.307043212221126627e+00 7.582950451635600578e-21
-1.309973802383057162e+00 7.505725458617260728e-21
-1.312904392544988141e+00 7.397805253659206321e-21
-1.315834982706919121e+00 7.323333066140259583e-21
-1.318765572868849656e+00 7.218910439641913057e-21
-1.321696163030780635e+00 7.147126661714291413e-21
-1.324626753192711170e+00 7.046111680097805268e-21
-1.327557343354641706e+00 6.976950329470318553e-21
-1.330487933516572685e+00 6.879255546745672572e-21
-1.333418523678503664e+00 6.812650841372360818e-21
-1.336349113840434200e+00 6.718186912317321797e-21
-1.339279704002365179e+00 6.654091228839509338e-21
-1.342210294164295714e+00 6.562779267118284236e-21
-1.345140884326226693e+00 6.501133382281285173e-21
-1.348071474488157229e+00 6.412892353381488178e-21
-1.351002064650088208e+00 6.353636095271958351e-21
-1.353932654812019187e+00 6.268388501302851636e-21
-1.356863244973949723e+00 6.211477000879835598e-21
-1.359793835135880702e+00 6.129155224436711308e-21
-1.362724425297811237e+00 6.074531857904207415e-21
-1.365655015459742216e+00 5.995052660955878384e-21
-1.368585605621672752e+00 5.942669642923140714e-21
-1.371516195783603731e+00 5.865970558275614409e-21
-1.374446785945534266e+00 5.815783900666177214e-21
-1.377377376107465246e+00 5.741798616554447551e-21
-1.380307966269396225e+00 5.693762022898286770e-21
-1.383238556431326760e+00 5.622424034323585046e-21
-1.386169146593257295e+00 5.576492480312886833e-21
-1.389099736755188275e+00 5.507741333918502373e-21
-1.392030326917119254e+00 5.463872775119656227e-21
-1.394960917079049789e+00 5.397637876696051947e-21
-1.397891507240980769e+00 5.355808956236060570e-21
-1.400822097402911304e+00 5.292052544373279588e-21
-1.403752687564842283e+00 5.252207588541254652e-21
-1.406683277726772818e+00 5.190863143495836562e-21
-1.409613867888703798e+00 5.152970822039918298e-21
-1.412544458050634777e+00 5.093985035341752857e-21
-1.415475048212565312e+00 5.058012028982191331e-21
-1.418405638374496291e+00 5.001335201066659460e-21
-1.421336228536426827e+00 4.967249547388273285e-21
-1.424266818698357362e+00 4.912820712486538505e-21
-1.427197408860288341e+00 4.880601179931716428e-21
-1.430127999022219321e+00 4.828390198575175881e-21
-1.433058589184149856e+00 4.797993210237853117e-21
-1.435989179346080835e+00 4.747948934370019432e-21
-1.438919769508011814e+00 4.719350561808702227e-21
-1.441850359669942350e+00 4.671425409514253457e-21
-1.444780949831872885e+00 4.644600568105510214e-21
-1.447711539993803864e+00 4.598753201616213038e-21
-1.450642130155734844e+00 4.573681740332739986e-21
-1.453572720317665379e+00 4.529876663615558973e-21
-1.456503310479596358e+00 4.506532488017056185e-21
-1.459433900641527337e+00 4.464729712466620732e-21
-1.462364490803457429e+00 4.443089002505703258e-21
-1.465295080965388408e+00 4.403249621560399410e-21
-1.468225671127319387e+00 4.383300461267588554e-21
-1.471156261289249922e+00 4.345392538483959197e-21
-1.474086851451180902e+00 4.327109599865450465e-21
-1.477017441613111881e+00 4.291103199630931627e-21
-1.479948031775042416e+00 4.274469599184950181e-21
-1.482878621936972952e+00 4.240332363650137252e-21
-1.485809212098903931e+00 4.225338634355489660e-21
-1.488739802260834910e+00 4.193037693966818806e-21
-1.491670392422765445e+00 4.179667195424579419e-21
-1.494600982584696425e+00 4.149177552147150407e-21
-1.497531572746627404e+00 4.137422480529541076e-21
-1.500462162908557495e+00 4.108714709331719731e-21
-1.503392753070488475e+00 4.098563041405606878e-21
-1.506323343232419454e+00 4.071613293855326224e-21
-1.509253933394349989e+00 4.063051979548126361e-21
-1.512184523556280968e+00 4.037843729143599902e-21
-1.515115113718211948e+00 4.030870164896233641e-21
-1.518045703880142483e+00 4.007374123744663865e-21
-1.520976294042073018e+00 4.001976168132721567e-21
-1.523906884204003997e+00 3.980177908758552879e-21
-1.526837474365934977e+00 3.976356589407999639e-21
-1.529768064527865512e+00 3.956236247864250235e-21
-1.532698654689796491e+00 3.953982102510343748e-21
-1.535629244851727471e+00 3.935523585492165375e-21
-1.538559835013658006e+00 3.934844993950756888e-21
-1.541490425175588541e+00 3.918025331805220313e-21
-1.544421015337519520e+00 3.918917838671388488e-21
-1.547351605499450056e+00 3.903729476912950340e-21
-1.550282195661381035e+00 3.906192074535362038e-21
-1.553212785823312014e+00 3.892612849828661927e-21
-1.556143375985242550e+00 3.896661012436053094e-21
-1.559073966147173085e+00 3.884658782921615084e-21
-1.562004556309104064e+00 3.890283921984563980e-21
-1.564935146471035043e+00 3.879786751405361272e-21
-1.567865736632965579e+00 3.887021908935924725e-21
-1.570796326794896558e+00 3.878317924967255674e-21
