1.570796326794896558e+00 5.901615868501946330e+06
1.567865736632965801e+00 5.899297321157304570e+06
1.564935146471035043e+00 5.896978773812661879e+06
1.562004556309104286e+00 5.889480499272949994e+06
1.559073966147173529e+00 5.881982224733239040e+06
1.556143375985242772e+00 5.869840437107902020e+06
1.553212785823311792e+00 5.857698649482565932e+06
1.550282195661381035e+00 5.840782981814736500e+06
1.547351605499450278e+00 5.823867314146908000e+06
1.544421015337519520e+00 5.802336973562083207e+06
1.541490425175588763e+00 5.780806632977258414e+06
1.538559835013658006e+00 5.754803227666374296e+06
1.535629244851727249e+00 5.728799822355490178e+06
1.532698654689796491e+00 5.698505568105164915e+06
1.529768064527865734e+00 5.668211313854839653e+06
1.526837474365934977e+00 5.633831340592755005e+06
1.523906884204004220e+00 5.599451367330669425e+06
1.520976294042073240e+00 5.561214130413180217e+06
1.518045703880142483e+00 5.522976893495691940e+06
1.515115113718211726e+00 5.481129890337711200e+06
1.512184523556280968e+00 5.439282887179730460e+06
1.509253933394350211e+00 5.394089360966417938e+06
1.506323343232419454e+00 5.348895834753105417e+06
1.503392753070488697e+00 5.300631133127356879e+06
1.500462162908557939e+00 5.252366431501608342e+06
1.497531572746627182e+00 5.201314457735434175e+06
1.494600982584696425e+00 5.150262483969260007e+06
1.491670392422765667e+00 5.096712221767838113e+06
1.488739802260834910e+00 5.043161959566416219e+06
1.485809212098903931e+00 4.987404160427698866e+06
1.482878621936973174e+00 4.931646361288981512e+06
1.479948031775042416e+00 4.873970443477341905e+06
1.477017441613111659e+00 4.816294525665702298e+06
1.474086851451180902e+00 4.756985730976523831e+06
1.471156261289250144e+00 4.697676936287344433e+06
1.468225671127319387e+00 4.637013777526078746e+06
1.465295080965388630e+00 4.576350618764812127e+06
1.462364490803457873e+00 4.514602640513135120e+06
1.459433900641527115e+00 4.452854662261458114e+06
1.456503310479596358e+00 4.390280526924875565e+06
1.453572720317665379e+00 4.327706391588293016e+06
1.450642130155734622e+00 4.264552293295403942e+06
1.447711539993803864e+00 4.201398195002513938e+06
1.444780949831873107e+00 4.137896595561692957e+06
1.441850359669942350e+00 4.074394996120871976e+06
1.438919769508011592e+00 4.010763670240616892e+06
1.435989179346080835e+00 3.947132344360361807e+06
1.433058589184150078e+00 3.883573715607916471e+06
1.430127999022219321e+00 3.820015086855471134e+06
1.427197408860288563e+00 3.756715831601982005e+06
1.424266818698357806e+00 3.693416576348492876e+06
1.421336228536426827e+00 3.630547469770170748e+06
1.418405638374496069e+00 3.567678363191848621e+06
1.415475048212565312e+00 3.505394339906704146e+06
1.412544458050634555e+00 3.443110316621559672e+06
1.409613867888703798e+00 3.381550717176192906e+06
1.406683277726773040e+00 3.319991117730826139e+06
1.403752687564842283e+00 3.259280093032915611e+06
1.400822097402911526e+00 3.198569068335005082e+06
1.397891507240980769e+00 3.138816114293784369e+06
1.394960917079050011e+00 3.079063160252563655e+06
1.392030326917119254e+00 3.020363756779295392e+06
1.389099736755188275e+00 2.961664353306027129e+06
1.386169146593257517e+00 2.904100683475474827e+06
1.383238556431326760e+00 2.846537013644922525e+06
1.380307966269396003e+00 2.790178741049761418e+06
1.377377376107465246e+00 2.733820468454600312e+06
1.374446785945534488e+00 2.678725553074911702e+06
1.371516195783603731e+00 2.623630637695223093e+06
1.368585605621672974e+00 2.569846173019506503e+06
1.365655015459742216e+00 2.516061708343789913e+06
1.362724425297811459e+00 2.463624764831357170e+06
1.359793835135880702e+00 2.411187821318924427e+06
1.356863244973949723e+00 2.360126283606991637e+06
1.353932654812018965e+00 2.309064745895058848e+06
1.351002064650088208e+00 2.259398133314623963e+06
1.348071474488157451e+00 2.209731520734189078e+06
1.345140884326226693e+00 2.161471782708266284e+06
1.342210294164295936e+00 2.113212044682343490e+06
1.339279704002365179e+00 2.066364324394818861e+06
1.336349113840434422e+00 2.019516604107294232e+06
1.333418523678503664e+00 1.974079965475135483e+06
1.330487933516572907e+00 1.928643326842976734e+06
1.327557343354642150e+00 1.884611441234330181e+06
1.324626753192711170e+00 1.840579555625683628e+06
1.321696163030780635e+00 1.797941346024916507e+06
1.318765572868849656e+00 1.755303136424149387e+06
1.315834982706918899e+00 1.714043377779195551e+06
1.312904392544988141e+00 1.672783619134241715e+06
1.309973802383057384e+00 1.632883494518496096e+06
1.307043212221126627e+00 1.592983369902750477e+06
1.304112622059195870e+00 1.554420982838137541e+06
1.301182031897265112e+00 1.515858595773524605e+06
1.298251441735334355e+00 1.478609439642638899e+06
1.295320851573403598e+00 1.441360283511753194e+06
1.292390261411472618e+00 1.405397669451194350e+06
1.289459671249542083e+00 1.369435055390635505e+06
1.286529081087611104e+00 1.334730500392164104e+06
1.283598490925680347e+00 1.300025945393692702e+06
1.280667900763749589e+00 1.266549522595515475e+06
1.277737310601818832e+00 1.233073099797338247e+06
1.274806720439888075e+00 1.200793753119919449e+06
1.271876130277957317e+00 1.168514406442500651e+06
1.268945540116026560e+00 1.137400231821544003e+06
1.266014949954095803e+00 1.106286057200587355e+06
1.263084359792165046e+00 1.076304552717977669e+06
1.260153769630234066e+00 1.046323048235367984e+06
1.257223179468303531e+00 1.017441335442766547e+06
1.254292589306372552e+00 9.885596226501651108e+05
1.251361999144441794e+00 9.607446413648673333e+05
1.248431408982511037e+00 9.329296600795695558e+05
1.245500818820580280e+00 9.061483388379910029e+05
1.242570228658649523e+00 8.793670175964124501e+05
1.239639638496718765e+00 8.535864218987789936e+05
1.236709048334788008e+00 8.278058262011455372e+05
1.233778458172857251e+00 8.029932865544580854e+05
1.230847868010926494e+00 7.781807469077706337e+05
1.227917277848995514e+00 7.543039685875461437e+05
1.224986687687064979e+00 7.304271902673216537e+05
1.222056097525134000e+00 7.074543465736974031e+05
1.219125507363203242e+00 6.844815028800731525e+05
1.216194917201272485e+00 6.623813135797246359e+05
1.213264327039341728e+00 6.402811242793761194e+05
1.210333736877410971e+00 6.190229207716253586e+05
1.207403146715480213e+00 5.977647172638745978e+05
1.204472556553549456e+00 5.773184959103493020e+05
1.201541966391618699e+00 5.568722745568240061e+05
1.198611376229687941e+00 5.372087394940936938e+05
1.195680786067756962e+00 5.175452044313633814e+05
1.192750195905826427e+00 4.986358010660693981e+05
1.189819605743895448e+00 4.797263977007754147e+05
1.186889015581964912e+00 4.615433380010267720e+05
1.183958425420033933e+00 4.433602783012781292e+05
1.181027835258103176e+00 4.258765588721251115e+05
1.178097245096172418e+00 4.083928394429720938e+05
1.175166654934241661e+00 3.915822533014398068e+05
1.172236064772310904e+00 3.747716671599075198e+05
1.169305474610380147e+00 3.586088100209487602e+05
1.166374884448449389e+00 3.424459528819900006e+05
1.163444294286518410e+00 3.269062246987265535e+05
1.160513704124587875e+00 3.113664965154631063e+05
1.157583113962656896e+00 2.964260989304771647e+05
1.154652523800726138e+00 2.814857013454912230e+05
1.151721933638795381e+00 2.671216316481768154e+05
1.148791343476864624e+00 2.527575619508624077e+05
1.145860753314933866e+00 2.389476040701591410e+05
1.142930163153003109e+00 2.251376461894558743e+05
1.139999572991072352e+00 2.118603591720350087e+05
1.137068982829141373e+00 1.985830721546141431e+05
1.134138392667210837e+00 1.858177765817469917e+05
1.131207802505280080e+00 1.730524810088798404e+05
1.128277212343349323e+00 1.607792437154292129e+05
1.125346622181418343e+00 1.485060064219785854e+05
1.122416032019487586e+00 1.367056237682593055e+05
1.119485441857556829e+00 1.249052411145400256e+05
1.116554851695626072e+00 1.135592212258367799e+05
1.113624261533695314e+00 1.022132013371335343e+05
1.110693671371764557e+00 9.130374545094138011e+04
1.107763081209833800e+00 8.039428956474922597e+04
1.104832491047903043e+00 6.990427277182135731e+04
1.101901900885972285e+00 5.941425597889348865e+04
1.098971310724041306e+00 4.932720749886054546e+04
1.096040720562110771e+00 3.924015901882760227e+04
1.093110130400179791e+00 2.954024222496524453e+04
1.090179540238249034e+00 1.984032543110288680e+04
1.087248950076318277e+00 1.051231772737298161e+04
1.084318359914387520e+00 1.184310023643076420e+03
1.081387769752456762e+00 -7.786417292648926377e+03
1.078457179590526005e+00 -1.675714460894092917e+04
1.075526589428595248e+00 -2.538464637555740774e+04
1.072595999266664490e+00 -3.401214814217388630e+04
1.069665409104733733e+00 -4.230992519611585885e+04
1.066734818942802754e+00 -5.060770225005783141e+04
1.063804228780872219e+00 -5.858872102780640125e+04
1.060873638618941239e+00 -6.656973980555497110e+04
1.057943048457010704e+00 -7.424645162002462894e+04
1.055012458295079725e+00 -8.192316343449428678e+04
1.052081868133149190e+00 -8.930752339792624116e+04
1.049151277971218210e+00 -9.669188336135819554e+04
1.046220687809287453e+00 -1.037953688909485936e+05
1.043290097647356696e+00 -1.108988544205389917e+05
1.040359507485425938e+00 -1.177324832952972502e+05
1.037428917323495181e+00 -1.245661121700555086e+05
1.034498327161564202e+00 -1.311404601308749989e+05
1.031567736999633667e+00 -1.377148080916944891e+05
1.028637146837702687e+00 -1.440400259423404932e+05
1.025706556675772152e+00 -1.503652437929864973e+05
1.022775966513841173e+00 -1.564510740119628608e+05
1.019845376351910415e+00 -1.625369042309392244e+05
1.016914786189979658e+00 -1.683926970556834713e+05
1.013984196028048901e+00 -1.742484898804277182e+05
1.011053605866118144e+00 -1.798832188952257857e+05
1.008123015704187386e+00 -1.855179479100238532e+05
1.005192425542256629e+00 -1.909402250969419256e+05
1.002261835380325650e+00 -1.963625022838599980e+05
9.993312452183951144e-01 -2.015805925773745403e+05
9.964006550564642462e-01 -2.067986828708890826e+05
9.934700648945334889e-01 -2.118205181809077039e+05
9.905394747326026206e-01 -2.168423534909263253e+05
9.876088845706719743e-01 -2.216755462326453999e+05
9.846782944087412170e-01 -2.265087389743644744e+05
9.817477042468103487e-01 -2.311605951050622389e+05
9.788171140848795915e-01 -2.358124512357600033e+05
9.758865239229487232e-01 -2.402899827772285789e+05
9.729559337610180769e-01 -2.447675143186971545e+05
9.700253435990873196e-01 -2.490774514393499121e+05
9.670947534371564513e-01 -2.533873885600026697e+05
9.641641632752256941e-01 -2.575361911567347124e+05
9.612335731132949368e-01 -2.616849937534667552e+05
9.583029829513641795e-01 -2.656788625968294218e+05
9.553723927894334222e-01 -2.696727314401920885e+05
9.524418026275025539e-01 -2.735176188739063218e+05
9.495112124655717967e-01 -2.773625063076205552e+05
9.465806223036410394e-01 -2.810641265178024769e+05
9.436500321417102821e-01 -2.847657467279843986e+05
9.407194419797794138e-01 -2.883295855985824019e+05
9.377888518178486565e-01 -2.918934244691804051e+05
9.348582616559178993e-01 -2.953247490354971960e+05
9.319276714939871420e-01 -2.987560736018139869e+05
9.289970813320563847e-01 -3.020599411132670939e+05
9.260664911701255164e-01 -3.053638086247202009e+05
9.231359010081947591e-01 -3.085450752392504364e+05
9.202053108462641129e-01 -3.117263418537806720e+05
9.172747206843332446e-01 -3.147896709666149691e+05
9.143441305224024873e-01 -3.178530000794492662e+05
9.114135403604716190e-01 -3.208028702960088849e+05
9.084829501985409728e-01 -3.237527405125685036e+05
9.055523600366102155e-01 -3.265934533144636080e+05
9.026217698746793472e-01 -3.294341661163587123e+05
8.996911797127485899e-01 -3.321698531618071720e+05
8.967605895508178326e-01 -3.349055402072556317e+05
8.938299993888870754e-01 -3.375401703690178692e+05
8.908994092269563181e-01 -3.401748005307801068e+05
8.879688190650254498e-01 -3.427121865997184068e+05
8.850382289030946925e-01 -3.452495726686567068e+05
8.821076387411639352e-01 -3.476933777939649299e+05
8.791770485792331780e-01 -3.501371829192731529e+05
8.762464584173024207e-01 -3.524909267658125609e+05
8.733158682553715524e-01 -3.548446706123519689e+05
8.703852780934407951e-01 -3.571117352587273344e+05
8.674546879315100378e-01 -3.593787999051027000e+05
8.645240977695792806e-01 -3.615624354981286451e+05
8.615935076076485233e-01 -3.637460710911545902e+05
8.586629174457176550e-01 -3.658494012195030227e+05
8.557323272837870087e-01 -3.679527313478514552e+05
8.528017371218561404e-01 -3.699787582700066268e+05
8.498711469599253832e-01 -3.720047851921617985e+05
8.469405567979946259e-01 -3.739563947629118338e+05
8.440099666360638686e-01 -3.759080043336618692e+05
8.410793764741331113e-01 -3.777879707225458696e+05
8.381487863122022430e-01 -3.796679371114298701e+05
8.352181961502714858e-01 -3.814789273801939562e+05
8.322876059883407285e-01 -3.832899176489580423e+05
8.293570158264099712e-01 -3.850344960788395256e+05
8.264264256644792139e-01 -3.867790745087210089e+05
8.234958355025483456e-01 -3.884597067705923691e+05
8.205652453406175884e-01 -3.901403390324637294e+05
8.176346551786868311e-01 -3.917593961660228670e+05
8.147040650167560738e-01 -3.933784532995820045e+05
8.117734748548253165e-01 -3.949382155302213505e+05
8.088428846928944482e-01 -3.964979777608606964e+05
8.059122945309636910e-01 -3.980006381500018761e+05
8.029817043690330447e-01 -3.995032985391430557e+05
8.000511142071021764e-01 -4.009509664864530787e+05
7.971205240451714191e-01 -4.023986344337631017e+05
7.941899338832405508e-01 -4.037933390224752948e+05
7.912593437213099046e-01 -4.051880436111874878e+05
7.883287535593791473e-01 -4.065317368190614507e+05
7.853981633974482790e-01 -4.078754300269354135e+05
7.824675732355174107e-01 -4.091699897957583889e+05
7.795369830735867644e-01 -4.104645495645813644e+05
7.766063929116560072e-01 -4.117117827476598322e+05
7.736758027497251389e-01 -4.129590159307383001e+05
7.707452125877944926e-01 -4.141606611087238416e+05
7.678146224258636243e-01 -4.153623062867093831e+05
7.648840322639328670e-01 -4.165200364699158818e+05
7.619534421020019987e-01 -4.176777666531223804e+05
7.590228519400713525e-01 -4.187931918715145439e+05
7.560922617781404842e-01 -4.199086170899067074e+05
7.531616716162097269e-01 -4.209832868672851473e+05
7.502310814542790807e-01 -4.220579566446635872e+05
7.473004912923482124e-01 -4.230933623830126598e+05
7.443699011304173441e-01 -4.241287681213617325e+05
7.414393109684866978e-01 -4.251263453718842939e+05
7.385087208065558295e-01 -4.261239226224068552e+05
7.355781306446250722e-01 -4.270850532738789916e+05
7.326475404826942039e-01 -4.280461839253511280e+05
7.297169503207635577e-01 -4.289721982908910140e+05
7.267863601588326894e-01 -4.298982126564309001e+05
7.238557699969019321e-01 -4.307903914884179831e+05
7.209251798349712859e-01 -4.316825703204050660e+05
7.179945896730404176e-01 -4.325421467273728922e+05
7.150639995111095493e-01 -4.334017231343407184e+05
7.121334093491789030e-01 -4.342298844277998433e+05
7.092028191872481457e-01 -4.350580457212589681e+05
7.062722290253172774e-01 -4.358559351857211441e+05
7.033416388633864091e-01 -4.366538246501833200e+05
7.004110487014557629e-01 -4.374225432413760573e+05
6.974804585395250056e-01 -4.381912618325687945e+05
6.945498683775941373e-01 -4.389318698011022061e+05
6.916192782156634911e-01 -4.396724777696356177e+05
6.886886880537326228e-01 -4.403859962273379788e+05
6.857580978918018655e-01 -4.410995146850403398e+05
6.828275077298712192e-01 -4.417869271014118567e+05
6.798969175679403509e-01 -4.424743395177833736e+05
6.769663274060094826e-01 -4.431365931560974568e+05
6.740357372440787254e-01 -4.437988467944115400e+05
6.711051470821480791e-01 -4.444368540968177840e+05
6.681745569202172108e-01 -4.450748613992240280e+05
6.652439667582863425e-01 -4.456895013047819957e+05
6.623133765963556963e-01 -4.463041412103399634e+05
6.593827864344249390e-01 -4.468962604322023690e+05
6.564521962724940707e-01 -4.474883796540647745e+05
6.535216061105634244e-01 -4.480587938954848796e+05
6.505910159486325561e-01 -4.486292081369049847e+05
6.476604257867017989e-01 -4.491787032651240006e+05
6.447298356247709306e-01 -4.497281983933430165e+05
6.417992454628402843e-01 -4.502575315662976354e+05
6.388686553009094160e-01 -4.507868647392522544e+05
6.359380651389786587e-01 -4.512967654828988016e+05
6.330074749770479015e-01 -4.518066662265453488e+05
6.300768848151171442e-01 -4.522978374739224091e+05
6.271462946531862759e-01 -4.527890087212994695e+05
6.242157044912556296e-01 -4.532621278141727671e+05
6.212851143293247613e-01 -4.537352469070460647e+05
6.183545241673940041e-01 -4.541909665453080088e+05
6.154239340054631358e-01 -4.546466861835699528e+05
6.124933438435324895e-01 -4.550856353519614786e+05
6.095627536816016212e-01 -4.555245845203530043e+05
6.066321635196708639e-01 -4.559473693691566586e+05
6.037015733577402177e-01 -4.563701542179603130e+05
6.007709831958093494e-01 -4.567773589159548283e+05
5.978403930338784811e-01 -4.571845636139493436e+05
5.949098028719478348e-01 -4.575767511577848345e+05
5.919792127100170775e-01 -4.579689387016203254e+05
5.890486225480862092e-01 -4.583466517207222059e+05
5.861180323861553410e-01 -4.587243647398240864e+05
5.831874422242246947e-01 -4.590881261718720198e+05
5.802568520622939374e-01 -4.594518876039199531e+05
5.773262619003630691e-01 -4.598022016396541148e+05
5.743956717384324229e-01 -4.601525156753882766e+05
5.714650815765015546e-01 -4.604898681509718299e+05
5.685344914145706863e-01 -4.608272206265553832e+05
5.656039012526399290e-01 -4.611520798516385257e+05
5.626733110907091717e-01 -4.614769390767216682e+05
5.597427209287784144e-01 -4.617897565472451970e+05
5.568121307668476572e-01 -4.621025740177687258e+05
5.538815406049168999e-01 -4.624037849204214290e+05
5.509509504429861426e-01 -4.627049958230741322e+05
5.480203602810553853e-01 -4.629950196759765968e+05
5.450897701191246281e-01 -4.632850435288790613e+05
5.421591799571938708e-01 -4.635642847531139851e+05
5.392285897952628915e-01 -4.638435259773489088e+05
5.362979996333321342e-01 -4.641123744450174272e+05
5.333674094714015990e-01 -4.643812229126859456e+05
5.304368193094706196e-01 -4.646400544806029648e+05
5.275062291475398624e-01 -4.648988860485199839e+05
5.245756389856091051e-01 -4.651480630695652217e+05
5.216450488236783478e-01 -4.653972400906104594e+05
5.187144586617475905e-01 -4.656371119045037776e+05
5.157838684998168333e-01 -4.658769837183970958e+05
5.128532783378860760e-01 -4.661078871228583157e+05
5.099226881759553187e-01 -4.663387905273195356e+05
5.069920980140243394e-01 -4.665610502411415800e+05
5.040615078520938042e-01 -4.667833099549636245e+05
5.011309176901628248e-01 -4.669972390412604436e+05
4.982003275282320676e-01 -4.672111681275572628e+05
4.952697373663013103e-01 -4.674170684337401763e+05
4.923391472043705530e-01 -4.676229687399230897e+05
4.894085570424397957e-01 -4.678211312906881794e+05
4.864779668805090385e-01 -4.680192938414532691e+05
4.835473767185782812e-01 -4.682099992374368012e+05
4.806167865566475239e-01 -4.684007046334203333e+05
4.776861963947165446e-01 -4.685842234283126891e+05
4.747556062327860094e-01 -4.687677422232050449e+05
4.718250160708550300e-01 -4.689443352752113715e+05
4.688944259089242728e-01 -4.691209283272176981e+05
4.659638357469937375e-01 -4.692908471622113138e+05
4.630332455850627582e-01 -4.694607659972049296e+05
4.601026554231320009e-01 -4.696242531322063878e+05
4.571720652612012437e-01 -4.697877402672078460e+05
4.542414750992704864e-01 -4.699450295485937968e+05
4.513108849373397291e-01 -4.701023188299797475e+05
4.483802947754087498e-01 -4.702536357296416536e+05
4.454497046134782146e-01 -4.704049526293035597e+05
4.425191144515474573e-01 -4.705505145546998829e+05
4.395885242896164780e-01 -4.706960764800962061e+05
4.366579341276859427e-01 -4.708360930633498356e+05
4.337273439657549634e-01 -4.709761096466034651e+05
4.307967538038242061e-01 -4.711107830202868208e+05
4.278661636418936709e-01 -4.712454563939701766e+05
4.249355734799626916e-01 -4.713749814622309059e+05
4.220049833180319343e-01 -4.715045065304916352e+05
4.190743931561011770e-01 -4.716290712253069505e+05
4.161438029941704198e-01 -4.717536359201222658e+05
4.132132128322396625e-01 -4.718734214512947947e+05
4.102826226703086832e-01 -4.719932069824673235e+05
4.073520325083781479e-01 -4.721083880782928318e+05
4.044214423464473906e-01 -4.722235691741183400e+05
4.014908521845164113e-01 -4.723343143123434857e+05
3.985602620225858761e-01 -4.724450594505686313e+05
3.956296718606548968e-01 -4.725515310819428414e+05
3.926990816987241395e-01 -4.726580027133170515e+05
3.897684915367933822e-01 -4.727603574775848538e+05
3.868379013748626249e-01 -4.728627122418526560e+05
3.839073112129318677e-01 -4.729611011729938909e+05
3.809767210510008884e-01 -4.730594901041351259e+05
3.780461308890703531e-01 -4.731540588294900954e+05
3.751155407271395958e-01 -4.732486275548450649e+05
3.721849505652086165e-01 -4.733395164920669049e+05
3.692543604032780813e-01 -4.734304054292887449e+05
3.663237702413471020e-01 -4.735177499656155705e+05
3.633931800794163447e-01 -4.736050945019423962e+05
3.604625899174855874e-01 -4.736890251779286191e+05
3.575319997555548301e-01 -4.737729558539148420e+05
3.546014095936240729e-01 -4.738535985336182639e+05
3.516708194316933156e-01 -4.739342412133216858e+05
3.487402292697625583e-01 -4.740117172511676326e+05
3.458096391078318010e-01 -4.740891932890135795e+05
3.428790489459008217e-01 -4.741636196881588548e+05
3.399484587839702865e-01 -4.742380460873041302e+05
3.370178686220395292e-01 -4.743095356582459062e+05
3.340872784601085499e-01 -4.743810252291876823e+05
3.311566882981777926e-01 -4.744496867334628478e+05
3.282260981362470353e-01 -4.745183482377380133e+05
3.252955079743162781e-01 -4.745842865367103368e+05
3.223649178123855208e-01 -4.746502248356826603e+05
3.194343276504547635e-01 -4.747135410266537219e+05
3.165037374885240062e-01 -4.747768572176247835e+05
3.135731473265932490e-01 -4.748376487655509263e+05
3.106425571646622696e-01 -4.748984403134770691e+05
3.077119670027317344e-01 -4.749568011818556115e+05
3.047813768408007551e-01 -4.750151620502341539e+05
3.018507866788699978e-01 -4.750711828357111663e+05
2.989201965169392405e-01 -4.751272036211881787e+05
2.959896063550084833e-01 -4.751809716327348724e+05
2.930590161930777260e-01 -4.752347396442815661e+05
2.901284260311469687e-01 -4.752863390714693815e+05
2.871978358692162114e-01 -4.753379384986571968e+05
2.842672457072854542e-01 -4.753874505213377997e+05
2.813366555453544748e-01 -4.754369625440184027e+05
2.784060653834239396e-01 -4.754844653728799894e+05
2.754754752214929603e-01 -4.755319682017415762e+05
2.725448850595622030e-01 -4.755775372527064756e+05
2.696142948976316678e-01 -4.756231063036713749e+05
2.666837047357006885e-01 -4.756668142686821520e+05
2.637531145737699312e-01 -4.757105222336929291e+05
2.608225244118391739e-01 -4.757524391826642677e+05
2.578919342499084166e-01 -4.757943561316356063e+05
2.549613440879776594e-01 -4.758345496015995741e+05
2.520307539260466800e-01 -4.758747430715635419e+05
2.491001637641161448e-01 -4.759132781605841592e+05
2.461695736021853875e-01 -4.759518132496047765e+05
2.432389834402544082e-01 -4.759887527023591101e+05
2.403083932783238730e-01 -4.760256921551134437e+05
2.373778031163928937e-01 -4.760610964404484257e+05
2.344472129544621364e-01 -4.760965007257834077e+05
2.315166227925316011e-01 -4.761304281273931265e+05
2.285860326306006218e-01 -4.761643555290028453e+05
2.256554424686698646e-01 -4.761968622133778408e+05
2.227248523067391073e-01 -4.762293688977528363e+05
2.197942621448083500e-01 -4.762605089959427714e+05
2.168636719828775927e-01 -4.762916490941327065e+05
2.139330818209466134e-01 -4.763214747704779729e+05
2.110024916590160782e-01 -4.763513004468232393e+05
2.080719014970853209e-01 -4.763798619722593576e+05
2.051413113351543416e-01 -4.764084234976954758e+05
2.022107211732238063e-01 -4.764357693109959364e+05
1.992801310112928270e-01 -4.764631151242963970e+05
1.963495408493620697e-01 -4.764892919016517699e+05
1.934189506874313125e-01 -4.765154686790071428e+05
1.904883605255005552e-01 -4.765405213965885341e+05
1.875577703635697979e-01 -4.765655741141699255e+05
1.846271802016388186e-01 -4.765895461076153442e+05
1.816965900397082834e-01 -4.766135181010607630e+05
1.787659998777775261e-01 -4.766364511245749891e+05
1.758354097158465468e-01 -4.766593841480892152e+05
1.729048195539160115e-01 -4.766813184251366183e+05
1.699742293919850322e-01 -4.767032527021840215e+05
1.670436392300542749e-01 -4.767242269866093993e+05
1.641130490681235177e-01 -4.767452012710347772e+05
1.611824589061927604e-01 -4.767652528982805088e+05
1.582518687442620031e-01 -4.767853045255262405e+05
1.553212785823312458e-01 -4.768044694582512602e+05
1.523906884204004886e-01 -4.768236343909762800e+05
1.494600982584697313e-01 -4.768419472779193893e+05
1.465295080965387520e-01 -4.768602601648624986e+05
1.435989179346082167e-01 -4.768777543732477352e+05
1.406683277726774595e-01 -4.768952485816329718e+05
1.377377376107464801e-01 -4.769119562599938363e+05
1.348071474488157229e-01 -4.769286639383547008e+05
1.318765572868849656e-01 -4.769446160396728665e+05
1.289459671249542083e-01 -4.769605681409910321e+05
1.260153769630234510e-01 -4.769757944844765589e+05
1.230847868010926938e-01 -4.769910208279620856e+05
1.201541966391619365e-01 -4.770055501279728487e+05
1.172236064772311792e-01 -4.770200794279836118e+05
1.142930163153004219e-01 -4.770339393398286775e+05
1.113624261533696647e-01 -4.770477992516737431e+05
1.084318359914386853e-01 -4.770610164029514417e+05
1.055012458295079281e-01 -4.770742335542291403e+05
1.025706556675771708e-01 -4.770868335862737149e+05
9.964006550564641351e-02 -4.770994336183182895e+05
9.670947534371565624e-02 -4.771114412189479917e+05
9.377888518178489896e-02 -4.771234488195776939e+05
9.084829501985414169e-02 -4.771348877591881901e+05
8.791770485792338441e-02 -4.771463266987986863e+05
8.498711469599262713e-02 -4.771572198638841510e+05
8.205652453406186986e-02 -4.771681130289696157e+05
7.912593437213089054e-02 -4.771784824481206015e+05
7.619534421020013326e-02 -4.771888518672715873e+05
7.326475404826959803e-02 -4.771987187512395903e+05
7.033416388633861871e-02 -4.772085856352075934e+05
6.740357372440786143e-02 -4.772179703994421288e+05
6.447298356247710416e-02 -4.772273551636766642e+05
6.154239340054634688e-02 -4.772362774598319083e+05
5.861180323861558961e-02 -4.772451997559871525e+05
5.568121307668461029e-02 -4.772536784939132631e+05
5.275062291475407505e-02 -4.772621572318393737e+05
4.982003275282331778e-02 -4.772702106163790450e+05
4.688944259089233846e-02 -4.772782640009187162e+05
4.395885242896180323e-02 -4.772859095426853746e+05
4.102826226703082391e-02 -4.772935550844520330e+05
3.809767210510006663e-02 -4.773008096399987116e+05
3.516708194316953140e-02 -4.773080641955453902e+05
3.223649178123855208e-02 -4.773149439804125577e+05
2.930590161930779480e-02 -4.773218237652797252e+05
2.637531145737703753e-02 -4.773283443883461878e+05
2.344472129544628025e-02 -4.773348650114126503e+05
2.051413113351552298e-02 -4.773410414770813659e+05
1.758354097158454366e-02 -4.773472179427500814e+05
1.465295080965400842e-02 -4.773530647206176072e+05
1.172236064772325115e-02 -4.773589114984851331e+05
8.791770485792271828e-03 -4.773644424102073535e+05
5.861180323861736596e-03 -4.773699733219295740e+05
2.930590161930757276e-03 -4.773752018107157201e+05
0.000000000000000000e+00 -4.773804302995018661e+05
-2.930590161930757276e-03 -4.773853691701535136e+05
-5.861180323861736596e-03 -4.773903080408051610e+05
-8.791770485792049783e-03 -4.773949696665080264e+05
-1.172236064772302910e-02 -4.773996312922108918e+05
-1.465295080965378638e-02 -4.774040275515262038e+05
-1.758354097158454366e-02 -4.774084238108415157e+05
-2.051413113351552298e-02 -4.774125661356672645e+05
-2.344472129544628025e-02 -4.774167084604930133e+05
-2.637531145737703753e-02 -4.774206078315377235e+05
-2.930590161930757276e-02 -4.774245072025824338e+05
-3.223649178123833003e-02 -4.774281741874068975e+05
-3.516708194316930935e-02 -4.774318411722313613e+05
-3.809767210510006663e-02 -4.774352859207512811e+05
-4.102826226703082391e-02 -4.774387306692712009e+05
-4.395885242896180323e-02 -4.774419629430901259e+05
-4.688944259089256050e-02 -4.774451952169090509e+05
-4.982003275282309573e-02 -4.774482243927922100e+05
-5.275062291475385301e-02 -4.774512535686753690e+05
-5.568121307668461029e-02 -4.774540886634811759e+05
-5.861180323861558961e-02 -4.774569237582869828e+05
-6.154239340054634688e-02 -4.774595734334737062e+05
-6.447298356247710416e-02 -4.774622231086604297e+05
-6.740357372440763939e-02 -4.774646956866448745e+05
-7.033416388633839667e-02 -4.774671682646293193e+05
-7.326475404826937599e-02 -4.774694717379324138e+05
-7.619534421020013326e-02 -4.774717752112355083e+05
-7.912593437213089054e-02 -4.774739172633588314e+05
-8.205652453406186986e-02 -4.774760593154821545e+05
-8.498711469599262713e-02 -4.774780473213307559e+05
-8.791770485792316236e-02 -4.774800353271793574e+05
-9.084829501985391964e-02 -4.774818763734018430e+05
-9.377888518178489896e-02 -4.774837174196243286e+05
-9.670947534371565624e-02 -4.774854183082720265e+05
-9.964006550564641351e-02 -4.774871191969197243e+05
-1.025706556675771708e-01 -4.774886864624302834e+05
-1.055012458295081501e-01 -4.774902537279408425e+05
-1.084318359914386853e-01 -4.774916936407545581e+05
-1.113624261533694426e-01 -4.774931335535682738e+05
-1.142930163153001999e-01 -4.774944521347954869e+05
-1.172236064772311792e-01 -4.774957707160227001e+05
-1.201541966391619365e-01 -4.774969737444324419e+05
-1.230847868010926938e-01 -4.774981767728421837e+05
-1.260153769630232290e-01 -4.774992697937060148e+05
-1.289459671249539863e-01 -4.775003628145698458e+05
-1.318765572868849656e-01 -4.775013511491762474e+05
-1.348071474488157229e-01 -4.775023394837826490e+05
-1.377377376107464801e-01 -4.775032282389979810e+05
-1.406683277726774595e-01 -4.775041169942133129e+05
-1.435989179346082167e-01 -4.775049110666280612e+05
-1.465295080965387520e-01 -4.775057051390428096e+05
-1.494600982584695092e-01 -4.775064092287244275e+05
-1.523906884204002665e-01 -4.775071133184060454e+05
-1.553212785823312458e-01 -4.775077319277394563e+05
-1.582518687442620031e-01 -4.775083505370728672e+05
-1.611824589061927604e-01 -4.775088879900658503e+05
-1.641130490681237397e-01 -4.775094254430588335e+05
-1.670436392300540529e-01 -4.775098858792567626e+05
-1.699742293919850322e-01 -4.775103463154546916e+05
-1.729048195539157895e-01 -4.775107337058922276e+05
-1.758354097158465468e-01 -4.775111210963297635e+05
-1.787659998777775261e-01 -4.775114392479415983e+05
-1.816965900397082834e-01 -4.775117573995534331e+05
-1.846271802016390406e-01 -4.775120099573712796e+05
-1.875577703635695759e-01 -4.775122625151891261e+05
-1.904883605255003332e-01 -4.775124529730444774e+05
-1.934189506874313125e-01 -4.775126434308998287e+05
-1.963495408493620697e-01 -4.775127751369932666e+05
-1.992801310112928270e-01 -4.775129068430867046e+05
-2.022107211732238063e-01 -4.775129830002272502e+05
-2.051413113351541195e-01 -4.775130591573677957e+05
-2.080719014970850989e-01 -4.775130828372836113e+05
-2.110024916590158561e-01 -4.775131065171994269e+05
-2.139330818209466134e-01 -4.775130806564213708e+05
-2.168636719828775927e-01 -4.775130547956433147e+05
-2.197942621448083500e-01 -4.775129822079567239e+05
-2.227248523067391073e-01 -4.775129096202701330e+05
-2.256554424686696425e-01 -4.775127929967455566e+05
-2.285860326306003998e-01 -4.775126763732209802e+05
-2.315166227925313791e-01 -4.775125182916624472e+05
-2.344472129544621364e-01 -4.775123602101039141e+05
-2.373778031163928937e-01 -4.775121631315778941e+05
-2.403083932783238730e-01 -4.775119660530518740e+05
-2.432389834402546303e-01 -4.775117323353923857e+05
-2.461695736021851655e-01 -4.775114986177328974e+05
-2.491001637641159228e-01 -4.775112305148011073e+05
-2.520307539260466800e-01 -4.775109624118693173e+05
-2.549613440879776594e-01 -4.775106620701123029e+05
-2.578919342499084166e-01 -4.775103617283552885e+05
-2.608225244118391739e-01 -4.775100312273306772e+05
-2.637531145737697091e-01 -4.775097007263060659e+05
-2.666837047357004664e-01 -4.775093419895824045e+05
-2.696142948976314457e-01 -4.775089832528587431e+05
-2.725448850595622030e-01 -4.775085982125401497e+05
-2.754754752214929603e-01 -4.775082131722215563e+05
-2.784060653834239396e-01 -4.775078035815041512e+05
-2.813366555453546969e-01 -4.775073939907867461e+05
-2.842672457072852321e-01 -4.775069615794969723e+05
-2.871978358692159894e-01 -4.775065291682071984e+05
-2.901284260311469687e-01 -4.775060755647346377e+05
-2.930590161930777260e-01 -4.775056219612620771e+05
-2.959896063550084833e-01 -4.775051487267976627e+05
-2.989201965169392405e-01 -4.775046754923332483e+05
-3.018507866788702199e-01 -4.775041841135025024e+05
-3.047813768408007551e-01 -4.775036927346717566e+05
-3.077119670027315124e-01 -4.775031846285490319e+05
-3.106425571646622696e-01 -4.775026765224263072e+05
-3.135731473265932490e-01 -4.775021530409576371e+05
-3.165037374885240062e-01 -4.775016295594889671e+05
-3.194343276504547635e-01 -4.775010919913621619e+05
-3.223649178123852987e-01 -4.775005544232353568e+05
-3.252955079743160560e-01 -4.775000039929933846e+05
-3.282260981362470353e-01 -4.774994535627514124e+05
-3.311566882981777926e-01 -4.774988914371021092e+05
-3.340872784601085499e-01 -4.774983293114528060e+05
-3.370178686220395292e-01 -4.774977566039534286e+05
-3.399484587839702865e-01 -4.774971838964540511e+05
-3.428790489459008217e-01 -4.774966016616309062e+05
-3.458096391078315790e-01 -4.774960194268077612e+05
-3.487402292697623363e-01 -4.774954286708459258e+05
-3.516708194316933156e-01 -4.774948379148840904e+05
-3.546014095936240729e-01 -4.774942395929982886e+05
-3.575319997555548301e-01 -4.774936412711124867e+05
-3.604625899174858095e-01 -4.774930362911531702e+05
-3.633931800794161227e-01 -4.774924313111938536e+05
-3.663237702413471020e-01 -4.774918205343587324e+05
-3.692543604032778592e-01 -4.774912097575236112e+05
-3.721849505652086165e-01 -4.774905940011488274e+05
-3.751155407271395958e-01 -4.774899782447740436e+05
-3.780461308890703531e-01 -4.774893582851616666e+05
-3.809767210510008884e-01 -4.774887383255492896e+05
-3.839073112129316456e-01 -4.774881148984003812e+05
-3.868379013748624029e-01 -4.774874914712514728e+05
-3.897684915367933822e-01 -4.774868652734747157e+05
-3.926990816987241395e-01 -4.774862390756979585e+05
-3.956296718606548968e-01 -4.774856107662767172e+05
-3.985602620225858761e-01 -4.774849824568554759e+05
-4.014908521845161893e-01 -4.774843526612529531e+05
-4.044214423464471686e-01 -4.774837228656504303e+05
-4.073520325083779259e-01 -4.774830921717062593e+05
-4.102826226703086832e-01 -4.774824614777620882e+05
-4.132132128322396625e-01 -4.774818304459862411e+05
-4.161438029941704198e-01 -4.774811994142103940e+05
-4.190743931561011770e-01 -4.774805685687791556e+05
-4.220049833180317123e-01 -4.774799377233479172e+05
-4.249355734799624695e-01 -4.774793075617058203e+05
-4.278661636418934489e-01 -4.774786774000637233e+05
-4.307967538038242061e-01 -4.774780483911717311e+05
-4.337273439657551855e-01 -4.774774193822797388e+05
-4.366579341276857207e-01 -4.774767919651921839e+05
-4.395885242896167000e-01 -4.774761645481046289e+05
-4.425191144515472352e-01 -4.774755391396153718e+05
-4.454497046134782146e-01 -4.774749137311261147e+05
-4.483802947754087498e-01 -4.774742907181819901e+05
-4.513108849373397291e-01 -4.774736677052378654e+05
-4.542414750992707084e-01 -4.774730474565960467e+05
-4.571720652612012437e-01 -4.774724272079542279e+05
-4.601026554231317789e-01 -4.774718100647656247e+05
-4.630332455850627582e-01 -4.774711929215770215e+05
-4.659638357469932934e-01 -4.774705792051265016e+05
-4.688944259089242728e-01 -4.774699654886759818e+05
-4.718250160708552521e-01 -4.774693554991353303e+05
-4.747556062327857873e-01 -4.774687455095946789e+05
-4.776861963947167666e-01 -4.774681395288277417e+05
-4.806167865566473019e-01 -4.774675335480608046e+05
-4.835473767185782812e-01 -4.774669318356048316e+05
-4.864779668805088164e-01 -4.774663301231488585e+05
-4.894085570424397957e-01 -4.774657329226601869e+05
-4.923391472043707751e-01 -4.774651357221715152e+05
-4.952697373663013103e-01 -4.774645432598255575e+05
-4.982003275282322896e-01 -4.774639507974795997e+05
-5.011309176901628248e-01 -4.774633632820034400e+05
-5.040615078520933601e-01 -4.774627757665272802e+05
-5.069920980140243394e-01 -4.774621933915782720e+05
-5.099226881759553187e-01 -4.774616110166292638e+05
-5.128532783378858539e-01 -4.774610339610660449e+05
-5.157838684998168333e-01 -4.774604569055028260e+05
-5.187144586617473685e-01 -4.774598853328265250e+05
-5.216450488236783478e-01 -4.774593137601502240e+05
-5.245756389856088830e-01 -4.774587478204071522e+05
-5.275062291475398624e-01 -4.774581818806640804e+05
-5.304368193094708417e-01 -4.774576217122413218e+05
-5.333674094714013769e-01 -4.774570615438185632e+05
-5.362979996333323562e-01 -4.774565072735389695e+05
-5.392285897952628915e-01 -4.774559530032593757e+05
-5.421591799571934267e-01 -4.774554047319367528e+05
-5.450897701191244060e-01 -4.774548564606141299e+05
-5.480203602810553853e-01 -4.774543143219342455e+05
-5.509509504429859206e-01 -4.774537721832543612e+05
-5.538815406049168999e-01 -4.774532362280283123e+05
-5.568121307668478792e-01 -4.774527002728022635e+05
-5.597427209287784144e-01 -4.774521706126620993e+05
-5.626733110907089497e-01 -4.774516409525219351e+05
-5.656039012526399290e-01 -4.774511176431961358e+05
-5.685344914145709083e-01 -4.774505943338703364e+05
-5.714650815765014435e-01 -4.774500774448253214e+05
-5.743956717384324229e-01 -4.774495605557803065e+05
-5.773262619003629581e-01 -4.774490501386290416e+05
-5.802568520622939374e-01 -4.774485397214777768e+05
-5.831874422242244727e-01 -4.774480358219044283e+05
-5.861180323861554520e-01 -4.774475319223310798e+05
-5.890486225480859872e-01 -4.774470345787778497e+05
-5.919792127100169665e-01 -4.774465372352246195e+05
-5.949098028719479458e-01 -4.774460464764358476e+05
-5.978403930338784811e-01 -4.774455557176470757e+05
-6.007709831958090163e-01 -4.774450715673547238e+05
-6.037015733577399956e-01 -4.774445874170623720e+05
-6.066321635196709749e-01 -4.774441098936432973e+05
-6.095627536816015102e-01 -4.774436323702242225e+05
-6.124933438435324895e-01 -4.774431614828612655e+05
-6.154239340054634688e-01 -4.774426905954983085e+05
-6.183545241673940041e-01 -4.774422263484513387e+05
-6.212851143293245393e-01 -4.774417621014043689e+05
-6.242157044912555186e-01 -4.774413044957723469e+05
-6.271462946531864979e-01 -4.774408468901403248e+05
-6.300768848151170332e-01 -4.774403959168614820e+05
-6.330074749770480125e-01 -4.774399449435826391e+05
-6.359380651389785477e-01 -4.774395005937321112e+05
-6.388686553009090829e-01 -4.774390562438815832e+05
-6.417992454628400623e-01 -4.774386184987751767e+05
-6.447298356247710416e-01 -4.774381807536687702e+05
-6.476604257867015768e-01 -4.774377495961161330e+05
-6.505910159486325561e-01 -4.774373184385634959e+05
-6.535216061105635355e-01 -4.774368938423171639e+05
-6.564521962724940707e-01 -4.774364692460708320e+05
-6.593827864344246059e-01 -4.774360511829936877e+05
-6.623133765963555852e-01 -4.774356331199165434e+05
-6.652439667582865646e-01 -4.774352215572902933e+05
-6.681745569202170998e-01 -4.774348099946640432e+05
-6.711051470821480791e-01 -4.774344048997601494e+05
-6.740357372440790584e-01 -4.774339998048562557e+05
-6.769663274060091496e-01 -4.774336011361144483e+05
-6.798969175679401289e-01 -4.774332024673726410e+05
-6.828275077298711082e-01 -4.774328101838752627e+05
-6.857580978918016434e-01 -4.774324179003778845e+05
-6.886886880537326228e-01 -4.774320319588771090e+05
-6.916192782156636021e-01 -4.774316460173763335e+05
-6.945498683775941373e-01 -4.774312663692925125e+05
-6.974804585395246725e-01 -4.774308867212086916e+05
-7.004110487014556519e-01 -4.774305133188581094e+05
-7.033416388633866312e-01 -4.774301399165075272e+05
-7.062722290253171664e-01 -4.774297727085435763e+05
-7.092028191872481457e-01 -4.774294055005796254e+05
-7.121334093491791251e-01 -4.774290444312570617e+05
-7.150639995111092162e-01 -4.774286833619344980e+05
-7.179945896730401955e-01 -4.774283283796161413e+05
-7.209251798349711748e-01 -4.774279733972977847e+05
-7.238557699969017101e-01 -4.774276244407743216e+05
-7.267863601588326894e-01 -4.774272754842508584e+05
-7.297169503207636687e-01 -4.774269324973616749e+05
-7.326475404826942039e-01 -4.774265895104724914e+05
-7.355781306446247392e-01 -4.774262524309987202e+05
-7.385087208065557185e-01 -4.774259153515249491e+05
-7.414393109684866978e-01 -4.774255841189874336e+05
-7.443699011304172330e-01 -4.774252528864499182e+05
-7.473004912923482124e-01 -4.774249274371974170e+05
-7.502310814542791917e-01 -4.774246019879449159e+05
-7.531616716162097269e-01 -4.774242822597101331e+05
-7.560922617781402622e-01 -4.774239625314753503e+05
-7.590228519400712415e-01 -4.774236484587080777e+05
-7.619534421020017767e-01 -4.774233343859408051e+05
-7.648840322639327560e-01 -4.774230259019173682e+05
-7.678146224258637353e-01 -4.774227174178939313e+05
-7.707452125877942706e-01 -4.774224144575167447e+05
-7.736758027497248058e-01 -4.774221114971395582e+05
-7.766063929116557851e-01 -4.774218139919321984e+05
-7.795369830735867644e-01 -4.774215164867248386e+05
-7.824675732355172997e-01 -4.774212243705680594e+05
-7.853981633974482790e-01 -4.774209322544112802e+05
-7.883287535593792583e-01 -4.774206454584877938e+05
-7.912593437213097936e-01 -4.774203586625643075e+05
-7.941899338832403288e-01 -4.774200771188633516e+05
-7.971205240451713081e-01 -4.774197955751623958e+05
-8.000511142071022874e-01 -4.774195192135069519e+05
-8.029817043690328227e-01 -4.774192428518515080e+05
-8.059122945309638020e-01 -4.774189716045949608e+05
-8.088428846928947813e-01 -4.774187003573384136e+05
-8.117734748548253165e-01 -4.774184341544033960e+05
-8.147040650167558518e-01 -4.774181679514683783e+05
-8.176346551786868311e-01 -4.774179067239118740e+05
-8.205652453406173663e-01 -4.774176454963553697e+05
-8.234958355025483456e-01 -4.774173891704119742e+05
-8.264264256644793250e-01 -4.774171328444685787e+05
-8.293570158264098602e-01 -4.774168813558733091e+05
-8.322876059883403954e-01 -4.774166298672780395e+05
-8.352181961502713747e-01 -4.774163831658707932e+05
-8.381487863122023541e-01 -4.774161364644635469e+05
-8.410793764741328893e-01 -4.774158944429559633e+05
-8.440099666360638686e-01 -4.774156524214483798e+05
-8.469405567979948479e-01 -4.774154150328496471e+05
-8.498711469599253832e-01 -4.774151776442509145e+05
-8.528017371218559184e-01 -4.774149448145544156e+05
-8.557323272837868977e-01 -4.774147119848579168e+05
-8.586629174457174329e-01 -4.774144836470037699e+05
-8.615935076076484123e-01 -4.774142553091496229e+05
-8.645240977695793916e-01 -4.774140313942534849e+05
-8.674546879315099268e-01 -4.774138074793573469e+05
-8.703852780934409061e-01 -4.774135879206303507e+05
-8.733158682553714414e-01 -4.774133683619033545e+05
-8.762464584173024207e-01 -4.774131530919950455e+05
-8.791770485792329559e-01 -4.774129378220867366e+05
-8.821076387411639352e-01 -4.774127267728019506e+05
-8.850382289030949146e-01 -4.774125157235171646e+05
-8.879688190650254498e-01 -4.774123088301178068e+05
-8.908994092269559850e-01 -4.774121019367184490e+05
-8.938299993888869643e-01 -4.774118991319444031e+05
-8.967605895508174996e-01 -4.774116963271703571e+05
-8.996911797127484789e-01 -4.774114975450728089e+05
-9.026217698746794582e-01 -4.774112987629752606e+05
-9.055523600366099934e-01 -4.774111039400212467e+05
-9.084829501985409728e-01 -4.774109091170672327e+05
-9.114135403604715080e-01 -4.774107181869531050e+05
-9.143441305224024873e-01 -4.774105272568389773e+05
-9.172747206843330225e-01 -4.774103401568559930e+05
-9.202053108462640019e-01 -4.774101530568730086e+05
-9.231359010081949812e-01 -4.774099697228185833e+05
-9.260664911701255164e-01 -4.774097863887641579e+05
-9.289970813320564957e-01 -4.774096067590108141e+05
-9.319276714939870310e-01 -4.774094271292574704e+05
-9.348582616559175662e-01 -4.774092511403122917e+05
-9.377888518178485455e-01 -4.774090751513671130e+05
-9.407194419797795248e-01 -4.774089027428077534e+05
-9.436500321417100601e-01 -4.774087303342483938e+05
-9.465806223036410394e-01 -4.774085614451672882e+05
-9.495112124655720187e-01 -4.774083925560861826e+05
-9.524418026275025539e-01 -4.774082271264065057e+05
-9.553723927894330892e-01 -4.774080616967268288e+05
-9.583029829513640685e-01 -4.774078996673990041e+05
-9.612335731132950478e-01 -4.774077376380711794e+05
-9.641641632752255830e-01 -4.774075789500344545e+05
-9.670947534371565624e-01 -4.774074202619977295e+05
-9.700253435990870976e-01 -4.774072648573108017e+05
-9.729559337610180769e-01 -4.774071094526238739e+05
-9.758865239229486122e-01 -4.774069572750534862e+05
-9.788171140848795915e-01 -4.774068050974830985e+05
-9.817477042468105708e-01 -4.774066560891391709e+05
-9.846782944087411060e-01 -4.774065070807952434e+05
-9.876088845706720853e-01 -4.774063611868815497e+05
-9.905394747326026206e-01 -4.774062152929678559e+05
-9.934700648945331558e-01 -4.774060724588120356e+05
-9.964006550564641351e-01 -4.774059296246562153e+05
-9.993312452183951144e-01 -4.774057897941432893e+05
-1.002261835380325650e+00 -4.774056499636303633e+05
-1.005192425542256629e+00 -4.774055130864707753e+05
-1.008123015704187608e+00 -4.774053762093111873e+05
-1.011053605866118144e+00 -4.774052422299794853e+05
-1.013984196028048679e+00 -4.774051082506477833e+05
-1.016914786189979658e+00 -4.774049771189754829e+05
-1.019845376351910637e+00 -4.774048459873031825e+05
-1.022775966513841173e+00 -4.774047176504125819e+05
-1.025706556675772152e+00 -4.774045893135219812e+05
-1.028637146837702687e+00 -4.774044637229666114e+05
-1.031567736999633222e+00 -4.774043381324112415e+05
-1.034498327161564202e+00 -4.774042152362084016e+05
-1.037428917323495181e+00 -4.774040923400055617e+05
-1.040359507485425716e+00 -4.774039720923313871e+05
-1.043290097647356696e+00 -4.774038518446572125e+05
-1.046220687809287675e+00 -4.774037341936118901e+05
-1.049151277971218210e+00 -4.774036165425665677e+05
-1.052081868133148745e+00 -4.774035014429632574e+05
-1.055012458295079725e+00 -4.774033863433599472e+05
-1.057943048457010704e+00 -4.774032737480113283e+05
-1.060873638618941239e+00 -4.774031611526627094e+05
-1.063804228780872219e+00 -4.774030510158566758e+05
-1.066734818942803198e+00 -4.774029408790506423e+05
-1.069665409104733289e+00 -4.774028331554997712e+05
-1.072595999266664268e+00 -4.774027254319489002e+05
-1.075526589428595248e+00 -4.774026200782004744e+05
-1.078457179590525783e+00 -4.774025147244520485e+05
-1.081387769752456762e+00 -4.774024116956442595e+05
-1.084318359914387742e+00 -4.774023086668364704e+05
-1.087248950076318277e+00 -4.774022079216679558e+05
-1.090179540238248812e+00 -4.774021071764994413e+05
-1.093110130400179791e+00 -4.774020086705684662e+05
-1.096040720562110771e+00 -4.774019101646374911e+05
-1.098971310724041306e+00 -4.774018138617957011e+05
-1.101901900885972285e+00 -4.774017175589539111e+05
-1.104832491047903265e+00 -4.774016234044125304e+05
-1.107763081209833356e+00 -4.774015292498711497e+05
-1.110693671371764335e+00 -4.774014372191019356e+05
-1.113624261533695314e+00 -4.774013451883327216e+05
-1.116554851695625850e+00 -4.774012552369805053e+05
-1.119485441857556829e+00 -4.774011652856282890e+05
-1.122416032019487808e+00 -4.774010773765267804e+05
-1.125346622181418343e+00 -4.774009894674252719e+05
-1.128277212343348879e+00 -4.774009035591660067e+05
-1.131207802505279858e+00 -4.774008176509067416e+05
-1.134138392667210837e+00 -4.774007337091835216e+05
-1.137068982829141373e+00 -4.774006497674603015e+05
-1.139999572991072352e+00 -4.774005677537936717e+05
-1.142930163153003331e+00 -4.774004857401270419e+05
-1.145860753314933866e+00 -4.774004056208590046e+05
-1.148791343476864402e+00 -4.774003255015909672e+05
-1.151721933638795381e+00 -4.774002472397591919e+05
-1.154652523800725916e+00 -4.774001689779274166e+05
-1.157583113962656896e+00 -4.774000925405994058e+05
-1.160513704124587875e+00 -4.774000161032713950e+05
-1.163444294286518410e+00 -4.773999414556771517e+05
-1.166374884448448945e+00 -4.773998668080829084e+05
-1.169305474610379925e+00 -4.773997939181318507e+05
-1.172236064772310904e+00 -4.773997210281807929e+05
-1.175166654934241439e+00 -4.773996498631145805e+05
-1.178097245096172418e+00 -4.773995786980483681e+05
-1.181027835258103398e+00 -4.773995092256627977e+05
-1.183958425420033933e+00 -4.773994397532772273e+05
-1.186889015581964468e+00 -4.773993719430444762e+05
-1.189819605743895448e+00 -4.773993041328117251e+05
-1.192750195905826427e+00 -4.773992379541844130e+05
-1.195680786067756962e+00 -4.773991717755571008e+05
-1.198611376229687941e+00 -4.773991071997946128e+05
-1.201541966391618921e+00 -4.773990426240321249e+05
-1.204472556553549456e+00 -4.773989796202275902e+05
-1.207403146715479991e+00 -4.773989166164230555e+05
-1.210333736877410971e+00 -4.773988551571583375e+05
-1.213264327039341506e+00 -4.773987936978936195e+05
-1.216194917201272485e+00 -4.773987337551778182e+05
-1.219125507363203464e+00 -4.773986738124620169e+05
-1.222056097525134000e+00 -4.773986153586758301e+05
-1.224986687687064535e+00 -4.773985569048896432e+05
-1.227917277848995514e+00 -4.773984999133199453e+05
-1.230847868010926494e+00 -4.773984429217502475e+05
-1.233778458172857029e+00 -4.773983873664736748e+05
-1.236709048334788008e+00 -4.773983318111971021e+05
-1.239639638496718987e+00 -4.773982776659950614e+05
-1.242570228658649523e+00 -4.773982235207930207e+05
-1.245500818820580058e+00 -4.773981707630716264e+05
-1.248431408982511037e+00 -4.773981180053502321e+05
-1.251361999144441572e+00 -4.773980666078468785e+05
-1.254292589306372552e+00 -4.773980152103435248e+05
-1.257223179468303531e+00 -4.773979651493458077e+05
-1.260153769630234066e+00 -4.773979150883480906e+05
-1.263084359792165046e+00 -4.773978663430213928e+05
-1.266014949954095581e+00 -4.773978175976946950e+05
-1.268945540116026560e+00 -4.773977701434716582e+05
-1.271876130277957095e+00 -4.773977226892486215e+05
-1.274806720439888075e+00 -4.773976765025611967e+05
-1.277737310601819054e+00 -4.773976303158737719e+05
-1.280667900763749589e+00 -4.773975853792931885e+05
-1.283598490925680125e+00 -4.773975404427126050e+05
-1.286529081087611104e+00 -4.773974967316286638e+05
-1.289459671249541639e+00 -4.773974530205447227e+05
-1.292390261411472618e+00 -4.773974105159379542e+05
-1.295320851573403598e+00 -4.773973680113311857e+05
-1.298251441735334133e+00 -4.773973266932014376e+05
-1.301182031897265112e+00 -4.773972853750716895e+05
-1.304112622059195647e+00 -4.773972452237112448e+05
-1.307043212221126627e+00 -4.773972050723508000e+05
-1.309973802383057162e+00 -4.773971660681674257e+05
-1.312904392544988141e+00 -4.773971270639840513e+05
-1.315834982706919121e+00 -4.773970891895284876e+05
-1.318765572868849656e+00 -4.773970513150729239e+05
-1.321696163030780635e+00 -4.773970145504316315e+05
-1.324626753192711170e+00 -4.773969777857903391e+05
-1.327557343354641706e+00 -4.773969421141799539e+05
-1.330487933516572685e+00 -4.773969064425695688e+05
-1.333418523678503664e+00 -4.773968718500444666e+05
-1.336349113840434200e+00 -4.773968372575193644e+05
-1.339279704002365179e+00 -4.773968037174632773e+05
-1.342210294164295714e+00 -4.773967701774071902e+05
-1.345140884326226693e+00 -4.773967376855313778e+05
-1.348071474488157229e+00 -4.773967051936555654e+05
-1.351002064650088208e+00 -4.773966737375035882e+05
-1.353932654812019187e+00 -4.773966422813516110e+05
-1.356863244973949723e+00 -4.773966118324184790e+05
-1.359793835135880702e+00 -4.773965813834853470e+05
-1.362724425297811237e+00 -4.773965519374236465e+05
-1.365655015459742216e+00 -4.773965224913619459e+05
-1.368585605621672752e+00 -4.773964940226338804e+05
-1.371516195783603731e+00 -4.773964655539058149e+05
-1.374446785945534266e+00 -4.773964380570845678e+05
-1.377377376107465246e+00 -4.773964105602633208e+05
-1.380307966269396225e+00 -4.773963840200202540e+05
-1.383238556431326760e+00 -4.773963574797771871e+05
-1.386169146593257295e+00 -4.773963318820707500e+05
-1.389099736755188275e+00 -4.773963062843643129e+05
-1.392030326917119254e+00 -4.773962816434092820e+05
-1.394960917079049789e+00 -4.773962570024542511e+05
-1.397891507240980769e+00 -4.773962332553369924e+05
-1.400822097402911304e+00 -4.773962095082197338e+05
-1.403752687564842283e+00 -4.773961866773571819e+05
-1.406683277726772818e+00 -4.773961638464946300e+05
-1.409613867888703798e+00 -4.773961419132770970e+05
-1.412544458050634777e+00 -4.773961199800595641e+05
-1.415475048212565312e+00 -4.773960989330830052e+05
-1.418405638374496291e+00 -4.773960778861064464e+05
-1.421336228536426827e+00 -4.773960577205391601e+05
-1.424266818698357362e+00 -4.773960375549718738e+05
-1.427197408860288341e+00 -4.773960182522721589e+05
-1.430127999022219321e+00 -4.773959989495724440e+05
-1.433058589184149856e+00 -4.773959804946826771e+05
-1.435989179346080835e+00 -4.773959620397929102e+05
-1.438919769508011814e+00 -4.773959444502303377e+05
-1.441850359669942350e+00 -4.773959268606677651e+05
-1.444780949831872885e+00 -4.773959101027743891e+05
-1.447711539993803864e+00 -4.773958933448810130e+05
-1.450642130155734844e+00 -4.773958774238983169e+05
-1.453572720317665379e+00 -4.773958615029156208e+05
-1.456503310479596358e+00 -4.773958463942315429e+05
-1.459433900641527337e+00 -4.773958312855474651e+05
-1.462364490803457429e+00 -4.773958170083733276e+05
-1.465295080965388408e+00 -4.773958027311991900e+05
-1.468225671127319387e+00 -4.773957892548218369e+05
-1.471156261289249922e+00 -4.773957757784444839e+05
-1.474086851451180902e+00 -4.773957631113035604e+05
-1.477017441613111881e+00 -4.773957504441626370e+05
-1.479948031775042416e+00 -4.773957385724298656e+05
-1.482878621936972952e+00 -4.773957267006970942e+05
-1.485809212098903931e+00 -4.773957156185638160e+05
-1.488739802260834910e+00 -4.773957045364305377e+05
-1.491670392422765445e+00 -4.773956942433137447e+05
-1.494600982584696425e+00 -4.773956839501969516e+05
-1.497531572746627404e+00 -4.773956744361277670e+05
-1.500462162908557495e+00 -4.773956649220585823e+05
-1.503392753070488475e+00 -4.773956561890430748e+05
-1.506323343232419454e+00 -4.773956474560275674e+05
-1.509253933394349989e+00 -4.773956394928786904e+05
-1.512184523556280968e+00 -4.773956315297298133e+05
-1.515115113718211948e+00 -4.773956243352945894e+05
-1.518045703880142483e+00 -4.773956171408593655e+05
-1.520976294042073018e+00 -4.773956107165273279e+05
-1.523906884204003997e+00 -4.773956042921952903e+05
-1.526837474365934977e+00 -4.773955986258676276e+05
-1.529768064527865512e+00 -4.773955929595399648e+05
-1.532698654689796491e+00 -4.773955880558919162e+05
-1.535629244851727471e+00 -4.773955831522438675e+05
-1.538559835013658006e+00 -4.773955790078686550e+05
-1.541490425175588541e+00 -4.773955748634934425e+05
-1.544421015337519520e+00 -4.773955714721437544e+05
-1.547351605499450056e+00 -4.773955680807940662e+05
-1.550282195661381035e+00 -4.773955654531940818e+05
-1.553212785823312014e+00 -4.773955628255940974e+05
-1.556143375985242550e+00 -4.773955609228396788e+05
-1.559073966147173085e+00 -4.773955590200852603e+05
-1.562004556309104064e+00 -4.773955580313298851e+05
-1.564935146471035043e+00 -4.773955570425745100e+05
-1.567865736632965579e+00 -4.773955563453352079e+05
-1.570796326794896558e+00 -4.773955556480959058e+05
