#time,vrms
1.5624e-04 4.4448e-01 
3.1248e-04 4.7790e-01 
4.6873e-04 4.8796e-01 
6.2497e-04 5.0843e-01 
7.8121e-04 5.2781e-01 
9.3745e-04 5.5293e-01 
1.0937e-03 5.8030e-01 
1.2499e-03 6.1065e-01 
1.4062e-03 6.4310e-01 
1.5624e-03 6.7727e-01 
1.7187e-03 7.1302e-01 
1.8749e-03 7.5000e-01 
2.0311e-03 7.8826e-01 
2.1874e-03 8.2763e-01 
2.3436e-03 8.6824e-01 
2.4999e-03 9.1006e-01 
2.6561e-03 9.5325e-01 
2.8124e-03 9.9790e-01 
2.9686e-03 1.0442e+00 
3.1248e-03 1.0923e+00 
3.2811e-03 1.1423e+00 
3.4373e-03 1.1946e+00 
3.5936e-03 1.2493e+00 
3.7498e-03 1.3068e+00 
3.9061e-03 1.3672e+00 
4.0623e-03 1.4309e+00 
4.2185e-03 1.4982e+00 
4.3748e-03 1.5695e+00 
4.5310e-03 1.6452e+00 
4.6873e-03 1.7257e+00 
4.8435e-03 1.8115e+00 
4.9997e-03 1.9031e+00 
5.1560e-03 2.0011e+00 
5.3122e-03 2.1062e+00 
5.4685e-03 2.2190e+00 
5.6247e-03 2.3404e+00 
5.7810e-03 2.4711e+00 
5.9372e-03 2.6123e+00 
6.0934e-03 2.7651e+00 
6.2497e-03 2.9306e+00 
6.4059e-03 3.1103e+00 
6.5622e-03 3.3058e+00 
6.7140e-03 3.5190e+00 
6.8561e-03 3.7452e+00 
6.9895e-03 3.9766e+00 
7.1150e-03 4.2129e+00 
7.2331e-03 4.4540e+00 
7.3447e-03 4.6996e+00 
7.4502e-03 4.9496e+00 
7.5501e-03 5.2039e+00 
7.6448e-03 5.4624e+00 
7.7349e-03 5.7249e+00 
7.8206e-03 5.9915e+00 
7.9023e-03 6.2619e+00 
7.9803e-03 6.5363e+00 
8.0548e-03 6.8144e+00 
8.1261e-03 7.0962e+00 
8.1944e-03 7.3818e+00 
8.2599e-03 7.6711e+00 
8.3228e-03 7.9640e+00 
8.3832e-03 8.2606e+00 
8.4414e-03 8.5609e+00 
8.4974e-03 8.8647e+00 
8.5514e-03 9.1723e+00 
8.6034e-03 9.4835e+00 
8.6537e-03 9.7984e+00 
8.7023e-03 1.0117e+01 
8.7492e-03 1.0439e+01 
8.7947e-03 1.0766e+01 
8.8387e-03 1.1096e+01 
8.8813e-03 1.1429e+01 
8.9226e-03 1.1767e+01 
8.9627e-03 1.2109e+01 
9.0016e-03 1.2455e+01 
9.0394e-03 1.2806e+01 
9.0761e-03 1.3160e+01 
9.1118e-03 1.3519e+01 
9.1465e-03 1.3883e+01 
9.1803e-03 1.4251e+01 
9.2132e-03 1.4624e+01 
9.2452e-03 1.5002e+01 
9.2764e-03 1.5385e+01 
9.3067e-03 1.5773e+01 
9.3364e-03 1.6166e+01 
9.3652e-03 1.6566e+01 
9.3934e-03 1.6971e+01 
9.4208e-03 1.7381e+01 
9.4476e-03 1.7799e+01 
9.4738e-03 1.8222e+01 
9.4993e-03 1.8652e+01 
9.5242e-03 1.9089e+01 
9.5485e-03 1.9533e+01 
9.5722e-03 1.9984e+01 
9.5954e-03 2.0443e+01 
9.6180e-03 2.0909e+01 
9.6401e-03 2.1383e+01 
9.6617e-03 2.1865e+01 
9.6827e-03 2.2355e+01 
9.7033e-03 2.2854e+01 
9.7233e-03 2.3360e+01 
9.7429e-03 2.3875e+01 
9.7620e-03 2.4399e+01 
9.7807e-03 2.4931e+01 
9.7989e-03 2.5471e+01 
9.8167e-03 2.6020e+01 
9.8341e-03 2.6577e+01 
9.8511e-03 2.7143e+01 
9.8677e-03 2.7716e+01 
9.8839e-03 2.8298e+01 
9.8997e-03 2.8887e+01 
9.9153e-03 2.9484e+01 
9.9304e-03 3.0087e+01 
9.9453e-03 3.0698e+01 
9.9598e-03 3.1315e+01 
9.9741e-03 3.1938e+01 
9.9881e-03 3.2566e+01 
1.0002e-02 3.3199e+01 
1.0015e-02 3.3837e+01 
1.0028e-02 3.4479e+01 
1.0041e-02 3.5124e+01 
1.0054e-02 3.5771e+01 
1.0067e-02 3.6421e+01 
1.0079e-02 3.7071e+01 
1.0091e-02 3.7722e+01 
1.0103e-02 3.8366e+01 
1.0114e-02 3.9001e+01 
1.0125e-02 3.9629e+01 
1.0136e-02 4.0248e+01 
1.0147e-02 4.0860e+01 
1.0157e-02 4.1463e+01 
1.0167e-02 4.2059e+01 
1.0177e-02 4.2646e+01 
1.0187e-02 4.3225e+01 
1.0197e-02 4.3796e+01 
1.0206e-02 4.4359e+01 
1.0215e-02 4.4916e+01 
1.0225e-02 4.5465e+01 
1.0234e-02 4.6008e+01 
1.0243e-02 4.6544e+01 
1.0251e-02 4.7074e+01 
1.0260e-02 4.7598e+01 
1.0269e-02 4.8117e+01 
1.0277e-02 4.8631e+01 
1.0286e-02 4.9141e+01 
1.0294e-02 4.9645e+01 
1.0303e-02 5.0146e+01 
1.0311e-02 5.0643e+01 
1.0319e-02 5.1137e+01 
1.0327e-02 5.1627e+01 
1.0335e-02 5.2115e+01 
1.0343e-02 5.2600e+01 
1.0351e-02 5.3083e+01 
1.0359e-02 5.3563e+01 
1.0367e-02 5.4042e+01 
1.0375e-02 5.4519e+01 
1.0382e-02 5.4995e+01 
1.0390e-02 5.5470e+01 
1.0398e-02 5.5944e+01 
1.0405e-02 5.6418e+01 
1.0413e-02 5.6892e+01 
1.0420e-02 5.7366e+01 
1.0428e-02 5.7841e+01 
1.0435e-02 5.8316e+01 
1.0443e-02 5.8793e+01 
1.0450e-02 5.9270e+01 
1.0458e-02 5.9749e+01 
1.0465e-02 6.0230e+01 
1.0472e-02 6.0712e+01 
1.0479e-02 6.1196e+01 
1.0487e-02 6.1683e+01 
1.0494e-02 6.2172e+01 
1.0501e-02 6.2663e+01 
1.0508e-02 6.3156e+01 
1.0515e-02 6.3652e+01 
1.0522e-02 6.4151e+01 
1.0530e-02 6.4652e+01 
1.0537e-02 6.5157e+01 
1.0544e-02 6.5664e+01 
1.0551e-02 6.6175e+01 
1.0558e-02 6.6689e+01 
1.0564e-02 6.7206e+01 
1.0571e-02 6.7727e+01 
1.0578e-02 6.8251e+01 
1.0585e-02 6.8779e+01 
1.0592e-02 6.9310e+01 
1.0599e-02 6.9846e+01 
1.0605e-02 7.0385e+01 
1.0612e-02 7.0928e+01 
1.0619e-02 7.1474e+01 
1.0626e-02 7.2025e+01 
1.0632e-02 7.2580e+01 
1.0639e-02 7.3138e+01 
1.0646e-02 7.3701e+01 
1.0652e-02 7.4268e+01 
1.0659e-02 7.4838e+01 
1.0665e-02 7.5412e+01 
1.0672e-02 7.5989e+01 
1.0678e-02 7.6570e+01 
1.0685e-02 7.7155e+01 
1.0691e-02 7.7744e+01 
1.0697e-02 7.8336e+01 
1.0704e-02 7.8932e+01 
1.0710e-02 7.9531e+01 
1.0717e-02 8.0134e+01 
1.0723e-02 8.0740e+01 
1.0729e-02 8.1350e+01 
1.0735e-02 8.1963e+01 
1.0742e-02 8.2580e+01 
1.0748e-02 8.3199e+01 
1.0754e-02 8.3822e+01 
1.0760e-02 8.4448e+01 
1.0766e-02 8.5077e+01 
1.0772e-02 8.5709e+01 
1.0778e-02 8.6344e+01 
1.0784e-02 8.6982e+01 
1.0790e-02 8.7621e+01 
1.0796e-02 8.8263e+01 
1.0802e-02 8.8907e+01 
1.0808e-02 8.9553e+01 
1.0814e-02 9.0201e+01 
1.0820e-02 9.0851e+01 
1.0826e-02 9.1503e+01 
1.0832e-02 9.2157e+01 
1.0838e-02 9.2813e+01 
1.0843e-02 9.3471e+01 
1.0849e-02 9.4130e+01 
1.0855e-02 9.4789e+01 
1.0861e-02 9.5450e+01 
1.0866e-02 9.6112e+01 
1.0872e-02 9.6774e+01 
1.0878e-02 9.7438e+01 
1.0884e-02 9.8103e+01 
1.0889e-02 9.8769e+01 
1.0895e-02 9.9436e+01 
1.0900e-02 1.0010e+02 
1.0906e-02 1.0077e+02 
1.0912e-02 1.0144e+02 
1.0917e-02 1.0210e+02 
1.0923e-02 1.0277e+02 
1.0928e-02 1.0344e+02 
1.0934e-02 1.0410e+02 
1.0939e-02 1.0477e+02 
1.0944e-02 1.0543e+02 
1.0950e-02 1.0610e+02 
1.0955e-02 1.0677e+02 
1.0961e-02 1.0743e+02 
1.0966e-02 1.0810e+02 
1.0972e-02 1.0876e+02 
1.0977e-02 1.0942e+02 
1.0982e-02 1.1009e+02 
1.0988e-02 1.1075e+02 
1.0993e-02 1.1141e+02 
1.0998e-02 1.1207e+02 
1.1003e-02 1.1274e+02 
1.1009e-02 1.1340e+02 
1.1014e-02 1.1406e+02 
1.1019e-02 1.1472e+02 
1.1024e-02 1.1538e+02 
1.1030e-02 1.1604e+02 
1.1035e-02 1.1671e+02 
1.1040e-02 1.1737e+02 
1.1045e-02 1.1803e+02 
1.1050e-02 1.1869e+02 
1.1056e-02 1.1936e+02 
1.1061e-02 1.2003e+02 
1.1066e-02 1.2070e+02 
1.1071e-02 1.2138e+02 
1.1076e-02 1.2205e+02 
1.1081e-02 1.2273e+02 
1.1086e-02 1.2340e+02 
1.1092e-02 1.2409e+02 
1.1097e-02 1.2477e+02 
1.1102e-02 1.2547e+02 
1.1107e-02 1.2617e+02 
1.1112e-02 1.2687e+02 
1.1117e-02 1.2758e+02 
1.1122e-02 1.2830e+02 
1.1127e-02 1.2902e+02 
1.1132e-02 1.2975e+02 
1.1137e-02 1.3048e+02 
1.1142e-02 1.3123e+02 
1.1147e-02 1.3199e+02 
1.1152e-02 1.3275e+02 
1.1157e-02 1.3353e+02 
1.1162e-02 1.3432e+02 
1.1167e-02 1.3513e+02 
1.1172e-02 1.3594e+02 
1.1177e-02 1.3677e+02 
1.1182e-02 1.3762e+02 
1.1187e-02 1.3847e+02 
1.1192e-02 1.3935e+02 
1.1197e-02 1.4024e+02 
1.1202e-02 1.4115e+02 
1.1207e-02 1.4208e+02 
1.1212e-02 1.4304e+02 
1.1217e-02 1.4401e+02 
1.1222e-02 1.4501e+02 
1.1227e-02 1.4602e+02 
1.1232e-02 1.4706e+02 
1.1237e-02 1.4813e+02 
1.1242e-02 1.4922e+02 
1.1247e-02 1.5034e+02 
1.1252e-02 1.5149e+02 
1.1257e-02 1.5266e+02 
1.1262e-02 1.5387e+02 
1.1267e-02 1.5511e+02 
1.1272e-02 1.5637e+02 
1.1277e-02 1.5767e+02 
1.1281e-02 1.5900e+02 
1.1286e-02 1.6037e+02 
1.1291e-02 1.6177e+02 
1.1296e-02 1.6321e+02 
1.1301e-02 1.6469e+02 
1.1306e-02 1.6619e+02 
1.1311e-02 1.6774e+02 
1.1315e-02 1.6932e+02 
1.1320e-02 1.7094e+02 
1.1325e-02 1.7260e+02 
1.1330e-02 1.7429e+02 
1.1335e-02 1.7603e+02 
1.1339e-02 1.7780e+02 
1.1344e-02 1.7960e+02 
1.1349e-02 1.8144e+02 
1.1354e-02 1.8332e+02 
1.1358e-02 1.8523e+02 
1.1363e-02 1.8717e+02 
1.1368e-02 1.8915e+02 
1.1372e-02 1.9116e+02 
1.1377e-02 1.9319e+02 
1.1381e-02 1.9525e+02 
1.1386e-02 1.9734e+02 
1.1391e-02 1.9945e+02 
1.1395e-02 2.0158e+02 
1.1400e-02 2.0373e+02 
1.1404e-02 2.0590e+02 
1.1409e-02 2.0808e+02 
1.1413e-02 2.1027e+02 
1.1418e-02 2.1247e+02 
1.1422e-02 2.1467e+02 
1.1427e-02 2.1689e+02 
1.1431e-02 2.1910e+02 
1.1435e-02 2.2132e+02 
1.1440e-02 2.2353e+02 
1.1444e-02 2.2574e+02 
1.1448e-02 2.2794e+02 
1.1453e-02 2.3014e+02 
1.1457e-02 2.3233e+02 
1.1461e-02 2.3450e+02 
1.1466e-02 2.3666e+02 
1.1470e-02 2.3879e+02 
1.1474e-02 2.4091e+02 
1.1478e-02 2.4300e+02 
1.1483e-02 2.4507e+02 
1.1487e-02 2.4710e+02 
1.1491e-02 2.4910e+02 
1.1495e-02 2.5105e+02 
1.1499e-02 2.5297e+02 
1.1503e-02 2.5484e+02 
1.1508e-02 2.5666e+02 
1.1512e-02 2.5843e+02 
1.1516e-02 2.6014e+02 
1.1520e-02 2.6178e+02 
1.1524e-02 2.6336e+02 
1.1528e-02 2.6487e+02 
1.1532e-02 2.6632e+02 
1.1536e-02 2.6768e+02 
1.1541e-02 2.6897e+02 
1.1545e-02 2.7017e+02 
1.1549e-02 2.7130e+02 
1.1553e-02 2.7235e+02 
1.1557e-02 2.7331e+02 
1.1561e-02 2.7419e+02 
1.1565e-02 2.7498e+02 
1.1569e-02 2.7568e+02 
1.1573e-02 2.7629e+02 
1.1577e-02 2.7682e+02 
1.1582e-02 2.7727e+02 
1.1586e-02 2.7763e+02 
1.1590e-02 2.7791e+02 
1.1594e-02 2.7808e+02 
1.1598e-02 2.7816e+02 
1.1602e-02 2.7814e+02 
1.1607e-02 2.7802e+02 
1.1611e-02 2.7782e+02 
1.1615e-02 2.7751e+02 
1.1619e-02 2.7709e+02 
1.1624e-02 2.7656e+02 
1.1628e-02 2.7591e+02 
1.1632e-02 2.7515e+02 
1.1637e-02 2.7426e+02 
1.1641e-02 2.7325e+02 
1.1646e-02 2.7209e+02 
1.1650e-02 2.7081e+02 
1.1655e-02 2.6940e+02 
1.1659e-02 2.6788e+02 
1.1664e-02 2.6625e+02 
1.1668e-02 2.6454e+02 
1.1673e-02 2.6275e+02 
1.1678e-02 2.6087e+02 
1.1682e-02 2.5893e+02 
1.1687e-02 2.5692e+02 
1.1692e-02 2.5485e+02 
1.1697e-02 2.5274e+02 
1.1702e-02 2.5059e+02 
1.1707e-02 2.4842e+02 
1.1712e-02 2.4623e+02 
1.1717e-02 2.4404e+02 
1.1723e-02 2.4186e+02 
1.1728e-02 2.3969e+02 
1.1733e-02 2.3756e+02 
1.1739e-02 2.3545e+02 
1.1744e-02 2.3339e+02 
1.1750e-02 2.3137e+02 
1.1755e-02 2.2940e+02 
1.1761e-02 2.2749e+02 
1.1767e-02 2.2564e+02 
1.1773e-02 2.2386e+02 
1.1778e-02 2.2214e+02 
1.1784e-02 2.2048e+02 
1.1790e-02 2.1890e+02 
1.1796e-02 2.1739e+02 
1.1803e-02 2.1594e+02 
1.1809e-02 2.1457e+02 
1.1815e-02 2.1327e+02 
1.1822e-02 2.1204e+02 
1.1828e-02 2.1089e+02 
1.1835e-02 2.0981e+02 
1.1841e-02 2.0879e+02 
1.1848e-02 2.0785e+02 
1.1855e-02 2.0698e+02 
1.1861e-02 2.0618e+02 
1.1868e-02 2.0545e+02 
1.1875e-02 2.0479e+02 
1.1881e-02 2.0421e+02 
1.1888e-02 2.0369e+02 
1.1895e-02 2.0324e+02 
1.1901e-02 2.0286e+02 
1.1908e-02 2.0254e+02 
1.1914e-02 2.0228e+02 
1.1921e-02 2.0208e+02 
1.1927e-02 2.0193e+02 
1.1934e-02 2.0184e+02 
1.1940e-02 2.0179e+02 
1.1947e-02 2.0180e+02 
1.1953e-02 2.0185e+02 
1.1959e-02 2.0195e+02 
1.1966e-02 2.0209e+02 
1.1972e-02 2.0227e+02 
1.1978e-02 2.0250e+02 
1.1985e-02 2.0276e+02 
1.1991e-02 2.0306e+02 
1.1997e-02 2.0339e+02 
1.2003e-02 2.0377e+02 
1.2009e-02 2.0417e+02 
1.2016e-02 2.0461e+02 
1.2022e-02 2.0508e+02 
1.2028e-02 2.0558e+02 
1.2034e-02 2.0611e+02 
1.2040e-02 2.0667e+02 
1.2046e-02 2.0725e+02 
1.2052e-02 2.0786e+02 
1.2058e-02 2.0850e+02 
1.2064e-02 2.0917e+02 
1.2069e-02 2.0986e+02 
1.2075e-02 2.1057e+02 
1.2081e-02 2.1130e+02 
1.2087e-02 2.1206e+02 
1.2093e-02 2.1285e+02 
1.2098e-02 2.1365e+02 
1.2104e-02 2.1447e+02 
1.2110e-02 2.1532e+02 
1.2115e-02 2.1618e+02 
1.2121e-02 2.1707e+02 
1.2127e-02 2.1797e+02 
1.2132e-02 2.1889e+02 
1.2138e-02 2.1983e+02 
1.2143e-02 2.2079e+02 
1.2149e-02 2.2177e+02 
1.2154e-02 2.2277e+02 
1.2160e-02 2.2378e+02 
1.2165e-02 2.2481e+02 
1.2171e-02 2.2585e+02 
1.2176e-02 2.2691e+02 
1.2182e-02 2.2798e+02 
1.2187e-02 2.2907e+02 
1.2192e-02 2.3018e+02 
1.2198e-02 2.3130e+02 
1.2203e-02 2.3244e+02 
1.2208e-02 2.3359e+02 
1.2213e-02 2.3476e+02 
1.2219e-02 2.3594e+02 
1.2224e-02 2.3713e+02 
1.2229e-02 2.3834e+02 
1.2234e-02 2.3956e+02 
1.2239e-02 2.4080e+02 
1.2245e-02 2.4205e+02 
1.2250e-02 2.4331e+02 
1.2255e-02 2.4459e+02 
1.2260e-02 2.4588e+02 
1.2265e-02 2.4719e+02 
1.2270e-02 2.4850e+02 
1.2275e-02 2.4983e+02 
1.2280e-02 2.5118e+02 
1.2285e-02 2.5253e+02 
1.2290e-02 2.5391e+02 
1.2295e-02 2.5529e+02 
1.2300e-02 2.5670e+02 
1.2305e-02 2.5811e+02 
1.2310e-02 2.5955e+02 
1.2315e-02 2.6099e+02 
1.2320e-02 2.6246e+02 
1.2325e-02 2.6393e+02 
1.2329e-02 2.6542e+02 
1.2334e-02 2.6693e+02 
1.2339e-02 2.6845e+02 
1.2344e-02 2.7000e+02 
1.2349e-02 2.7156e+02 
1.2354e-02 2.7314e+02 
1.2358e-02 2.7474e+02 
1.2363e-02 2.7636e+02 
1.2368e-02 2.7799e+02 
1.2373e-02 2.7965e+02 
1.2377e-02 2.8133e+02 
1.2382e-02 2.8303e+02 
1.2387e-02 2.8475e+02 
1.2392e-02 2.8650e+02 
1.2396e-02 2.8827e+02 
1.2401e-02 2.9008e+02 
1.2406e-02 2.9190e+02 
1.2410e-02 2.9375e+02 
1.2415e-02 2.9563e+02 
1.2420e-02 2.9755e+02 
1.2424e-02 2.9949e+02 
1.2429e-02 3.0147e+02 
1.2434e-02 3.0348e+02 
1.2438e-02 3.0553e+02 
1.2443e-02 3.0761e+02 
1.2448e-02 3.0973e+02 
1.2452e-02 3.1189e+02 
1.2457e-02 3.1409e+02 
1.2461e-02 3.1633e+02 
1.2466e-02 3.1862e+02 
1.2470e-02 3.2096e+02 
1.2475e-02 3.2334e+02 
1.2479e-02 3.2577e+02 
1.2484e-02 3.2825e+02 
1.2488e-02 3.3078e+02 
1.2493e-02 3.3337e+02 
1.2497e-02 3.3601e+02 
1.2502e-02 3.3870e+02 
1.2506e-02 3.4146e+02 
1.2511e-02 3.4428e+02 
1.2515e-02 3.4715e+02 
1.2519e-02 3.5009e+02 
1.2524e-02 3.5309e+02 
1.2528e-02 3.5616e+02 
1.2532e-02 3.5928e+02 
1.2537e-02 3.6248e+02 
1.2541e-02 3.6574e+02 
1.2545e-02 3.6907e+02 
1.2550e-02 3.7247e+02 
1.2554e-02 3.7593e+02 
1.2558e-02 3.7945e+02 
1.2562e-02 3.8304e+02 
1.2567e-02 3.8670e+02 
1.2571e-02 3.9042e+02 
1.2575e-02 3.9421e+02 
1.2579e-02 3.9805e+02 
1.2583e-02 4.0195e+02 
1.2587e-02 4.0591e+02 
1.2591e-02 4.0992e+02 
1.2595e-02 4.1399e+02 
1.2599e-02 4.1811e+02 
1.2603e-02 4.2228e+02 
1.2607e-02 4.2649e+02 
1.2611e-02 4.3074e+02 
1.2615e-02 4.3504e+02 
1.2619e-02 4.3937e+02 
1.2623e-02 4.4375e+02 
1.2627e-02 4.4816e+02 
1.2631e-02 4.5259e+02 
1.2634e-02 4.5706e+02 
1.2638e-02 4.6155e+02 
1.2642e-02 4.6607e+02 
1.2646e-02 4.7061e+02 
1.2649e-02 4.7517e+02 
1.2653e-02 4.7974e+02 
1.2657e-02 4.8432e+02 
1.2661e-02 4.8890e+02 
1.2664e-02 4.9348e+02 
1.2668e-02 4.9807e+02 
1.2672e-02 5.0265e+02 
1.2675e-02 5.0721e+02 
1.2679e-02 5.1174e+02 
1.2682e-02 5.1625e+02 
1.2686e-02 5.2073e+02 
1.2689e-02 5.2518e+02 
1.2693e-02 5.2958e+02 
1.2697e-02 5.3393e+02 
1.2700e-02 5.3821e+02 
1.2704e-02 5.4244e+02 
1.2707e-02 5.4659e+02 
1.2711e-02 5.5068e+02 
1.2714e-02 5.5469e+02 
1.2718e-02 5.5861e+02 
1.2721e-02 5.6243e+02 
1.2724e-02 5.6616e+02 
1.2728e-02 5.6979e+02 
1.2731e-02 5.7334e+02 
1.2735e-02 5.7679e+02 
1.2738e-02 5.8015e+02 
1.2742e-02 5.8339e+02 
1.2745e-02 5.8653e+02 
1.2749e-02 5.8956e+02 
1.2752e-02 5.9251e+02 
1.2756e-02 5.9536e+02 
1.2759e-02 5.9812e+02 
1.2763e-02 6.0077e+02 
1.2766e-02 6.0331e+02 
1.2770e-02 6.0573e+02 
1.2773e-02 6.0803e+02 
1.2777e-02 6.1022e+02 
1.2780e-02 6.1231e+02 
1.2784e-02 6.1428e+02 
1.2787e-02 6.1611e+02 
1.2791e-02 6.1780e+02 
1.2795e-02 6.1934e+02 
1.2798e-02 6.2073e+02 
1.2802e-02 6.2197e+02 
1.2805e-02 6.2305e+02 
1.2809e-02 6.2396e+02 
1.2813e-02 6.2470e+02 
1.2816e-02 6.2527e+02 
1.2820e-02 6.2569e+02 
1.2823e-02 6.2597e+02 
1.2827e-02 6.2612e+02 
1.2830e-02 6.2614e+02 
1.2834e-02 6.2604e+02 
1.2837e-02 6.2582e+02 
1.2840e-02 6.2549e+02 
1.2844e-02 6.2504e+02 
1.2847e-02 6.2448e+02 
1.2851e-02 6.2381e+02 
1.2854e-02 6.2304e+02 
1.2858e-02 6.2218e+02 
1.2861e-02 6.2122e+02 
1.2864e-02 6.2018e+02 
1.2868e-02 6.1906e+02 
1.2871e-02 6.1787e+02 
1.2874e-02 6.1660e+02 
1.2878e-02 6.1527e+02 
1.2881e-02 6.1386e+02 
1.2885e-02 6.1238e+02 
1.2888e-02 6.1083e+02 
1.2891e-02 6.0922e+02 
1.2895e-02 6.0753e+02 
1.2898e-02 6.0578e+02 
1.2902e-02 6.0397e+02 
1.2905e-02 6.0208e+02 
1.2909e-02 6.0013e+02 
1.2912e-02 5.9810e+02 
1.2916e-02 5.9600e+02 
1.2919e-02 5.9382e+02 
1.2923e-02 5.9156e+02 
1.2926e-02 5.8922e+02 
1.2930e-02 5.8680e+02 
1.2933e-02 5.8429e+02 
1.2937e-02 5.8171e+02 
1.2940e-02 5.7905e+02 
1.2944e-02 5.7631e+02 
1.2948e-02 5.7350e+02 
1.2951e-02 5.7060e+02 
1.2955e-02 5.6763e+02 
1.2958e-02 5.6458e+02 
1.2962e-02 5.6146e+02 
1.2966e-02 5.5827e+02 
1.2969e-02 5.5501e+02 
1.2973e-02 5.5170e+02 
1.2977e-02 5.4832e+02 
1.2980e-02 5.4490e+02 
1.2984e-02 5.4142e+02 
1.2988e-02 5.3789e+02 
1.2991e-02 5.3430e+02 
1.2995e-02 5.3067e+02 
1.2999e-02 5.2699e+02 
1.3002e-02 5.2326e+02 
1.3006e-02 5.1950e+02 
1.3010e-02 5.1570e+02 
1.3014e-02 5.1186e+02 
1.3018e-02 5.0801e+02 
1.3021e-02 5.0413e+02 
1.3025e-02 5.0024e+02 
1.3029e-02 4.9633e+02 
1.3033e-02 4.9241e+02 
1.3037e-02 4.8848e+02 
1.3041e-02 4.8453e+02 
1.3045e-02 4.8058e+02 
1.3049e-02 4.7662e+02 
1.3053e-02 4.7265e+02 
1.3057e-02 4.6870e+02 
1.3061e-02 4.6475e+02 
1.3065e-02 4.6081e+02 
1.3069e-02 4.5688e+02 
1.3073e-02 4.5298e+02 
1.3077e-02 4.4909e+02 
1.3081e-02 4.4523e+02 
1.3085e-02 4.4139e+02 
1.3089e-02 4.3757e+02 
1.3093e-02 4.3377e+02 
1.3098e-02 4.3000e+02 
1.3102e-02 4.2626e+02 
1.3106e-02 4.2255e+02 
1.3111e-02 4.1888e+02 
1.3115e-02 4.1524e+02 
1.3119e-02 4.1164e+02 
1.3124e-02 4.0808e+02 
1.3128e-02 4.0457e+02 
1.3133e-02 4.0109e+02 
1.3137e-02 3.9767e+02 
1.3142e-02 3.9429e+02 
1.3146e-02 3.9096e+02 
1.3151e-02 3.8768e+02 
1.3156e-02 3.8445e+02 
1.3160e-02 3.8126e+02 
1.3165e-02 3.7813e+02 
1.3170e-02 3.7506e+02 
1.3175e-02 3.7203e+02 
1.3180e-02 3.6907e+02 
1.3185e-02 3.6616e+02 
1.3189e-02 3.6331e+02 
1.3194e-02 3.6053e+02 
1.3199e-02 3.5780e+02 
1.3205e-02 3.5514e+02 
1.3210e-02 3.5255e+02 
1.3215e-02 3.5002e+02 
1.3220e-02 3.4757e+02 
1.3225e-02 3.4517e+02 
1.3231e-02 3.4285e+02 
1.3236e-02 3.4060e+02 
1.3241e-02 3.3842e+02 
1.3247e-02 3.3632e+02 
1.3252e-02 3.3429e+02 
1.3258e-02 3.3233e+02 
1.3264e-02 3.3046e+02 
1.3269e-02 3.2866e+02 
1.3275e-02 3.2694e+02 
1.3281e-02 3.2531e+02 
1.3287e-02 3.2376e+02 
1.3293e-02 3.2229e+02 
1.3299e-02 3.2091e+02 
1.3305e-02 3.1962e+02 
1.3311e-02 3.1842e+02 
1.3317e-02 3.1731e+02 
1.3323e-02 3.1629e+02 
1.3329e-02 3.1537e+02 
1.3336e-02 3.1454e+02 
1.3342e-02 3.1381e+02 
1.3348e-02 3.1319e+02 
1.3354e-02 3.1267e+02 
1.3360e-02 3.1225e+02 
1.3366e-02 3.1193e+02 
1.3372e-02 3.1170e+02 
1.3378e-02 3.1157e+02 
1.3383e-02 3.1153e+02 
1.3389e-02 3.1157e+02 
1.3395e-02 3.1170e+02 
1.3401e-02 3.1191e+02 
1.3406e-02 3.1220e+02 
1.3412e-02 3.1257e+02 
1.3418e-02 3.1300e+02 
1.3423e-02 3.1351e+02 
1.3429e-02 3.1408e+02 
1.3434e-02 3.1472e+02 
1.3440e-02 3.1543e+02 
1.3445e-02 3.1619e+02 
1.3451e-02 3.1701e+02 
1.3456e-02 3.1789e+02 
1.3461e-02 3.1883e+02 
1.3467e-02 3.1981e+02 
1.3472e-02 3.2085e+02 
1.3477e-02 3.2194e+02 
1.3483e-02 3.2308e+02 
1.3488e-02 3.2427e+02 
1.3493e-02 3.2551e+02 
1.3499e-02 3.2679e+02 
1.3504e-02 3.2812e+02 
1.3509e-02 3.2950e+02 
1.3514e-02 3.3092e+02 
1.3520e-02 3.3239e+02 
1.3525e-02 3.3390e+02 
1.3530e-02 3.3547e+02 
1.3535e-02 3.3708e+02 
1.3540e-02 3.3874e+02 
1.3546e-02 3.4045e+02 
1.3551e-02 3.4221e+02 
1.3556e-02 3.4402e+02 
1.3561e-02 3.4589e+02 
1.3567e-02 3.4783e+02 
1.3572e-02 3.4982e+02 
1.3577e-02 3.5188e+02 
1.3582e-02 3.5399e+02 
1.3587e-02 3.5617e+02 
1.3592e-02 3.5841e+02 
1.3597e-02 3.6072e+02 
1.3602e-02 3.6310e+02 
1.3607e-02 3.6556e+02 
1.3611e-02 3.6809e+02 
1.3616e-02 3.7071e+02 
1.3621e-02 3.7342e+02 
1.3626e-02 3.7623e+02 
1.3630e-02 3.7915e+02 
1.3635e-02 3.8219e+02 
1.3639e-02 3.8535e+02 
1.3644e-02 3.8865e+02 
1.3648e-02 3.9210e+02 
1.3653e-02 3.9570e+02 
1.3657e-02 3.9947e+02 
1.3661e-02 4.0343e+02 
1.3666e-02 4.0758e+02 
1.3670e-02 4.1193e+02 
1.3674e-02 4.1652e+02 
1.3678e-02 4.2134e+02 
1.3682e-02 4.2641e+02 
1.3686e-02 4.3174e+02 
1.3690e-02 4.3736e+02 
1.3694e-02 4.4327e+02 
1.3698e-02 4.4949e+02 
1.3702e-02 4.5604e+02 
1.3705e-02 4.6293e+02 
1.3709e-02 4.7020e+02 
1.3712e-02 4.7784e+02 
1.3716e-02 4.8589e+02 
1.3719e-02 4.9437e+02 
1.3723e-02 5.0329e+02 
1.3726e-02 5.1269e+02 
1.3730e-02 5.2258e+02 
1.3733e-02 5.3298e+02 
1.3736e-02 5.4392e+02 
1.3739e-02 5.5542e+02 
1.3742e-02 5.6751e+02 
1.3745e-02 5.8022e+02 
1.3748e-02 5.9355e+02 
1.3751e-02 6.0755e+02 
1.3754e-02 6.2223e+02 
1.3757e-02 6.3761e+02 
1.3759e-02 6.5372e+02 
1.3762e-02 6.7058e+02 
1.3765e-02 6.8819e+02 
1.3767e-02 7.0658e+02 
1.3770e-02 7.2577e+02 
1.3772e-02 7.4576e+02 
1.3774e-02 7.6657e+02 
1.3776e-02 7.8821e+02 
1.3779e-02 8.1068e+02 
1.3781e-02 8.3403e+02 
1.3783e-02 8.5824e+02 
1.3785e-02 8.8332e+02 
1.3787e-02 9.0928e+02 
1.3789e-02 9.3610e+02 
1.3791e-02 9.6378e+02 
1.3792e-02 9.9232e+02 
1.3794e-02 1.0217e+03 
1.3796e-02 1.0519e+03 
1.3798e-02 1.0828e+03 
1.3799e-02 1.1146e+03 
1.3801e-02 1.1470e+03 
1.3802e-02 1.1802e+03 
1.3804e-02 1.2140e+03 
1.3805e-02 1.2484e+03 
1.3807e-02 1.2834e+03 
1.3808e-02 1.3189e+03 
1.3809e-02 1.3549e+03 
1.3811e-02 1.3914e+03 
1.3812e-02 1.4281e+03 
1.3813e-02 1.4652e+03 
1.3814e-02 1.5025e+03 
1.3816e-02 1.5400e+03 
1.3817e-02 1.5776e+03 
1.3818e-02 1.6152e+03 
1.3819e-02 1.6529e+03 
1.3820e-02 1.6905e+03 
1.3821e-02 1.7279e+03 
1.3822e-02 1.7652e+03 
1.3823e-02 1.8022e+03 
1.3824e-02 1.8390e+03 
1.3825e-02 1.8753e+03 
1.3826e-02 1.9113e+03 
1.3827e-02 1.9467e+03 
1.3828e-02 1.9817e+03 
1.3829e-02 2.0160e+03 
1.3830e-02 2.0497e+03 
1.3831e-02 2.0828e+03 
1.3832e-02 2.1152e+03 
1.3832e-02 2.1468e+03 
1.3833e-02 2.1776e+03 
1.3834e-02 2.2075e+03 
1.3835e-02 2.2366e+03 
1.3836e-02 2.2647e+03 
1.3837e-02 2.2919e+03 
1.3837e-02 2.3182e+03 
1.3838e-02 2.3433e+03 
1.3839e-02 2.3674e+03 
1.3840e-02 2.3906e+03 
1.3840e-02 2.4126e+03 
1.3841e-02 2.4336e+03 
1.3842e-02 2.4534e+03 
1.3843e-02 2.4720e+03 
1.3844e-02 2.4894e+03 
1.3844e-02 2.5058e+03 
1.3845e-02 2.5210e+03 
1.3846e-02 2.5351e+03 
1.3847e-02 2.5479e+03 
1.3847e-02 2.5595e+03 
1.3848e-02 2.5698e+03 
1.3849e-02 2.5790e+03 
1.3849e-02 2.5871e+03 
1.3850e-02 2.5940e+03 
1.3851e-02 2.5998e+03 
1.3852e-02 2.6042e+03 
1.3852e-02 2.6073e+03 
1.3853e-02 2.6094e+03 
1.3854e-02 2.6103e+03 
1.3855e-02 2.6101e+03 
1.3855e-02 2.6088e+03 
1.3856e-02 2.6063e+03 
1.3857e-02 2.6026e+03 
1.3857e-02 2.5977e+03 
1.3858e-02 2.5916e+03 
1.3859e-02 2.5845e+03 
1.3860e-02 2.5765e+03 
1.3860e-02 2.5674e+03 
1.3861e-02 2.5572e+03 
1.3862e-02 2.5461e+03 
1.3863e-02 2.5340e+03 
1.3863e-02 2.5207e+03 
1.3864e-02 2.5065e+03 
1.3865e-02 2.4914e+03 
1.3866e-02 2.4757e+03 
1.3866e-02 2.4591e+03 
1.3867e-02 2.4416e+03 
1.3868e-02 2.4234e+03 
1.3869e-02 2.4044e+03 
1.3870e-02 2.3847e+03 
1.3870e-02 2.3642e+03 
1.3871e-02 2.3428e+03 
1.3872e-02 2.3208e+03 
1.3873e-02 2.2982e+03 
1.3873e-02 2.2752e+03 
1.3874e-02 2.2517e+03 
1.3875e-02 2.2277e+03 
1.3876e-02 2.2030e+03 
1.3877e-02 2.1779e+03 
1.3878e-02 2.1523e+03 
1.3879e-02 2.1264e+03 
1.3879e-02 2.1000e+03 
1.3880e-02 2.0732e+03 
1.3881e-02 2.0460e+03 
1.3882e-02 2.0183e+03 
1.3883e-02 1.9904e+03 
1.3884e-02 1.9623e+03 
1.3885e-02 1.9340e+03 
1.3886e-02 1.9057e+03 
1.3887e-02 1.8773e+03 
1.3887e-02 1.8487e+03 
1.3888e-02 1.8199e+03 
1.3889e-02 1.7909e+03 
1.3890e-02 1.7617e+03 
1.3891e-02 1.7325e+03 
1.3892e-02 1.7032e+03 
1.3893e-02 1.6740e+03 
1.3894e-02 1.6449e+03 
1.3895e-02 1.6159e+03 
1.3896e-02 1.5870e+03 
1.3897e-02 1.5583e+03 
1.3899e-02 1.5298e+03 
1.3900e-02 1.5014e+03 
1.3901e-02 1.4732e+03 
1.3902e-02 1.4452e+03 
1.3903e-02 1.4174e+03 
1.3904e-02 1.3898e+03 
1.3905e-02 1.3624e+03 
1.3907e-02 1.3353e+03 
1.3908e-02 1.3084e+03 
1.3909e-02 1.2818e+03 
1.3910e-02 1.2556e+03 
1.3912e-02 1.2297e+03 
1.3913e-02 1.2041e+03 
1.3914e-02 1.1788e+03 
1.3915e-02 1.1539e+03 
1.3917e-02 1.1294e+03 
1.3918e-02 1.1052e+03 
1.3920e-02 1.0813e+03 
1.3921e-02 1.0578e+03 
1.3923e-02 1.0346e+03 
1.3924e-02 1.0117e+03 
1.3926e-02 9.8921e+02 
1.3927e-02 9.6700e+02 
1.3929e-02 9.4512e+02 
1.3931e-02 9.2354e+02 
1.3933e-02 9.0228e+02 
1.3934e-02 8.8134e+02 
1.3936e-02 8.6072e+02 
1.3938e-02 8.4041e+02 
1.3940e-02 8.2042e+02 
1.3942e-02 8.0073e+02 
1.3944e-02 7.8136e+02 
1.3946e-02 7.6231e+02 
1.3948e-02 7.4359e+02 
1.3950e-02 7.2517e+02 
1.3953e-02 7.0707e+02 
1.3955e-02 6.8928e+02 
1.3957e-02 6.7180e+02 
1.3960e-02 6.5465e+02 
1.3963e-02 6.3781e+02 
1.3965e-02 6.2129e+02 
1.3968e-02 6.0506e+02 
1.3971e-02 5.8915e+02 
1.3974e-02 5.7354e+02 
1.3977e-02 5.5825e+02 
1.3980e-02 5.4326e+02 
1.3983e-02 5.2857e+02 
1.3987e-02 5.1418e+02 
1.3990e-02 5.0007e+02 
1.3994e-02 4.8626e+02 
1.3998e-02 4.7274e+02 
1.4002e-02 4.5950e+02 
1.4006e-02 4.4654e+02 
1.4010e-02 4.3384e+02 
1.4015e-02 4.2142e+02 
1.4020e-02 4.0924e+02 
1.4024e-02 3.9737e+02 
1.4029e-02 3.8584e+02 
1.4034e-02 3.7467e+02 
1.4040e-02 3.6387e+02 
1.4045e-02 3.5344e+02 
1.4051e-02 3.4338e+02 
1.4056e-02 3.3370e+02 
1.4062e-02 3.2437e+02 
1.4068e-02 3.1538e+02 
1.4074e-02 3.0675e+02 
1.4081e-02 2.9844e+02 
1.4087e-02 2.9046e+02 
1.4094e-02 2.8279e+02 
1.4101e-02 2.7542e+02 
1.4108e-02 2.6835e+02 
1.4115e-02 2.6155e+02 
1.4122e-02 2.5502e+02 
1.4130e-02 2.4874e+02 
1.4138e-02 2.4271e+02 
1.4146e-02 2.3691e+02 
1.4153e-02 2.3137e+02 
1.4161e-02 2.2610e+02 
1.4170e-02 2.2108e+02 
1.4178e-02 2.1631e+02 
1.4186e-02 2.1178e+02 
1.4194e-02 2.0747e+02 
1.4203e-02 2.0337e+02 
1.4211e-02 1.9947e+02 
1.4220e-02 1.9576e+02 
1.4229e-02 1.9222e+02 
1.4237e-02 1.8884e+02 
1.4246e-02 1.8561e+02 
1.4255e-02 1.8253e+02 
1.4264e-02 1.7958e+02 
1.4273e-02 1.7675e+02 
1.4283e-02 1.7404e+02 
1.4292e-02 1.7144e+02 
1.4301e-02 1.6894e+02 
1.4311e-02 1.6654e+02 
1.4320e-02 1.6423e+02 
1.4330e-02 1.6201e+02 
1.4340e-02 1.5987e+02 
1.4350e-02 1.5780e+02 
1.4360e-02 1.5581e+02 
1.4370e-02 1.5389e+02 
1.4380e-02 1.5204e+02 
1.4391e-02 1.5025e+02 
1.4401e-02 1.4852e+02 
1.4412e-02 1.4685e+02 
1.4422e-02 1.4523e+02 
1.4433e-02 1.4366e+02 
1.4444e-02 1.4215e+02 
1.4455e-02 1.4068e+02 
1.4466e-02 1.3926e+02 
1.4478e-02 1.3788e+02 
1.4489e-02 1.3654e+02 
1.4501e-02 1.3524e+02 
1.4512e-02 1.3398e+02 
1.4524e-02 1.3276e+02 
1.4536e-02 1.3157e+02 
1.4548e-02 1.3042e+02 
1.4561e-02 1.2930e+02 
1.4573e-02 1.2822e+02 
1.4585e-02 1.2716e+02 
1.4598e-02 1.2614e+02 
1.4611e-02 1.2515e+02 
1.4624e-02 1.2418e+02 
1.4637e-02 1.2325e+02 
1.4650e-02 1.2234e+02 
1.4664e-02 1.2146e+02 
1.4678e-02 1.2061e+02 
1.4691e-02 1.1978e+02 
1.4705e-02 1.1898e+02 
1.4719e-02 1.1820e+02 
1.4733e-02 1.1746e+02 
1.4747e-02 1.1674e+02 
1.4762e-02 1.1605e+02 
1.4776e-02 1.1539e+02 
1.4790e-02 1.1476e+02 
1.4804e-02 1.1415e+02 
1.4819e-02 1.1356e+02 
1.4833e-02 1.1300e+02 
1.4848e-02 1.1247e+02 
1.4862e-02 1.1196e+02 
1.4877e-02 1.1147e+02 
1.4891e-02 1.1101e+02 
1.4906e-02 1.1056e+02 
1.4921e-02 1.1014e+02 
1.4936e-02 1.0974e+02 
1.4950e-02 1.0936e+02 
1.4965e-02 1.0900e+02 
1.4979e-02 1.0867e+02 
1.4994e-02 1.0835e+02 
1.5008e-02 1.0806e+02 
1.5023e-02 1.0778e+02 
1.5037e-02 1.0752e+02 
1.5052e-02 1.0728e+02 
1.5066e-02 1.0706e+02 
1.5081e-02 1.0685e+02 
1.5095e-02 1.0666e+02 
1.5110e-02 1.0649e+02 
1.5125e-02 1.0633e+02 
1.5139e-02 1.0618e+02 
1.5154e-02 1.0606e+02 
1.5168e-02 1.0595e+02 
1.5183e-02 1.0585e+02 
1.5197e-02 1.0577e+02 
1.5212e-02 1.0571e+02 
1.5226e-02 1.0566e+02 
1.5241e-02 1.0563e+02 
1.5255e-02 1.0562e+02 
1.5270e-02 1.0562e+02 
1.5285e-02 1.0563e+02 
1.5299e-02 1.0567e+02 
1.5314e-02 1.0572e+02 
1.5329e-02 1.0578e+02 
1.5344e-02 1.0587e+02 
1.5359e-02 1.0597e+02 
1.5374e-02 1.0610e+02 
1.5389e-02 1.0624e+02 
1.5405e-02 1.0641e+02 
1.5420e-02 1.0659e+02 
1.5435e-02 1.0680e+02 
1.5450e-02 1.0703e+02 
1.5466e-02 1.0729e+02 
1.5481e-02 1.0757e+02 
1.5497e-02 1.0787e+02 
1.5512e-02 1.0821e+02 
1.5527e-02 1.0857e+02 
1.5543e-02 1.0896e+02 
1.5558e-02 1.0938e+02 
1.5573e-02 1.0983e+02 
1.5588e-02 1.1030e+02 
1.5603e-02 1.1081e+02 
1.5618e-02 1.1135e+02 
1.5632e-02 1.1192e+02 
1.5647e-02 1.1253e+02 
1.5662e-02 1.1317e+02 
1.5676e-02 1.1384e+02 
1.5690e-02 1.1455e+02 
1.5705e-02 1.1529e+02 
1.5719e-02 1.1608e+02 
1.5733e-02 1.1691e+02 
1.5747e-02 1.1778e+02 
1.5761e-02 1.1869e+02 
1.5775e-02 1.1964e+02 
1.5789e-02 1.2064e+02 
1.5802e-02 1.2168e+02 
1.5815e-02 1.2277e+02 
1.5829e-02 1.2391e+02 
1.5842e-02 1.2510e+02 
1.5855e-02 1.2634e+02 
1.5868e-02 1.2763e+02 
1.5880e-02 1.2898e+02 
1.5893e-02 1.3038e+02 
1.5906e-02 1.3184e+02 
1.5918e-02 1.3336e+02 
1.5930e-02 1.3494e+02 
1.5942e-02 1.3658e+02 
1.5954e-02 1.3828e+02 
1.5966e-02 1.4005e+02 
1.5977e-02 1.4189e+02 
1.5989e-02 1.4380e+02 
1.6000e-02 1.4578e+02 
1.6011e-02 1.4783e+02 
1.6022e-02 1.4996e+02 
1.6033e-02 1.5216e+02 
1.6044e-02 1.5445e+02 
1.6054e-02 1.5681e+02 
1.6065e-02 1.5926e+02 
1.6075e-02 1.6180e+02 
1.6085e-02 1.6442e+02 
1.6095e-02 1.6713e+02 
1.6104e-02 1.6994e+02 
1.6114e-02 1.7284e+02 
1.6123e-02 1.7583e+02 
1.6133e-02 1.7892e+02 
1.6142e-02 1.8212e+02 
1.6150e-02 1.8541e+02 
1.6159e-02 1.8881e+02 
1.6168e-02 1.9232e+02 
1.6176e-02 1.9593e+02 
1.6184e-02 1.9964e+02 
1.6193e-02 2.0347e+02 
1.6200e-02 2.0741e+02 
1.6208e-02 2.1146e+02 
1.6216e-02 2.1562e+02 
1.6223e-02 2.1989e+02 
1.6231e-02 2.2427e+02 
1.6238e-02 2.2876e+02 
1.6245e-02 2.3336e+02 
1.6252e-02 2.3807e+02 
1.6258e-02 2.4288e+02 
1.6265e-02 2.4780e+02 
1.6271e-02 2.5282e+02 
1.6278e-02 2.5794e+02 
1.6284e-02 2.6315e+02 
1.6290e-02 2.6844e+02 
1.6296e-02 2.7380e+02 
1.6301e-02 2.7923e+02 
1.6307e-02 2.8472e+02 
1.6312e-02 2.9025e+02 
1.6317e-02 2.9583e+02 
1.6323e-02 3.0144e+02 
1.6328e-02 3.0707e+02 
1.6333e-02 3.1271e+02 
1.6337e-02 3.1835e+02 
1.6342e-02 3.2398e+02 
1.6347e-02 3.2958e+02 
1.6351e-02 3.3514e+02 
1.6356e-02 3.4065e+02 
1.6360e-02 3.4609e+02 
1.6364e-02 3.5146e+02 
1.6368e-02 3.5673e+02 
1.6373e-02 3.6189e+02 
1.6377e-02 3.6692e+02 
1.6381e-02 3.7181e+02 
1.6385e-02 3.7655e+02 
1.6388e-02 3.8110e+02 
1.6392e-02 3.8547e+02 
1.6396e-02 3.8964e+02 
1.6400e-02 3.9358e+02 
1.6403e-02 3.9728e+02 
1.6407e-02 4.0073e+02 
1.6411e-02 4.0391e+02 
1.6414e-02 4.0681e+02 
1.6418e-02 4.0941e+02 
1.6421e-02 4.1171e+02 
1.6425e-02 4.1369e+02 
1.6428e-02 4.1534e+02 
1.6432e-02 4.1665e+02 
1.6435e-02 4.1762e+02 
1.6438e-02 4.1824e+02 
1.6442e-02 4.1851e+02 
1.6445e-02 4.1841e+02 
1.6449e-02 4.1795e+02 
1.6452e-02 4.1713e+02 
1.6455e-02 4.1595e+02 
1.6459e-02 4.1440e+02 
1.6462e-02 4.1250e+02 
1.6466e-02 4.1025e+02 
1.6469e-02 4.0765e+02 
1.6473e-02 4.0471e+02 
1.6476e-02 4.0144e+02 
1.6480e-02 3.9785e+02 
1.6484e-02 3.9396e+02 
1.6487e-02 3.8979e+02 
1.6491e-02 3.8535e+02 
1.6494e-02 3.8068e+02 
1.6498e-02 3.7577e+02 
1.6502e-02 3.7067e+02 
1.6506e-02 3.6539e+02 
1.6509e-02 3.5995e+02 
1.6513e-02 3.5437e+02 
1.6517e-02 3.4868e+02 
1.6521e-02 3.4290e+02 
1.6525e-02 3.3703e+02 
1.6529e-02 3.3112e+02 
1.6533e-02 3.2516e+02 
1.6537e-02 3.1919e+02 
1.6541e-02 3.1321e+02 
1.6545e-02 3.0725e+02 
1.6550e-02 3.0131e+02 
1.6554e-02 2.9541e+02 
1.6558e-02 2.8957e+02 
1.6563e-02 2.8379e+02 
1.6567e-02 2.7808e+02 
1.6572e-02 2.7245e+02 
1.6577e-02 2.6692e+02 
1.6581e-02 2.6148e+02 
1.6586e-02 2.5614e+02 
1.6591e-02 2.5091e+02 
1.6596e-02 2.4580e+02 
1.6601e-02 2.4079e+02 
1.6606e-02 2.3591e+02 
1.6611e-02 2.3114e+02 
1.6617e-02 2.2648e+02 
1.6622e-02 2.2195e+02 
1.6627e-02 2.1754e+02 
1.6633e-02 2.1324e+02 
1.6639e-02 2.0907e+02 
1.6644e-02 2.0501e+02 
1.6650e-02 2.0106e+02 
1.6656e-02 1.9722e+02 
1.6662e-02 1.9350e+02 
1.6668e-02 1.8988e+02 
1.6674e-02 1.8636e+02 
1.6680e-02 1.8295e+02 
1.6686e-02 1.7963e+02 
1.6693e-02 1.7641e+02 
1.6699e-02 1.7328e+02 
1.6706e-02 1.7023e+02 
1.6713e-02 1.6728e+02 
1.6719e-02 1.6441e+02 
1.6726e-02 1.6162e+02 
1.6733e-02 1.5891e+02 
1.6740e-02 1.5628e+02 
1.6748e-02 1.5372e+02 
1.6755e-02 1.5123e+02 
1.6762e-02 1.4881e+02 
1.6770e-02 1.4646e+02 
1.6778e-02 1.4418e+02 
1.6785e-02 1.4196e+02 
1.6793e-02 1.3980e+02 
1.6801e-02 1.3770e+02 
1.6809e-02 1.3566e+02 
1.6817e-02 1.3368e+02 
1.6826e-02 1.3176e+02 
1.6834e-02 1.2988e+02 
1.6843e-02 1.2806e+02 
1.6852e-02 1.2629e+02 
1.6860e-02 1.2457e+02 
1.6869e-02 1.2290e+02 
1.6879e-02 1.2127e+02 
1.6888e-02 1.1969e+02 
1.6897e-02 1.1815e+02 
1.6907e-02 1.1666e+02 
1.6917e-02 1.1521e+02 
1.6926e-02 1.1380e+02 
1.6936e-02 1.1243e+02 
1.6946e-02 1.1110e+02 
1.6957e-02 1.0980e+02 
1.6967e-02 1.0855e+02 
1.6978e-02 1.0733e+02 
1.6989e-02 1.0615e+02 
1.6999e-02 1.0500e+02 
1.7010e-02 1.0389e+02 
1.7022e-02 1.0281e+02 
1.7033e-02 1.0176e+02 
1.7045e-02 1.0075e+02 
1.7056e-02 9.9763e+01 
1.7068e-02 9.8810e+01 
1.7080e-02 9.7885e+01 
1.7092e-02 9.6990e+01 
1.7105e-02 9.6122e+01 
1.7117e-02 9.5281e+01 
1.7130e-02 9.4468e+01 
1.7143e-02 9.3680e+01 
1.7156e-02 9.2918e+01 
1.7169e-02 9.2181e+01 
1.7182e-02 9.1468e+01 
1.7196e-02 9.0778e+01 
1.7209e-02 9.0112e+01 
1.7223e-02 8.9468e+01 
1.7237e-02 8.8847e+01 
1.7251e-02 8.8247e+01 
1.7266e-02 8.7668e+01 
1.7280e-02 8.7110e+01 
1.7295e-02 8.6571e+01 
1.7309e-02 8.6051e+01 
1.7324e-02 8.5551e+01 
1.7340e-02 8.5068e+01 
1.7355e-02 8.4604e+01 
1.7370e-02 8.4157e+01 
1.7386e-02 8.3727e+01 
1.7402e-02 8.3314e+01 
1.7417e-02 8.2917e+01 
1.7433e-02 8.2537e+01 
1.7450e-02 8.2172e+01 
1.7466e-02 8.1823e+01 
1.7482e-02 8.1489e+01 
1.7499e-02 8.1170e+01 
1.7515e-02 8.0866e+01 
1.7532e-02 8.0577e+01 
1.7549e-02 8.0301e+01 
1.7566e-02 8.0039e+01 
1.7583e-02 7.9791e+01 
1.7600e-02 7.9557e+01 
1.7617e-02 7.9337e+01 
1.7634e-02 7.9131e+01 
1.7651e-02 7.8938e+01 
1.7668e-02 7.8758e+01 
1.7685e-02 7.8591e+01 
1.7702e-02 7.8435e+01 
1.7719e-02 7.8292e+01 
1.7735e-02 7.8160e+01 
1.7752e-02 7.8039e+01 
1.7769e-02 7.7929e+01 
1.7786e-02 7.7828e+01 
1.7802e-02 7.7738e+01 
1.7819e-02 7.7657e+01 
1.7836e-02 7.7585e+01 
1.7853e-02 7.7521e+01 
1.7869e-02 7.7467e+01 
1.7886e-02 7.7420e+01 
1.7903e-02 7.7381e+01 
1.7919e-02 7.7350e+01 
1.7936e-02 7.7326e+01 
1.7952e-02 7.7309e+01 
1.7969e-02 7.7299e+01 
1.7985e-02 7.7295e+01 
1.8002e-02 7.7297e+01 
1.8018e-02 7.7306e+01 
1.8034e-02 7.7320e+01 
1.8051e-02 7.7339e+01 
1.8067e-02 7.7364e+01 
1.8083e-02 7.7394e+01 
1.8100e-02 7.7428e+01 
1.8116e-02 7.7468e+01 
1.8132e-02 7.7511e+01 
1.8148e-02 7.7559e+01 
1.8164e-02 7.7611e+01 
1.8180e-02 7.7666e+01 
1.8197e-02 7.7725e+01 
1.8213e-02 7.7788e+01 
1.8229e-02 7.7862e+01 
1.8245e-02 7.7926e+01 
1.8261e-02 7.7995e+01 
1.8277e-02 7.8069e+01 
1.8293e-02 7.8145e+01 
1.8309e-02 7.8224e+01 
1.8324e-02 7.8305e+01 
1.8340e-02 7.8388e+01 
1.8356e-02 7.8473e+01 
1.8372e-02 7.8561e+01 
1.8387e-02 7.8649e+01 
1.8403e-02 7.8740e+01 
1.8419e-02 7.8832e+01 
1.8435e-02 7.8925e+01 
1.8450e-02 7.9020e+01 
1.8466e-02 7.9115e+01 
1.8481e-02 7.9212e+01 
1.8497e-02 7.9310e+01 
1.8512e-02 7.9409e+01 
1.8528e-02 7.9509e+01 
1.8543e-02 7.9610e+01 
1.8558e-02 7.9711e+01 
1.8574e-02 7.9814e+01 
1.8589e-02 7.9917e+01 
1.8604e-02 8.0021e+01 
1.8620e-02 8.0126e+01 
1.8635e-02 8.0231e+01 
1.8650e-02 8.0337e+01 
1.8665e-02 8.0445e+01 
1.8680e-02 8.0553e+01 
1.8695e-02 8.0662e+01 
1.8710e-02 8.0772e+01 
1.8725e-02 8.0883e+01 
1.8740e-02 8.0994e+01 
1.8755e-02 8.1108e+01 
1.8770e-02 8.1222e+01 
1.8785e-02 8.1337e+01 
1.8800e-02 8.1454e+01 
1.8815e-02 8.1573e+01 
1.8829e-02 8.1693e+01 
1.8844e-02 8.1814e+01 
1.8859e-02 8.1938e+01 
1.8873e-02 8.2063e+01 
1.8888e-02 8.2190e+01 
1.8903e-02 8.2320e+01 
1.8917e-02 8.2451e+01 
1.8932e-02 8.2586e+01 
1.8946e-02 8.2722e+01 
1.8960e-02 8.2862e+01 
1.8975e-02 8.3005e+01 
1.8989e-02 8.3151e+01 
1.9004e-02 8.3300e+01 
1.9018e-02 8.3452e+01 
1.9032e-02 8.3608e+01 
1.9046e-02 8.3769e+01 
1.9060e-02 8.3933e+01 
1.9075e-02 8.4101e+01 
1.9089e-02 8.4274e+01 
1.9103e-02 8.4451e+01 
1.9117e-02 8.4632e+01 
1.9131e-02 8.4820e+01 
1.9144e-02 8.5013e+01 
1.9158e-02 8.5211e+01 
1.9172e-02 8.5414e+01 
1.9186e-02 8.5624e+01 
1.9200e-02 8.5840e+01 
1.9213e-02 8.6062e+01 
1.9227e-02 8.6290e+01 
1.9241e-02 8.6525e+01 
1.9254e-02 8.6767e+01 
1.9268e-02 8.7016e+01 
1.9281e-02 8.7273e+01 
1.9294e-02 8.7536e+01 
1.9308e-02 8.7807e+01 
1.9321e-02 8.8086e+01 
1.9334e-02 8.8372e+01 
1.9347e-02 8.8667e+01 
1.9360e-02 8.8969e+01 
1.9374e-02 8.9280e+01 
1.9386e-02 8.9598e+01 
1.9399e-02 8.9926e+01 
1.9412e-02 9.0261e+01 
1.9425e-02 9.0605e+01 
1.9438e-02 9.0958e+01 
1.9451e-02 9.1319e+01 
1.9463e-02 9.1688e+01 
1.9476e-02 9.2067e+01 
1.9488e-02 9.2454e+01 
1.9501e-02 9.2850e+01 
1.9513e-02 9.3256e+01 
1.9525e-02 9.3671e+01 
1.9538e-02 9.4096e+01 
1.9550e-02 9.4531e+01 
1.9562e-02 9.4976e+01 
1.9574e-02 9.5433e+01 
1.9586e-02 9.5900e+01 
1.9598e-02 9.6379e+01 
1.9610e-02 9.6870e+01 
1.9621e-02 9.7374e+01 
1.9633e-02 9.7891e+01 
1.9645e-02 9.8423e+01 
1.9656e-02 9.8971e+01 
1.9668e-02 9.9534e+01 
1.9679e-02 1.0011e+02 
1.9690e-02 1.0071e+02 
1.9701e-02 1.0132e+02 
1.9713e-02 1.0195e+02 
1.9723e-02 1.0259e+02 
1.9733e-02 1.0324e+02 
1.9743e-02 1.0388e+02 
1.9753e-02 1.0451e+02 
1.9762e-02 1.0514e+02 
1.9771e-02 1.0576e+02 
1.9780e-02 1.0637e+02 
1.9788e-02 1.0696e+02 
1.9796e-02 1.0755e+02 
1.9805e-02 1.0813e+02 
1.9812e-02 1.0869e+02 
1.9820e-02 1.0925e+02 
1.9828e-02 1.0978e+02 
1.9835e-02 1.1031e+02 
1.9843e-02 1.1081e+02 
1.9850e-02 1.1130e+02 
1.9857e-02 1.1177e+02 
1.9865e-02 1.1222e+02 
1.9872e-02 1.1265e+02 
1.9879e-02 1.1306e+02 
1.9885e-02 1.1345e+02 
1.9892e-02 1.1382e+02 
1.9899e-02 1.1417e+02 
1.9906e-02 1.1450e+02 
1.9913e-02 1.1481e+02 
1.9919e-02 1.1509e+02 
1.9926e-02 1.1536e+02 
1.9933e-02 1.1561e+02 
1.9940e-02 1.1584e+02 
1.9946e-02 1.1605e+02 
1.9953e-02 1.1624e+02 
1.9960e-02 1.1641e+02 
1.9967e-02 1.1656e+02 
1.9974e-02 1.1670e+02 
1.9980e-02 1.1682e+02 
1.9987e-02 1.1692e+02 
1.9994e-02 1.1700e+02 
2.0001e-02 1.1708e+02 
2.0008e-02 1.1713e+02 
2.0016e-02 1.1718e+02 
2.0023e-02 1.1721e+02 
2.0030e-02 1.1723e+02 
2.0037e-02 1.1724e+02 
2.0045e-02 1.1724e+02 
2.0052e-02 1.1722e+02 
2.0060e-02 1.1720e+02 
2.0068e-02 1.1717e+02 
2.0075e-02 1.1714e+02 
2.0083e-02 1.1709e+02 
2.0091e-02 1.1704e+02 
2.0099e-02 1.1699e+02 
2.0108e-02 1.1693e+02 
2.0116e-02 1.1687e+02 
2.0124e-02 1.1681e+02 
2.0133e-02 1.1674e+02 
2.0142e-02 1.1667e+02 
2.0150e-02 1.1660e+02 
2.0159e-02 1.1653e+02 
2.0169e-02 1.1647e+02 
2.0178e-02 1.1640e+02 
2.0187e-02 1.1634e+02 
2.0197e-02 1.1628e+02 
2.0206e-02 1.1622e+02 
2.0216e-02 1.1617e+02 
2.0226e-02 1.1612e+02 
2.0236e-02 1.1608e+02 
2.0247e-02 1.1604e+02 
2.0257e-02 1.1601e+02 
2.0268e-02 1.1599e+02 
2.0279e-02 1.1597e+02 
2.0290e-02 1.1597e+02 
2.0301e-02 1.1597e+02 
2.0313e-02 1.1599e+02 
2.0324e-02 1.1601e+02 
2.0336e-02 1.1605e+02 
2.0348e-02 1.1609e+02 
2.0360e-02 1.1615e+02 
2.0372e-02 1.1622e+02 
2.0384e-02 1.1630e+02 
2.0397e-02 1.1639e+02 
2.0410e-02 1.1650e+02 
2.0423e-02 1.1662e+02 
2.0436e-02 1.1676e+02 
2.0449e-02 1.1690e+02 
2.0462e-02 1.1707e+02 
2.0476e-02 1.1725e+02 
2.0489e-02 1.1744e+02 
2.0503e-02 1.1764e+02 
2.0516e-02 1.1786e+02 
2.0530e-02 1.1810e+02 
2.0544e-02 1.1834e+02 
2.0557e-02 1.1860e+02 
2.0571e-02 1.1888e+02 
2.0584e-02 1.1916e+02 
2.0598e-02 1.1945e+02 
2.0612e-02 1.1976e+02 
2.0625e-02 1.2008e+02 
2.0639e-02 1.2041e+02 
2.0653e-02 1.2075e+02 
2.0666e-02 1.2110e+02 
2.0680e-02 1.2147e+02 
2.0694e-02 1.2184e+02 
2.0707e-02 1.2223e+02 
2.0721e-02 1.2262e+02 
2.0734e-02 1.2303e+02 
2.0748e-02 1.2345e+02 
2.0761e-02 1.2387e+02 
2.0775e-02 1.2431e+02 
2.0789e-02 1.2476e+02 
2.0802e-02 1.2521e+02 
2.0816e-02 1.2568e+02 
2.0829e-02 1.2616e+02 
2.0843e-02 1.2664e+02 
2.0856e-02 1.2714e+02 
2.0869e-02 1.2765e+02 
2.0883e-02 1.2817e+02 
2.0896e-02 1.2869e+02 
2.0910e-02 1.2923e+02 
2.0923e-02 1.2978e+02 
2.0936e-02 1.3034e+02 
2.0950e-02 1.3090e+02 
2.0963e-02 1.3148e+02 
2.0976e-02 1.3207e+02 
2.0989e-02 1.3267e+02 
2.1002e-02 1.3328e+02 
2.1016e-02 1.3390e+02 
2.1029e-02 1.3453e+02 
2.1042e-02 1.3518e+02 
2.1055e-02 1.3583e+02 
2.1068e-02 1.3650e+02 
2.1081e-02 1.3717e+02 
2.1094e-02 1.3786e+02 
2.1107e-02 1.3856e+02 
2.1120e-02 1.3928e+02 
2.1133e-02 1.4000e+02 
2.1146e-02 1.4074e+02 
2.1158e-02 1.4150e+02 
2.1171e-02 1.4226e+02 
2.1184e-02 1.4304e+02 
2.1196e-02 1.4383e+02 
2.1209e-02 1.4464e+02 
2.1222e-02 1.4546e+02 
2.1234e-02 1.4630e+02 
2.1247e-02 1.4715e+02 
2.1259e-02 1.4802e+02 
2.1272e-02 1.4891e+02 
2.1284e-02 1.4981e+02 
2.1296e-02 1.5073e+02 
2.1309e-02 1.5166e+02 
2.1321e-02 1.5261e+02 
2.1333e-02 1.5359e+02 
2.1345e-02 1.5457e+02 
2.1357e-02 1.5558e+02 
2.1369e-02 1.5661e+02 
2.1381e-02 1.5766e+02 
2.1393e-02 1.5872e+02 
2.1405e-02 1.5981e+02 
2.1417e-02 1.6092e+02 
2.1429e-02 1.6205e+02 
2.1440e-02 1.6320e+02 
2.1452e-02 1.6437e+02 
2.1463e-02 1.6556e+02 
2.1474e-02 1.6676e+02 
2.1485e-02 1.6797e+02 
2.1496e-02 1.6920e+02 
2.1507e-02 1.7044e+02 
2.1517e-02 1.7169e+02 
2.1527e-02 1.7294e+02 
2.1537e-02 1.7421e+02 
2.1547e-02 1.7548e+02 
2.1557e-02 1.7676e+02 
2.1567e-02 1.7805e+02 
2.1577e-02 1.7934e+02 
2.1586e-02 1.8064e+02 
2.1595e-02 1.8195e+02 
2.1604e-02 1.8326e+02 
2.1613e-02 1.8457e+02 
2.1622e-02 1.8590e+02 
2.1631e-02 1.8722e+02 
2.1640e-02 1.8855e+02 
2.1648e-02 1.8988e+02 
2.1657e-02 1.9122e+02 
2.1665e-02 1.9255e+02 
2.1673e-02 1.9389e+02 
2.1682e-02 1.9524e+02 
2.1690e-02 1.9658e+02 
2.1698e-02 1.9793e+02 
2.1706e-02 1.9927e+02 
2.1713e-02 2.0062e+02 
2.1721e-02 2.0196e+02 
2.1729e-02 2.0331e+02 
2.1737e-02 2.0465e+02 
2.1744e-02 2.0600e+02 
2.1752e-02 2.0734e+02 
2.1759e-02 2.0868e+02 
2.1767e-02 2.1002e+02 
2.1774e-02 2.1136e+02 
2.1781e-02 2.1269e+02 
2.1788e-02 2.1403e+02 
2.1796e-02 2.1535e+02 
2.1803e-02 2.1668e+02 
2.1810e-02 2.1800e+02 
2.1817e-02 2.1931e+02 
2.1824e-02 2.2063e+02 
2.1831e-02 2.2193e+02 
2.1839e-02 2.2323e+02 
2.1846e-02 2.2453e+02 
2.1853e-02 2.2582e+02 
2.1860e-02 2.2710e+02 
2.1867e-02 2.2837e+02 
2.1874e-02 2.2963e+02 
2.1880e-02 2.3089e+02 
2.1887e-02 2.3213e+02 
2.1894e-02 2.3337e+02 
2.1901e-02 2.3459e+02 
2.1908e-02 2.3580e+02 
2.1915e-02 2.3701e+02 
2.1922e-02 2.3819e+02 
2.1929e-02 2.3937e+02 
2.1936e-02 2.4053e+02 
2.1942e-02 2.4168e+02 
2.1949e-02 2.4281e+02 
2.1956e-02 2.4393e+02 
2.1963e-02 2.4504e+02 
2.1970e-02 2.4612e+02 
2.1977e-02 2.4719e+02 
2.1984e-02 2.4825e+02 
2.1991e-02 2.4928e+02 
2.1998e-02 2.5030e+02 
2.2005e-02 2.5130e+02 
2.2012e-02 2.5228e+02 
2.2019e-02 2.5324e+02 
2.2026e-02 2.5418e+02 
2.2033e-02 2.5509e+02 
2.2040e-02 2.5598e+02 
2.2047e-02 2.5685e+02 
2.2054e-02 2.5769e+02 
2.2062e-02 2.5851e+02 
2.2069e-02 2.5930e+02 
2.2076e-02 2.6005e+02 
2.2082e-02 2.6079e+02 
2.2089e-02 2.6148e+02 
2.2096e-02 2.6214e+02 
2.2103e-02 2.6276e+02 
2.2110e-02 2.6335e+02 
2.2117e-02 2.6391e+02 
2.2123e-02 2.6443e+02 
2.2130e-02 2.6492e+02 
2.2137e-02 2.6537e+02 
2.2143e-02 2.6580e+02 
2.2150e-02 2.6618e+02 
2.2156e-02 2.6654e+02 
2.2163e-02 2.6686e+02 
2.2169e-02 2.6715e+02 
2.2176e-02 2.6741e+02 
2.2182e-02 2.6763e+02 
2.2189e-02 2.6783e+02 
2.2195e-02 2.6799e+02 
2.2201e-02 2.6813e+02 
2.2208e-02 2.6823e+02 
2.2214e-02 2.6831e+02 
2.2220e-02 2.6836e+02 
2.2226e-02 2.6838e+02 
2.2232e-02 2.6837e+02 
2.2239e-02 2.6834e+02 
2.2245e-02 2.6828e+02 
2.2251e-02 2.6820e+02 
2.2257e-02 2.6809e+02 
2.2263e-02 2.6796e+02 
2.2269e-02 2.6781e+02 
2.2275e-02 2.6764e+02 
2.2281e-02 2.6745e+02 
2.2287e-02 2.6724e+02 
2.2293e-02 2.6700e+02 
2.2299e-02 2.6676e+02 
2.2305e-02 2.6649e+02 
2.2311e-02 2.6621e+02 
2.2316e-02 2.6591e+02 
2.2322e-02 2.6559e+02 
2.2328e-02 2.6527e+02 
2.2334e-02 2.6493e+02 
2.2340e-02 2.6457e+02 
2.2345e-02 2.6421e+02 
2.2351e-02 2.6383e+02 
2.2357e-02 2.6344e+02 
2.2362e-02 2.6304e+02 
2.2368e-02 2.6263e+02 
2.2374e-02 2.6222e+02 
2.2379e-02 2.6179e+02 
2.2385e-02 2.6136e+02 
2.2391e-02 2.6092e+02 
2.2396e-02 2.6047e+02 
2.2402e-02 2.6001e+02 
2.2407e-02 2.5955e+02 
2.2413e-02 2.5909e+02 
2.2418e-02 2.5862e+02 
2.2424e-02 2.5814e+02 
2.2429e-02 2.5766e+02 
2.2435e-02 2.5717e+02 
2.2440e-02 2.5668e+02 
2.2446e-02 2.5619e+02 
2.2451e-02 2.5569e+02 
2.2456e-02 2.5519e+02 
2.2462e-02 2.5468e+02 
2.2467e-02 2.5417e+02 
2.2472e-02 2.5366e+02 
2.2478e-02 2.5315e+02 
2.2483e-02 2.5263e+02 
2.2488e-02 2.5211e+02 
2.2494e-02 2.5159e+02 
2.2499e-02 2.5106e+02 
2.2504e-02 2.5054e+02 
2.2510e-02 2.5001e+02 
2.2515e-02 2.4948e+02 
2.2520e-02 2.4894e+02 
2.2525e-02 2.4840e+02 
2.2531e-02 2.4786e+02 
2.2536e-02 2.4732e+02 
2.2541e-02 2.4678e+02 
2.2546e-02 2.4623e+02 
2.2552e-02 2.4568e+02 
2.2557e-02 2.4513e+02 
2.2562e-02 2.4457e+02 
2.2567e-02 2.4401e+02 
2.2572e-02 2.4345e+02 
2.2578e-02 2.4289e+02 
2.2583e-02 2.4232e+02 
2.2588e-02 2.4175e+02 
2.2593e-02 2.4117e+02 
2.2598e-02 2.4059e+02 
2.2603e-02 2.4001e+02 
2.2609e-02 2.3943e+02 
2.2614e-02 2.3884e+02 
2.2619e-02 2.3825e+02 
2.2624e-02 2.3765e+02 
2.2629e-02 2.3705e+02 
2.2634e-02 2.3644e+02 
2.2640e-02 2.3583e+02 
2.2645e-02 2.3522e+02 
2.2650e-02 2.3460e+02 
2.2655e-02 2.3398e+02 
2.2660e-02 2.3335e+02 
2.2665e-02 2.3272e+02 
2.2670e-02 2.3208e+02 
2.2676e-02 2.3144e+02 
2.2681e-02 2.3080e+02 
2.2686e-02 2.3014e+02 
2.2691e-02 2.2949e+02 
2.2696e-02 2.2882e+02 
2.2701e-02 2.2816e+02 
2.2707e-02 2.2748e+02 
2.2712e-02 2.2681e+02 
2.2717e-02 2.2612e+02 
2.2722e-02 2.2543e+02 
2.2727e-02 2.2474e+02 
2.2733e-02 2.2404e+02 
2.2738e-02 2.2333e+02 
2.2743e-02 2.2262e+02 
2.2748e-02 2.2190e+02 
2.2754e-02 2.2118e+02 
2.2759e-02 2.2045e+02 
2.2764e-02 2.1971e+02 
2.2769e-02 2.1897e+02 
2.2775e-02 2.1823e+02 
2.2780e-02 2.1748e+02 
2.2785e-02 2.1672e+02 
2.2791e-02 2.1595e+02 
2.2796e-02 2.1518e+02 
2.2801e-02 2.1441e+02 
2.2807e-02 2.1363e+02 
2.2812e-02 2.1284e+02 
2.2817e-02 2.1205e+02 
2.2823e-02 2.1125e+02 
2.2828e-02 2.1045e+02 
2.2834e-02 2.0964e+02 
2.2839e-02 2.0883e+02 
2.2844e-02 2.0801e+02 
2.2850e-02 2.0718e+02 
2.2855e-02 2.0635e+02 
2.2861e-02 2.0552e+02 
2.2867e-02 2.0468e+02 
2.2872e-02 2.0383e+02 
2.2878e-02 2.0298e+02 
2.2883e-02 2.0213e+02 
2.2889e-02 2.0127e+02 
2.2895e-02 2.0040e+02 
2.2900e-02 1.9953e+02 
2.2906e-02 1.9866e+02 
2.2912e-02 1.9778e+02 
2.2917e-02 1.9690e+02 
2.2923e-02 1.9601e+02 
2.2929e-02 1.9512e+02 
2.2935e-02 1.9422e+02 
2.2941e-02 1.9333e+02 
2.2946e-02 1.9242e+02 
2.2952e-02 1.9152e+02 
2.2958e-02 1.9061e+02 
2.2964e-02 1.8969e+02 
2.2970e-02 1.8878e+02 
2.2976e-02 1.8786e+02 
2.2982e-02 1.8693e+02 
2.2988e-02 1.8601e+02 
2.2994e-02 1.8508e+02 
2.3001e-02 1.8415e+02 
2.3007e-02 1.8321e+02 
2.3013e-02 1.8228e+02 
2.3019e-02 1.8134e+02 
2.3025e-02 1.8040e+02 
2.3032e-02 1.7946e+02 
2.3038e-02 1.7851e+02 
2.3044e-02 1.7757e+02 
2.3051e-02 1.7662e+02 
2.3057e-02 1.7567e+02 
2.3064e-02 1.7472e+02 
2.3070e-02 1.7377e+02 
2.3077e-02 1.7282e+02 
2.3084e-02 1.7186e+02 
2.3090e-02 1.7091e+02 
2.3097e-02 1.6995e+02 
2.3104e-02 1.6900e+02 
2.3111e-02 1.6804e+02 
2.3117e-02 1.6709e+02 
2.3124e-02 1.6613e+02 
2.3131e-02 1.6518e+02 
2.3138e-02 1.6423e+02 
2.3145e-02 1.6327e+02 
2.3152e-02 1.6232e+02 
2.3160e-02 1.6137e+02 
2.3167e-02 1.6042e+02 
2.3174e-02 1.5947e+02 
2.3181e-02 1.5852e+02 
2.3189e-02 1.5757e+02 
2.3196e-02 1.5663e+02 
2.3204e-02 1.5568e+02 
2.3211e-02 1.5474e+02 
2.3219e-02 1.5381e+02 
2.3227e-02 1.5287e+02 
2.3235e-02 1.5194e+02 
2.3242e-02 1.5101e+02 
2.3250e-02 1.5008e+02 
2.3258e-02 1.4916e+02 
2.3266e-02 1.4824e+02 
2.3274e-02 1.4733e+02 
2.3283e-02 1.4642e+02 
2.3291e-02 1.4551e+02 
2.3299e-02 1.4461e+02 
2.3308e-02 1.4371e+02 
2.3316e-02 1.4282e+02 
2.3325e-02 1.4194e+02 
2.3334e-02 1.4106e+02 
2.3342e-02 1.4018e+02 
2.3351e-02 1.3932e+02 
2.3360e-02 1.3846e+02 
2.3369e-02 1.3760e+02 
2.3378e-02 1.3676e+02 
2.3388e-02 1.3592e+02 
2.3397e-02 1.3509e+02 
2.3407e-02 1.3427e+02 
2.3416e-02 1.3346e+02 
2.3426e-02 1.3265e+02 
2.3436e-02 1.3186e+02 
2.3445e-02 1.3107e+02 
2.3455e-02 1.3030e+02 
2.3466e-02 1.2953e+02 
2.3476e-02 1.2878e+02 
2.3486e-02 1.2804e+02 
2.3497e-02 1.2731e+02 
2.3507e-02 1.2659e+02 
2.3518e-02 1.2589e+02 
2.3529e-02 1.2519e+02 
2.3540e-02 1.2452e+02 
2.3550e-02 1.2386e+02 
2.3561e-02 1.2322e+02 
2.3571e-02 1.2261e+02 
2.3582e-02 1.2202e+02 
2.3592e-02 1.2145e+02 
2.3602e-02 1.2090e+02 
2.3612e-02 1.2037e+02 
2.3623e-02 1.1987e+02 
2.3633e-02 1.1938e+02 
2.3643e-02 1.1892e+02 
2.3653e-02 1.1847e+02 
2.3662e-02 1.1805e+02 
2.3672e-02 1.1764e+02 
2.3682e-02 1.1726e+02 
2.3691e-02 1.1689e+02 
2.3701e-02 1.1653e+02 
2.3710e-02 1.1619e+02 
2.3720e-02 1.1587e+02 
2.3729e-02 1.1556e+02 
2.3739e-02 1.1527e+02 
2.3748e-02 1.1498e+02 
2.3757e-02 1.1471e+02 
2.3766e-02 1.1446e+02 
2.3775e-02 1.1421e+02 
2.3785e-02 1.1397e+02 
2.3794e-02 1.1374e+02 
2.3803e-02 1.1353e+02 
2.3812e-02 1.1332e+02 
2.3821e-02 1.1312e+02 
2.3830e-02 1.1292e+02 
2.3839e-02 1.1274e+02 
2.3848e-02 1.1256e+02 
2.3857e-02 1.1239e+02 
2.3866e-02 1.1222e+02 
2.3874e-02 1.1206e+02 
2.3883e-02 1.1191e+02 
2.3892e-02 1.1176e+02 
2.3901e-02 1.1161e+02 
2.3910e-02 1.1147e+02 
2.3919e-02 1.1133e+02 
2.3927e-02 1.1120e+02 
2.3936e-02 1.1107e+02 
2.3945e-02 1.1094e+02 
2.3954e-02 1.1082e+02 
2.3962e-02 1.1070e+02 
2.3971e-02 1.1058e+02 
2.3980e-02 1.1047e+02 
2.3988e-02 1.1035e+02 
2.3997e-02 1.1024e+02 
2.4005e-02 1.1013e+02 
2.4014e-02 1.1003e+02 
2.4023e-02 1.0992e+02 
2.4031e-02 1.0981e+02 
2.4040e-02 1.0971e+02 
2.4049e-02 1.0960e+02 
2.4057e-02 1.0950e+02 
2.4066e-02 1.0940e+02 
2.4075e-02 1.0929e+02 
2.4083e-02 1.0919e+02 
2.4092e-02 1.0909e+02 
2.4101e-02 1.0898e+02 
2.4109e-02 1.0888e+02 
2.4118e-02 1.0878e+02 
2.4127e-02 1.0867e+02 
2.4135e-02 1.0857e+02 
2.4144e-02 1.0847e+02 
2.4153e-02 1.0836e+02 
2.4162e-02 1.0826e+02 
2.4171e-02 1.0815e+02 
2.4180e-02 1.0804e+02 
2.4188e-02 1.0794e+02 
2.4197e-02 1.0783e+02 
2.4206e-02 1.0772e+02 
2.4215e-02 1.0761e+02 
2.4224e-02 1.0750e+02 
2.4233e-02 1.0740e+02 
2.4242e-02 1.0729e+02 
2.4251e-02 1.0718e+02 
2.4260e-02 1.0707e+02 
2.4269e-02 1.0696e+02 
2.4278e-02 1.0684e+02 
2.4287e-02 1.0673e+02 
2.4296e-02 1.0662e+02 
2.4305e-02 1.0651e+02 
2.4314e-02 1.0640e+02 
2.4324e-02 1.0629e+02 
2.4333e-02 1.0618e+02 
2.4342e-02 1.0607e+02 
2.4351e-02 1.0596e+02 
2.4360e-02 1.0585e+02 
2.4370e-02 1.0574e+02 
2.4379e-02 1.0563e+02 
2.4388e-02 1.0553e+02 
2.4398e-02 1.0542e+02 
2.4407e-02 1.0531e+02 
2.4417e-02 1.0521e+02 
2.4426e-02 1.0510e+02 
2.4436e-02 1.0500e+02 
2.4445e-02 1.0490e+02 
2.4455e-02 1.0480e+02 
2.4464e-02 1.0470e+02 
2.4474e-02 1.0460e+02 
2.4484e-02 1.0450e+02 
2.4493e-02 1.0441e+02 
2.4503e-02 1.0431e+02 
2.4513e-02 1.0422e+02 
2.4523e-02 1.0413e+02 
2.4532e-02 1.0404e+02 
2.4542e-02 1.0396e+02 
2.4552e-02 1.0387e+02 
2.4562e-02 1.0379e+02 
2.4572e-02 1.0371e+02 
2.4582e-02 1.0364e+02 
2.4591e-02 1.0357e+02 
2.4601e-02 1.0350e+02 
2.4611e-02 1.0343e+02 
2.4621e-02 1.0336e+02 
2.4631e-02 1.0330e+02 
2.4641e-02 1.0324e+02 
2.4651e-02 1.0319e+02 
2.4661e-02 1.0313e+02 
2.4670e-02 1.0308e+02 
2.4680e-02 1.0304e+02 
2.4690e-02 1.0299e+02 
2.4700e-02 1.0295e+02 
2.4710e-02 1.0292e+02 
2.4720e-02 1.0288e+02 
2.4730e-02 1.0285e+02 
2.4740e-02 1.0282e+02 
2.4750e-02 1.0280e+02 
2.4760e-02 1.0278e+02 
2.4770e-02 1.0276e+02 
2.4780e-02 1.0275e+02 
2.4790e-02 1.0273e+02 
2.4800e-02 1.0273e+02 
2.4810e-02 1.0272e+02 
2.4820e-02 1.0272e+02 
2.4830e-02 1.0272e+02 
2.4840e-02 1.0273e+02 
2.4850e-02 1.0274e+02 
2.4860e-02 1.0275e+02 
2.4870e-02 1.0276e+02 
2.4880e-02 1.0278e+02 
2.4890e-02 1.0280e+02 
2.4900e-02 1.0283e+02 
2.4910e-02 1.0285e+02 
2.4920e-02 1.0288e+02 
2.4930e-02 1.0292e+02 
2.4940e-02 1.0295e+02 
2.4950e-02 1.0299e+02 
2.4960e-02 1.0303e+02 
2.4970e-02 1.0308e+02 
2.4980e-02 1.0312e+02 
2.4990e-02 1.0317e+02 
2.5000e-02 1.0322e+02 
2.5010e-02 1.0327e+02 
2.5020e-02 1.0333e+02 
2.5030e-02 1.0339e+02 
2.5040e-02 1.0345e+02 
2.5049e-02 1.0351e+02 
2.5059e-02 1.0357e+02 
2.5069e-02 1.0363e+02 
2.5079e-02 1.0370e+02 
2.5089e-02 1.0376e+02 
2.5098e-02 1.0383e+02 
2.5108e-02 1.0390e+02 
2.5118e-02 1.0397e+02 
2.5128e-02 1.0404e+02 
2.5137e-02 1.0411e+02 
2.5147e-02 1.0418e+02 
2.5157e-02 1.0426e+02 
2.5167e-02 1.0433e+02 
2.5176e-02 1.0440e+02 
2.5186e-02 1.0448e+02 
2.5196e-02 1.0455e+02 
2.5205e-02 1.0462e+02 
2.5215e-02 1.0469e+02 
2.5225e-02 1.0477e+02 
2.5234e-02 1.0484e+02 
2.5244e-02 1.0491e+02 
2.5253e-02 1.0498e+02 
2.5263e-02 1.0505e+02 
2.5273e-02 1.0512e+02 
2.5282e-02 1.0518e+02 
2.5292e-02 1.0525e+02 
2.5301e-02 1.0531e+02 
2.5311e-02 1.0538e+02 
2.5321e-02 1.0544e+02 
2.5330e-02 1.0550e+02 
2.5340e-02 1.0555e+02 
2.5349e-02 1.0561e+02 
2.5359e-02 1.0566e+02 
2.5368e-02 1.0571e+02 
2.5378e-02 1.0576e+02 
2.5388e-02 1.0581e+02 
2.5397e-02 1.0586e+02 
2.5407e-02 1.0590e+02 
2.5416e-02 1.0594e+02 
2.5426e-02 1.0597e+02 
2.5436e-02 1.0601e+02 
2.5445e-02 1.0604e+02 
2.5455e-02 1.0607e+02 
2.5465e-02 1.0610e+02 
2.5474e-02 1.0612e+02 
2.5484e-02 1.0614e+02 
2.5494e-02 1.0616e+02 
2.5504e-02 1.0617e+02 
2.5513e-02 1.0618e+02 
2.5523e-02 1.0619e+02 
2.5533e-02 1.0620e+02 
2.5543e-02 1.0620e+02 
2.5553e-02 1.0620e+02 
2.5563e-02 1.0619e+02 
2.5573e-02 1.0619e+02 
2.5583e-02 1.0618e+02 
2.5593e-02 1.0616e+02 
2.5603e-02 1.0615e+02 
2.5613e-02 1.0613e+02 
2.5623e-02 1.0610e+02 
2.5633e-02 1.0608e+02 
2.5643e-02 1.0605e+02 
2.5653e-02 1.0601e+02 
2.5663e-02 1.0598e+02 
2.5674e-02 1.0594e+02 
2.5684e-02 1.0590e+02 
2.5694e-02 1.0585e+02 
2.5705e-02 1.0581e+02 
2.5715e-02 1.0575e+02 
2.5726e-02 1.0570e+02 
2.5736e-02 1.0565e+02 
2.5747e-02 1.0559e+02 
2.5757e-02 1.0552e+02 
2.5768e-02 1.0546e+02 
2.5779e-02 1.0539e+02 
2.5790e-02 1.0532e+02 
2.5800e-02 1.0525e+02 
2.5811e-02 1.0518e+02 
2.5822e-02 1.0510e+02 
2.5833e-02 1.0502e+02 
2.5844e-02 1.0494e+02 
2.5855e-02 1.0485e+02 
2.5867e-02 1.0477e+02 
2.5878e-02 1.0468e+02 
2.5889e-02 1.0459e+02 
2.5900e-02 1.0450e+02 
2.5912e-02 1.0440e+02 
2.5923e-02 1.0431e+02 
2.5935e-02 1.0421e+02 
2.5946e-02 1.0411e+02 
2.5958e-02 1.0401e+02 
2.5970e-02 1.0391e+02 
2.5981e-02 1.0381e+02 
2.5993e-02 1.0370e+02 
2.6005e-02 1.0360e+02 
2.6017e-02 1.0349e+02 
2.6029e-02 1.0338e+02 
2.6041e-02 1.0327e+02 
2.6053e-02 1.0316e+02 
2.6066e-02 1.0305e+02 
2.6078e-02 1.0294e+02 
2.6090e-02 1.0283e+02 
2.6103e-02 1.0271e+02 
2.6115e-02 1.0260e+02 
2.6127e-02 1.0249e+02 
2.6140e-02 1.0237e+02 
2.6153e-02 1.0226e+02 
2.6165e-02 1.0214e+02 
2.6178e-02 1.0203e+02 
2.6191e-02 1.0191e+02 
2.6204e-02 1.0180e+02 
2.6217e-02 1.0168e+02 
2.6229e-02 1.0157e+02 
2.6242e-02 1.0145e+02 
2.6255e-02 1.0134e+02 
2.6269e-02 1.0122e+02 
2.6282e-02 1.0111e+02 
2.6295e-02 1.0100e+02 
2.6308e-02 1.0088e+02 
2.6321e-02 1.0077e+02 
2.6335e-02 1.0066e+02 
2.6348e-02 1.0055e+02 
2.6361e-02 1.0044e+02 
2.6375e-02 1.0033e+02 
2.6388e-02 1.0022e+02 
2.6402e-02 1.0011e+02 
2.6415e-02 1.0000e+02 
2.6429e-02 9.9895e+01 
2.6442e-02 9.9789e+01 
2.6456e-02 9.9685e+01 
2.6469e-02 9.9582e+01 
2.6483e-02 9.9480e+01 
2.6497e-02 9.9379e+01 
2.6510e-02 9.9279e+01 
2.6524e-02 9.9181e+01 
2.6538e-02 9.9084e+01 
2.6551e-02 9.8988e+01 
2.6565e-02 9.8894e+01 
2.6579e-02 9.8801e+01 
2.6593e-02 9.8709e+01 
2.6607e-02 9.8619e+01 
2.6620e-02 9.8531e+01 
2.6634e-02 9.8444e+01 
2.6648e-02 9.8358e+01 
2.6662e-02 9.8275e+01 
2.6676e-02 9.8192e+01 
2.6690e-02 9.8112e+01 
2.6704e-02 9.8033e+01 
2.6717e-02 9.7956e+01 
2.6731e-02 9.7881e+01 
2.6745e-02 9.7808e+01 
2.6759e-02 9.7736e+01 
2.6773e-02 9.7666e+01 
2.6787e-02 9.7599e+01 
2.6801e-02 9.7534e+01 
2.6814e-02 9.7470e+01 
2.6828e-02 9.7409e+01 
2.6842e-02 9.7351e+01 
2.6855e-02 9.7294e+01 
2.6869e-02 9.7239e+01 
2.6883e-02 9.7187e+01 
2.6896e-02 9.7137e+01 
2.6910e-02 9.7089e+01 
2.6923e-02 9.7043e+01 
2.6936e-02 9.6999e+01 
2.6950e-02 9.6958e+01 
2.6963e-02 9.6918e+01 
2.6976e-02 9.6881e+01 
2.6990e-02 9.6845e+01 
2.7003e-02 9.6812e+01 
2.7016e-02 9.6781e+01 
2.7029e-02 9.6751e+01 
2.7042e-02 9.6724e+01 
2.7055e-02 9.6698e+01 
2.7069e-02 9.6675e+01 
2.7082e-02 9.6653e+01 
2.7095e-02 9.6634e+01 
2.7108e-02 9.6616e+01 
2.7121e-02 9.6600e+01 
2.7134e-02 9.6585e+01 
2.7147e-02 9.6573e+01 
2.7160e-02 9.6562e+01 
2.7172e-02 9.6552e+01 
2.7185e-02 9.6545e+01 
2.7198e-02 9.6538e+01 
2.7211e-02 9.6534e+01 
2.7224e-02 9.6530e+01 
2.7237e-02 9.6528e+01 
2.7250e-02 9.6528e+01 
2.7263e-02 9.6529e+01 
2.7275e-02 9.6531e+01 
2.7288e-02 9.6534e+01 
2.7301e-02 9.6538e+01 
2.7313e-02 9.6543e+01 
2.7326e-02 9.6550e+01 
2.7338e-02 9.6557e+01 
2.7351e-02 9.6565e+01 
2.7363e-02 9.6574e+01 
2.7375e-02 9.6583e+01 
2.7388e-02 9.6593e+01 
2.7400e-02 9.6604e+01 
2.7412e-02 9.6615e+01 
2.7425e-02 9.6627e+01 
2.7437e-02 9.6640e+01 
2.7449e-02 9.6652e+01 
2.7461e-02 9.6665e+01 
2.7474e-02 9.6678e+01 
2.7486e-02 9.6692e+01 
2.7498e-02 9.6705e+01 
2.7510e-02 9.6719e+01 
2.7522e-02 9.6733e+01 
2.7535e-02 9.6747e+01 
2.7547e-02 9.6760e+01 
2.7559e-02 9.6773e+01 
2.7571e-02 9.6787e+01 
2.7583e-02 9.6801e+01 
2.7595e-02 9.6814e+01 
2.7608e-02 9.6829e+01 
2.7620e-02 9.6841e+01 
2.7632e-02 9.6853e+01 
2.7644e-02 9.6865e+01 
2.7656e-02 9.6876e+01 
2.7669e-02 9.6888e+01 
2.7681e-02 9.6898e+01 
2.7693e-02 9.6909e+01 
2.7705e-02 9.6919e+01 
2.7718e-02 9.6929e+01 
2.7730e-02 9.6938e+01 
2.7742e-02 9.6946e+01 
2.7754e-02 9.6954e+01 
2.7766e-02 9.6961e+01 
2.7778e-02 9.6968e+01 
2.7790e-02 9.6974e+01 
2.7803e-02 9.6980e+01 
2.7815e-02 9.6985e+01 
2.7827e-02 9.6989e+01 
2.7839e-02 9.6993e+01 
2.7851e-02 9.6997e+01 
2.7863e-02 9.6999e+01 
2.7876e-02 9.7002e+01 
2.7888e-02 9.7003e+01 
2.7900e-02 9.7004e+01 
2.7912e-02 9.7005e+01 
2.7924e-02 9.7004e+01 
2.7937e-02 9.7004e+01 
2.7949e-02 9.7003e+01 
2.7961e-02 9.7001e+01 
2.7974e-02 9.6999e+01 
2.7986e-02 9.6996e+01 
2.7998e-02 9.6993e+01 
2.8011e-02 9.6990e+01 
2.8023e-02 9.6986e+01 
2.8036e-02 9.6982e+01 
2.8048e-02 9.6978e+01 
2.8061e-02 9.6973e+01 
2.8074e-02 9.6968e+01 
2.8086e-02 9.6963e+01 
2.8099e-02 9.6958e+01 
2.8111e-02 9.6953e+01 
2.8124e-02 9.6947e+01 
2.8137e-02 9.6942e+01 
2.8149e-02 9.6937e+01 
2.8162e-02 9.6931e+01 
2.8175e-02 9.6926e+01 
2.8187e-02 9.6921e+01 
2.8200e-02 9.6917e+01 
2.8213e-02 9.6912e+01 
2.8225e-02 9.6908e+01 
2.8238e-02 9.6904e+01 
2.8251e-02 9.6901e+01 
2.8264e-02 9.6898e+01 
2.8276e-02 9.6896e+01 
2.8289e-02 9.6895e+01 
2.8302e-02 9.6894e+01 
2.8315e-02 9.6894e+01 
2.8328e-02 9.6894e+01 
2.8341e-02 9.6896e+01 
2.8354e-02 9.6898e+01 
2.8367e-02 9.6902e+01 
2.8380e-02 9.6906e+01 
2.8393e-02 9.6912e+01 
2.8407e-02 9.6919e+01 
2.8420e-02 9.6927e+01 
2.8433e-02 9.6936e+01 
2.8446e-02 9.6947e+01 
2.8459e-02 9.6960e+01 
2.8473e-02 9.6974e+01 
2.8486e-02 9.6989e+01 
2.8499e-02 9.7007e+01 
2.8512e-02 9.7026e+01 
2.8526e-02 9.7047e+01 
2.8539e-02 9.7069e+01 
2.8552e-02 9.7094e+01 
2.8566e-02 9.7120e+01 
2.8579e-02 9.7149e+01 
2.8592e-02 9.7180e+01 
2.8606e-02 9.7212e+01 
2.8619e-02 9.7247e+01 
2.8632e-02 9.7285e+01 
2.8646e-02 9.7324e+01 
2.8659e-02 9.7366e+01 
2.8673e-02 9.7410e+01 
2.8686e-02 9.7457e+01 
2.8699e-02 9.7506e+01 
2.8713e-02 9.7559e+01 
2.8726e-02 9.7614e+01 
2.8740e-02 9.7672e+01 
2.8754e-02 9.7732e+01 
2.8767e-02 9.7795e+01 
2.8781e-02 9.7862e+01 
2.8794e-02 9.7931e+01 
2.8808e-02 9.8004e+01 
2.8822e-02 9.8080e+01 
2.8835e-02 9.8159e+01 
2.8849e-02 9.8241e+01 
2.8863e-02 9.8327e+01 
2.8876e-02 9.8416e+01 
2.8890e-02 9.8508e+01 
2.8904e-02 9.8603e+01 
2.8917e-02 9.8702e+01 
2.8931e-02 9.8804e+01 
2.8944e-02 9.8909e+01 
2.8958e-02 9.9019e+01 
2.8971e-02 9.9134e+01 
2.8985e-02 9.9249e+01 
2.8999e-02 9.9368e+01 
2.9012e-02 9.9491e+01 
2.9026e-02 9.9619e+01 
2.9039e-02 9.9750e+01 
2.9053e-02 9.9885e+01 
2.9066e-02 1.0002e+02 
2.9080e-02 1.0017e+02 
2.9094e-02 1.0031e+02 
2.9107e-02 1.0047e+02 
2.9121e-02 1.0062e+02 
2.9135e-02 1.0078e+02 
2.9148e-02 1.0095e+02 
2.9162e-02 1.0111e+02 
2.9176e-02 1.0129e+02 
2.9189e-02 1.0146e+02 
2.9203e-02 1.0165e+02 
2.9217e-02 1.0183e+02 
2.9230e-02 1.0203e+02 
2.9244e-02 1.0222e+02 
2.9258e-02 1.0242e+02 
2.9272e-02 1.0263e+02 
2.9285e-02 1.0284e+02 
2.9299e-02 1.0306e+02 
2.9313e-02 1.0328e+02 
2.9326e-02 1.0350e+02 
2.9340e-02 1.0373e+02 
2.9353e-02 1.0397e+02 
2.9367e-02 1.0421e+02 
2.9381e-02 1.0445e+02 
2.9394e-02 1.0470e+02 
2.9408e-02 1.0496e+02 
2.9421e-02 1.0522e+02 
2.9434e-02 1.0548e+02 
2.9448e-02 1.0575e+02 
2.9461e-02 1.0602e+02 
2.9474e-02 1.0630e+02 
2.9487e-02 1.0658e+02 
2.9500e-02 1.0687e+02 
2.9513e-02 1.0716e+02 
2.9526e-02 1.0745e+02 
2.9539e-02 1.0775e+02 
2.9552e-02 1.0806e+02 
2.9564e-02 1.0837e+02 
2.9577e-02 1.0868e+02 
2.9590e-02 1.0900e+02 
2.9602e-02 1.0933e+02 
2.9615e-02 1.0966e+02 
2.9627e-02 1.1000e+02 
2.9640e-02 1.1034e+02 
2.9652e-02 1.1069e+02 
2.9665e-02 1.1104e+02 
2.9677e-02 1.1140e+02 
2.9690e-02 1.1177e+02 
2.9702e-02 1.1214e+02 
2.9714e-02 1.1253e+02 
2.9726e-02 1.1291e+02 
2.9739e-02 1.1331e+02 
2.9751e-02 1.1372e+02 
2.9763e-02 1.1413e+02 
2.9775e-02 1.1455e+02 
2.9787e-02 1.1499e+02 
2.9799e-02 1.1543e+02 
2.9812e-02 1.1588e+02 
2.9824e-02 1.1634e+02 
2.9836e-02 1.1681e+02 
2.9848e-02 1.1729e+02 
2.9860e-02 1.1779e+02 
2.9872e-02 1.1830e+02 
2.9884e-02 1.1882e+02 
2.9896e-02 1.1935e+02 
2.9908e-02 1.1990e+02 
2.9920e-02 1.2046e+02 
2.9932e-02 1.2104e+02 
2.9944e-02 1.2163e+02 
2.9956e-02 1.2224e+02 
2.9968e-02 1.2287e+02 
2.9980e-02 1.2351e+02 
2.9992e-02 1.2418e+02 
3.0004e-02 1.2486e+02 
3.0016e-02 1.2557e+02 
3.0027e-02 1.2629e+02 
3.0039e-02 1.2704e+02 
3.0051e-02 1.2782e+02 
3.0063e-02 1.2862e+02 
3.0075e-02 1.2944e+02 
3.0087e-02 1.3030e+02 
3.0099e-02 1.3118e+02 
3.0111e-02 1.3209e+02 
3.0123e-02 1.3303e+02 
3.0134e-02 1.3401e+02 
3.0146e-02 1.3502e+02 
3.0158e-02 1.3607e+02 
3.0170e-02 1.3716e+02 
3.0182e-02 1.3828e+02 
3.0194e-02 1.3945e+02 
3.0206e-02 1.4067e+02 
3.0217e-02 1.4193e+02 
3.0229e-02 1.4324e+02 
3.0241e-02 1.4460e+02 
3.0253e-02 1.4601e+02 
3.0265e-02 1.4749e+02 
3.0276e-02 1.4902e+02 
3.0288e-02 1.5061e+02 
3.0300e-02 1.5227e+02 
3.0312e-02 1.5400e+02 
3.0323e-02 1.5580e+02 
3.0335e-02 1.5767e+02 
3.0347e-02 1.5963e+02 
3.0358e-02 1.6167e+02 
3.0370e-02 1.6380e+02 
3.0382e-02 1.6602e+02 
3.0393e-02 1.6833e+02 
3.0405e-02 1.7075e+02 
3.0417e-02 1.7328e+02 
3.0428e-02 1.7592e+02 
3.0440e-02 1.7868e+02 
3.0451e-02 1.8156e+02 
3.0462e-02 1.8453e+02 
3.0472e-02 1.8761e+02 
3.0483e-02 1.9077e+02 
3.0493e-02 1.9403e+02 
3.0503e-02 1.9737e+02 
3.0513e-02 2.0080e+02 
3.0523e-02 2.0431e+02 
3.0532e-02 2.0790e+02 
3.0541e-02 2.1158e+02 
3.0550e-02 2.1533e+02 
3.0559e-02 2.1916e+02 
3.0568e-02 2.2307e+02 
3.0576e-02 2.2705e+02 
3.0584e-02 2.3111e+02 
3.0592e-02 2.3524e+02 
3.0600e-02 2.3944e+02 
3.0608e-02 2.4371e+02 
3.0615e-02 2.4805e+02 
3.0623e-02 2.5245e+02 
3.0630e-02 2.5692e+02 
3.0637e-02 2.6146e+02 
3.0643e-02 2.6605e+02 
3.0650e-02 2.7071e+02 
3.0656e-02 2.7543e+02 
3.0663e-02 2.8021e+02 
3.0669e-02 2.8504e+02 
3.0675e-02 2.8994e+02 
3.0681e-02 2.9489e+02 
3.0687e-02 2.9990e+02 
3.0692e-02 3.0496e+02 
3.0698e-02 3.1008e+02 
3.0703e-02 3.1526e+02 
3.0708e-02 3.2049e+02 
3.0714e-02 3.2578e+02 
3.0719e-02 3.3112e+02 
3.0724e-02 3.3652e+02 
3.0729e-02 3.4198e+02 
3.0734e-02 3.4750e+02 
3.0738e-02 3.5308e+02 
3.0743e-02 3.5872e+02 
3.0747e-02 3.6442e+02 
3.0752e-02 3.7018e+02 
3.0756e-02 3.7599e+02 
3.0761e-02 3.8188e+02 
3.0765e-02 3.8784e+02 
3.0769e-02 3.9386e+02 
3.0773e-02 3.9995e+02 
3.0777e-02 4.0611e+02 
3.0781e-02 4.1234e+02 
3.0785e-02 4.1863e+02 
3.0789e-02 4.2501e+02 
3.0793e-02 4.3145e+02 
3.0797e-02 4.3797e+02 
3.0801e-02 4.4456e+02 
3.0804e-02 4.5123e+02 
3.0808e-02 4.5798e+02 
3.0812e-02 4.6481e+02 
3.0815e-02 4.7171e+02 
3.0819e-02 4.7869e+02 
3.0822e-02 4.8576e+02 
3.0826e-02 4.9290e+02 
3.0829e-02 5.0012e+02 
3.0832e-02 5.0742e+02 
3.0836e-02 5.1481e+02 
3.0839e-02 5.2227e+02 
3.0842e-02 5.2981e+02 
3.0845e-02 5.3742e+02 
3.0848e-02 5.4512e+02 
3.0851e-02 5.5289e+02 
3.0854e-02 5.6073e+02 
3.0858e-02 5.6864e+02 
3.0861e-02 5.7663e+02 
3.0864e-02 5.8469e+02 
3.0866e-02 5.9281e+02 
3.0869e-02 6.0099e+02 
3.0872e-02 6.0924e+02 
3.0875e-02 6.1754e+02 
3.0878e-02 6.2590e+02 
3.0881e-02 6.3430e+02 
3.0883e-02 6.4276e+02 
3.0886e-02 6.5125e+02 
3.0889e-02 6.5978e+02 
3.0892e-02 6.6835e+02 
3.0894e-02 6.7694e+02 
3.0897e-02 6.8555e+02 
3.0899e-02 6.9418e+02 
3.0902e-02 7.0281e+02 
3.0904e-02 7.1144e+02 
3.0907e-02 7.2007e+02 
3.0909e-02 7.2868e+02 
3.0912e-02 7.3727e+02 
3.0914e-02 7.4583e+02 
3.0917e-02 7.5434e+02 
3.0919e-02 7.6281e+02 
3.0921e-02 7.7122e+02 
3.0924e-02 7.7957e+02 
3.0926e-02 7.8784e+02 
3.0928e-02 7.9602e+02 
3.0931e-02 8.0410e+02 
3.0933e-02 8.1208e+02 
3.0935e-02 8.1995e+02 
3.0937e-02 8.2769e+02 
3.0939e-02 8.3530e+02 
3.0942e-02 8.4276e+02 
3.0944e-02 8.5007e+02 
3.0946e-02 8.5722e+02 
3.0948e-02 8.6419e+02 
3.0950e-02 8.7099e+02 
3.0952e-02 8.7759e+02 
3.0954e-02 8.8400e+02 
3.0956e-02 8.9021e+02 
3.0958e-02 8.9619e+02 
3.0960e-02 9.0196e+02 
3.0962e-02 9.0750e+02 
3.0964e-02 9.1281e+02 
3.0966e-02 9.1787e+02 
3.0968e-02 9.2269e+02 
3.0970e-02 9.2725e+02 
3.0972e-02 9.3156e+02 
3.0974e-02 9.3560e+02 
3.0976e-02 9.3938e+02 
3.0978e-02 9.4288e+02 
3.0979e-02 9.4611e+02 
3.0981e-02 9.4907e+02 
3.0983e-02 9.5174e+02 
3.0985e-02 9.5413e+02 
3.0987e-02 9.5625e+02 
3.0989e-02 9.5807e+02 
3.0991e-02 9.5961e+02 
3.0993e-02 9.6087e+02 
3.0994e-02 9.6184e+02 
3.0996e-02 9.6253e+02 
3.0998e-02 9.6293e+02 
3.1000e-02 9.6305e+02 
3.1002e-02 9.6290e+02 
3.1004e-02 9.6246e+02 
3.1005e-02 9.6175e+02 
3.1007e-02 9.6077e+02 
3.1009e-02 9.5952e+02 
3.1011e-02 9.5801e+02 
3.1013e-02 9.5623e+02 
3.1015e-02 9.5420e+02 
3.1016e-02 9.5192e+02 
3.1018e-02 9.4939e+02 
3.1020e-02 9.4661e+02 
3.1022e-02 9.4361e+02 
3.1024e-02 9.4037e+02 
3.1026e-02 9.3690e+02 
3.1028e-02 9.3321e+02 
3.1030e-02 9.2931e+02 
3.1032e-02 9.2521e+02 
3.1033e-02 9.2090e+02 
3.1035e-02 9.1639e+02 
3.1037e-02 9.1170e+02 
3.1039e-02 9.0682e+02 
3.1041e-02 9.0176e+02 
3.1043e-02 8.9654e+02 
3.1045e-02 8.9115e+02 
3.1047e-02 8.8560e+02 
3.1049e-02 8.7990e+02 
3.1051e-02 8.7405e+02 
3.1053e-02 8.6807e+02 
3.1056e-02 8.6195e+02 
3.1058e-02 8.5571e+02 
3.1060e-02 8.4935e+02 
3.1062e-02 8.4288e+02 
3.1064e-02 8.3631e+02 
3.1066e-02 8.2963e+02 
3.1069e-02 8.2286e+02 
3.1071e-02 8.1600e+02 
3.1073e-02 8.0907e+02 
3.1075e-02 8.0205e+02 
3.1078e-02 7.9497e+02 
3.1080e-02 7.8782e+02 
3.1082e-02 7.8061e+02 
3.1085e-02 7.7335e+02 
3.1087e-02 7.6604e+02 
3.1090e-02 7.5869e+02 
3.1092e-02 7.5130e+02 
3.1095e-02 7.4388e+02 
3.1098e-02 7.3642e+02 
3.1100e-02 7.2894e+02 
3.1103e-02 7.2145e+02 
3.1106e-02 7.1393e+02 
3.1109e-02 7.0640e+02 
3.1112e-02 6.9887e+02 
3.1115e-02 6.9133e+02 
3.1118e-02 6.8379e+02 
3.1121e-02 6.7625e+02 
3.1124e-02 6.6871e+02 
3.1127e-02 6.6119e+02 
3.1130e-02 6.5367e+02 
3.1133e-02 6.4618e+02 
3.1137e-02 6.3873e+02 
3.1140e-02 6.3133e+02 
3.1143e-02 6.2400e+02 
3.1147e-02 6.1674e+02 
3.1150e-02 6.0955e+02 
3.1154e-02 6.0243e+02 
3.1158e-02 5.9540e+02 
3.1161e-02 5.8845e+02 
3.1165e-02 5.8159e+02 
3.1169e-02 5.7481e+02 
3.1173e-02 5.6812e+02 
3.1177e-02 5.6152e+02 
3.1181e-02 5.5501e+02 
3.1185e-02 5.4858e+02 
3.1189e-02 5.4224e+02 
3.1193e-02 5.3598e+02 
3.1197e-02 5.2980e+02 
3.1201e-02 5.2370e+02 
3.1205e-02 5.1767e+02 
3.1210e-02 5.1174e+02 
3.1214e-02 5.0592e+02 
3.1218e-02 5.0021e+02 
3.1223e-02 4.9461e+02 
3.1227e-02 4.8912e+02 
3.1232e-02 4.8374e+02 
3.1236e-02 4.7847e+02 
3.1241e-02 4.7331e+02 
3.1245e-02 4.6826e+02 
3.1250e-02 4.6330e+02 
3.1254e-02 4.5844e+02 
3.1259e-02 4.5367e+02 
3.1264e-02 4.4899e+02 
3.1268e-02 4.4440e+02 
3.1273e-02 4.3989e+02 
3.1278e-02 4.3547e+02 
3.1283e-02 4.3112e+02 
3.1287e-02 4.2684e+02 
3.1292e-02 4.2264e+02 
3.1297e-02 4.1851e+02 
3.1302e-02 4.1445e+02 
3.1307e-02 4.1044e+02 
3.1312e-02 4.0650e+02 
3.1317e-02 4.0262e+02 
3.1323e-02 3.9880e+02 
3.1328e-02 3.9503e+02 
3.1333e-02 3.9131e+02 
3.1338e-02 3.8765e+02 
3.1344e-02 3.8403e+02 
3.1349e-02 3.8046e+02 
3.1355e-02 3.7694e+02 
3.1360e-02 3.7347e+02 
3.1366e-02 3.7004e+02 
3.1372e-02 3.6665e+02 
3.1378e-02 3.6330e+02 
3.1384e-02 3.6000e+02 
3.1389e-02 3.5673e+02 
3.1395e-02 3.5350e+02 
3.1402e-02 3.5032e+02 
3.1408e-02 3.4717e+02 
3.1414e-02 3.4406e+02 
3.1420e-02 3.4098e+02 
3.1427e-02 3.3794e+02 
3.1433e-02 3.3494e+02 
3.1440e-02 3.3198e+02 
3.1447e-02 3.2906e+02 
3.1454e-02 3.2617e+02 
3.1460e-02 3.2332e+02 
3.1467e-02 3.2050e+02 
3.1475e-02 3.1773e+02 
3.1482e-02 3.1499e+02 
3.1489e-02 3.1231e+02 
3.1496e-02 3.0967e+02 
3.1503e-02 3.0709e+02 
3.1511e-02 3.0455e+02 
3.1518e-02 3.0207e+02 
3.1526e-02 2.9964e+02 
3.1533e-02 2.9727e+02 
3.1541e-02 2.9495e+02 
3.1548e-02 2.9268e+02 
3.1556e-02 2.9046e+02 
3.1564e-02 2.8829e+02 
3.1572e-02 2.8618e+02 
3.1579e-02 2.8412e+02 
3.1587e-02 2.8211e+02 
3.1595e-02 2.8015e+02 
3.1603e-02 2.7824e+02 
3.1612e-02 2.7638e+02 
3.1620e-02 2.7457e+02 
3.1628e-02 2.7281e+02 
3.1636e-02 2.7111e+02 
3.1644e-02 2.6945e+02 
3.1653e-02 2.6785e+02 
3.1661e-02 2.6631e+02 
3.1670e-02 2.6482e+02 
3.1678e-02 2.6338e+02 
3.1686e-02 2.6200e+02 
3.1695e-02 2.6067e+02 
3.1703e-02 2.5940e+02 
3.1712e-02 2.5819e+02 
3.1720e-02 2.5703e+02 
3.1729e-02 2.5592e+02 
3.1737e-02 2.5487e+02 
3.1746e-02 2.5387e+02 
3.1755e-02 2.5292e+02 
3.1763e-02 2.5202e+02 
3.1772e-02 2.5118e+02 
3.1780e-02 2.5039e+02 
3.1789e-02 2.4965e+02 
3.1798e-02 2.4895e+02 
3.1806e-02 2.4831e+02 
3.1815e-02 2.4772e+02 
3.1823e-02 2.4717e+02 
3.1832e-02 2.4666e+02 
3.1840e-02 2.4620e+02 
3.1849e-02 2.4578e+02 
3.1858e-02 2.4539e+02 
3.1866e-02 2.4504e+02 
3.1875e-02 2.4473e+02 
3.1883e-02 2.4444e+02 
3.1892e-02 2.4418e+02 
3.1901e-02 2.4394e+02 
3.1909e-02 2.4373e+02 
3.1918e-02 2.4353e+02 
3.1926e-02 2.4335e+02 
3.1935e-02 2.4318e+02 
3.1943e-02 2.4302e+02 
3.1952e-02 2.4286e+02 
3.1961e-02 2.4271e+02 
3.1969e-02 2.4256e+02 
3.1978e-02 2.4241e+02 
3.1986e-02 2.4227e+02 
3.1995e-02 2.4212e+02 
3.2003e-02 2.4197e+02 
3.2012e-02 2.4183e+02 
3.2020e-02 2.4168e+02 
3.2028e-02 2.4154e+02 
3.2036e-02 2.4141e+02 
3.2043e-02 2.4129e+02 
3.2051e-02 2.4117e+02 
3.2058e-02 2.4106e+02 
3.2065e-02 2.4097e+02 
3.2072e-02 2.4088e+02 
3.2079e-02 2.4081e+02 
3.2085e-02 2.4074e+02 
3.2092e-02 2.4068e+02 
3.2098e-02 2.4063e+02 
3.2104e-02 2.4058e+02 
3.2110e-02 2.4054e+02 
3.2116e-02 2.4050e+02 
3.2122e-02 2.4046e+02 
3.2127e-02 2.4041e+02 
3.2133e-02 2.4036e+02 
3.2138e-02 2.4030e+02 
3.2144e-02 2.4024e+02 
3.2149e-02 2.4016e+02 
3.2154e-02 2.4007e+02 
3.2159e-02 2.3997e+02 
3.2165e-02 2.3986e+02 
3.2170e-02 2.3973e+02 
3.2175e-02 2.3959e+02 
3.2180e-02 2.3943e+02 
3.2185e-02 2.3925e+02 
3.2190e-02 2.3906e+02 
3.2195e-02 2.3885e+02 
3.2200e-02 2.3862e+02 
3.2205e-02 2.3837e+02 
3.2210e-02 2.3810e+02 
3.2215e-02 2.3782e+02 
3.2220e-02 2.3752e+02 
3.2225e-02 2.3719e+02 
3.2230e-02 2.3685e+02 
3.2236e-02 2.3650e+02 
3.2241e-02 2.3612e+02 
3.2246e-02 2.3573e+02 
3.2251e-02 2.3531e+02 
3.2256e-02 2.3489e+02 
3.2262e-02 2.3444e+02 
3.2267e-02 2.3398e+02 
3.2273e-02 2.3350e+02 
3.2278e-02 2.3301e+02 
3.2284e-02 2.3250e+02 
3.2289e-02 2.3198e+02 
3.2295e-02 2.3144e+02 
3.2300e-02 2.3089e+02 
3.2306e-02 2.3033e+02 
3.2312e-02 2.2975e+02 
3.2318e-02 2.2916e+02 
3.2324e-02 2.2855e+02 
3.2330e-02 2.2793e+02 
3.2336e-02 2.2730e+02 
3.2342e-02 2.2666e+02 
3.2348e-02 2.2600e+02 
3.2355e-02 2.2534e+02 
3.2361e-02 2.2466e+02 
3.2368e-02 2.2397e+02 
3.2374e-02 2.2327e+02 
3.2381e-02 2.2256e+02 
3.2388e-02 2.2184e+02 
3.2395e-02 2.2111e+02 
3.2401e-02 2.2037e+02 
3.2408e-02 2.1961e+02 
3.2416e-02 2.1885e+02 
3.2423e-02 2.1808e+02 
3.2430e-02 2.1730e+02 
3.2438e-02 2.1651e+02 
3.2445e-02 2.1571e+02 
3.2453e-02 2.1491e+02 
3.2460e-02 2.1409e+02 
3.2468e-02 2.1327e+02 
3.2476e-02 2.1244e+02 
3.2484e-02 2.1161e+02 
3.2492e-02 2.1077e+02 
3.2501e-02 2.0992e+02 
3.2509e-02 2.0907e+02 
3.2517e-02 2.0821e+02 
3.2526e-02 2.0735e+02 
3.2535e-02 2.0648e+02 
3.2544e-02 2.0562e+02 
3.2553e-02 2.0475e+02 
3.2562e-02 2.0388e+02 
3.2571e-02 2.0302e+02 
3.2580e-02 2.0215e+02 
3.2590e-02 2.0129e+02 
3.2599e-02 2.0043e+02 
3.2609e-02 1.9958e+02 
3.2619e-02 1.9874e+02 
3.2629e-02 1.9790e+02 
3.2639e-02 1.9708e+02 
3.2649e-02 1.9628e+02 
3.2659e-02 1.9550e+02 
3.2669e-02 1.9474e+02 
3.2679e-02 1.9401e+02 
3.2689e-02 1.9330e+02 
3.2700e-02 1.9261e+02 
3.2710e-02 1.9195e+02 
3.2720e-02 1.9133e+02 
3.2731e-02 1.9073e+02 
3.2741e-02 1.9017e+02 
3.2752e-02 1.8965e+02 
3.2763e-02 1.8916e+02 
3.2773e-02 1.8872e+02 
3.2784e-02 1.8831e+02 
3.2795e-02 1.8795e+02 
3.2806e-02 1.8764e+02 
3.2817e-02 1.8738e+02 
3.2828e-02 1.8718e+02 
3.2839e-02 1.8703e+02 
3.2851e-02 1.8694e+02 
3.2862e-02 1.8692e+02 
3.2873e-02 1.8696e+02 
3.2884e-02 1.8708e+02 
3.2895e-02 1.8728e+02 
3.2907e-02 1.8756e+02 
3.2917e-02 1.8792e+02 
3.2928e-02 1.8836e+02 
3.2939e-02 1.8888e+02 
3.2950e-02 1.8950e+02 
3.2961e-02 1.9020e+02 
3.2971e-02 1.9100e+02 
3.2982e-02 1.9189e+02 
3.2992e-02 1.9287e+02 
3.3002e-02 1.9396e+02 
3.3012e-02 1.9515e+02 
3.3022e-02 1.9644e+02 
3.3032e-02 1.9783e+02 
3.3042e-02 1.9933e+02 
3.3052e-02 2.0094e+02 
3.3062e-02 2.0266e+02 
3.3071e-02 2.0450e+02 
3.3080e-02 2.0645e+02 
3.3090e-02 2.0852e+02 
3.3099e-02 2.1070e+02 
3.3107e-02 2.1299e+02 
3.3116e-02 2.1539e+02 
3.3125e-02 2.1789e+02 
3.3133e-02 2.2050e+02 
3.3141e-02 2.2322e+02 
3.3149e-02 2.2603e+02 
3.3157e-02 2.2895e+02 
3.3164e-02 2.3198e+02 
3.3172e-02 2.3510e+02 
3.3179e-02 2.3833e+02 
3.3186e-02 2.4166e+02 
3.3193e-02 2.4509e+02 
3.3200e-02 2.4862e+02 
3.3206e-02 2.5225e+02 
3.3213e-02 2.5599e+02 
3.3219e-02 2.5982e+02 
3.3225e-02 2.6376e+02 
3.3232e-02 2.6780e+02 
3.3238e-02 2.7194e+02 
3.3243e-02 2.7618e+02 
3.3249e-02 2.8053e+02 
3.3255e-02 2.8497e+02 
3.3260e-02 2.8952e+02 
3.3266e-02 2.9417e+02 
3.3271e-02 2.9892e+02 
3.3276e-02 3.0376e+02 
3.3281e-02 3.0870e+02 
3.3286e-02 3.1373e+02 
3.3291e-02 3.1885e+02 
3.3296e-02 3.2406e+02 
3.3301e-02 3.2936e+02 
3.3305e-02 3.3474e+02 
3.3310e-02 3.4019e+02 
3.3314e-02 3.4572e+02 
3.3319e-02 3.5131e+02 
3.3323e-02 3.5696e+02 
3.3327e-02 3.6265e+02 
3.3331e-02 3.6838e+02 
3.3335e-02 3.7414e+02 
3.3339e-02 3.7991e+02 
3.3343e-02 3.8568e+02 
3.3347e-02 3.9144e+02 
3.3350e-02 3.9718e+02 
3.3354e-02 4.0288e+02 
3.3358e-02 4.0854e+02 
3.3361e-02 4.1413e+02 
3.3365e-02 4.1965e+02 
3.3368e-02 4.2508e+02 
3.3371e-02 4.3040e+02 
3.3375e-02 4.3560e+02 
3.3378e-02 4.4067e+02 
3.3381e-02 4.4560e+02 
3.3384e-02 4.5036e+02 
3.3387e-02 4.5495e+02 
3.3390e-02 4.5935e+02 
3.3393e-02 4.6355e+02 
3.3396e-02 4.6753e+02 
3.3399e-02 4.7129e+02 
3.3402e-02 4.7482e+02 
3.3405e-02 4.7809e+02 
3.3408e-02 4.8111e+02 
3.3411e-02 4.8386e+02 
3.3414e-02 4.8634e+02 
3.3416e-02 4.8853e+02 
3.3419e-02 4.9044e+02 
3.3422e-02 4.9205e+02 
3.3425e-02 4.9336e+02 
3.3427e-02 4.9437e+02 
3.3430e-02 4.9507e+02 
3.3433e-02 4.9547e+02 
3.3436e-02 4.9556e+02 
3.3438e-02 4.9534e+02 
3.3441e-02 4.9481e+02 
3.3444e-02 4.9398e+02 
3.3447e-02 4.9285e+02 
3.3449e-02 4.9141e+02 
3.3452e-02 4.8969e+02 
3.3455e-02 4.8768e+02 
3.3458e-02 4.8539e+02 
3.3461e-02 4.8283e+02 
3.3463e-02 4.8000e+02 
3.3466e-02 4.7691e+02 
3.3469e-02 4.7358e+02 
3.3472e-02 4.7001e+02 
3.3475e-02 4.6620e+02 
3.3478e-02 4.6218e+02 
3.3481e-02 4.5795e+02 
3.3484e-02 4.5353e+02 
3.3487e-02 4.4892e+02 
3.3490e-02 4.4415e+02 
3.3493e-02 4.3922e+02 
3.3496e-02 4.3417e+02 
3.3499e-02 4.2898e+02 
3.3502e-02 4.2370e+02 
3.3505e-02 4.1831e+02 
3.3508e-02 4.1284e+02 
3.3511e-02 4.0730e+02 
3.3515e-02 4.0171e+02 
3.3518e-02 3.9606e+02 
3.3521e-02 3.9038e+02 
3.3525e-02 3.8466e+02 
3.3528e-02 3.7893e+02 
3.3532e-02 3.7319e+02 
3.3535e-02 3.6745e+02 
3.3539e-02 3.6171e+02 
3.3542e-02 3.5598e+02 
3.3546e-02 3.5028e+02 
3.3550e-02 3.4460e+02 
3.3553e-02 3.3895e+02 
3.3557e-02 3.3333e+02 
3.3561e-02 3.2775e+02 
3.3565e-02 3.2222e+02 
3.3569e-02 3.1673e+02 
3.3573e-02 3.1130e+02 
3.3577e-02 3.0592e+02 
3.3582e-02 3.0059e+02 
3.3586e-02 2.9533e+02 
3.3590e-02 2.9013e+02 
3.3595e-02 2.8499e+02 
3.3599e-02 2.7993e+02 
3.3604e-02 2.7493e+02 
3.3609e-02 2.7000e+02 
3.3614e-02 2.6514e+02 
3.3619e-02 2.6035e+02 
3.3624e-02 2.5563e+02 
3.3629e-02 2.5099e+02 
3.3634e-02 2.4643e+02 
3.3640e-02 2.4194e+02 
3.3645e-02 2.3753e+02 
3.3651e-02 2.3320e+02 
3.3657e-02 2.2894e+02 
3.3662e-02 2.2475e+02 
3.3669e-02 2.2065e+02 
3.3675e-02 2.1661e+02 
3.3681e-02 2.1266e+02 
3.3688e-02 2.0877e+02 
3.3694e-02 2.0496e+02 
3.3701e-02 2.0122e+02 
3.3708e-02 1.9756e+02 
3.3715e-02 1.9397e+02 
3.3723e-02 1.9045e+02 
3.3730e-02 1.8701e+02 
3.3738e-02 1.8364e+02 
3.3746e-02 1.8035e+02 
3.3754e-02 1.7712e+02 
3.3763e-02 1.7398e+02 
3.3772e-02 1.7091e+02 
3.3780e-02 1.6791e+02 
3.3790e-02 1.6499e+02 
3.3799e-02 1.6214e+02 
3.3809e-02 1.5936e+02 
3.3819e-02 1.5666e+02 
3.3829e-02 1.5403e+02 
3.3839e-02 1.5147e+02 
3.3850e-02 1.4899e+02 
3.3861e-02 1.4657e+02 
3.3873e-02 1.4422e+02 
3.3885e-02 1.4195e+02 
3.3897e-02 1.3974e+02 
3.3909e-02 1.3761e+02 
3.3922e-02 1.3554e+02 
3.3935e-02 1.3354e+02 
3.3949e-02 1.3161e+02 
3.3962e-02 1.2975e+02 
3.3976e-02 1.2799e+02 
3.3989e-02 1.2631e+02 
3.4002e-02 1.2474e+02 
3.4016e-02 1.2326e+02 
3.4029e-02 1.2187e+02 
3.4042e-02 1.2057e+02 
3.4055e-02 1.1936e+02 
3.4068e-02 1.1822e+02 
3.4081e-02 1.1715e+02 
3.4094e-02 1.1615e+02 
3.4107e-02 1.1522e+02 
3.4120e-02 1.1435e+02 
3.4132e-02 1.1354e+02 
3.4145e-02 1.1278e+02 
3.4158e-02 1.1207e+02 
3.4170e-02 1.1141e+02 
3.4183e-02 1.1079e+02 
3.4195e-02 1.1022e+02 
3.4207e-02 1.0969e+02 
3.4220e-02 1.0920e+02 
3.4232e-02 1.0875e+02 
3.4244e-02 1.0833e+02 
3.4257e-02 1.0795e+02 
3.4269e-02 1.0760e+02 
3.4281e-02 1.0728e+02 
3.4293e-02 1.0699e+02 
3.4305e-02 1.0673e+02 
3.4317e-02 1.0650e+02 
3.4328e-02 1.0629e+02 
3.4340e-02 1.0611e+02 
3.4352e-02 1.0596e+02 
3.4364e-02 1.0582e+02 
3.4375e-02 1.0571e+02 
3.4387e-02 1.0563e+02 
3.4398e-02 1.0556e+02 
3.4410e-02 1.0551e+02 
3.4421e-02 1.0548e+02 
3.4433e-02 1.0547e+02 
3.4444e-02 1.0548e+02 
3.4455e-02 1.0551e+02 
3.4467e-02 1.0555e+02 
3.4478e-02 1.0560e+02 
3.4489e-02 1.0567e+02 
3.4500e-02 1.0575e+02 
3.4511e-02 1.0585e+02 
3.4523e-02 1.0596e+02 
3.4534e-02 1.0608e+02 
3.4545e-02 1.0621e+02 
3.4556e-02 1.0635e+02 
3.4566e-02 1.0650e+02 
3.4577e-02 1.0665e+02 
3.4588e-02 1.0681e+02 
3.4599e-02 1.0698e+02 
3.4610e-02 1.0716e+02 
3.4620e-02 1.0734e+02 
3.4631e-02 1.0752e+02 
3.4642e-02 1.0771e+02 
3.4652e-02 1.0790e+02 
3.4663e-02 1.0809e+02 
3.4674e-02 1.0829e+02 
3.4684e-02 1.0848e+02 
3.4695e-02 1.0867e+02 
3.4705e-02 1.0887e+02 
3.4715e-02 1.0906e+02 
3.4726e-02 1.0925e+02 
3.4736e-02 1.0943e+02 
3.4747e-02 1.0962e+02 
3.4757e-02 1.0980e+02 
3.4768e-02 1.0998e+02 
3.4778e-02 1.1016e+02 
3.4789e-02 1.1033e+02 
3.4799e-02 1.1050e+02 
3.4810e-02 1.1066e+02 
3.4820e-02 1.1082e+02 
3.4831e-02 1.1097e+02 
3.4841e-02 1.1112e+02 
3.4852e-02 1.1125e+02 
3.4862e-02 1.1139e+02 
3.4873e-02 1.1151e+02 
3.4883e-02 1.1163e+02 
3.4894e-02 1.1174e+02 
3.4905e-02 1.1185e+02 
3.4916e-02 1.1195e+02 
3.4927e-02 1.1204e+02 
3.4937e-02 1.1213e+02 
3.4948e-02 1.1220e+02 
3.4959e-02 1.1228e+02 
3.4970e-02 1.1234e+02 
3.4981e-02 1.1239e+02 
3.4992e-02 1.1244e+02 
3.5003e-02 1.1248e+02 
3.5015e-02 1.1252e+02 
3.5026e-02 1.1255e+02 
3.5037e-02 1.1257e+02 
3.5048e-02 1.1258e+02 
3.5059e-02 1.1259e+02 
3.5071e-02 1.1259e+02 
3.5082e-02 1.1259e+02 
3.5094e-02 1.1257e+02 
3.5105e-02 1.1256e+02 
3.5116e-02 1.1253e+02 
3.5128e-02 1.1250e+02 
3.5140e-02 1.1247e+02 
3.5151e-02 1.1243e+02 
3.5163e-02 1.1238e+02 
3.5175e-02 1.1233e+02 
3.5187e-02 1.1228e+02 
3.5198e-02 1.1222e+02 
3.5210e-02 1.1216e+02 
3.5222e-02 1.1209e+02 
3.5234e-02 1.1201e+02 
3.5246e-02 1.1194e+02 
3.5259e-02 1.1186e+02 
3.5271e-02 1.1177e+02 
3.5283e-02 1.1168e+02 
3.5295e-02 1.1159e+02 
3.5308e-02 1.1149e+02 
3.5320e-02 1.1139e+02 
3.5333e-02 1.1129e+02 
3.5345e-02 1.1119e+02 
3.5358e-02 1.1107e+02 
3.5371e-02 1.1096e+02 
3.5384e-02 1.1084e+02 
3.5396e-02 1.1072e+02 
3.5409e-02 1.1060e+02 
3.5422e-02 1.1047e+02 
3.5435e-02 1.1035e+02 
3.5448e-02 1.1021e+02 
3.5462e-02 1.1008e+02 
3.5475e-02 1.0994e+02 
3.5488e-02 1.0980e+02 
3.5502e-02 1.0966e+02 
3.5515e-02 1.0951e+02 
3.5529e-02 1.0936e+02 
3.5542e-02 1.0921e+02 
3.5556e-02 1.0906e+02 
3.5570e-02 1.0890e+02 
3.5584e-02 1.0874e+02 
3.5598e-02 1.0858e+02 
3.5612e-02 1.0842e+02 
3.5626e-02 1.0826e+02 
3.5640e-02 1.0809e+02 
3.5654e-02 1.0793e+02 
3.5669e-02 1.0776e+02 
3.5683e-02 1.0759e+02 
3.5698e-02 1.0741e+02 
3.5712e-02 1.0724e+02 
3.5727e-02 1.0707e+02 
3.5741e-02 1.0689e+02 
3.5756e-02 1.0672e+02 
3.5771e-02 1.0654e+02 
3.5786e-02 1.0636e+02 
3.5801e-02 1.0619e+02 
3.5816e-02 1.0601e+02 
3.5831e-02 1.0583e+02 
3.5846e-02 1.0565e+02 
3.5862e-02 1.0548e+02 
3.5877e-02 1.0530e+02 
3.5892e-02 1.0512e+02 
3.5908e-02 1.0495e+02 
3.5923e-02 1.0478e+02 
3.5939e-02 1.0460e+02 
3.5955e-02 1.0443e+02 
3.5970e-02 1.0426e+02 
3.5986e-02 1.0410e+02 
3.6002e-02 1.0393e+02 
3.6018e-02 1.0377e+02 
3.6034e-02 1.0361e+02 
3.6050e-02 1.0345e+02 
3.6066e-02 1.0329e+02 
3.6082e-02 1.0314e+02 
3.6099e-02 1.0299e+02 
3.6115e-02 1.0285e+02 
3.6131e-02 1.0271e+02 
3.6148e-02 1.0257e+02 
3.6164e-02 1.0243e+02 
3.6180e-02 1.0230e+02 
3.6197e-02 1.0218e+02 
3.6214e-02 1.0206e+02 
3.6230e-02 1.0194e+02 
3.6247e-02 1.0183e+02 
3.6263e-02 1.0173e+02 
3.6280e-02 1.0163e+02 
3.6297e-02 1.0153e+02 
3.6314e-02 1.0144e+02 
3.6330e-02 1.0136e+02 
3.6347e-02 1.0128e+02 
3.6364e-02 1.0121e+02 
3.6381e-02 1.0115e+02 
3.6398e-02 1.0109e+02 
3.6414e-02 1.0104e+02 
3.6431e-02 1.0099e+02 
3.6448e-02 1.0096e+02 
3.6465e-02 1.0092e+02 
3.6482e-02 1.0090e+02 
3.6499e-02 1.0088e+02 
3.6516e-02 1.0087e+02 
3.6532e-02 1.0087e+02 
3.6549e-02 1.0088e+02 
3.6566e-02 1.0089e+02 
3.6583e-02 1.0091e+02 
3.6600e-02 1.0094e+02 
3.6617e-02 1.0098e+02 
3.6633e-02 1.0102e+02 
3.6650e-02 1.0107e+02 
3.6667e-02 1.0113e+02 
3.6684e-02 1.0120e+02 
3.6700e-02 1.0128e+02 
3.6717e-02 1.0136e+02 
3.6733e-02 1.0145e+02 
3.6750e-02 1.0155e+02 
3.6767e-02 1.0166e+02 
3.6783e-02 1.0178e+02 
3.6799e-02 1.0191e+02 
3.6816e-02 1.0204e+02 
3.6832e-02 1.0218e+02 
3.6849e-02 1.0234e+02 
3.6865e-02 1.0249e+02 
3.6881e-02 1.0266e+02 
3.6897e-02 1.0284e+02 
3.6913e-02 1.0302e+02 
3.6929e-02 1.0322e+02 
3.6945e-02 1.0342e+02 
3.6961e-02 1.0363e+02 
3.6977e-02 1.0385e+02 
3.6993e-02 1.0408e+02 
3.7009e-02 1.0431e+02 
3.7025e-02 1.0456e+02 
3.7040e-02 1.0481e+02 
3.7056e-02 1.0507e+02 
3.7071e-02 1.0534e+02 
3.7087e-02 1.0562e+02 
3.7102e-02 1.0590e+02 
3.7118e-02 1.0620e+02 
3.7133e-02 1.0650e+02 
3.7148e-02 1.0681e+02 
3.7163e-02 1.0713e+02 
3.7178e-02 1.0746e+02 
3.7193e-02 1.0779e+02 
3.7208e-02 1.0814e+02 
3.7223e-02 1.0849e+02 
3.7238e-02 1.0885e+02 
3.7253e-02 1.0922e+02 
3.7267e-02 1.0960e+02 
3.7282e-02 1.0999e+02 
3.7296e-02 1.1038e+02 
3.7311e-02 1.1079e+02 
3.7325e-02 1.1120e+02 
3.7339e-02 1.1162e+02 
3.7354e-02 1.1205e+02 
3.7368e-02 1.1249e+02 
3.7382e-02 1.1293e+02 
3.7396e-02 1.1339e+02 
3.7410e-02 1.1386e+02 
3.7424e-02 1.1433e+02 
3.7438e-02 1.1481e+02 
3.7451e-02 1.1531e+02 
3.7465e-02 1.1581e+02 
3.7479e-02 1.1632e+02 
3.7492e-02 1.1684e+02 
3.7506e-02 1.1737e+02 
3.7519e-02 1.1791e+02 
3.7532e-02 1.1846e+02 
3.7546e-02 1.1902e+02 
3.7559e-02 1.1958e+02 
3.7572e-02 1.2016e+02 
3.7585e-02 1.2075e+02 
3.7598e-02 1.2135e+02 
3.7611e-02 1.2195e+02 
3.7623e-02 1.2257e+02 
3.7636e-02 1.2320e+02 
3.7649e-02 1.2384e+02 
3.7661e-02 1.2449e+02 
3.7673e-02 1.2514e+02 
3.7686e-02 1.2581e+02 
3.7698e-02 1.2649e+02 
3.7710e-02 1.2718e+02 
3.7722e-02 1.2788e+02 
3.7734e-02 1.2860e+02 
3.7746e-02 1.2932e+02 
3.7758e-02 1.3005e+02 
3.7770e-02 1.3080e+02 
3.7782e-02 1.3155e+02 
3.7794e-02 1.3232e+02 
3.7805e-02 1.3310e+02 
3.7817e-02 1.3389e+02 
3.7828e-02 1.3470e+02 
3.7840e-02 1.3551e+02 
3.7851e-02 1.3634e+02 
3.7862e-02 1.3718e+02 
3.7873e-02 1.3803e+02 
3.7884e-02 1.3890e+02 
3.7895e-02 1.3978e+02 
3.7906e-02 1.4067e+02 
3.7917e-02 1.4158e+02 
3.7928e-02 1.4250e+02 
3.7938e-02 1.4344e+02 
3.7949e-02 1.4440e+02 
3.7959e-02 1.4537e+02 
3.7970e-02 1.4637e+02 
3.7980e-02 1.4738e+02 
3.7990e-02 1.4841e+02 
3.8000e-02 1.4947e+02 
3.8010e-02 1.5055e+02 
3.8020e-02 1.5165e+02 
3.8030e-02 1.5278e+02 
3.8040e-02 1.5393e+02 
3.8049e-02 1.5511e+02 
3.8058e-02 1.5628e+02 
3.8067e-02 1.5744e+02 
3.8075e-02 1.5858e+02 
3.8082e-02 1.5970e+02 
3.8090e-02 1.6081e+02 
3.8097e-02 1.6190e+02 
3.8104e-02 1.6297e+02 
3.8111e-02 1.6402e+02 
3.8118e-02 1.6506e+02 
3.8124e-02 1.6608e+02 
3.8130e-02 1.6708e+02 
3.8136e-02 1.6806e+02 
3.8142e-02 1.6902e+02 
3.8148e-02 1.6995e+02 
3.8154e-02 1.7087e+02 
3.8160e-02 1.7177e+02 
3.8165e-02 1.7264e+02 
3.8171e-02 1.7350e+02 
3.8176e-02 1.7433e+02 
3.8181e-02 1.7513e+02 
3.8187e-02 1.7591e+02 
3.8192e-02 1.7667e+02 
3.8197e-02 1.7740e+02 
3.8202e-02 1.7811e+02 
3.8207e-02 1.7879e+02 
3.8212e-02 1.7944e+02 
3.8217e-02 1.8007e+02 
3.8222e-02 1.8068e+02 
3.8227e-02 1.8125e+02 
3.8232e-02 1.8181e+02 
3.8237e-02 1.8233e+02 
3.8242e-02 1.8284e+02 
3.8247e-02 1.8331e+02 
3.8252e-02 1.8376e+02 
3.8257e-02 1.8419e+02 
3.8262e-02 1.8460e+02 
3.8267e-02 1.8498e+02 
3.8272e-02 1.8533e+02 
3.8277e-02 1.8567e+02 
3.8282e-02 1.8598e+02 
3.8288e-02 1.8627e+02 
3.8293e-02 1.8654e+02 
3.8298e-02 1.8679e+02 
3.8303e-02 1.8703e+02 
3.8308e-02 1.8724e+02 
3.8313e-02 1.8744e+02 
3.8319e-02 1.8761e+02 
3.8324e-02 1.8778e+02 
3.8330e-02 1.8792e+02 
3.8335e-02 1.8805e+02 
3.8340e-02 1.8817e+02 
3.8346e-02 1.8828e+02 
3.8352e-02 1.8837e+02 
3.8357e-02 1.8845e+02 
3.8363e-02 1.8852e+02 
3.8369e-02 1.8858e+02 
3.8374e-02 1.8863e+02 
3.8380e-02 1.8867e+02 
3.8386e-02 1.8871e+02 
3.8392e-02 1.8873e+02 
3.8398e-02 1.8875e+02 
3.8405e-02 1.8876e+02 
3.8411e-02 1.8877e+02 
3.8417e-02 1.8878e+02 
3.8423e-02 1.8878e+02 
3.8430e-02 1.8877e+02 
3.8436e-02 1.8877e+02 
3.8443e-02 1.8876e+02 
3.8450e-02 1.8875e+02 
3.8457e-02 1.8874e+02 
3.8463e-02 1.8872e+02 
3.8470e-02 1.8871e+02 
3.8477e-02 1.8870e+02 
3.8485e-02 1.8869e+02 
3.8492e-02 1.8868e+02 
3.8499e-02 1.8867e+02 
3.8506e-02 1.8866e+02 
3.8514e-02 1.8866e+02 
3.8522e-02 1.8866e+02 
3.8529e-02 1.8866e+02 
3.8537e-02 1.8866e+02 
3.8545e-02 1.8867e+02 
3.8553e-02 1.8868e+02 
3.8561e-02 1.8870e+02 
3.8569e-02 1.8872e+02 
3.8578e-02 1.8875e+02 
3.8586e-02 1.8878e+02 
3.8595e-02 1.8881e+02 
3.8603e-02 1.8885e+02 
3.8612e-02 1.8889e+02 
3.8621e-02 1.8894e+02 
3.8630e-02 1.8899e+02 
3.8639e-02 1.8905e+02 
3.8648e-02 1.8912e+02 
3.8657e-02 1.8918e+02 
3.8667e-02 1.8926e+02 
3.8676e-02 1.8933e+02 
3.8686e-02 1.8942e+02 
3.8696e-02 1.8950e+02 
3.8706e-02 1.8959e+02 
3.8716e-02 1.8969e+02 
3.8726e-02 1.8979e+02 
3.8736e-02 1.8989e+02 
3.8746e-02 1.8999e+02 
3.8757e-02 1.9010e+02 
3.8767e-02 1.9021e+02 
3.8778e-02 1.9033e+02 
3.8788e-02 1.9045e+02 
3.8799e-02 1.9056e+02 
3.8810e-02 1.9069e+02 
3.8821e-02 1.9081e+02 
3.8832e-02 1.9093e+02 
3.8843e-02 1.9106e+02 
3.8854e-02 1.9119e+02 
3.8864e-02 1.9131e+02 
3.8875e-02 1.9144e+02 
3.8886e-02 1.9157e+02 
3.8897e-02 1.9169e+02 
3.8908e-02 1.9182e+02 
3.8918e-02 1.9194e+02 
3.8929e-02 1.9206e+02 
3.8940e-02 1.9218e+02 
3.8951e-02 1.9230e+02 
3.8961e-02 1.9242e+02 
3.8972e-02 1.9254e+02 
3.8983e-02 1.9265e+02 
3.8993e-02 1.9276e+02 
3.9004e-02 1.9288e+02 
3.9015e-02 1.9299e+02 
3.9025e-02 1.9310e+02 
3.9036e-02 1.9320e+02 
3.9047e-02 1.9331e+02 
3.9057e-02 1.9342e+02 
3.9068e-02 1.9352e+02 
3.9078e-02 1.9362e+02 
3.9089e-02 1.9373e+02 
3.9099e-02 1.9383e+02 
3.9110e-02 1.9393e+02 
3.9121e-02 1.9403e+02 
3.9131e-02 1.9413e+02 
3.9142e-02 1.9423e+02 
3.9152e-02 1.9432e+02 
3.9163e-02 1.9442e+02 
3.9173e-02 1.9452e+02 
3.9183e-02 1.9462e+02 
3.9194e-02 1.9472e+02 
3.9204e-02 1.9482e+02 
3.9215e-02 1.9492e+02 
3.9225e-02 1.9502e+02 
3.9236e-02 1.9512e+02 
3.9246e-02 1.9523e+02 
3.9256e-02 1.9535e+02 
3.9267e-02 1.9545e+02 
3.9277e-02 1.9555e+02 
3.9287e-02 1.9566e+02 
3.9298e-02 1.9577e+02 
3.9308e-02 1.9588e+02 
3.9318e-02 1.9600e+02 
3.9328e-02 1.9612e+02 
3.9339e-02 1.9624e+02 
3.9349e-02 1.9637e+02 
3.9359e-02 1.9649e+02 
3.9369e-02 1.9663e+02 
3.9379e-02 1.9676e+02 
3.9389e-02 1.9690e+02 
3.9400e-02 1.9704e+02 
3.9410e-02 1.9719e+02 
3.9420e-02 1.9734e+02 
3.9430e-02 1.9750e+02 
3.9440e-02 1.9766e+02 
3.9450e-02 1.9783e+02 
3.9460e-02 1.9800e+02 
3.9470e-02 1.9817e+02 
3.9480e-02 1.9835e+02 
3.9490e-02 1.9854e+02 
3.9500e-02 1.9873e+02 
3.9509e-02 1.9893e+02 
3.9519e-02 1.9913e+02 
3.9529e-02 1.9934e+02 
3.9538e-02 1.9955e+02 
3.9548e-02 1.9976e+02 
3.9557e-02 1.9998e+02 
3.9566e-02 2.0021e+02 
3.9576e-02 2.0043e+02 
3.9585e-02 2.0066e+02 
3.9594e-02 2.0090e+02 
3.9603e-02 2.0114e+02 
3.9612e-02 2.0138e+02 
3.9620e-02 2.0162e+02 
3.9629e-02 2.0187e+02 
3.9638e-02 2.0212e+02 
3.9646e-02 2.0237e+02 
3.9655e-02 2.0263e+02 
3.9663e-02 2.0289e+02 
3.9672e-02 2.0315e+02 
3.9680e-02 2.0341e+02 
3.9688e-02 2.0368e+02 
3.9697e-02 2.0394e+02 
3.9705e-02 2.0421e+02 
3.9713e-02 2.0448e+02 
3.9721e-02 2.0475e+02 
3.9729e-02 2.0503e+02 
3.9737e-02 2.0530e+02 
3.9745e-02 2.0557e+02 
3.9753e-02 2.0585e+02 
3.9760e-02 2.0612e+02 
3.9768e-02 2.0640e+02 
3.9776e-02 2.0668e+02 
3.9784e-02 2.0695e+02 
3.9791e-02 2.0723e+02 
3.9799e-02 2.0751e+02 
3.9807e-02 2.0778e+02 
3.9814e-02 2.0806e+02 
3.9822e-02 2.0833e+02 
3.9829e-02 2.0861e+02 
3.9837e-02 2.0888e+02 
3.9844e-02 2.0915e+02 
3.9852e-02 2.0942e+02 
3.9859e-02 2.0969e+02 
3.9867e-02 2.0996e+02 
3.9874e-02 2.1022e+02 
3.9882e-02 2.1049e+02 
3.9889e-02 2.1075e+02 
3.9896e-02 2.1101e+02 
3.9904e-02 2.1127e+02 
3.9911e-02 2.1153e+02 
3.9919e-02 2.1179e+02 
3.9926e-02 2.1204e+02 
3.9933e-02 2.1229e+02 
3.9941e-02 2.1254e+02 
3.9948e-02 2.1279e+02 
3.9955e-02 2.1304e+02 
3.9963e-02 2.1328e+02 
3.9970e-02 2.1352e+02 
3.9978e-02 2.1376e+02 
3.9985e-02 2.1400e+02 
3.9992e-02 2.1423e+02 
4.0000e-02 2.1446e+02 
4.0007e-02 2.1470e+02 
4.0015e-02 2.1492e+02 
4.0022e-02 2.1515e+02 
4.0030e-02 2.1538e+02 
4.0037e-02 2.1560e+02 
4.0044e-02 2.1582e+02 
4.0052e-02 2.1604e+02 
4.0059e-02 2.1626e+02 
4.0067e-02 2.1647e+02 
4.0075e-02 2.1669e+02 
4.0082e-02 2.1690e+02 
4.0090e-02 2.1711e+02 
4.0097e-02 2.1732e+02 
4.0105e-02 2.1753e+02 
4.0112e-02 2.1774e+02 
4.0120e-02 2.1795e+02 
4.0128e-02 2.1816e+02 
4.0135e-02 2.1837e+02 
4.0143e-02 2.1857e+02 
4.0151e-02 2.1878e+02 
4.0158e-02 2.1899e+02 
4.0166e-02 2.1920e+02 
4.0174e-02 2.1941e+02 
4.0182e-02 2.1962e+02 
4.0190e-02 2.1983e+02 
4.0198e-02 2.2004e+02 
4.0205e-02 2.2026e+02 
4.0213e-02 2.2047e+02 
4.0221e-02 2.2069e+02 
4.0229e-02 2.2091e+02 
4.0237e-02 2.2114e+02 
4.0245e-02 2.2137e+02 
4.0253e-02 2.2160e+02 
4.0262e-02 2.2184e+02 
4.0270e-02 2.2208e+02 
4.0278e-02 2.2232e+02 
4.0286e-02 2.2257e+02 
4.0294e-02 2.2283e+02 
4.0303e-02 2.2309e+02 
4.0311e-02 2.2336e+02 
4.0319e-02 2.2364e+02 
4.0328e-02 2.2392e+02 
4.0336e-02 2.2421e+02 
4.0345e-02 2.2451e+02 
4.0353e-02 2.2482e+02 
4.0362e-02 2.2514e+02 
4.0371e-02 2.2547e+02 
4.0379e-02 2.2580e+02 
4.0388e-02 2.2615e+02 
4.0397e-02 2.2651e+02 
4.0405e-02 2.2689e+02 
4.0414e-02 2.2727e+02 
4.0423e-02 2.2767e+02 
4.0432e-02 2.2808e+02 
4.0441e-02 2.2851e+02 
4.0450e-02 2.2895e+02 
4.0459e-02 2.2941e+02 
4.0468e-02 2.2988e+02 
4.0477e-02 2.3037e+02 
4.0486e-02 2.3087e+02 
4.0495e-02 2.3139e+02 
4.0504e-02 2.3193e+02 
4.0513e-02 2.3249e+02 
4.0522e-02 2.3306e+02 
4.0531e-02 2.3365e+02 
4.0540e-02 2.3426e+02 
4.0549e-02 2.3490e+02 
4.0558e-02 2.3555e+02 
4.0567e-02 2.3622e+02 
4.0576e-02 2.3691e+02 
4.0585e-02 2.3762e+02 
4.0594e-02 2.3835e+02 
4.0603e-02 2.3910e+02 
4.0612e-02 2.3986e+02 
4.0621e-02 2.4065e+02 
4.0629e-02 2.4145e+02 
4.0638e-02 2.4227e+02 
4.0646e-02 2.4311e+02 
4.0655e-02 2.4396e+02 
4.0663e-02 2.4483e+02 
4.0671e-02 2.4572e+02 
4.0680e-02 2.4662e+02 
4.0688e-02 2.4755e+02 
4.0696e-02 2.4849e+02 
4.0703e-02 2.4945e+02 
4.0711e-02 2.5042e+02 
4.0719e-02 2.5142e+02 
4.0727e-02 2.5243e+02 
4.0734e-02 2.5345e+02 
4.0741e-02 2.5450e+02 
4.0749e-02 2.5556e+02 
4.0756e-02 2.5663e+02 
4.0763e-02 2.5772e+02 
4.0770e-02 2.5882e+02 
4.0776e-02 2.5994e+02 
4.0783e-02 2.6106e+02 
4.0790e-02 2.6219e+02 
4.0796e-02 2.6333e+02 
4.0802e-02 2.6447e+02 
4.0809e-02 2.6562e+02 
4.0815e-02 2.6676e+02 
4.0821e-02 2.6790e+02 
4.0826e-02 2.6903e+02 
4.0832e-02 2.7015e+02 
4.0838e-02 2.7125e+02 
4.0843e-02 2.7234e+02 
4.0848e-02 2.7341e+02 
4.0854e-02 2.7446e+02 
4.0859e-02 2.7550e+02 
4.0864e-02 2.7651e+02 
4.0869e-02 2.7751e+02 
4.0874e-02 2.7849e+02 
4.0879e-02 2.7944e+02 
4.0883e-02 2.8037e+02 
4.0888e-02 2.8128e+02 
4.0893e-02 2.8216e+02 
4.0897e-02 2.8302e+02 
4.0902e-02 2.8385e+02 
4.0907e-02 2.8465e+02 
4.0911e-02 2.8543e+02 
4.0916e-02 2.8618e+02 
4.0920e-02 2.8691e+02 
4.0924e-02 2.8760e+02 
4.0929e-02 2.8827e+02 
4.0933e-02 2.8891e+02 
4.0937e-02 2.8953e+02 
4.0942e-02 2.9011e+02 
4.0946e-02 2.9067e+02 
4.0950e-02 2.9120e+02 
4.0955e-02 2.9170e+02 
4.0959e-02 2.9218e+02 
4.0963e-02 2.9262e+02 
4.0967e-02 2.9305e+02 
4.0971e-02 2.9344e+02 
4.0976e-02 2.9381e+02 
4.0980e-02 2.9415e+02 
4.0984e-02 2.9447e+02 
4.0988e-02 2.9476e+02 
4.0992e-02 2.9503e+02 
4.0996e-02 2.9528e+02 
4.1000e-02 2.9550e+02 
4.1005e-02 2.9570e+02 
4.1009e-02 2.9587e+02 
4.1013e-02 2.9602e+02 
4.1017e-02 2.9615e+02 
4.1021e-02 2.9626e+02 
4.1026e-02 2.9634e+02 
4.1030e-02 2.9641e+02 
4.1034e-02 2.9645e+02 
4.1038e-02 2.9649e+02 
4.1042e-02 2.9648e+02 
4.1047e-02 2.9646e+02 
4.1051e-02 2.9642e+02 
4.1055e-02 2.9637e+02 
4.1059e-02 2.9629e+02 
4.1064e-02 2.9619e+02 
4.1068e-02 2.9608e+02 
4.1072e-02 2.9595e+02 
4.1077e-02 2.9580e+02 
4.1081e-02 2.9564e+02 
4.1086e-02 2.9545e+02 
4.1090e-02 2.9525e+02 
4.1095e-02 2.9504e+02 
4.1099e-02 2.9480e+02 
4.1104e-02 2.9455e+02 
4.1108e-02 2.9429e+02 
4.1113e-02 2.9401e+02 
4.1117e-02 2.9371e+02 
4.1122e-02 2.9340e+02 
4.1127e-02 2.9308e+02 
4.1131e-02 2.9274e+02 
4.1136e-02 2.9238e+02 
4.1141e-02 2.9201e+02 
4.1146e-02 2.9163e+02 
4.1150e-02 2.9124e+02 
4.1155e-02 2.9083e+02 
4.1160e-02 2.9041e+02 
4.1165e-02 2.8998e+02 
4.1170e-02 2.8953e+02 
4.1175e-02 2.8908e+02 
4.1180e-02 2.8861e+02 
4.1185e-02 2.8813e+02 
4.1191e-02 2.8765e+02 
4.1196e-02 2.8715e+02 
4.1201e-02 2.8664e+02 
4.1206e-02 2.8612e+02 
4.1212e-02 2.8559e+02 
4.1217e-02 2.8505e+02 
4.1223e-02 2.8451e+02 
4.1228e-02 2.8395e+02 
4.1234e-02 2.8339e+02 
4.1239e-02 2.8281e+02 
4.1245e-02 2.8223e+02 
4.1251e-02 2.8165e+02 
4.1256e-02 2.8105e+02 
4.1262e-02 2.8044e+02 
4.1268e-02 2.7983e+02 
4.1274e-02 2.7921e+02 
4.1280e-02 2.7859e+02 
4.1286e-02 2.7795e+02 
4.1292e-02 2.7731e+02 
4.1298e-02 2.7667e+02 
4.1304e-02 2.7602e+02 
4.1311e-02 2.7536e+02 
4.1317e-02 2.7470e+02 
4.1323e-02 2.7403e+02 
4.1330e-02 2.7336e+02 
4.1336e-02 2.7268e+02 
4.1343e-02 2.7200e+02 
4.1350e-02 2.7131e+02 
4.1356e-02 2.7061e+02 
4.1363e-02 2.6992e+02 
4.1370e-02 2.6922e+02 
4.1377e-02 2.6851e+02 
4.1384e-02 2.6780e+02 
4.1391e-02 2.6709e+02 
4.1398e-02 2.6637e+02 
4.1405e-02 2.6565e+02 
4.1412e-02 2.6493e+02 
4.1419e-02 2.6420e+02 
4.1427e-02 2.6347e+02 
4.1434e-02 2.6274e+02 
4.1441e-02 2.6201e+02 
4.1449e-02 2.6127e+02 
4.1456e-02 2.6053e+02 
4.1464e-02 2.5979e+02 
4.1471e-02 2.5904e+02 
4.1479e-02 2.5830e+02 
4.1487e-02 2.5755e+02 
4.1494e-02 2.5679e+02 
4.1502e-02 2.5604e+02 
4.1510e-02 2.5528e+02 
4.1518e-02 2.5452e+02 
4.1526e-02 2.5376e+02 
4.1534e-02 2.5299e+02 
4.1542e-02 2.5222e+02 
4.1550e-02 2.5144e+02 
4.1559e-02 2.5066e+02 
4.1567e-02 2.4988e+02 
4.1575e-02 2.4910e+02 
4.1583e-02 2.4831e+02 
4.1592e-02 2.4753e+02 
4.1600e-02 2.4675e+02 
4.1608e-02 2.4597e+02 
4.1616e-02 2.4519e+02 
4.1624e-02 2.4442e+02 
4.1632e-02 2.4365e+02 
4.1640e-02 2.4288e+02 
4.1648e-02 2.4211e+02 
4.1657e-02 2.4134e+02 
4.1665e-02 2.4058e+02 
4.1673e-02 2.3982e+02 
4.1681e-02 2.3906e+02 
4.1689e-02 2.3831e+02 
4.1697e-02 2.3755e+02 
4.1705e-02 2.3680e+02 
4.1713e-02 2.3606e+02 
4.1720e-02 2.3531e+02 
4.1728e-02 2.3457e+02 
4.1736e-02 2.3383e+02 
4.1744e-02 2.3310e+02 
4.1752e-02 2.3236e+02 
4.1760e-02 2.3163e+02 
4.1768e-02 2.3090e+02 
4.1776e-02 2.3018e+02 
4.1783e-02 2.2945e+02 
4.1791e-02 2.2873e+02 
4.1799e-02 2.2801e+02 
4.1807e-02 2.2729e+02 
4.1814e-02 2.2658e+02 
4.1822e-02 2.2586e+02 
4.1830e-02 2.2515e+02 
4.1838e-02 2.2444e+02 
4.1845e-02 2.2373e+02 
4.1853e-02 2.2303e+02 
4.1861e-02 2.2232e+02 
4.1869e-02 2.2162e+02 
4.1876e-02 2.2091e+02 
4.1884e-02 2.2021e+02 
4.1892e-02 2.1951e+02 
4.1900e-02 2.1881e+02 
4.1907e-02 2.1811e+02 
4.1915e-02 2.1742e+02 
4.1923e-02 2.1672e+02 
4.1930e-02 2.1603e+02 
4.1938e-02 2.1533e+02 
4.1946e-02 2.1464e+02 
4.1954e-02 2.1394e+02 
4.1961e-02 2.1325e+02 
4.1969e-02 2.1256e+02 
4.1977e-02 2.1187e+02 
4.1984e-02 2.1117e+02 
4.1992e-02 2.1048e+02 
4.2000e-02 2.0979e+02 
4.2008e-02 2.0910e+02 
4.2016e-02 2.0841e+02 
4.2023e-02 2.0773e+02 
4.2031e-02 2.0704e+02 
4.2039e-02 2.0635e+02 
4.2047e-02 2.0566e+02 
4.2055e-02 2.0498e+02 
4.2062e-02 2.0429e+02 
4.2070e-02 2.0360e+02 
4.2078e-02 2.0292e+02 
4.2086e-02 2.0223e+02 
4.2094e-02 2.0155e+02 
4.2102e-02 2.0087e+02 
4.2110e-02 2.0019e+02 
4.2118e-02 1.9951e+02 
4.2126e-02 1.9883e+02 
4.2134e-02 1.9815e+02 
4.2142e-02 1.9747e+02 
4.2150e-02 1.9680e+02 
4.2158e-02 1.9612e+02 
4.2166e-02 1.9545e+02 
4.2174e-02 1.9478e+02 
4.2182e-02 1.9411e+02 
4.2190e-02 1.9344e+02 
4.2198e-02 1.9277e+02 
4.2207e-02 1.9211e+02 
4.2215e-02 1.9144e+02 
4.2223e-02 1.9078e+02 
4.2231e-02 1.9012e+02 
4.2240e-02 1.8946e+02 
4.2248e-02 1.8880e+02 
4.2256e-02 1.8815e+02 
4.2265e-02 1.8750e+02 
4.2273e-02 1.8684e+02 
4.2281e-02 1.8619e+02 
4.2290e-02 1.8555e+02 
4.2298e-02 1.8490e+02 
4.2307e-02 1.8426e+02 
4.2316e-02 1.8362e+02 
4.2324e-02 1.8298e+02 
4.2333e-02 1.8234e+02 
4.2342e-02 1.8170e+02 
4.2350e-02 1.8107e+02 
4.2359e-02 1.8044e+02 
4.2368e-02 1.7981e+02 
4.2377e-02 1.7919e+02 
4.2385e-02 1.7857e+02 
4.2394e-02 1.7795e+02 
4.2403e-02 1.7733e+02 
4.2412e-02 1.7672e+02 
4.2421e-02 1.7611e+02 
4.2430e-02 1.7550e+02 
4.2439e-02 1.7490e+02 
4.2449e-02 1.7430e+02 
4.2458e-02 1.7370e+02 
4.2467e-02 1.7311e+02 
4.2476e-02 1.7252e+02 
4.2486e-02 1.7193e+02 
4.2495e-02 1.7135e+02 
4.2504e-02 1.7077e+02 
4.2514e-02 1.7020e+02 
4.2523e-02 1.6963e+02 
4.2533e-02 1.6907e+02 
4.2542e-02 1.6851e+02 
4.2552e-02 1.6795e+02 
4.2561e-02 1.6740e+02 
4.2571e-02 1.6685e+02 
4.2581e-02 1.6631e+02 
4.2591e-02 1.6578e+02 
4.2600e-02 1.6525e+02 
4.2610e-02 1.6472e+02 
4.2620e-02 1.6420e+02 
4.2630e-02 1.6369e+02 
4.2640e-02 1.6318e+02 
4.2650e-02 1.6268e+02 
4.2660e-02 1.6219e+02 
4.2670e-02 1.6170e+02 
4.2680e-02 1.6122e+02 
4.2690e-02 1.6074e+02 
4.2700e-02 1.6028e+02 
4.2711e-02 1.5981e+02 
4.2721e-02 1.5936e+02 
4.2731e-02 1.5891e+02 
4.2741e-02 1.5847e+02 
4.2752e-02 1.5804e+02 
4.2762e-02 1.5761e+02 
4.2772e-02 1.5719e+02 
4.2783e-02 1.5678e+02 
4.2793e-02 1.5638e+02 
4.2804e-02 1.5598e+02 
4.2814e-02 1.5559e+02 
4.2825e-02 1.5521e+02 
4.2835e-02 1.5484e+02 
4.2846e-02 1.5448e+02 
4.2857e-02 1.5412e+02 
4.2867e-02 1.5377e+02 
4.2878e-02 1.5343e+02 
4.2889e-02 1.5310e+02 
4.2900e-02 1.5278e+02 
