0.000000000000000000e+00 4.469117909130493761e-25 0.000000000000000000e+00 3.523123839190020226e+04 0.000000000000000000e+00
8.000000000000000000e+03 4.450437682894860201e-25 -6.321226724587798537e-13 3.559642706583405379e+04 0.000000000000000000e+00
1.600000000000000000e+04 4.366629100324179907e-25 -1.267713524812649117e-12 3.596161573976790532e+04 0.000000000000000000e+00
2.400000000000000000e+04 4.290393582443621326e-25 -1.910232962625914543e-12 3.707269662354094908e+04 0.000000000000000000e+00
3.200000000000000000e+04 4.257324533296756511e-25 -2.563200719532945064e-12 3.818377750731399283e+04 0.000000000000000000e+00
4.000000000000000000e+04 4.144990740393284430e-25 -3.230112075007227170e-12 4.008811416518408805e+04 0.000000000000000000e+00
4.800000000000000000e+04 4.083017827679121743e-25 -3.914581907142635476e-12 4.199245082305418327e+04 0.000000000000000000e+00
5.600000000000000000e+04 4.033919124938165968e-25 -4.620180431270292437e-12 4.477177748613175936e+04 0.000000000000000000e+00
6.400000000000000000e+04 3.929410832214486324e-25 -5.350659546181411867e-12 4.755110414920933545e+04 0.000000000000000000e+00
7.200000000000000000e+04 3.868321443714171170e-25 -6.109699910643979227e-12 5.132595639180089347e+04 0.000000000000000000e+00
8.000000000000000000e+04 3.747152408672223757e-25 -6.901228440931247342e-12 5.510080863439245149e+04 0.000000000000000000e+00
8.800000000000000000e+04 3.676470471564421099e-25 -7.729064200950118501e-12 6.003722034852660727e+04 0.000000000000000000e+00
9.600000000000000000e+04 3.469978241013769049e-25 -8.597339789006081907e-12 6.497363206266076304e+04 0.000000000000000000e+00
1.040000000000000000e+05 3.376577109835601251e-25 -9.510028155133697514e-12 7.129268283288308885e+04 0.000000000000000000e+00
1.120000000000000000e+05 3.306400043707140041e-25 -1.047148495966897694e-11 7.761173360310541466e+04 0.000000000000000000e+00
1.200000000000000000e+05 3.190784589437948551e-25 -1.148583187565044428e-11 8.560266162310971413e+04 0.000000000000000000e+00
1.280000000000000000e+05 2.947436777395370829e-25 -1.255764140103917977e-11 9.359358964311401360e+04 0.000000000000000000e+00
1.360000000000000000e+05 2.928251680180395822e-25 -1.369114319262440448e-11 1.036318950269427150e+05 0.000000000000000000e+00
1.440000000000000000e+05 2.603114769484503596e-25 -1.489107733506044896e-11 1.136702004107714165e+05 0.000000000000000000e+00
1.520000000000000000e+05 2.490023670112019344e-25 -1.616168154998042751e-11 1.262408750665932894e+05 0.000000000000000000e+00
1.600000000000000000e+05 2.289589891313464664e-25 -1.750773851901039673e-11 1.388115497224151623e+05 0.000000000000000000e+00
1.680000000000000000e+05 2.148730888077200796e-25 -1.893328204734522103e-11 1.545435069084080169e+05 0.000000000000000000e+00
1.760000000000000000e+05 2.120458113234079733e-25 -2.044286522842871350e-11 1.702754640944008715e+05 0.000000000000000000e+00
1.840000000000000000e+05 1.934665592836427033e-25 -2.203993789328779959e-11 1.899706765794460662e+05 0.000000000000000000e+00
1.920000000000000000e+05 1.975055271183742837e-25 -2.372831217435130697e-11 2.096658890644912608e+05 0.000000000000000000e+00
2.000000000000000000e+05 1.930626625001695452e-25 -2.551005800804814314e-11 2.343850398573413258e+05 0.000000000000000000e+00
2.080000000000000000e+05 1.648908618529167716e-25 -2.738717674962308249e-11 2.591041906501913909e+05 0.000000000000000000e+00
2.160000000000000000e+05 1.664054747909411143e-25 -2.935925795979314867e-11 2.900565647513647564e+05 0.000000000000000000e+00
2.240000000000000000e+05 1.328820417626689966e-25 -3.142486045429231059e-11 3.210089388525381219e+05 0.000000000000000000e+00
2.320000000000000000e+05 1.256118996601521518e-25 -3.357789205406989501e-11 3.600994534073041286e+05 0.000000000000000000e+00
2.400000000000000000e+05 9.208846663188003412e-26 -3.580929210296951254e-11 3.991899679620701354e+05 0.000000000000000000e+00
2.480000000000000000e+05 1.011761442600260901e-25 -3.810665284714568064e-11 4.467755410319757648e+05 0.000000000000000000e+00
2.560000000000000000e+05 8.804949879714845367e-26 -4.045133130470111562e-11 4.943611141018813942e+05 0.000000000000000000e+00
2.640000000000000000e+05 9.047287949798740194e-26 -4.280741393503614794e-11 5.563890359986016992e+05 0.000000000000000000e+00
2.720000000000000000e+05 9.047287949798740194e-26 -4.512858852852546520e-11 6.184169578953220043e+05 0.000000000000000000e+00
2.800000000000000000e+05 9.855081516745056283e-26 -4.739708881894391475e-11 6.761254049214271363e+05 0.000000000000000000e+00
2.880000000000000000e+05 7.431700815906108016e-26 -4.958564127300956300e-11 7.338338519475322682e+05 0.000000000000000000e+00
2.960000000000000000e+05 6.603712409786134025e-26 -5.153941442691299505e-11 8.492053610294621903e+05 0.000000000000000000e+00
3.040000000000000000e+05 6.220010465486633883e-26 -5.310514583274115984e-11 9.645768701113921124e+05 0.000000000000000000e+00
3.120000000000000000e+05 4.069260093492067297e-26 -5.465072021189283017e-11 8.755838708546194248e+05 0.000000000000000000e+00
3.200000000000000000e+05 1.938704560671158613e-26 -5.658179302926943811e-11 7.865908715978467371e+05 0.000000000000000000e+00
3.280000000000000000e+05 -5.896893038708107448e-26 -5.695309560064099835e-11 -4.779859740808184724e+05 0.000000000000000000e+00
3.360000000000000000e+05 -1.260157964436253098e-25 -5.765240318542260295e-11 -1.742562819759483682e+06 0.000000000000000000e+00
3.440000000000000000e+05 -1.890236946654379648e-25 -5.832803441933337896e-11 -1.113438637698836159e+06 0.000000000000000000e+00
3.520000000000000000e+05 -2.374913086822169301e-25 -5.863660516512281699e-11 -4.843144556381888688e+05 0.000000000000000000e+00
3.600000000000000000e+05 -2.681874642261769415e-25 -5.872459060512514548e-11 -4.324948860033138189e+05 0.000000000000000000e+00
3.680000000000000000e+05 -3.521979951885938147e-25 -5.873259543944580644e-11 -3.806753163684387691e+05 0.000000000000000000e+00
3.760000000000000000e+05 -3.618915179919496078e-25 -5.866163000137527009e-11 -2.290116591331714299e+05 0.000000000000000000e+00
3.840000000000000000e+05 -4.152058934104064696e-25 -5.850199217365760426e-11 -7.734800189790409058e+04 0.000000000000000000e+00
3.920000000000000000e+05 -4.426708746865812166e-25 -5.824043372685395226e-11 1.560257446887054248e+05 0.000000000000000000e+00
4.000000000000000000e+05 -4.572111588916149062e-25 -5.785003030502094815e-11 3.893994912753149401e+05 0.000000000000000000e+00
4.080000000000000000e+05 -4.749826173644338602e-25 -5.734498918485342182e-11 4.510218207787245046e+05 0.000000000000000000e+00
4.160000000000000000e+05 -5.040631857745012394e-25 -5.672368842839173586e-11 5.126441502821340691e+05 0.000000000000000000e+00
4.240000000000000000e+05 -5.299125799167833542e-25 -5.570564048590981312e-11 1.756249777885922231e+06 0.000000000000000000e+00
4.320000000000000000e+05 -5.331437541845686186e-25 -5.400490160116819869e-11 2.999855405489710160e+06 0.000000000000000000e+00
4.400000000000000000e+05 -5.428372769879244116e-25 -5.235512343995938601e-11 3.162699650952271186e+05 0.000000000000000000e+00
4.480000000000000000e+05 -6.195776658478244401e-25 -5.151398316580979196e-11 -2.367315475299255922e+06 0.000000000000000000e+00
4.560000000000000000e+05 -6.252322208164486527e-25 -4.705078305402715438e-11 -2.484240311040417757e+06 0.000000000000000000e+00
4.640000000000000000e+05 -5.848425424691328482e-25 -4.251512305155418153e-11 -2.601165146781579591e+06 0.000000000000000000e+00
4.720000000000000000e+05 -5.598009418937970495e-25 -3.731048220207358551e-11 -2.361244973868096247e+06 0.000000000000000000e+00
4.800000000000000000e+05 -5.056787729083938716e-25 -3.086500061581864842e-11 -2.121324800954612903e+06 0.000000000000000000e+00
4.880000000000000000e+05 -4.741748237974875441e-25 -2.362009977392158445e-11 -2.050744988634738373e+06 0.000000000000000000e+00
4.960000000000000000e+05 -4.515566039229906936e-25 -1.598630134382111937e-11 -1.980165176314863842e+06 0.000000000000000000e+00
5.040000000000000000e+05 -4.329773518832254236e-25 -8.081419629774971875e-12 -1.941016376639213413e+06 0.000000000000000000e+00
5.120000000000000000e+05 -4.293422808319670012e-25 0.000000000000000000e+00 -1.901867576963562984e+06 0.000000000000000000e+00
