1.570796326794896558e+00 -1.868446245137095451e+06
1.565902880293977839e+00 -1.805792180715739727e+06
1.561009433793059120e+00 -1.743138116294384003e+06
1.556115987292140623e+00 -1.738720582632288337e+06
1.551222540791221904e+00 -1.734303048970192671e+06
1.546329094290303185e+00 -1.707690994731396437e+06
1.541435647789384467e+00 -1.681078940492600203e+06
1.536542201288465748e+00 -1.647252004947990179e+06
1.531648754787547029e+00 -1.613425069403380156e+06
1.526755308286628532e+00 -1.569847821231395006e+06
1.521861861785709813e+00 -1.526270573059409857e+06
1.516968415284791094e+00 -1.474107151567161083e+06
1.512074968783872375e+00 -1.421943730074912310e+06
1.507181522282953656e+00 -1.361571183982938528e+06
1.502288075782034937e+00 -1.301198637890964746e+06
1.497394629281116440e+00 -1.233261827235326171e+06
1.492501182780197722e+00 -1.165325016579687595e+06
1.487607736279279003e+00 -1.090471324172466993e+06
1.482714289778360284e+00 -1.015617631765246391e+06
1.477820843277441565e+00 -9.345465964880138636e+05
1.472927396776522846e+00 -8.534755612107813358e+05
1.468033950275604349e+00 -7.669099792472422123e+05
1.463140503774685630e+00 -6.803443972837030888e+05
1.458247057273766911e+00 -5.890211957520097494e+05
1.453353610772848192e+00 -4.976979942203164101e+05
1.448460164271929473e+00 -4.023549207324981689e+05
1.443566717771010754e+00 -3.070118472446799278e+05
1.438673271270092258e+00 -2.083764594495445490e+05
1.433779824769173539e+00 -1.097410716544091702e+05
1.428886378268254820e+00 -8.520693369895219803e+03
1.423992931767336101e+00 9.269968491461873055e+04
1.419099485266417382e+00 1.958264935324490070e+05
1.414206038765498885e+00 2.989533021502792835e+05
1.409312592264580166e+00 4.033437884296178818e+05
1.404419145763661447e+00 5.077342747089564800e+05
1.399525699262742728e+00 6.127870177894681692e+05
1.394632252761824009e+00 7.178397608699798584e+05
1.389738806260905291e+00 8.229987312856763601e+05
1.384845359759986572e+00 9.281577017013728619e+05
1.379951913259068075e+00 1.032914945522740483e+06
1.375058466758149356e+00 1.137672189344108105e+06
1.370165020257230637e+00 1.241569262849584222e+06
1.365271573756311918e+00 1.345466336355060339e+06
1.360378127255393199e+00 1.448094637066081166e+06
1.355484680754474702e+00 1.550722937777101994e+06
1.350591234253555983e+00 1.651723088538244367e+06
1.345697787752637264e+00 1.752723239299386740e+06
1.340804341251718546e+00 1.851783687539979815e+06
1.335910894750799827e+00 1.950844135780572891e+06
1.331017448249881330e+00 2.047699124691784382e+06
1.326124001748962611e+00 2.144554113602995872e+06
1.321230555248043892e+00 2.238981170051395893e+06
1.316337108747125173e+00 2.333408226499795914e+06
1.311443662246206454e+00 2.425225306835696101e+06
1.306550215745287735e+00 2.517042387171596289e+06
1.301656769244369016e+00 2.606104797415003181e+06
1.296763322743450519e+00 2.695167207658410072e+06
1.291869876242531801e+00 2.781364393239900470e+06
1.286976429741613082e+00 2.867561578821390867e+06
1.282082983240694363e+00 2.950813894806772470e+06
1.277189536739775644e+00 3.034066210792154074e+06
1.272296090238857147e+00 3.114321711438462138e+06
1.267402643737938428e+00 3.194577212084770203e+06
1.262509197237019709e+00 3.271808547802448273e+06
1.257615750736100990e+00 3.349039883520126343e+06
1.252722304235182271e+00 3.423241323865354061e+06
1.247828857734263552e+00 3.497442764210581779e+06
1.242935411233344833e+00 3.568627392875343561e+06
1.238041964732426337e+00 3.639812021540105343e+06
1.233148518231507618e+00 3.708009120332092047e+06
1.228255071730588899e+00 3.776206219124078751e+06
1.223361625229670180e+00 3.841458848912969232e+06
1.218468178728751461e+00 3.906711478701859713e+06
1.213574732227832964e+00 3.969074269410073757e+06
1.208681285726914245e+00 4.031437060118287802e+06
1.203787839225995526e+00 4.090974208154961467e+06
1.198894392725076807e+00 4.150511356191635132e+06
1.194000946224158088e+00 4.207294818464696407e+06
1.189107499723239370e+00 4.264078280737757683e+06
1.184214053222320651e+00 4.318186167354151607e+06
1.179320606721402154e+00 4.372294053970545530e+06
1.174427160220483435e+00 4.423809202783241868e+06
1.169533713719564716e+00 4.475324351595938206e+06
1.164640267218646219e+00 4.524333073035284877e+06
1.159746820717727278e+00 4.573341794474631548e+06
1.154853374216808781e+00 4.619932778551191092e+06
1.149959927715890062e+00 4.666523762627750635e+06
1.145066481214971343e+00 4.710787129623979330e+06
1.140173034714052624e+00 4.755050496620208025e+06
1.135279588213133906e+00 4.797076982509329915e+06
1.130386141712215409e+00 4.839103468398451805e+06
1.125492695211296690e+00 4.878983730212777853e+06
1.120599248710377971e+00 4.918863992027103901e+06
1.115705802209459252e+00 4.956688020301401615e+06
1.110812355708540533e+00 4.994512048575699329e+06
1.105918909207622036e+00 5.030368677001893520e+06
1.101025462706703095e+00 5.066225305428087711e+06
1.096132016205784598e+00 5.100201806805148721e+06
1.091238569704865879e+00 5.134178308182209730e+06
1.086345123203947161e+00 5.166360063292145729e+06
1.081451676703028442e+00 5.198541818402081728e+06
1.076558230202109723e+00 5.229012053258910775e+06
1.071664783701191226e+00 5.259482288115739822e+06
1.066771337200272507e+00 5.288321867542028427e+06
1.061877890699353788e+00 5.317161446968317032e+06
1.056984444198435069e+00 5.344448718567341566e+06
1.052090997697516350e+00 5.371735990166366100e+06
1.047197551196597853e+00 5.397546670517846942e+06
1.042304104695678912e+00 5.423357350869327784e+06
1.037410658194760416e+00 5.447764450935825706e+06
1.032517211693841697e+00 5.472171551002323627e+06
1.027623765192922978e+00 5.495245329348385334e+06
1.022730318692004481e+00 5.518319107694447041e+06
1.017836872191085540e+00 5.540127053884744644e+06
1.012943425690167043e+00 5.561935000075042248e+06
1.008049979189248324e+00 5.582541837903127074e+06
1.003156532688329605e+00 5.603148675731211901e+06
9.982630861874108863e-01 5.622616386762022972e+06
9.933696396864922784e-01 5.642084097792834044e+06
9.884761931855735595e-01 5.660471958344832063e+06
9.835827466846548406e-01 5.678859818896830082e+06
9.786893001837362327e-01 5.696224452082678676e+06
9.737958536828175138e-01 5.713589085268527269e+06
9.689024071818987949e-01 5.729984519331946969e+06
9.640089606809801870e-01 5.746379953395366669e+06
9.591155141800614681e-01 5.761857692199870944e+06
9.542220676791427492e-01 5.777335431004375219e+06
9.493286211782241413e-01 5.791944527709394693e+06
9.444351746773054224e-01 5.806553624414414167e+06
9.395417281763867035e-01 5.820340759648084641e+06
9.346482816754680956e-01 5.834127894881755114e+06
9.297548351745493767e-01 5.847137459627687931e+06
9.248613886736306577e-01 5.860147024373620749e+06
9.199679421727120499e-01 5.872421203575015068e+06
9.150744956717933309e-01 5.884695382776409388e+06
9.101810491708746120e-01 5.896274240603819489e+06
9.052876026699560041e-01 5.907853098431229591e+06
9.003941561690372852e-01 5.918774663802579045e+06
8.955007096681185663e-01 5.929696229173928499e+06
8.906072631671999584e-01 5.939996580246090889e+06
8.857138166662812395e-01 5.950296931318253279e+06
8.808203701653625206e-01 5.960010279537230730e+06
8.759269236644439127e-01 5.969723627756208181e+06
8.710334771635251938e-01 5.978882401723802090e+06
8.661400306626064749e-01 5.988041175691395998e+06
8.612465841616878670e-01 5.996676099907651544e+06
8.563531376607691481e-01 6.005311024123907089e+06
8.514596911598504292e-01 6.013451200121313334e+06
8.465662446589318213e-01 6.021591376118719578e+06
8.416727981580131024e-01 6.029264357686609030e+06
8.367793516570943835e-01 6.036937339254498482e+06
8.318859051561757756e-01 6.044169207684263587e+06
8.269924586552570567e-01 6.051401076114028692e+06
8.220990121543383378e-01 6.058216511054649949e+06
8.172055656534197299e-01 6.065031945995271206e+06
8.123121191525010110e-01 6.071454295636326075e+06
8.074186726515822921e-01 6.077876645277380943e+06
8.025252261506636842e-01 6.083927992346227169e+06
7.976317796497449653e-01 6.089979339415073395e+06
7.927383331488262463e-01 6.095680565459281206e+06
7.878448866479076385e-01 6.101381791503489017e+06
7.829514401469890306e-01 6.106752638173893094e+06
7.780579936460703117e-01 6.112123484844297171e+06
7.731645471451517038e-01 6.117182612124696374e+06
7.682711006442329849e-01 6.122241739405095577e+06
7.633776541433142659e-01 6.127006782807007432e+06
7.584842076423956581e-01 6.131771826208919287e+06
7.535907611414769391e-01 6.136259449435785413e+06
7.486973146405582202e-01 6.140747072662651539e+06
7.438038681396396123e-01 6.144973018601655960e+06
7.389104216387208934e-01 6.149198964540660381e+06
7.340169751378021745e-01 6.153178105269625783e+06
7.291235286368835666e-01 6.157157245998591185e+06
7.242300821359648477e-01 6.160903627531722188e+06
7.193366356350461288e-01 6.164650009064853191e+06
7.144431891341275209e-01 6.168176897115066648e+06
7.095497426332088020e-01 6.171703785165280104e+06
7.046562961322900831e-01 6.175023705634355545e+06
6.997628496313714752e-01 6.178343626103430986e+06
6.948694031304527563e-01 6.181468406368196011e+06
6.899759566295340374e-01 6.184593186632961035e+06
6.850825101286154295e-01 6.187533992242276669e+06
6.801890636276967106e-01 6.190474797851592302e+06
6.752956171267779917e-01 6.193242169351160526e+06
6.704021706258593838e-01 6.196009540850728750e+06
6.655087241249406649e-01 6.198613427098914981e+06
6.606152776240219460e-01 6.201217313347101212e+06
6.557218311231033381e-01 6.203667104733422399e+06
6.508283846221846192e-01 6.206116896119743586e+06
6.459349381212659003e-01 6.208421454873576760e+06
6.410414916203472924e-01 6.210726013627409935e+06
6.361480451194285735e-01 6.212893702143266797e+06
6.312545986185098545e-01 6.215061390659123659e+06
6.263611521175912467e-01 6.217100100434646010e+06
6.214677056166725277e-01 6.219138810210168362e+06
6.165742591157538088e-01 6.221055986537396908e+06
6.116808126148352009e-01 6.222973162864625454e+06
6.067873661139164820e-01 6.224775830311715603e+06
6.018939196129977631e-01 6.226578497758805752e+06
5.970004731120791552e-01 6.228273283391803503e+06
5.921070266111604363e-01 6.229968069024801254e+06
5.872135801102417174e-01 6.231561224255234003e+06
5.823201336093231095e-01 6.233154379485666752e+06
5.774266871084043906e-01 6.234651800711721182e+06
5.725332406074856717e-01 6.236149221937775612e+06
5.676397941065669528e-01 6.237556471855327487e+06
5.627463476056484559e-01 6.238963721772879362e+06
5.578529011047297370e-01 6.240286045519188046e+06
5.529594546038110181e-01 6.241608369265496731e+06
5.480660081028922992e-01 6.242850714299529791e+06
5.431725616019735803e-01 6.244093059333562851e+06
5.382791151010548614e-01 6.245260091175600886e+06
5.333856686001363645e-01 6.246427123017638922e+06
5.284922220992176456e-01 6.247523241072639823e+06
5.235987755982989267e-01 6.248619359127640724e+06
5.187053290973802078e-01 6.249648711492791772e+06
5.138118825964614889e-01 6.250678063857942820e+06
5.089184360955427699e-01 6.251644561997592449e+06
5.040249895946242731e-01 6.252611060137242079e+06
4.991315430937055542e-01 6.253518391654163599e+06
4.942380965927868353e-01 6.254425723171085119e+06
4.893446500918681163e-01 6.255277364450156689e+06
4.844512035909493974e-01 6.256129005729228258e+06
4.795577570900306785e-01 6.256928234158262610e+06
4.746643105891121817e-01 6.257727462587296963e+06
4.697708640881934627e-01 6.258477367455452681e+06
4.648774175872747438e-01 6.259227272323608398e+06
4.599839710863560249e-01 6.259930765423625708e+06
4.550905245854373060e-01 6.260634258523643017e+06
4.501970780845185871e-01 6.261294084296584129e+06
4.453036315836000902e-01 6.261953910069525242e+06
4.404101850826813713e-01 6.262572655228331685e+06
4.355167385817626524e-01 6.263191400387138128e+06
4.306232920808439335e-01 6.263771502521798015e+06
4.257298455799252146e-01 6.264351604656457901e+06
4.208363990790064957e-01 6.264895360592275858e+06
4.159429525780879988e-01 6.265439116528093815e+06
4.110495060771692799e-01 6.265948691032111645e+06
4.061560595762505610e-01 6.266458265536129475e+06
4.012626130753318421e-01 6.266935697601139545e+06
3.963691665744131232e-01 6.267413129666149616e+06
3.914757200734944043e-01 6.267860340955853462e+06
3.865822735725759074e-01 6.268307552245557308e+06
3.816888270716571885e-01 6.268726352560654283e+06
3.767953805707384696e-01 6.269145152875751257e+06
3.719019340698197507e-01 6.269537247436702251e+06
3.670084875689010318e-01 6.269929341997653246e+06
3.621150410679825349e-01 6.270296337113365531e+06
3.572215945670638160e-01 6.270663332229077816e+06
3.523281480661450971e-01 6.271006740099564195e+06
3.474347015652263782e-01 6.271350147970050573e+06
3.425412550643076592e-01 6.271671393847942352e+06
3.376478085633889403e-01 6.271992639725834131e+06
3.327543620624704435e-01 6.272293064874261618e+06
3.278609155615517246e-01 6.272593490022689104e+06
3.229674690606330056e-01 6.272874358080357313e+06
3.180740225597142867e-01 6.273155226138025522e+06
3.131805760587955678e-01 6.273417726356253028e+06
3.082871295578768489e-01 6.273680226574480534e+06
3.033936830569583520e-01 6.273925479035779834e+06
2.985002365560396331e-01 6.274170731497079134e+06
2.936067900551209142e-01 6.274399790412157774e+06
2.887133435542021953e-01 6.274628849327236414e+06
2.838198970532834764e-01 6.274842707214280963e+06
2.789264505523647575e-01 6.275056565101325512e+06
2.740330040514462606e-01 6.275256155999422073e+06
2.691395575505275417e-01 6.275455746897518635e+06
2.642461110496088228e-01 6.275641949922740459e+06
2.593526645486901039e-01 6.275828152947962284e+06
2.544592180477713850e-01 6.276001795283049345e+06
2.495657715468526661e-01 6.276175437618136406e+06
2.446723250459341692e-01 6.276337297883480787e+06
2.397788785450154503e-01 6.276499158148825169e+06
2.348854320440967314e-01 6.276649968698829412e+06
2.299919855431780125e-01 6.276800779248833656e+06
2.250985390422592936e-01 6.276941228823468089e+06
2.202050925413405746e-01 6.277081678398102522e+06
2.153116460404220778e-01 6.277212415405914187e+06
2.104181995395033589e-01 6.277343152413725853e+06
2.055247530385846400e-01 6.277464786072850227e+06
2.006313065376659210e-01 6.277586419731974602e+06
1.957378600367472021e-01 6.277699523589760065e+06
1.908444135358284832e-01 6.277812627447545528e+06
1.859509670349099864e-01 6.277917740333154798e+06
1.810575205339912674e-01 6.278022853218764067e+06
1.761640740330725485e-01 6.278120482065513730e+06
1.712706275321538296e-01 6.278218110912263393e+06
1.663771810312351107e-01 6.278308731924489141e+06
1.614837345303163918e-01 6.278399352936714888e+06
1.565902880293978949e-01 6.278483414246857166e+06
1.516968415284791760e-01 6.278567475556999445e+06
1.468033950275604571e-01 6.278645397819325328e+06
1.419099485266417382e-01 6.278723320081651211e+06
1.370165020257230193e-01 6.278795498618558049e+06
1.321230555248043004e-01 6.278867677155464888e+06
1.272296090238858035e-01 6.278934483999401331e+06
1.223361625229670846e-01 6.279001290843337774e+06
1.174427160220483657e-01 6.279063074664339423e+06
1.125492695211296468e-01 6.279124858485341072e+06
1.076558230202109279e-01 6.279181947261303663e+06
1.027623765192922090e-01 6.279239036037266254e+06
9.786893001837371209e-02 6.279291737546131015e+06
9.297548351745499318e-02 6.279344439054995775e+06
8.808203701653627427e-02 6.279393043039396405e+06
8.318859051561755535e-02 6.279441647023797035e+06
7.829514401469883644e-02 6.279486423853412271e+06
7.340169751378011753e-02 6.279531200683027506e+06
6.850825101286162067e-02 6.279572406364664435e+06
6.361480451194290175e-02 6.279613612046301365e+06
5.872135801102418284e-02 6.279651484612330794e+06
5.382791151010546393e-02 6.279689357178360224e+06
4.893446500918674502e-02 6.279724121674522758e+06
4.404101850826802611e-02 6.279758886170685291e+06
3.914757200734952924e-02 6.279790752609759569e+06
3.425412550643081033e-02 6.279822619048833847e+06
2.936067900551209142e-02 6.279851785216420889e+06
2.446723250459337251e-02 6.279880951384007931e+06
1.957378600367465360e-02 6.279907602448716760e+06
1.468033950275593469e-02 6.279934253513425589e+06
9.786893001837437822e-03 6.279958562510877848e+06
4.893446500918718911e-03 6.279982871508330107e+06
0.000000000000000000e+00 6.280005001540705562e+06
-4.893446500918496866e-03 6.280027131573081017e+06
-9.786893001837437822e-03 6.280047235133320093e+06
-1.468033950275593469e-02 6.280067338693559170e+06
-1.957378600367465360e-02 6.280085558440312743e+06
-2.446723250459315047e-02 6.280103778187066317e+06
-2.936067900551209142e-02 6.280120247910141945e+06
-3.425412550643058829e-02 6.280136717633217573e+06
-3.914757200734952924e-02 6.280151562573790550e+06
-4.404101850826802611e-02 6.280166407514363527e+06
-4.893446500918674502e-02 6.280179745309770107e+06
-5.382791151010524189e-02 6.280193083105176687e+06
-5.872135801102418284e-02 6.280205023289248347e+06
-6.361480451194267971e-02 6.280216963473320007e+06
-6.850825101286162067e-02 6.280227608848378062e+06
-7.340169751378011753e-02 6.280238254223436117e+06
-7.829514401469883644e-02 6.280247700716301799e+06
-8.318859051561733331e-02 6.280257147209167480e+06
-8.808203701653627427e-02 6.280265484985053539e+06
-9.297548351745477113e-02 6.280273822760939598e+06
-9.786893001837371209e-02 6.280281135475158691e+06
-1.027623765192922090e-01 6.280288448189377785e+06
-1.076558230202109279e-01 6.280294814646333456e+06
-1.125492695211294247e-01 6.280301181103289127e+06
-1.174427160220483657e-01 6.280306674384668469e+06
-1.223361625229668626e-01 6.280312167666047812e+06
-1.272296090238858035e-01 6.280316856595426798e+06
-1.321230555248043004e-01 6.280321545524805784e+06
-1.370165020257230193e-01 6.280325493739932775e+06
-1.419099485266415162e-01 6.280329441955059767e+06
-1.468033950275604571e-01 6.280332709270432591e+06
-1.516968415284789540e-01 6.280335976585805416e+06
-1.565902880293978949e-01 6.280338618408948183e+06
-1.614837345303163918e-01 6.280341260232090950e+06
-1.663771810312351107e-01 6.280343328951403499e+06
-1.712706275321536076e-01 6.280345397670716047e+06
-1.761640740330725485e-01 6.280346941163182259e+06
-1.810575205339910454e-01 6.280348484655648470e+06
-1.859509670349099864e-01 6.280349548382520676e+06
-1.908444135358284832e-01 6.280350612109392881e+06
-1.957378600367472021e-01 6.280351237532779574e+06
-2.006313065376656990e-01 6.280351862956166267e+06
-2.055247530385846400e-01 6.280352089604988694e+06
-2.104181995395031368e-01 6.280352316253811121e+06
-2.153116460404220778e-01 6.280352180145591497e+06
-2.202050925413405746e-01 6.280352044037371874e+06
-2.250985390422592936e-01 6.280351579335182905e+06
-2.299919855431777904e-01 6.280351114632993937e+06
-2.348854320440967314e-01 6.280350352164000273e+06
-2.397788785450152282e-01 6.280349589695006609e+06
-2.446723250459341692e-01 6.280348558912068605e+06
-2.495657715468526661e-01 6.280347528129130602e+06
-2.544592180477713850e-01 6.280346256026104093e+06
-2.593526645486898818e-01 6.280344983923077583e+06
-2.642461110496088228e-01 6.280343495684802532e+06
-2.691395575505273197e-01 6.280342007446527481e+06
-2.740330040514462606e-01 6.280340326044276357e+06
-2.789264505523647575e-01 6.280338644642025232e+06
-2.838198970532834764e-01 6.280336791749194264e+06
-2.887133435542019733e-01 6.280334938856363297e+06
-2.936067900551209142e-01 6.280332934436500072e+06
-2.985002365560394111e-01 6.280330930016636848e+06
-3.033936830569583520e-01 6.280328792264655232e+06
-3.082871295578768489e-01 6.280326654512673616e+06
-3.131805760587955678e-01 6.280324400530412793e+06
-3.180740225597140647e-01 6.280322146548151970e+06
-3.229674690606330056e-01 6.280319792020022869e+06
-3.278609155615515025e-01 6.280317437491893768e+06
-3.327543620624704435e-01 6.280314997186198831e+06
-3.376478085633889403e-01 6.280312556880503893e+06
-3.425412550643076592e-01 6.280310043450877070e+06
-3.474347015652261561e-01 6.280307530021250248e+06
-3.523281480661450971e-01 6.280304956449657679e+06
-3.572215945670635939e-01 6.280302382878065109e+06
-3.621150410679825349e-01 6.280299759556904435e+06
-3.670084875689010318e-01 6.280297136235743761e+06
-3.719019340698197507e-01 6.280294474192395806e+06
-3.767953805707382475e-01 6.280291812149047852e+06
-3.816888270716571885e-01 6.280289120576381683e+06
-3.865822735725756853e-01 6.280286429003715515e+06
-3.914757200734944043e-01 6.280283716499090195e+06
-3.963691665744131232e-01 6.280281003994464874e+06
-4.012626130753318421e-01 6.280278278669953346e+06
-4.061560595762503389e-01 6.280275553345441818e+06
-4.110495060771692799e-01 6.280272822174146771e+06
-4.159429525780877768e-01 6.280270091002851725e+06
-4.208363990790064957e-01 6.280267360552236438e+06
-4.257298455799252146e-01 6.280264630101621151e+06
-4.306232920808441555e-01 6.280261906244173646e+06
-4.355167385817626524e-01 6.280259182386726141e+06
-4.404101850826811493e-01 6.280256470827475190e+06
-4.453036315835996461e-01 6.280253759268224239e+06
-4.501970780845185871e-01 6.280251064427807927e+06
-4.550905245854370840e-01 6.280248369587391615e+06
-4.599839710863560249e-01 6.280245696082532406e+06
-4.648774175872745218e-01 6.280243022577673197e+06
-4.697708640881934627e-01 6.280240374158561230e+06
-4.746643105891119596e-01 6.280237725739449263e+06
-4.795577570900309006e-01 6.280235106267318130e+06
-4.844512035909493974e-01 6.280232486795186996e+06
-4.893446500918683384e-01 6.280229898735508323e+06
-4.942380965927868353e-01 6.280227310675829649e+06
-4.991315430937053321e-01 6.280224757532909513e+06
-5.040249895946238290e-01 6.280222204389989376e+06
-5.089184360955427699e-01 6.280219687968954444e+06
-5.138118825964612668e-01 6.280217171547919512e+06
-5.187053290973802078e-01 6.280214694392785430e+06
-5.235987755982987046e-01 6.280212217237651348e+06
-5.284922220992176456e-01 6.280209780969262123e+06
-5.333856686001361425e-01 6.280207344700872898e+06
-5.382791151010550834e-01 6.280204950902447104e+06
-5.431725616019735803e-01 6.280202557104021311e+06
-5.480660081028925212e-01 6.280200207117572427e+06
-5.529594546038110181e-01 6.280197857131123543e+06
-5.578529011047295150e-01 6.280195551968529820e+06
-5.627463476056480118e-01 6.280193246805936098e+06
-5.676397941065669528e-01 6.280190987813279033e+06
-5.725332406074854497e-01 6.280188728820621967e+06
-5.774266871084043906e-01 6.280186516431435943e+06
-5.823201336093228875e-01 6.280184304042249918e+06
-5.872135801102418284e-01 6.280182138652414083e+06
-5.921070266111603253e-01 6.280179973262578249e+06
-5.970004731120792663e-01 6.280177855600729585e+06
-6.018939196129977631e-01 6.280175737938880920e+06
-6.067873661139167041e-01 6.280173668166413903e+06
-6.116808126148352009e-01 6.280171598393946886e+06
-6.165742591157536978e-01 6.280169576464846730e+06
-6.214677056166721947e-01 6.280167554535746574e+06
-6.263611521175911356e-01 6.280165580758064985e+06
-6.312545986185096325e-01 6.280163606980383396e+06
-6.361480451194285735e-01 6.280161681093543768e+06
-6.410414916203470703e-01 6.280159755206704140e+06
-6.459349381212660113e-01 6.280157876851812005e+06
-6.508283846221845081e-01 6.280155998496919870e+06
-6.557218311231034491e-01 6.280154167794078588e+06
-6.606152776240219460e-01 6.280152337091237307e+06
-6.655087241249408869e-01 6.280150553382366896e+06
-6.704021706258593838e-01 6.280148769673496485e+06
-6.752956171267778807e-01 6.280147032707124949e+06
-6.801890636276963775e-01 6.280145295740753412e+06
-6.850825101286153185e-01 6.280143604868263006e+06
-6.899759566295338153e-01 6.280141913995772600e+06
-6.948694031304527563e-01 6.280140268856331706e+06
-6.997628496313712532e-01 6.280138623716890812e+06
-7.046562961322901941e-01 6.280137023802950978e+06
-7.095497426332086910e-01 6.280135423889011145e+06
-7.144431891341276319e-01 6.280133868116438389e+06
-7.193366356350461288e-01 6.280132312343865633e+06
-7.242300821359650698e-01 6.280130800438821316e+06
-7.291235286368835666e-01 6.280129288533776999e+06
-7.340169751378020635e-01 6.280127819621622562e+06
-7.389104216387205604e-01 6.280126350709468126e+06
-7.438038681396395013e-01 6.280124924062639475e+06
-7.486973146405579982e-01 6.280123497415810823e+06
-7.535907611414769391e-01 6.280122112447977066e+06
-7.584842076423954360e-01 6.280120727480143309e+06
-7.633776541433143770e-01 6.280119383163347840e+06
-7.682711006442328738e-01 6.280118038846552372e+06
-7.731645471451518148e-01 6.280116734517157078e+06
-7.780579936460703117e-01 6.280115430187761784e+06
-7.829514401469888085e-01 6.280114164980843663e+06
-7.878448866479077495e-01 6.280112899773925543e+06
-7.927383331488262463e-01 6.280111673094391823e+06
-7.976317796497447432e-01 6.280110446414858103e+06
-8.025252261506636842e-01 6.280109257074609399e+06
-8.074186726515821810e-01 6.280108067734360695e+06
-8.123121191525011220e-01 6.280106915074110031e+06
-8.172055656534196189e-01 6.280105762413859367e+06
-8.220990121543385598e-01 6.280104645583912730e+06
-8.269924586552570567e-01 6.280103528753966093e+06
-8.318859051561759976e-01 6.280102447067782283e+06
-8.367793516570944945e-01 6.280101365381598473e+06
-8.416727981580129914e-01 6.280100317774683237e+06
-8.465662446589314882e-01 6.280099270167768002e+06
-8.514596911598504292e-01 6.280098255729943514e+06
-8.563531376607689261e-01 6.280097241292119026e+06
-8.612465841616878670e-01 6.280096259705439210e+06
-8.661400306626063639e-01 6.280095278118759394e+06
-8.710334771635253048e-01 6.280094327979475260e+06
-8.759269236644438017e-01 6.280093377840191126e+06
-8.808203701653627427e-01 6.280092458674177527e+06
-8.857138166662812395e-01 6.280091539508163929e+06
-8.906072631672001805e-01 6.280090650277912617e+06
-8.955007096681186773e-01 6.280089761047661304e+06
-9.003941561690371742e-01 6.280088901221156120e+06
-9.052876026699556711e-01 6.280088041394650936e+06
-9.101810491708746120e-01 6.280087210015133023e+06
-9.150744956717931089e-01 6.280086378635615110e+06
-9.199679421727120499e-01 6.280085575009062886e+06
-9.248613886736305467e-01 6.280084771382510662e+06
-9.297548351745494877e-01 6.280083994630992413e+06
-9.346482816754679845e-01 6.280083217879474163e+06
-9.395417281763864814e-01 6.280082467389464378e+06
-9.444351746773054224e-01 6.280081716899454594e+06
-9.493286211782239192e-01 6.280080991936787963e+06
-9.542220676791428602e-01 6.280080266974121332e+06
-9.591155141800613571e-01 6.280079566890031099e+06
-9.640089606809798539e-01 6.280078866805940866e+06
-9.689024071818983508e-01 6.280078190601557493e+06
-9.737958536828172917e-01 6.280077514397174120e+06
-9.786893001837357886e-01 6.280076861621007323e+06
-9.835827466846547296e-01 6.280076208844840527e+06
-9.884761931855732264e-01 6.280075578749477863e+06
-9.933696396864921674e-01 6.280074948654115200e+06
-9.982630861874106643e-01 6.280074340623989701e+06
-1.003156532688329605e+00 6.280073732593864202e+06
-1.008049979189248102e+00 6.280073145959377289e+06
-1.012943425690167043e+00 6.280072559324890375e+06
-1.017836872191085540e+00 6.280071993418633938e+06
-1.022730318692004037e+00 6.280071427512377501e+06
-1.027623765192922534e+00 6.280070881791964173e+06
-1.032517211693841475e+00 6.280070336071550846e+06
-1.037410658194759971e+00 6.280069809896886349e+06
-1.042304104695678912e+00 6.280069283722221851e+06
-1.047197551196597409e+00 6.280068776492178440e+06
-1.052090997697516350e+00 6.280068269262135029e+06
-1.056984444198434847e+00 6.280067780469536781e+06
-1.061877890699353788e+00 6.280067291676938534e+06
-1.066771337200272285e+00 6.280066820801854134e+06
-1.071664783701191226e+00 6.280066349926769733e+06
-1.076558230202109723e+00 6.280065896224707365e+06
-1.081451676703028220e+00 6.280065442522644997e+06
-1.086345123203946716e+00 6.280065005754485726e+06
-1.091238569704865657e+00 6.280064568986326456e+06
-1.096132016205784154e+00 6.280064148421242833e+06
-1.101025462706703095e+00 6.280063727856159210e+06
-1.105918909207621592e+00 6.280063323134317994e+06
-1.110812355708540533e+00 6.280062918412476778e+06
-1.115705802209459030e+00 6.280062528974071145e+06
-1.120599248710377971e+00 6.280062139535665512e+06
-1.125492695211296468e+00 6.280061765132799745e+06
-1.130386141712215409e+00 6.280061390729933977e+06
-1.135279588213133906e+00 6.280061030642315745e+06
-1.140173034714052402e+00 6.280060670554697514e+06
-1.145066481214970899e+00 6.280060324531435966e+06
-1.149959927715889840e+00 6.280059978508174419e+06
-1.154853374216808337e+00 6.280059646039336920e+06
-1.159746820717727278e+00 6.280059313570499420e+06
-1.164640267218645775e+00 6.280058994418874383e+06
-1.169533713719564716e+00 6.280058675267249346e+06
-1.174427160220483213e+00 6.280058368803292513e+06
-1.179320606721402154e+00 6.280058062339335680e+06
-1.184214053222320651e+00 6.280057768430277705e+06
-1.189107499723239592e+00 6.280057474521219730e+06
-1.194000946224158088e+00 6.280057192750543356e+06
-1.198894392725076585e+00 6.280056910979866982e+06
-1.203787839225995082e+00 6.280056641024693847e+06
-1.208681285726914023e+00 6.280056371069520712e+06
-1.213574732227832520e+00 6.280056112606212497e+06
-1.218468178728751461e+00 6.280055854142904282e+06
-1.223361625229669958e+00 6.280055606832101941e+06
-1.228255071730588899e+00 6.280055359521299601e+06
-1.233148518231507396e+00 6.280055123326376081e+06
-1.238041964732426337e+00 6.280054887131452560e+06
-1.242935411233344833e+00 6.280054661398619413e+06
-1.247828857734263774e+00 6.280054435665786266e+06
-1.252722304235182271e+00 6.280054220684155822e+06
-1.257615750736100768e+00 6.280054005702525377e+06
-1.262509197237019265e+00 6.280053800633281469e+06
-1.267402643737938206e+00 6.280053595564037561e+06
-1.272296090238856703e+00 6.280053400861114264e+06
-1.277189536739775644e+00 6.280053206158190966e+06
-1.282082983240694141e+00 6.280053021506652236e+06
-1.286976429741613082e+00 6.280052836855113506e+06
-1.291869876242531578e+00 6.280052661858886480e+06
-1.296763322743450519e+00 6.280052486862659454e+06
-1.301656769244369016e+00 6.280052321938171983e+06
-1.306550215745287957e+00 6.280052157013684511e+06
-1.311443662246206454e+00 6.280052001912504435e+06
-1.316337108747124951e+00 6.280051846811324358e+06
-1.321230555248043448e+00 6.280051701730936766e+06
-1.326124001748962389e+00 6.280051556650549173e+06
-1.331017448249880886e+00 6.280051421789318323e+06
-1.335910894750799827e+00 6.280051286928087473e+06
-1.340804341251718323e+00 6.280051162546321750e+06
-1.345697787752637264e+00 6.280051038164556026e+06
-1.350591234253555761e+00 6.280050924713030457e+06
-1.355484680754474702e+00 6.280050811261504889e+06
-1.360378127255393199e+00 6.280050709510535002e+06
-1.365271573756312140e+00 6.280050607759565115e+06
-1.370165020257230637e+00 6.280050518685787916e+06
-1.375058466758149134e+00 6.280050429612010717e+06
-1.379951913259067631e+00 6.280050354594558477e+06
-1.384845359759986572e+00 6.280050279577106237e+06
-1.389738806260905069e+00 6.280050220538243651e+06
-1.394632252761824009e+00 6.280050161499381065e+06
-1.399525699262742506e+00 6.280050121161013842e+06
-1.404419145763661447e+00 6.280050080822646618e+06
-1.409312592264579944e+00 6.280050063140600920e+06
-1.414206038765498885e+00 6.280050045458555222e+06
-1.419099485266417382e+00 6.280050055977582932e+06
-1.423992931767336323e+00 6.280050066496610641e+06
-1.428886378268254820e+00 6.280050113433077931e+06
-1.433779824769173317e+00 6.280050160369545221e+06
-1.438673271270091814e+00 6.280050256805196404e+06
-1.443566717771010754e+00 6.280050353240847588e+06
-1.448460164271929251e+00 6.280050516061082482e+06
-1.453353610772848192e+00 6.280050678881317377e+06
-1.458247057273766689e+00 6.280050948465198278e+06
-1.463140503774685630e+00 6.280051218049079180e+06
-1.468033950275604127e+00 6.280051609319359064e+06
-1.472927396776523068e+00 6.280052000589638948e+06
-1.477820843277441565e+00 6.280052744974210858e+06
-1.482714289778360506e+00 6.280053489358782768e+06
-1.487607736279279003e+00 6.280054193008974195e+06
-1.492501182780197500e+00 6.280054896659165621e+06
-1.497394629281115996e+00 6.280058086723595858e+06
-1.502288075782034937e+00 6.280061276788026094e+06
-1.507181522282953434e+00 6.280058839749336243e+06
-1.512074968783872375e+00 6.280056402710646391e+06
-1.516968415284790872e+00 6.280085436243146658e+06
-1.521861861785709813e+00 6.280114469775646925e+06
-1.526755308286628310e+00 6.280034377105519176e+06
-1.531648754787547251e+00 6.279954284435391426e+06
-1.536542201288465748e+00 6.280389989655092359e+06
-1.541435647789384689e+00 6.280825694874793291e+06
-1.546329094290303185e+00 6.279212108469977975e+06
-1.551222540791221682e+00 6.277598522065162659e+06
-1.556115987292140179e+00 6.286942641347467899e+06
-1.561009433793059120e+00 6.296286760629773140e+06
-1.565902880293977617e+00 6.245445938062056899e+06
-1.570796326794896558e+00 6.194605115494340658e+06
