1.570796326794896558e+00 6.066579912965238094e+06
1.565902880293977839e+00 5.987659221417263150e+06
1.561009433793059120e+00 5.908738529869288206e+06
1.556115987292140623e+00 5.902507943580135703e+06
1.551222540791221904e+00 5.896277357290983200e+06
1.546329094290303185e+00 5.859846899787962437e+06
1.541435647789384467e+00 5.823416442284941673e+06
1.536542201288465748e+00 5.777718361416652799e+06
1.531648754787547029e+00 5.732020280548363924e+06
1.526755308286628532e+00 5.673833030285432935e+06
1.521861861785709813e+00 5.615645780022501945e+06
1.516968415284791094e+00 5.547027948116213083e+06
1.512074968783872375e+00 5.478410116209924221e+06
1.507181522282953656e+00 5.400345416448280215e+06
1.502288075782034937e+00 5.322280716686636209e+06
1.497394629281116440e+00 5.236138136091768742e+06
1.492501182780197722e+00 5.149995555496901274e+06
1.487607736279279003e+00 5.057118874269083142e+06
1.482714289778360284e+00 4.964242193041265011e+06
1.477820843277441565e+00 4.865998289616391063e+06
1.472927396776522846e+00 4.767754386191517115e+06
1.468033950275604349e+00 4.665472149865731597e+06
1.463140503774685630e+00 4.563189913539946079e+06
1.458247057273766911e+00 4.458134214796066284e+06
1.453353610772848192e+00 4.353078516052186489e+06
1.448460164271929473e+00 4.246423787645950913e+06
1.443566717771010754e+00 4.139769059239715338e+06
1.438673271270092258e+00 4.032581864163190126e+06
1.433779824769173539e+00 3.925394669086664915e+06
1.428886378268254820e+00 3.818622504392862320e+06
1.423992931767336101e+00 3.711850339699059725e+06
1.419099485266417382e+00 3.606316569398909807e+06
1.414206038765498885e+00 3.500782799098759890e+06
1.409312592264580166e+00 3.397186624293252826e+06
1.404419145763661447e+00 3.293590449487745762e+06
1.399525699262742728e+00 3.192510933430835605e+06
1.394632252761824009e+00 3.091431417373925447e+06
1.389738806260905291e+00 2.993334535150110722e+06
1.384845359759986572e+00 2.895237652926295996e+06
1.379951913259068075e+00 2.800485424495160580e+06
1.375058466758149356e+00 2.705733196064025164e+06
1.370165020257230637e+00 2.614594077694967389e+06
1.365271573756311918e+00 2.523454959325909615e+06
1.360378127255393199e+00 2.436114806993365288e+06
1.355484680754474702e+00 2.348774654660820961e+06
1.350591234253555983e+00 2.265347719412997365e+06
1.345697787752637264e+00 2.181920784165173769e+06
1.340804341251718546e+00 2.102460335808649659e+06
1.335910894750799827e+00 2.022999887452125549e+06
1.331017448249881330e+00 1.947508183386221528e+06
1.326124001748962611e+00 1.872016479320317507e+06
1.321230555248043892e+00 1.800453899350047112e+06
1.316337108747125173e+00 1.728891319379776716e+06
1.311443662246206454e+00 1.661184568871706724e+06
1.306550215745287735e+00 1.593477818363636732e+06
1.301656769244369016e+00 1.529527167517483234e+06
1.296763322743450519e+00 1.465576516671329737e+06
1.291869876242531801e+00 1.405262087828323245e+06
1.286976429741613082e+00 1.344947658985316753e+06
1.282082983240694363e+00 1.288134810230314732e+06
1.277189536739775644e+00 1.231321961475312710e+06
1.272296090238857147e+00 1.177865831655263901e+06
1.267402643737938428e+00 1.124409701835215092e+06
1.262509197237019709e+00 1.074158996136218309e+06
1.257615750736100990e+00 1.023908290437221527e+06
1.252722304235182271e+00 9.767083912819325924e+05
1.247828857734263552e+00 9.295084921266436577e+05
1.242935411233344833e+00 8.852039763062149286e+05
1.238041964732426337e+00 8.408994604857861996e+05
1.233148518231507618e+00 7.993361058815717697e+05
1.228255071730588899e+00 7.577727512773573399e+05
1.223361625229670180e+00 7.187991043657064438e+05
1.218468178728751461e+00 6.798254574540555477e+05
1.213574732227832964e+00 6.432940325079709291e+05
1.208681285726914245e+00 6.067626075618863106e+05
1.203787839225995526e+00 5.725307762495577335e+05
1.198894392725076807e+00 5.382989449372291565e+05
1.194000946224158088e+00 5.062295701320320368e+05
1.189107499723239370e+00 4.741601953268349171e+05
1.184214053222320651e+00 4.441220561076998711e+05
1.179320606721402154e+00 4.140839168885648251e+05
1.174427160220483435e+00 3.859519633511453867e+05
1.169533713719564716e+00 3.578200098137259483e+05
1.164640267218646219e+00 3.314754828753471375e+05
1.159746820717727278e+00 3.051309559369683266e+05
1.154853374216808781e+00 2.804613998215347528e+05
1.149959927715890062e+00 2.557918437061011791e+05
1.145066481214971343e+00 2.326910348238646984e+05
1.140173034714052624e+00 2.095902259416282177e+05
1.135279588213133906e+00 1.879580387373566628e+05
1.130386141712215409e+00 1.663258515330851078e+05
1.125492695211296690e+00 1.460680770707428455e+05
1.120599248710377971e+00 1.258103026084005833e+05
1.115705802209459252e+00 1.068384324920773506e+05
1.110812355708540533e+00 8.786656237575411797e+04
1.105918909207622036e+00 7.009755054877698421e+04
1.101025462706703095e+00 5.232853872179985046e+04
1.096132016205784598e+00 3.568454740791022778e+04
1.091238569704865879e+00 1.904055609402060509e+04
1.086345123203947161e+00 3.448695136159658432e+03
1.081451676703028442e+00 -1.214316582170128822e+04
1.076558230202109723e+00 -2.675110364271700382e+04
1.071664783701191226e+00 -4.135904146373271942e+04
1.066771337200272507e+00 -5.504684165307879448e+04
1.061877890699353788e+00 -6.873464184242486954e+04
1.056984444198435069e+00 -8.156192610771954060e+04
1.052090997697516350e+00 -9.438921037301421165e+04
1.047197551196597853e+00 -1.064116866530478001e+05
1.042304104695678912e+00 -1.184341629330813885e+05
1.037410658194760416e+00 -1.297038667600899935e+05
1.032517211693841697e+00 -1.409735705870985985e+05
1.027623765192922978e+00 -1.515390965702235699e+05
1.022730318692004481e+00 -1.621046225533485413e+05
1.017836872191085540e+00 -1.720113449546247721e+05
1.012943425690167043e+00 -1.819180673559010029e+05
1.008049979189248324e+00 -1.912083495050668716e+05
1.003156532688329605e+00 -2.004986316542327404e+05
9.982630861874108863e-01 -2.092120245252251625e+05
9.933696396864922784e-01 -2.179254173962175846e+05
9.884761931855735595e-01 -2.260988459749668837e+05
9.835827466846548406e-01 -2.342722745537161827e+05
9.786893001837362327e-01 -2.419402142514586449e+05
9.737958536828175138e-01 -2.496081539492011070e+05
9.689024071818987949e-01 -2.568027955493777990e+05
9.640089606809801870e-01 -2.639974371495544910e+05
9.591155141800614681e-01 -2.707488408502340317e+05
9.542220676791427492e-01 -2.775002445509135723e+05
9.493286211782241413e-01 -2.838364855544418097e+05
9.444351746773054224e-01 -2.901727265579700470e+05
9.395417281763867035e-01 -2.961200296230465174e+05
9.346482816754680956e-01 -3.020673326881229877e+05
9.297548351745493767e-01 -3.076501987257897854e+05
9.248613886736306577e-01 -3.132330647634565830e+05
9.199679421727120499e-01 -3.184743878095000982e+05
9.150744956717933309e-01 -3.237157108555436134e+05
9.101810491708746120e-01 -3.286368884594589472e+05
9.052876026699560041e-01 -3.335580660633742809e+05
9.003941561690372852e-01 -3.381791006059199572e+05
8.955007096681185663e-01 -3.428001351484656334e+05
8.906072631671999584e-01 -3.471397293924242258e+05
8.857138166662812395e-01 -3.514793236363828182e+05
8.808203701653625206e-01 -3.555549687505215406e+05
8.759269236644439127e-01 -3.596306138646602631e+05
8.710334771635251938e-01 -3.634586716646254063e+05
8.661400306626064749e-01 -3.672867294645905495e+05
8.612465841616878670e-01 -3.708825089948326349e+05
8.563531376607691481e-01 -3.744782885250747204e+05
8.514596911598504292e-01 -3.778561169212609529e+05
8.465662446589318213e-01 -3.812339453174471855e+05
8.416727981580131024e-01 -3.844072339946925640e+05
8.367793516570943835e-01 -3.875805226719379425e+05
8.318859051561757756e-01 -3.905618289011567831e+05
8.269924586552570567e-01 -3.935431351303756237e+05
8.220990121543383378e-01 -3.963442185447216034e+05
8.172055656534197299e-01 -3.991453019590675831e+05
8.123121191525010110e-01 -4.017771785535961390e+05
8.074186726515822921e-01 -4.044090551481246948e+05
8.025252261506636842e-01 -4.068820459762811661e+05
7.976317796497449653e-01 -4.093550368044376373e+05
7.927383331488262463e-01 -4.116788142364472151e+05
7.878448866479076385e-01 -4.140025916684567928e+05
7.829514401469890306e-01 -4.161862218893617392e+05
7.780579936460703117e-01 -4.183698521102666855e+05
7.731645471451517038e-01 -4.204218353614956141e+05
7.682711006442329849e-01 -4.224738186127245426e+05
7.633776541433142659e-01 -4.244021254093050957e+05
7.584842076423956581e-01 -4.263304322058856487e+05
7.535907611414769391e-01 -4.281425388143807650e+05
7.486973146405582202e-01 -4.299546454228758812e+05
7.438038681396396123e-01 -4.316575650244057178e+05
7.389104216387208934e-01 -4.333604846259355545e+05
7.340169751378021745e-01 -4.349607977228462696e+05
7.291235286368835666e-01 -4.365611108197569847e+05
7.242300821359648477e-01 -4.380649927628785372e+05
7.193366356350461288e-01 -4.395688747060000896e+05
7.144431891341275209e-01 -4.409821220898628235e+05
7.095497426332088020e-01 -4.423953694737255573e+05
7.046562961322900831e-01 -4.437234238953292370e+05
6.997628496313714752e-01 -4.450514783169329166e+05
6.948694031304527563e-01 -4.462994490091949701e+05
6.899759566295340374e-01 -4.475474197014570236e+05
6.850825101286154295e-01 -4.487201049924343824e+05
6.801890636276967106e-01 -4.498927902834117413e+05
6.752956171267779917e-01 -4.509946964468657970e+05
6.704021706258593838e-01 -4.520966026103198528e+05
6.655087241249406649e-01 -4.531319632040262222e+05
6.606152776240219460e-01 -4.541673237977325916e+05
6.557218311231033381e-01 -4.551401158552765846e+05
6.508283846221846192e-01 -4.561129079128205776e+05
6.459349381212659003e-01 -4.570268685461580753e+05
6.410414916203472924e-01 -4.579408291794955730e+05
6.361480451194285735e-01 -4.587994703353047371e+05
6.312545986185098545e-01 -4.596581114911139011e+05
6.263611521175912467e-01 -4.604647336703985929e+05
6.214677056166725277e-01 -4.612713558496832848e+05
6.165742591157538088e-01 -4.620290616736412048e+05
6.116808126148352009e-01 -4.627867674975991249e+05
6.067873661139164820e-01 -4.634984734597057104e+05
6.018939196129977631e-01 -4.642101794218122959e+05
5.970004731120791552e-01 -4.648786274893134832e+05
5.921070266111604363e-01 -4.655470755568146706e+05
5.872135801102417174e-01 -4.661748440317809582e+05
5.823201336093231095e-01 -4.668026125067472458e+05
5.774266871084043906e-01 -4.673921256367117167e+05
5.725332406074856717e-01 -4.679816387666761875e+05
5.676397941065669528e-01 -4.685351764957457781e+05
5.627463476056484559e-01 -4.690887142248153687e+05
5.578529011047297370e-01 -4.696084207064956427e+05
5.529594546038110181e-01 -4.701281271881759167e+05
5.480660081028922992e-01 -4.706160194260478020e+05
5.431725616019735803e-01 -4.711039116639196873e+05
5.382791151010548614e-01 -4.715618862607479095e+05
5.333856686001363645e-01 -4.720198608575761318e+05
5.284922220992176456e-01 -4.724497026308923960e+05
5.235987755982989267e-01 -4.728795444042086601e+05
5.187053290973802078e-01 -4.732829318403154612e+05
5.138118825964614889e-01 -4.736863192764222622e+05
5.089184360955427699e-01 -4.740648316870778799e+05
5.040249895946242731e-01 -4.744433440977334976e+05
4.991315430937055542e-01 -4.747984674229323864e+05
4.942380965927868353e-01 -4.751535907481312752e+05
4.893446500918681163e-01 -4.754867227938473225e+05
4.844512035909493974e-01 -4.758198548395633698e+05
4.795577570900306785e-01 -4.761323110841363668e+05
4.746643105891121817e-01 -4.764447673287093639e+05
4.697708640881934627e-01 -4.767377850966304541e+05
4.648774175872747438e-01 -4.770308028645515442e+05
4.599839710863560249e-01 -4.773055469312965870e+05
4.550905245854373060e-01 -4.775802909980416298e+05
4.501970780845185871e-01 -4.778378571770787239e+05
4.453036315836000902e-01 -4.780954233561158180e+05
4.404101850826813713e-01 -4.783368424893170595e+05
4.355167385817626524e-01 -4.785782616225183010e+05
4.306232920808439335e-01 -4.788045041429400444e+05
4.257298455799252146e-01 -4.790307466633617878e+05
4.208363990790064957e-01 -4.792427256091535091e+05
4.159429525780879988e-01 -4.794547045549452305e+05
4.110495060771692799e-01 -4.796532789041996002e+05
4.061560595762505610e-01 -4.798518532534539700e+05
4.012626130753318421e-01 -4.800378316322118044e+05
3.963691665744131232e-01 -4.802238100109696388e+05
3.914757200734944043e-01 -4.803979528946131468e+05
3.865822735725759074e-01 -4.805720957782566547e+05
3.816888270716571885e-01 -4.807351192001849413e+05
3.767953805707384696e-01 -4.808981426221132278e+05
3.719019340698197507e-01 -4.810507201463133097e+05
3.670084875689010318e-01 -4.812032976705133915e+05
3.621150410679825349e-01 -4.813460630293339491e+05
3.572215945670638160e-01 -4.814888283881545067e+05
3.523281480661450971e-01 -4.816223779010027647e+05
3.474347015652263782e-01 -4.817559274138510227e+05
3.425412550643076592e-01 -4.818808222638368607e+05
3.376478085633889403e-01 -4.820057171138226986e+05
3.327543620624704435e-01 -4.821224851345121861e+05
3.278609155615517246e-01 -4.822392531552016735e+05
3.229674690606330056e-01 -4.823483911066949368e+05
3.180740225597142867e-01 -4.824575290581882000e+05
3.131805760587955678e-01 -4.825595041976571083e+05
3.082871295578768489e-01 -4.826614793371260166e+05
3.033936830569583520e-01 -4.827567312158942223e+05
2.985002365560396331e-01 -4.828519830946624279e+05
2.936067900551209142e-01 -4.829409251704961061e+05
2.887133435542021953e-01 -4.830298672463297844e+05
2.838198970532834764e-01 -4.831128885958343744e+05
2.789264505523647575e-01 -4.831959099453389645e+05
2.740330040514462606e-01 -4.832733762605935335e+05
2.691395575505275417e-01 -4.833508425758481026e+05
2.642461110496088228e-01 -4.834230981428176165e+05
2.593526645486901039e-01 -4.834953537097871304e+05
2.544592180477713850e-01 -4.835627220395207405e+05
2.495657715468526661e-01 -4.836300903692543507e+05
2.446723250459341692e-01 -4.836928757693916559e+05
2.397788785450154503e-01 -4.837556611695289612e+05
2.348854320440967314e-01 -4.838141498739123344e+05
2.299919855431780125e-01 -4.838726385782957077e+05
2.250985390422592936e-01 -4.839270996926128864e+05
2.202050925413405746e-01 -4.839815608069300652e+05
2.153116460404220778e-01 -4.840322471778094769e+05
2.104181995395033589e-01 -4.840829335486888885e+05
2.055247530385846400e-01 -4.841300830813348293e+05
2.006313065376659210e-01 -4.841772326139807701e+05
1.957378600367472021e-01 -4.842210688504129648e+05
1.908444135358284832e-01 -4.842649050868451595e+05
1.859509670349099864e-01 -4.843056380580961704e+05
1.810575205339912674e-01 -4.843463710293471813e+05
1.761640740330725485e-01 -4.843841984106600285e+05
1.712706275321538296e-01 -4.844220257919728756e+05
1.663771810312351107e-01 -4.844571328391134739e+05
1.614837345303163918e-01 -4.844922398862540722e+05
1.565902880293978949e-01 -4.845248012293726206e+05
1.516968415284791760e-01 -4.845573625724911690e+05
1.468033950275604571e-01 -4.845875418475419283e+05
1.419099485266417382e-01 -4.846177211225926876e+05
1.370165020257230193e-01 -4.846456722775250673e+05
1.321230555248043004e-01 -4.846736234324574471e+05
1.272296090238858035e-01 -4.846994909776300192e+05
1.223361625229670846e-01 -4.847253585228025913e+05
1.174427160220483657e-01 -4.847492782786339521e+05
1.125492695211296468e-01 -4.847731980344653130e+05
1.076558230202109279e-01 -4.847952969180941582e+05
1.027623765192922090e-01 -4.848173958017230034e+05
9.786893001837371209e-02 -4.848377945025563240e+05
9.297548351745499318e-02 -4.848581932033896446e+05
8.808203701653627427e-02 -4.848770032426416874e+05
8.318859051561755535e-02 -4.848958132818937302e+05
7.829514401469883644e-02 -4.849131403814107180e+05
7.340169751378011753e-02 -4.849304674809277058e+05
6.850825101286162067e-02 -4.849464104699045420e+05
6.361480451194290175e-02 -4.849623534588813782e+05
5.872135801102418284e-02 -4.849770052352994680e+05
5.382791151010546393e-02 -4.849916570117175579e+05
4.893446500918674502e-02 -4.850051045593023300e+05
4.404101850826802611e-02 -4.850185521068871021e+05
3.914757200734952924e-02 -4.850308771397769451e+05
3.425412550643081033e-02 -4.850432021726667881e+05
2.936067900551209142e-02 -4.850544814001321793e+05
2.446723250459337251e-02 -4.850657606275975704e+05
1.957378600367465360e-02 -4.850760658409595490e+05
1.468033950275593469e-02 -4.850863710543215275e+05
9.786893001837437822e-03 -4.850957693089246750e+05
4.893446500918718911e-03 -4.851051675635278225e+05
0.000000000000000000e+00 -4.851137223001122475e+05
-4.893446500918496866e-03 -4.851222770366966724e+05
-9.786893001837437822e-03 -4.851300471428632736e+05
-1.468033950275593469e-02 -4.851378172490298748e+05
-1.957378600367465360e-02 -4.851448582684844732e+05
-2.446723250459315047e-02 -4.851518992879390717e+05
-2.936067900551209142e-02 -4.851582628953456879e+05
-3.425412550643058829e-02 -4.851646265027523041e+05
-3.914757200734952924e-02 -4.851703614053875208e+05
-4.404101850826802611e-02 -4.851760963080227375e+05
-4.893446500918674502e-02 -4.851812478138804436e+05
-5.382791151010524189e-02 -4.851863993197381496e+05
-5.872135801102418284e-02 -4.851910101796686649e+05
-6.361480451194267971e-02 -4.851956210395991802e+05
-6.850825101286162067e-02 -4.851997309123128653e+05
-7.340169751378011753e-02 -4.852038407850265503e+05
-7.829514401469883644e-02 -4.852074867396652699e+05
-8.318859051561733331e-02 -4.852111326943039894e+05
-8.808203701653627427e-02 -4.852143498785048723e+05
-9.297548351745477113e-02 -4.852175670627057552e+05
-9.786893001837371209e-02 -4.852203877728283405e+05
-1.027623765192922090e-01 -4.852232084829509258e+05
-1.076558230202109279e-01 -4.852256631711125374e+05
-1.125492695211294247e-01 -4.852281178592741489e+05
-1.174427160220483657e-01 -4.852302348591387272e+05
-1.223361625229668626e-01 -4.852323518590033054e+05
-1.272296090238858035e-01 -4.852341578438580036e+05
-1.321230555248043004e-01 -4.852359638287127018e+05
-1.370165020257230193e-01 -4.852374835412651300e+05
-1.419099485266415162e-01 -4.852390032538175583e+05
-1.468033950275604571e-01 -4.852402594919651747e+05
-1.516968415284789540e-01 -4.852415157301127911e+05
-1.565902880293978949e-01 -4.852425304777473211e+05
-1.614837345303163918e-01 -4.852435452253818512e+05
-1.663771810312351107e-01 -4.852443380679488182e+05
-1.712706275321536076e-01 -4.852451309105157852e+05
-1.761640740330725485e-01 -4.852457210915684700e+05
-1.810575205339910454e-01 -4.852463112726211548e+05
-1.859509670349099864e-01 -4.852467157814055681e+05
-1.908444135358284832e-01 -4.852471202901899815e+05
-1.957378600367472021e-01 -4.852473557239770889e+05
-2.006313065376656990e-01 -4.852475911577641964e+05
-2.055247530385846400e-01 -4.852476723501533270e+05
-2.104181995395031368e-01 -4.852477535425424576e+05
-2.153116460404220778e-01 -4.852476947093755007e+05
-2.202050925413405746e-01 -4.852476358762085438e+05
-2.250985390422592936e-01 -4.852474498957544565e+05
-2.299919855431777904e-01 -4.852472639153003693e+05
-2.348854320440967314e-01 -4.852469631588011980e+05
-2.397788785450152282e-01 -4.852466624023020267e+05
-2.446723250459341692e-01 -4.852462579519599676e+05
-2.495657715468526661e-01 -4.852458535016179085e+05
-2.544592180477713850e-01 -4.852453558955937624e+05
-2.593526645486898818e-01 -4.852448582895696163e+05
-2.642461110496088228e-01 -4.852442772766202688e+05
-2.691395575505273197e-01 -4.852436962636709213e+05
-2.740330040514462606e-01 -4.852430407382547855e+05
-2.789264505523647575e-01 -4.852423852128386497e+05
-2.838198970532834764e-01 -4.852416634391546249e+05
-2.887133435542019733e-01 -4.852409416654706001e+05
-2.936067900551209142e-01 -4.852401614783108234e+05
-2.985002365560394111e-01 -4.852393812911510468e+05
-3.033936830569583520e-01 -4.852385497299730778e+05
-3.082871295578768489e-01 -4.852377181687951088e+05
-3.131805760587955678e-01 -4.852368417799472809e+05
-3.180740225597140647e-01 -4.852359653910994530e+05
-3.229674690606330056e-01 -4.852350502980351448e+05
-3.278609155615515025e-01 -4.852341352049708366e+05
-3.327543620624704435e-01 -4.852331870143264532e+05
-3.376478085633889403e-01 -4.852322388236820698e+05
-3.425412550643076592e-01 -4.852312627319693565e+05
-3.474347015652261561e-01 -4.852302866402566433e+05
-3.523281480661450971e-01 -4.852292871000468731e+05
-3.572215945670635939e-01 -4.852282875598371029e+05
-3.621150410679825349e-01 -4.852272690226584673e+05
-3.670084875689010318e-01 -4.852262504854798317e+05
-3.719019340698197507e-01 -4.852252172475457191e+05
-3.767953805707382475e-01 -4.852241840096116066e+05
-3.816888270716571885e-01 -4.852231393881291151e+05
-3.865822735725756853e-01 -4.852220947666466236e+05
-3.914757200734944043e-01 -4.852210421009808779e+05
-3.963691665744131232e-01 -4.852199894353151321e+05
-4.012626130753318421e-01 -4.852189320220202208e+05
-4.061560595762503389e-01 -4.852178746087253094e+05
-4.110495060771692799e-01 -4.852168149558007717e+05
-4.159429525780877768e-01 -4.852157553028762341e+05
-4.208363990790064957e-01 -4.852146960746943951e+05
-4.257298455799252146e-01 -4.852136368465125561e+05
-4.306232920808441555e-01 -4.852125803843140602e+05
-4.355167385817626524e-01 -4.852115239221155643e+05
-4.404101850826811493e-01 -4.852104721856564283e+05
-4.453036315835996461e-01 -4.852094204491972923e+05
-4.501970780845185871e-01 -4.852083752972334623e+05
-4.550905245854370840e-01 -4.852073301452696323e+05
-4.599839710863560249e-01 -4.852062934468984604e+05
-4.648774175872745218e-01 -4.852052567485272884e+05
-4.697708640881934627e-01 -4.852042297592759132e+05
-4.746643105891119596e-01 -4.852032027700245380e+05
-4.795577570900309006e-01 -4.852021870387345552e+05
-4.844512035909493974e-01 -4.852011713074445724e+05
-4.893446500918683384e-01 -4.852001679148077965e+05
-4.942380965927868353e-01 -4.851991645221710205e+05
-4.991315430937053321e-01 -4.851981746189594269e+05
-5.040249895946238290e-01 -4.851971847157478333e+05
-5.089184360955427699e-01 -4.851962091846615076e+05
-5.138118825964612668e-01 -4.851952336535751820e+05
-5.187053290973802078e-01 -4.851942733051031828e+05
-5.235987755982987046e-01 -4.851933129566311836e+05
-5.284922220992176456e-01 -4.851923685411065817e+05
-5.333856686001361425e-01 -4.851914241255819798e+05
-5.382791151010550834e-01 -4.851904961690157652e+05
-5.431725616019735803e-01 -4.851895682124495506e+05
-5.480660081028925212e-01 -4.851886573718190193e+05
-5.529594546038110181e-01 -4.851877465311884880e+05
-5.578529011047295150e-01 -4.851868530789762735e+05
-5.627463476056480118e-01 -4.851859596267640591e+05
-5.676397941065669528e-01 -4.851850839780718088e+05
-5.725332406074854497e-01 -4.851842083293795586e+05
-5.774266871084043906e-01 -4.851833508198112249e+05
-5.823201336093228875e-01 -4.851824933102428913e+05
-5.872135801102418284e-01 -4.851816541255265474e+05
-5.921070266111603253e-01 -4.851808149408102036e+05
-5.970004731120792663e-01 -4.851799941451400518e+05
-6.018939196129977631e-01 -4.851791733494699001e+05
-6.067873661139167041e-01 -4.851783711680024862e+05
-6.116808126148352009e-01 -4.851775689865350723e+05
-6.165742591157536978e-01 -4.851767853816151619e+05
-6.214677056166721947e-01 -4.851760017766952515e+05
-6.263611521175911356e-01 -4.851752368139773607e+05
-6.312545986185096325e-01 -4.851744718512594700e+05
-6.361480451194285735e-01 -4.851737254584282637e+05
-6.410414916203470703e-01 -4.851729790655970573e+05
-6.459349381212660113e-01 -4.851722511837184429e+05
-6.508283846221845081e-01 -4.851715233018398285e+05
-6.557218311231034491e-01 -4.851708138131499290e+05
-6.606152776240219460e-01 -4.851701043244600296e+05
-6.655087241249408869e-01 -4.851694130922406912e+05
-6.704021706258593838e-01 -4.851687218600213528e+05
-6.752956171267778807e-01 -4.851680487470775843e+05
-6.801890636276963775e-01 -4.851673756341338158e+05
-6.850825101286153185e-01 -4.851667203833311796e+05
-6.899759566295338153e-01 -4.851660651325285435e+05
-6.948694031304527563e-01 -4.851654275877326727e+05
-6.997628496313712532e-01 -4.851647900429368019e+05
-7.046562961322901941e-01 -4.851641699640005827e+05
-7.095497426332086910e-01 -4.851635498850643635e+05
-7.144431891341276319e-01 -4.851629470034837723e+05
-7.193366356350461288e-01 -4.851623441219031811e+05
-7.242300821359650698e-01 -4.851617582092434168e+05
-7.291235286368835666e-01 -4.851611722965836525e+05
-7.340169751378020635e-01 -4.851606030890792608e+05
-7.389104216387205604e-01 -4.851600338815748692e+05
-7.438038681396395013e-01 -4.851594810554534197e+05
-7.486973146405579982e-01 -4.851589282293319702e+05
-7.535907611414769391e-01 -4.851583915065675974e+05
-7.584842076423954360e-01 -4.851578547838032246e+05
-7.633776541433143770e-01 -4.851573337425738573e+05
-7.682711006442328738e-01 -4.851568127013444901e+05
-7.731645471451518148e-01 -4.851563072618246078e+05
-7.780579936460703117e-01 -4.851558018223047256e+05
-7.829514401469888085e-01 -4.851553115358054638e+05
-7.878448866479077495e-01 -4.851548212493062019e+05
-7.927383331488262463e-01 -4.851543457551002502e+05
-7.976317796497447432e-01 -4.851538702608942986e+05
-8.025252261506636842e-01 -4.851534093682318926e+05
-8.074186726515821810e-01 -4.851529484755694866e+05
-8.123121191525011220e-01 -4.851525017592310905e+05
-8.172055656534196189e-01 -4.851520550428926945e+05
-8.220990121543385598e-01 -4.851516221637725830e+05
-8.269924586552570567e-01 -4.851511892846524715e+05
-8.318859051561759976e-01 -4.851507700129747391e+05
-8.367793516570944945e-01 -4.851503507412970066e+05
-8.416727981580129914e-01 -4.851499446795880795e+05
-8.465662446589314882e-01 -4.851495386178791523e+05
-8.514596911598504292e-01 -4.851491454823762178e+05
-8.563531376607689261e-01 -4.851487523468732834e+05
-8.612465841616878670e-01 -4.851483718045502901e+05
-8.661400306626063639e-01 -4.851479912622272968e+05
-8.710334771635253048e-01 -4.851476229266375303e+05
-8.759269236644438017e-01 -4.851472545910477638e+05
-8.808203701653627427e-01 -4.851468982558101416e+05
-8.857138166662812395e-01 -4.851465419205725193e+05
-8.906072631672001805e-01 -4.851461972004026175e+05
-8.955007096681186773e-01 -4.851458524802327156e+05
-9.003941561690371742e-01 -4.851455192166715860e+05
-9.052876026699556711e-01 -4.851451859531104565e+05
-9.101810491708746120e-01 -4.851448635883182287e+05
-9.150744956717931089e-01 -4.851445412235260010e+05
-9.199679421727120499e-01 -4.851442296780049801e+05
-9.248613886736305467e-01 -4.851439181324839592e+05
-9.297548351745494877e-01 -4.851436170030832291e+05
-9.346482816754679845e-01 -4.851433158736824989e+05
-9.395417281763864814e-01 -4.851430248659253120e+05
-9.444351746773054224e-01 -4.851427338581681252e+05
-9.493286211782239192e-01 -4.851424527807831764e+05
-9.542220676791428602e-01 -4.851421717033982277e+05
-9.591155141800613571e-01 -4.851419001218527555e+05
-9.640089606809798539e-01 -4.851416285403072834e+05
-9.689024071818983508e-01 -4.851413663948029280e+05
-9.737958536828172917e-01 -4.851411042492985725e+05
-9.786893001837357886e-01 -4.851408511143922806e+05
-9.835827466846547296e-01 -4.851405979794859886e+05
-9.884761931855732264e-01 -4.851403536470383406e+05
-9.933696396864921674e-01 -4.851401093145906925e+05
-9.982630861874106643e-01 -4.851398735107183456e+05
-1.003156532688329605e+00 -4.851396377068459988e+05
-1.008049979189248102e+00 -4.851394101939797401e+05
-1.012943425690167043e+00 -4.851391826811134815e+05
-1.017836872191085540e+00 -4.851389632400572300e+05
-1.022730318692004037e+00 -4.851387437990009785e+05
-1.027623765192922534e+00 -4.851385321413278580e+05
-1.032517211693841475e+00 -4.851383204836547375e+05
-1.037410658194759971e+00 -4.851381163696050644e+05
-1.042304104695678912e+00 -4.851379122555553913e+05
-1.047197551196597409e+00 -4.851377155980616808e+05
-1.052090997697516350e+00 -4.851375189405679703e+05
-1.056984444198434847e+00 -4.851373293149173260e+05
-1.061877890699353788e+00 -4.851371396892666817e+05
-1.066771337200272285e+00 -4.851369570905417204e+05
-1.071664783701191226e+00 -4.851367744918167591e+05
-1.076558230202109723e+00 -4.851365985331684351e+05
-1.081451676703028220e+00 -4.851364225745201111e+05
-1.086345123203946716e+00 -4.851362532605379820e+05
-1.091238569704865657e+00 -4.851360839465558529e+05
-1.096132016205784154e+00 -4.851359208575785160e+05
-1.101025462706703095e+00 -4.851357577686011791e+05
-1.105918909207621592e+00 -4.851356008670628071e+05
-1.110812355708540533e+00 -4.851354439655244350e+05
-1.115705802209459030e+00 -4.851352930583655834e+05
-1.120599248710377971e+00 -4.851351421512067318e+05
-1.125492695211296468e+00 -4.851349970427900553e+05
-1.130386141712215409e+00 -4.851348519343733788e+05
-1.135279588213133906e+00 -4.851347124498933554e+05
-1.140173034714052402e+00 -4.851345729654133320e+05
-1.145066481214970899e+00 -4.851344390337318182e+05
-1.149959927715889840e+00 -4.851343051020503044e+05
-1.154853374216808337e+00 -4.851341765009015799e+05
-1.159746820717727278e+00 -4.851340478997528553e+05
-1.164640267218645775e+00 -4.851339244352877140e+05
-1.169533713719564716e+00 -4.851338009708225727e+05
-1.174427160220483213e+00 -4.851336826973855495e+05
-1.179320606721402154e+00 -4.851335644239485264e+05
-1.184214053222320651e+00 -4.851334510014355183e+05
-1.189107499723239592e+00 -4.851333375789225101e+05
-1.194000946224158088e+00 -4.851332289710193872e+05
-1.198894392725076585e+00 -4.851331203631162643e+05
-1.203787839225995082e+00 -4.851330164471566677e+05
-1.208681285726914023e+00 -4.851329125311970711e+05
-1.213574732227832520e+00 -4.851328133858591318e+05
-1.218468178728751461e+00 -4.851327142405211926e+05
-1.223361625229669958e+00 -4.851326194732189178e+05
-1.228255071730588899e+00 -4.851325247059166431e+05
-1.233148518231507396e+00 -4.851324344859272242e+05
-1.238041964732426337e+00 -4.851323442659378052e+05
-1.242935411233344833e+00 -4.851322584951519966e+05
-1.247828857734263774e+00 -4.851321727243661880e+05
-1.252722304235182271e+00 -4.851320914614200592e+05
-1.257615750736100768e+00 -4.851320101984739304e+05
-1.262509197237019265e+00 -4.851319331702291965e+05
-1.267402643737938206e+00 -4.851318561419844627e+05
-1.272296090238856703e+00 -4.851317835325896740e+05
-1.277189536739775644e+00 -4.851317109231948853e+05
-1.282082983240694141e+00 -4.851316428766548634e+05
-1.286976429741613082e+00 -4.851315748301148415e+05
-1.291869876242531578e+00 -4.851315110504180193e+05
-1.296763322743450519e+00 -4.851314472707211971e+05
-1.301656769244369016e+00 -4.851313882927149534e+05
-1.306550215745287957e+00 -4.851313293147087097e+05
-1.311443662246206454e+00 -4.851312750794291496e+05
-1.316337108747124951e+00 -4.851312208441495895e+05
-1.321230555248043448e+00 -4.851311716361641884e+05
-1.326124001748962389e+00 -4.851311224281787872e+05
-1.331017448249880886e+00 -4.851310786049813032e+05
-1.335910894750799827e+00 -4.851310347817838192e+05
-1.340804341251718323e+00 -4.851309968629926443e+05
-1.345697787752637264e+00 -4.851309589442014694e+05
-1.350591234253555761e+00 -4.851309274328202009e+05
-1.355484680754474702e+00 -4.851308959214389324e+05
-1.360378127255393199e+00 -4.851308717479705811e+05
-1.365271573756312140e+00 -4.851308475745022297e+05
-1.370165020257230637e+00 -4.851308317393213511e+05
-1.375058466758149134e+00 -4.851308159041404724e+05
-1.379951913259067631e+00 -4.851308099880814552e+05
-1.384845359759986572e+00 -4.851308040720224380e+05
-1.389738806260905069e+00 -4.851308099788427353e+05
-1.394632252761824009e+00 -4.851308158856630325e+05
-1.399525699262742506e+00 -4.851308365893065929e+05
-1.404419145763661447e+00 -4.851308572929501534e+05
-1.409312592264579944e+00 -4.851308967031240463e+05
-1.414206038765498885e+00 -4.851309361132979393e+05
-1.419099485266417382e+00 -4.851309999678879976e+05
-1.423992931767336323e+00 -4.851310638224780560e+05
-1.428886378268254820e+00 -4.851311599974185228e+05
-1.433779824769173317e+00 -4.851312561723589897e+05
-1.438673271270091814e+00 -4.851313982748836279e+05
-1.443566717771010754e+00 -4.851315403774082661e+05
-1.448460164271929251e+00 -4.851317424464523792e+05
-1.453353610772848192e+00 -4.851319445154964924e+05
-1.458247057273766689e+00 -4.851322545477151871e+05
-1.463140503774685630e+00 -4.851325645799338818e+05
-1.468033950275604127e+00 -4.851329621520936489e+05
-1.472927396776523068e+00 -4.851333597242534161e+05
-1.477820843277441565e+00 -4.851341970614045858e+05
-1.482714289778360506e+00 -4.851350343985557556e+05
-1.487607736279279003e+00 -4.851354258694946766e+05
-1.492501182780197500e+00 -4.851358173404335976e+05
-1.497394629281115996e+00 -4.851401145018935204e+05
-1.502288075782034937e+00 -4.851444116633534431e+05
-1.507181522282953434e+00 -4.851372878175824881e+05
-1.512074968783872375e+00 -4.851301639718115330e+05
-1.516968415284790872e+00 -4.851766010422259569e+05
-1.521861861785709813e+00 -4.852230381126403809e+05
-1.526755308286628310e+00 -4.850705266948491335e+05
-1.531648754787547251e+00 -4.849180152770578861e+05
-1.536542201288465748e+00 -4.856418163144588470e+05
-1.541435647789384689e+00 -4.863656173518598080e+05
-1.546329094290303185e+00 -4.834784790692776442e+05
-1.551222540791221682e+00 -4.805913407866954803e+05
-1.556115987292140179e+00 -4.962248811775594950e+05
-1.561009433793059120e+00 -5.118584215684235096e+05
-1.565902880293977617e+00 -4.334267839271575212e+05
-1.570796326794896558e+00 -3.549951462858915329e+05
