1.570796326794896558e+00 1.475431620941992378e+03
1.567126241919207574e+00 1.474435158923524114e+03
1.563456157043518591e+00 1.472805407139605904e+03
1.559786072167829607e+00 1.469195292993568955e+03
1.556115987292140623e+00 1.464961157897121666e+03
1.552445902416451418e+00 1.458783993050550180e+03
1.548775817540762434e+00 1.452001066630318974e+03
1.545105732665073450e+00 1.443336176260020920e+03
1.541435647789384467e+00 1.434092232664862195e+03
1.537765562913695483e+00 1.423049448627846459e+03
1.534095478038006499e+00 1.411461990147316101e+03
1.530425393162317516e+00 1.398178640886858602e+03
1.526755308286628532e+00 1.384391690090069687e+03
1.523085223410939326e+00 1.369028941767999413e+03
1.519415138535250342e+00 1.353209231417851925e+03
1.515745053659561359e+00 1.335947943004941635e+03
1.512074968783872375e+00 1.318280668732373670e+03
1.508404883908183391e+00 1.299316944022591542e+03
1.504734799032494408e+00 1.280001268122791998e+03
1.501064714156805424e+00 1.259541882356898441e+03
1.497394629281116440e+00 1.238786366799083225e+03
1.493724544405427235e+00 1.217044239619602649e+03
1.490054459529738251e+00 1.195062366291293301e+03
1.486384374654049267e+00 1.172252245662491305e+03
1.482714289778360284e+00 1.149258189377419285e+03
1.479044204902671300e+00 1.125592657914324491e+03
1.475374120026982316e+00 1.101797412710762956e+03
1.471704035151293333e+00 1.077483331962781449e+03
1.468033950275604349e+00 1.053091297751610682e+03
1.464363865399915365e+00 1.028326753740656841e+03
1.460693780524226160e+00 1.003532838405450775e+03
1.457023695648537176e+00 9.785046314319550902e+02
1.453353610772848192e+00 9.534919003059627585e+02
1.449683525897159209e+00 9.283735847715921636e+02
1.446013441021470225e+00 9.033114553588374065e+02
1.442343356145781241e+00 8.782619256405228043e+02
1.438673271270092258e+00 8.533049053813663249e+02
1.435003186394403052e+00 8.284674881426656157e+02
1.431333101518714068e+00 8.037543999781364619e+02
1.427663016643025085e+00 7.792564089264725453e+02
1.423992931767336101e+00 7.549100688987266494e+02
1.420322846891647117e+00 7.308627733141793215e+02
1.416652762015958134e+00 7.069900515732214217e+02
1.412982677140269150e+00 6.834889758732896325e+02
1.409312592264580166e+00 6.601811890231341522e+02
1.405642507388891183e+00 6.373067097925786584e+02
1.401972422513201977e+00 6.146402672832126655e+02
1.398302337637512993e+00 5.924584116374318228e+02
1.394632252761824009e+00 5.704956736121795302e+02
1.390962167886135026e+00 5.490590982358817200e+02
1.387292083010446042e+00 5.278493716576815586e+02
1.383621998134757058e+00 5.071984215165610408e+02
1.379951913259068075e+00 4.867790482961539169e+02
1.376281828383379091e+00 4.669429144113717030e+02
1.372611743507690107e+00 4.473404210945521413e+02
1.368941658632000902e+00 4.283382867685175484e+02
1.365271573756311918e+00 4.095695358226303142e+02
1.361601488880622934e+00 3.914117325319424481e+02
1.357931404004933951e+00 3.734850596830942209e+02
1.354261319129244967e+00 3.561741884721398606e+02
1.350591234253555983e+00 3.390905085335738249e+02
1.346921149377867000e+00 3.226225002944928519e+02
1.343251064502177794e+00 3.063763458036618204e+02
1.339580979626488810e+00 2.907414609139523805e+02
1.335910894750799827e+00 2.753219576699016216e+02
1.332240809875110843e+00 2.605057066560735279e+02
1.328570724999421859e+00 2.458974687059529174e+02
1.324900640123732876e+00 2.318814538395466798e+02
1.321230555248043892e+00 2.180653995348423280e+02
1.317560470372354908e+00 2.048280728412678684e+02
1.313890385496665925e+00 1.917821575907151157e+02
1.310220300620976719e+00 1.792994975464988272e+02
1.306550215745287735e+00 1.669993666132568251e+02
1.302880130869598752e+00 1.552454744139092782e+02
1.299210045993909768e+00 1.436650363536726616e+02
1.295539961118220784e+00 1.326126572114187923e+02
1.291869876242531801e+00 1.217245835981192954e+02
1.288199791366842817e+00 1.113455586405322322e+02
1.284529706491153611e+00 1.011217171745854699e+02
1.280859621615464849e+00 9.138737057020514953e+01
1.277189536739775644e+00 8.179919472507771161e+01
1.273519451864086660e+00 7.268065895490298089e+01
1.269849366988397676e+00 6.369945803534125162e+01
1.266179282112708693e+00 5.516794838428714343e+01
1.262509197237019709e+00 4.676516822070225743e+01
1.258839112361330725e+00 3.879221052948570048e+01
1.255169027485641742e+00 3.093964933071915979e+01
1.251498942609952536e+00 2.349726320412851877e+01
1.247828857734263552e+00 1.616724382198906795e+01
1.244158772858574569e+00 9.228091503340932533e+00
1.240488687982885585e+00 2.393602048134618521e+00
1.236818603107196601e+00 -4.068896667191338246e+00
1.233148518231507618e+00 -1.043409528252488272e+01
1.229478433355818634e+00 -1.644567492750147508e+01
1.225808348480129428e+00 -2.236696775706620244e+01
1.222138263604440667e+00 -2.795245219754311350e+01
1.218468178728751461e+00 -3.345430972053930674e+01
1.214798093853062699e+00 -3.863756795738808592e+01
1.211128008977373494e+00 -4.374350671115549005e+01
1.207457924101684510e+00 -4.854742486529496404e+01
1.203787839225995526e+00 -5.327998310601226706e+01
1.200117754350306543e+00 -5.772645166637434500e+01
1.196447669474617559e+00 -6.210717877345563664e+01
1.192777584598928575e+00 -6.621708933083483828e+01
1.189107499723239592e+00 -7.026654522709696948e+01
1.185437414847550386e+00 -7.405979915561782434e+01
1.181767329971861402e+00 -7.779756388629516550e+01
1.178097245096172418e+00 -8.129308640325420754e+01
1.174427160220483435e+00 -8.473777653224702533e+01
1.170757075344794451e+00 -8.795353855705141655e+01
1.167086990469105467e+00 -9.112282910209287934e+01
1.163416905593416484e+00 -9.407587309539908915e+01
1.159746820717727278e+00 -9.698652380228118375e+01
1.156076735842038294e+00 -9.969299220957168473e+01
1.152406650966349311e+00 -1.023608765861171150e+02
1.148736566090660327e+00 -1.048360448130453051e+02
1.145066481214971343e+00 -1.072761831081133863e+02
1.141396396339282360e+00 -1.095344922200952311e+02
1.137726311463593376e+00 -1.117610840640930974e+02
1.134056226587904170e+00 -1.138161761951976274e+02
1.130386141712215409e+00 -1.158426354919554058e+02
1.126716056836526203e+00 -1.177073884430791679e+02
1.123045971960837219e+00 -1.195463780626979684e+02
1.119375887085148236e+00 -1.212329415734415363e+02
1.115705802209459252e+00 -1.228964087665525966e+02
1.112035717333770268e+00 -1.244162380685548754e+02
1.108365632458081285e+00 -1.259154486331695466e+02
1.104695547582392301e+00 -1.272793404475667955e+02
1.101025462706703095e+00 -1.286249125989566835e+02
1.097355377831014334e+00 -1.298430382361095496e+02
1.093685292955325128e+00 -1.310449760925017415e+02
1.090015208079636366e+00 -1.321269138484522614e+02
1.086345123203947161e+00 -1.331946394761885131e+02
1.082675038328258177e+00 -1.341494069544282581e+02
1.079004953452569193e+00 -1.350917915296288925e+02
1.075334868576880210e+00 -1.359278757687617940e+02
1.071664783701191226e+00 -1.367532695906133142e+02
1.067994698825502020e+00 -1.374786560635985495e+02
1.064324613949813259e+00 -1.381949172630359897e+02
1.060654529074124053e+00 -1.388171183122775574e+02
1.056984444198435069e+00 -1.394316400409593086e+02
1.053314359322746085e+00 -1.399577211721047263e+02
1.049644274447057102e+00 -1.404774578217524095e+02
1.045974189571368118e+00 -1.409140634938177072e+02
1.042304104695678912e+00 -1.413455557310283837e+02
1.038634019819990151e+00 -1.416989332989028867e+02
1.034963934944300945e+00 -1.420483313221649553e+02
1.031293850068612183e+00 -1.423243541555726779e+02
1.027623765192922978e+00 -1.425974427871119303e+02
1.023953680317233994e+00 -1.428016283763732872e+02
1.020283595441545010e+00 -1.430038423607057041e+02
1.016613510565856027e+00 -1.431413814235226596e+02
1.012943425690167043e+00 -1.432778312622474743e+02
1.009273340814477837e+00 -1.433535987610307529e+02
1.005603255938789076e+00 -1.434290875178372744e+02
1.001933171063099870e+00 -1.434476637872398896e+02
9.982630861874108863e-01 -1.434667045598019968e+02
9.945930013117219026e-01 -1.434323928513520627e+02
9.909229164360329190e-01 -1.433992263109715282e+02
9.872528315603439353e-01 -1.433160694052142219e+02
9.835827466846548406e-01 -1.432346798041668308e+02
9.799126618089658569e-01 -1.431064742080017993e+02
9.762425769332768732e-01 -1.429806038536447943e+02
9.725724920575878896e-01 -1.428109147584220580e+02
9.689024071818987949e-01 -1.426440784014571364e+02
9.652323223062098112e-01 -1.424362535076903669e+02
9.615622374305208275e-01 -1.422317518794905027e+02
9.578921525548318439e-01 -1.419889335459080826e+02
9.542220676791427492e-01 -1.417498652212534864e+02
9.505519828034537655e-01 -1.414750022301289221e+02
9.468818979277647818e-01 -1.412042759171243347e+02
9.432118130520757981e-01 -1.409001360768976383e+02
9.395417281763867035e-01 -1.406004817922229222e+02
9.358716433006978308e-01 -1.402696615037982326e+02
9.322015584250087361e-01 -1.399436405842614590e+02
9.285314735493197524e-01 -1.395885744650443598e+02
9.248613886736306577e-01 -1.392385891517538710e+02
9.211913037979417851e-01 -1.388615604460652548e+02
9.175212189222526904e-01 -1.384898637810770197e+02
9.138511340465637067e-01 -1.380930130826731670e+02
9.101810491708746120e-01 -1.377017177396107002e+02
9.065109642951857394e-01 -1.372870510161221489e+02
9.028408794194966447e-01 -1.368781367930152442e+02
8.991707945438076610e-01 -1.364475322228894925e+02
8.955007096681185663e-01 -1.360228534472529418e+02
8.918306247924296937e-01 -1.355780703436682302e+02
8.881605399167405990e-01 -1.351393636837952670e+02
8.844904550410516153e-01 -1.346820478378236885e+02
8.808203701653625206e-01 -1.342309386525462855e+02
8.771502852896736480e-01 -1.337626302664117190e+02
8.734802004139845533e-01 -1.333006392213036975e+02
8.698101155382955696e-01 -1.328227795032150880e+02
8.661400306626065859e-01 -1.323513301918676461e+02
8.624699457869176022e-01 -1.318652644594945684e+02
8.587998609112286186e-01 -1.313856857095028374e+02
8.551297760355395239e-01 -1.308926709692027828e+02
8.514596911598505402e-01 -1.304062045761115201e+02
8.477896062841615565e-01 -1.299074144660319803e+02
8.441195214084725729e-01 -1.294152198931391240e+02
8.404494365327834782e-01 -1.289117485162364005e+02
8.367793516570944945e-01 -1.284149068752251139e+02
8.331092667814055108e-01 -1.279077745598757474e+02
8.294391819057165272e-01 -1.274072937732035911e+02
8.257690970300274325e-01 -1.268974505067787391e+02
8.220990121543384488e-01 -1.263942695738042232e+02
8.184289272786494651e-01 -1.258825989729884611e+02
8.147588424029604814e-01 -1.253775915614902061e+02
8.110887575272713867e-01 -1.248649152410539074e+02
8.074186726515824031e-01 -1.243588931880858439e+02
8.037485877758934194e-01 -1.238459739341374615e+02
8.000785029002044357e-01 -1.233396915106965395e+02
7.964084180245153410e-01 -1.228272366751534577e+02
7.927383331488263574e-01 -1.223213931080037753e+02
7.890682482731373737e-01 -1.218100582681589259e+02
7.853981633974483900e-01 -1.213053017212818645e+02
7.817280785217594063e-01 -1.207956930459534846e+02
7.780579936460703117e-01 -1.202926230897205642e+02
7.743879087703813280e-01 -1.197853003283595967e+02
7.707178238946922333e-01 -1.192844707807645079e+02
7.670477390190033606e-01 -1.187799502014344739e+02
7.633776541433142659e-01 -1.182818717291872730e+02
7.597075692676252823e-01 -1.177806287726063061e+02
7.560374843919361876e-01 -1.172857715778395118e+02
7.523673995162473149e-01 -1.167882429218313547e+02
7.486973146405582202e-01 -1.162970389424512092e+02
7.450272297648692366e-01 -1.158036248741302785e+02
7.413571448891801419e-01 -1.153164701541175248e+02
7.376870600134912692e-01 -1.148275367007145746e+02
7.340169751378021745e-01 -1.143447934822474679e+02
7.303468902621131909e-01 -1.138606742331488846e+02
7.266768053864240962e-01 -1.133826728192300806e+02
7.230067205107352235e-01 -1.129036709592941037e+02
7.193366356350461288e-01 -1.124307114714514881e+02
7.156665507593571451e-01 -1.119571021003639686e+02
7.119964658836680504e-01 -1.114894569144739336e+02
7.083263810079791778e-01 -1.110214880325255677e+02
7.046562961322900831e-01 -1.105594027187094781e+02
7.009862112566010994e-01 -1.100972972636835294e+02
6.973161263809120047e-01 -1.096409924804659823e+02
6.936460415052231321e-01 -1.091849496069894201e+02
6.899759566295340374e-01 -1.087346228449628285e+02
6.863058717538450537e-01 -1.082848191460742839e+02
6.826357868781559590e-01 -1.078406443302065867e+02
6.789657020024670864e-01 -1.073972376851168491e+02
6.752956171267779917e-01 -1.069593733059362535e+02
6.716255322510890080e-01 -1.065224968694820120e+02
6.679554473753999133e-01 -1.060910743258937430e+02
6.642853624997110407e-01 -1.056608499034769153e+02
6.606152776240219460e-01 -1.052359892592539978e+02
6.569451927483329623e-01 -1.048125162712902778e+02
6.532751078726438676e-01 -1.043943167129228158e+02
6.496050229969549950e-01 -1.039776803919368433e+02
6.459349381212659003e-01 -1.035662264084174069e+02
6.422648532455769166e-01 -1.031564967608012040e+02
6.385947683698878219e-01 -1.027518580191509869e+02
6.349246834941989492e-01 -1.023490912213958097e+02
6.312545986185098545e-01 -1.019513235553714026e+02
6.275845137428208709e-01 -1.015555622845463120e+02
6.239144288671319982e-01 -1.011647082246409326e+02
6.202443439914429035e-01 -1.007759830108020935e+02
6.165742591157538088e-01 -1.003920732402369964e+02
6.129041742400648252e-01 -1.000104034648197171e+02
6.092340893643759525e-01 -9.963345743820856626e+01
6.055640044886868578e-01 -9.925885149020089671e+01
6.018939196129977631e-01 -9.888887771626900758e+01
5.982238347373087795e-01 -9.852133398698190092e+01
5.945537498616199068e-01 -9.815833133555177881e+01
5.908836649859308121e-01 -9.779783949582555636e+01
5.872135801102417174e-01 -9.744179805451673815e+01
5.835434952345527337e-01 -9.708833889120272431e+01
5.798734103588638611e-01 -9.673923995882476845e+01
5.762033254831747664e-01 -9.639278648644257430e+01
5.725332406074856717e-01 -9.605060372370554944e+01
5.688631557317966880e-01 -9.571112173486342556e+01
5.651930708561077044e-01 -9.537582151020919241e+01
5.615229859804187207e-01 -9.504327008136269228e+01
5.578529011047297370e-01 -9.471481209430247361e+01
5.541828162290405313e-01 -9.438914374902600457e+01
5.505127313533517697e-01 -9.406748158316085551e+01
5.468426464776627860e-01 -9.374864339940485536e+01
5.431725616019735803e-01 -9.343372499800845787e+01
5.395024767262845966e-01 -9.312165879036891170e+01
5.358323918505956129e-01 -9.281342680635972897e+01
5.321623069749066293e-01 -9.250806954104523072e+01
5.284922220992176456e-01 -9.220646201067233960e+01
5.248221372235284399e-01 -9.190774622716141096e+01
5.211520523478396782e-01 -9.161269660341817200e+01
5.174819674721506946e-01 -9.132055100924641522e+01
5.138118825964614889e-01 -9.103198899534534405e+01
5.101417977207725052e-01 -9.074633819385249467e+01
5.064717128450835215e-01 -9.046418961503738387e+01
5.028016279693945378e-01 -9.018495568632593518e+01
4.991315430937055542e-01 -8.990914354334367431e+01
4.954614582180163485e-01 -8.963624512228359720e+01
4.917913733423275868e-01 -8.936668946889400900e+01
4.881212884666386032e-01 -8.910004298350344243e+01
4.844512035909493974e-01 -8.883666116160523529e+01
4.807811187152604138e-01 -8.857618005833758446e+01
4.771110338395714301e-01 -8.831888672767114201e+01
4.734409489638824464e-01 -8.806448273834509166e+01
4.697708640881934627e-01 -8.781319094265964509e+01
4.661007792125042570e-01 -8.756477429409183344e+01
4.624306943368154954e-01 -8.731939544644612283e+01
4.587606094611265117e-01 -8.707687442962566138e+01
4.550905245854373060e-01 -8.683731803258640980e+01
4.514204397097483223e-01 -8.660059972766472924e+01
4.477503548340593387e-01 -8.636677400171633678e+01
4.440802699583703550e-01 -8.613576451159718772e+01
4.404101850826813713e-01 -8.590757690363622601e+01
4.367401002069921656e-01 -8.568218100512933688e+01
4.330700153313034040e-01 -8.545953752836723538e+01
4.293999304556144203e-01 -8.523965978251399633e+01
4.257298455799252146e-01 -8.502246629964901103e+01
4.220597607042362309e-01 -8.480801054755333723e+01
4.183896758285472472e-01 -8.459617189780239244e+01
4.147195909528582636e-01 -8.438704131080893944e+01
4.110495060771692799e-01 -8.418046208645439776e+01
4.073794212014800742e-01 -8.397655982473388292e+01
4.037093363257913126e-01 -8.377514457487207267e+01
4.000392514501023289e-01 -8.357637363115969720e+01
3.963691665744131232e-01 -8.338002649856929338e+01
3.926990816987243615e-01 -8.318629019008068326e+01
3.890289968230351558e-01 -8.299491566750683091e+01
3.853589119473461722e-01 -8.280611714936777901e+01
3.816888270716571885e-01 -8.261961966570230231e+01
3.780187421959682048e-01 -8.243566258457491358e+01
3.743486573202792211e-01 -8.225394703742082925e+01
3.706785724445902375e-01 -8.207473513631957474e+01
3.670084875689010318e-01 -8.189770653276076473e+01
3.633384026932122701e-01 -8.172314427581784457e+01
3.596683178175230644e-01 -8.155070803760355602e+01
3.559982329418340807e-01 -8.138070050264609279e+01
3.523281480661450971e-01 -8.121276315755022779e+01
3.486580631904561134e-01 -8.104721575455836557e+01
3.449879783147671297e-01 -8.088368398221781774e+01
3.413178934390781460e-01 -8.072250491552051699e+01
3.376478085633889403e-01 -8.056328881758308569e+01
3.339777236877001787e-01 -8.040637956966922673e+01
3.303076388120109730e-01 -8.025138434317325675e+01
3.266375539363219893e-01 -8.009866121446380305e+01
3.229674690606330056e-01 -7.994778577015463839e+01
3.192973841849440220e-01 -7.979915727942393744e+01
3.156272993092550383e-01 -7.965233344160633067e+01
3.119572144335660546e-01 -7.950769851522240117e+01
3.082871295578768489e-01 -7.936482283684858885e+01
3.046170446821880873e-01 -7.922409962814828077e+01
3.009469598064991036e-01 -7.908508812104390984e+01
2.972768749308098979e-01 -7.894818931210539859e+01
2.936067900551209142e-01 -7.881295532782147006e+01
2.899367051794319305e-01 -7.867979382087274587e+01
2.862666203037429469e-01 -7.854825146736737906e+01
2.825965354280539632e-01 -7.841874163091678440e+01
2.789264505523647575e-01 -7.829080631658781897e+01
2.752563656766759959e-01 -7.816486356270760893e+01
2.715862808009870122e-01 -7.804045187206017431e+01
2.679161959252978065e-01 -7.791799284486300792e+01
2.642461110496088228e-01 -7.779702216589731734e+01
2.605760261739198391e-01 -7.767796415987004366e+01
2.569059412982308555e-01 -7.756035303425328209e+01
2.532358564225418718e-01 -7.744461575579546775e+01
2.495657715468526661e-01 -7.733028489086466095e+01
2.458956866711639044e-01 -7.721778864824590016e+01
2.422256017954749208e-01 -7.710665913631022761e+01
2.385555169197857150e-01 -7.699732552898045412e+01
2.348854320440967314e-01 -7.688932022143266920e+01
2.312153471684077477e-01 -7.678307295980768288e+01
2.275452622927187640e-01 -7.667811646533156988e+01
2.238751774170297804e-01 -7.657487982053820019e+01
2.202050925413405746e-01 -7.647289725826665574e+01
2.165350076656518130e-01 -7.637259703538295241e+01
2.128649227899628293e-01 -7.627351496409295351e+01
2.091948379142736236e-01 -7.617607752353676176e+01
2.055247530385846400e-01 -7.607982328214987433e+01
2.018546681628956563e-01 -7.598517711598972824e+01
1.981845832872066726e-01 -7.589168038542089789e+01
1.945144984115176889e-01 -7.579975566861021719e+01
1.908444135358284832e-01 -7.570894721140868455e+01
1.871743286601397216e-01 -7.561967478285541233e+01
1.835042437844507379e-01 -7.553148620650003409e+01
1.798341589087615322e-01 -7.544479813885362773e+01
1.761640740330725485e-01 -7.535916249698870217e+01
1.724939891573835649e-01 -7.527499251600204389e+01
1.688239042816945812e-01 -7.519184440943003267e+01
1.651538194060055975e-01 -7.511012807767228594e+01
1.614837345303166138e-01 -7.502940386941013173e+01
1.578136496546276302e-01 -7.495007725618206962e+01
1.541435647789386465e-01 -7.487171351062390556e+01
1.504734799032494408e-01 -7.479471355949718259e+01
1.468033950275606792e-01 -7.471864818720361257e+01
1.431333101518714734e-01 -7.464391454490923650e+01
1.394632252761824898e-01 -7.457008798354229384e+01
1.357931404004935061e-01 -7.449756073667157352e+01
1.321230555248045224e-01 -7.442591365894894295e+01
1.284529706491155387e-01 -7.435553424700763969e+01
1.247828857734265551e-01 -7.428600886475155107e+01
1.211128008977373494e-01 -7.421771924366258588e+01
1.174427160220485877e-01 -7.415025834256515225e+01
1.137726311463593820e-01 -7.408400337696053839e+01
1.101025462706703983e-01 -7.401855245562416030e+01
1.064324613949814147e-01 -7.395427718612594958e+01
1.027623765192924310e-01 -7.389078188700872829e+01
9.909229164360344733e-02 -7.382843291811181530e+01
9.542220676791446365e-02 -7.376684051209929294e+01
9.175212189222525794e-02 -7.370636475615695815e+01
8.808203701653649631e-02 -7.364662273513354762e+01
8.441195214084729059e-02 -7.358796932591124573e+01
8.074186726515830692e-02 -7.353002750080980832e+01
7.707178238946932325e-02 -7.347314637941234139e+01
7.340169751378033958e-02 -7.341695546898866098e+01
6.973161263809135590e-02 -7.336179825535757004e+01
6.606152776240237223e-02 -7.330731021567527250e+01
6.239144288671316652e-02 -7.325382889308127687e+01
5.872135801102440489e-02 -7.320099636052133008e+01
5.505127313533519917e-02 -7.314914430276519397e+01
5.138118825964621550e-02 -7.309792114535324004e+01
4.771110338395723183e-02 -7.304765269865968946e+01
4.404101850826824815e-02 -7.299799405426117005e+01
4.037093363257926448e-02 -7.294926468971854661e+01
3.670084875689028081e-02 -7.290112647306428073e+01
3.303076388120107509e-02 -7.285389348646660324e+01
2.936067900551231347e-02 -7.280723357114204930e+01
2.569059412982310775e-02 -7.276145486270080198e+01
2.202050925413412408e-02 -7.271623142105865156e+01
1.835042437844514041e-02 -7.267186508961728464e+01
1.468033950275615673e-02 -7.262803678997637746e+01
1.101025462706717306e-02 -7.258504260211081771e+01
7.340169751378189389e-03 -7.254256990865178523e+01
3.670084875688983672e-03 -7.250090858134788618e+01
2.220446049250313081e-16 -7.245975255751066868e+01
-3.670084875688983672e-03 -7.241938651453430964e+01
-7.340169751377745300e-03 -7.237951007812806381e+01
-1.101025462706695102e-02 -7.234040136091984152e+01
-1.468033950275593469e-02 -7.230176695312718493e+01
-1.835042437844514041e-02 -7.226388030335442636e+01
-2.202050925413390203e-02 -7.222645254053968245e+01
-2.569059412982288571e-02 -7.218975141268732898e+01
-2.936067900551209142e-02 -7.215349357899269478e+01
-3.303076388120107509e-02 -7.211794453143883743e+01
-3.670084875688983672e-02 -7.208282762596797966e+01
-4.037093363257904244e-02 -7.204839542611513536e+01
-4.404101850826802611e-02 -7.201438159609713807e+01
-4.771110338395723183e-02 -7.198103482585180757e+01
-5.138118825964599345e-02 -7.194809255961644112e+01
-5.505127313533497713e-02 -7.191579946478076124e+01
-5.872135801102418284e-02 -7.188389794998089144e+01
-6.239144288671316652e-02 -7.185262692515641447e+01
-6.606152776240192814e-02 -7.182173515568938171e+01
-6.973161263809113386e-02 -7.179145617072421715e+01
-7.340169751378011753e-02 -7.176154433252911247e+01
-7.707178238946887916e-02 -7.173222800903853624e+01
-8.074186726515808488e-02 -7.170326726698843345e+01
-8.441195214084706855e-02 -7.167488498261731422e+01
-8.808203701653627427e-02 -7.164684695747668286e+01
-9.175212189222503589e-02 -7.161937080807450684e+01
-9.542220676791401957e-02 -7.159222790367188338e+01
-9.909229164360322528e-02 -7.156563125287514993e+01
-1.027623765192922090e-01 -7.153935709441864788e+01
-1.064324613949809706e-01 -7.151361300500802543e+01
-1.101025462706701763e-01 -7.148818113491837778e+01
-1.137726311463591600e-01 -7.146326422768916586e+01
-1.174427160220483657e-01 -7.143864948110821445e+01
-1.211128008977371273e-01 -7.141453481693784511e+01
-1.247828857734261110e-01 -7.139071252812564694e+01
-1.284529706491153167e-01 -7.136737544109224984e+01
-1.321230555248043004e-01 -7.134432128808522577e+01
-1.357931404004930620e-01 -7.132173861278525351e+01
-1.394632252761822677e-01 -7.129942990040331097e+01
-1.431333101518712514e-01 -7.127757856698563899e+01
-1.468033950275604571e-01 -7.125599224900474837e+01
-1.504734799032492187e-01 -7.123485012148375972e+01
-1.541435647789382024e-01 -7.121396442595656140e+01
-1.578136496546274081e-01 -7.119350972444691195e+01
-1.614837345303163918e-01 -7.117330309612758299e+01
-1.651538194060051534e-01 -7.115351469814029883e+01
-1.688239042816943591e-01 -7.113396620550342675e+01
-1.724939891573833428e-01 -7.111482364908873421e+01
-1.761640740330725485e-01 -7.109591322596470775e+01
-1.798341589087613102e-01 -7.107739674362223070e+01
-1.835042437844502938e-01 -7.105910487175187029e+01
-1.871743286601394995e-01 -7.104119506846072341e+01
-1.908444135358284832e-01 -7.102350240580194907e+01
-1.945144984115172448e-01 -7.100618031662810381e+01
-1.981845832872064506e-01 -7.098906835467319354e+01
-2.018546681628954342e-01 -7.097231568222944986e+01
-2.055247530385846400e-01 -7.095576634760320189e+01
-2.091948379142734016e-01 -7.093956561562835361e+01
-2.128649227899623853e-01 -7.092356143401028135e+01
-2.165350076656515910e-01 -7.090789545847680131e+01
-2.202050925413405746e-01 -7.089241945662764977e+01
-2.238751774170293363e-01 -7.087727139828039924e+01
-2.275452622927185420e-01 -7.086230708576088944e+01
-2.312153471684075257e-01 -7.084766098166637960e+01
-2.348854320440967314e-01 -7.083319246637175581e+01
-2.385555169197854930e-01 -7.081903219372811975e+01
-2.422256017954744767e-01 -7.080504373525138817e+01
-2.458956866711636824e-01 -7.079135418374934829e+01
-2.495657715468526661e-01 -7.077783068287790513e+01
-2.532358564225414277e-01 -7.076459679007778902e+01
-2.569059412982306334e-01 -7.075152344792296333e+01
-2.605760261739196171e-01 -7.073873113117377898e+01
-2.642461110496088228e-01 -7.072609398688409499e+01
-2.679161959252975844e-01 -7.071372919602391960e+01
-2.715862808009865681e-01 -7.070151437507566072e+01
-2.752563656766757738e-01 -7.068956346111136213e+01
-2.789264505523647575e-01 -7.067775740511999061e+01
-2.825965354280535191e-01 -7.066620717040112254e+01
-2.862666203037427248e-01 -7.065479705666942323e+01
-2.899367051794317085e-01 -7.064363476272571063e+01
-2.936067900551209142e-01 -7.063260786104757472e+01
-2.972768749308096758e-01 -7.062182114949354172e+01
-3.009469598064986595e-01 -7.061116519257936375e+01
-3.046170446821878652e-01 -7.060074196060602958e+01
-3.082871295578768489e-01 -7.059044519194566192e+01
-3.119572144335656105e-01 -7.058037370567802782e+01
-3.156272993092548163e-01 -7.057042438465134637e+01
-3.192973841849437999e-01 -7.056069340859136219e+01
-3.229674690606325616e-01 -7.055108060827446081e+01
-3.266375539363217673e-01 -7.054167922733212492e+01
-3.303076388120107509e-01 -7.053239191292196608e+01
-3.339777236876999567e-01 -7.052330975061765628e+01
-3.376478085633889403e-01 -7.051433753044575781e+01
-3.413178934390777020e-01 -7.050556379568836007e+01
-3.449879783147669077e-01 -7.049689644035376546e+01
-3.486580631904558913e-01 -7.048842117814477604e+01
-3.523281480661446530e-01 -7.048004870313627634e+01
-3.559982329418338587e-01 -7.047186219593771739e+01
-3.596683178175228424e-01 -7.046377476073021739e+01
-3.633384026932120481e-01 -7.045586658691649973e+01
-3.670084875689010318e-01 -7.044805407472858860e+01
-3.706785724445897934e-01 -7.044041788342299526e+01
-3.743486573202789991e-01 -7.043287209975980545e+01
-3.780187421959679828e-01 -7.042549973569634858e+01
-3.816888270716567444e-01 -7.041821595680156065e+01
-3.853589119473459501e-01 -7.041109589411352943e+01
-3.890289968230349338e-01 -7.040406063238019385e+01
-3.926990816987241395e-01 -7.039718432364361433e+01
-3.963691665744131232e-01 -7.039039149761508440e+01
-4.000392514501018848e-01 -7.038375118499524774e+01
-4.037093363257910905e-01 -7.037719139441885829e+01
-4.073794212014800742e-01 -7.037078009426025460e+01
-4.110495060771688358e-01 -7.036444664088408274e+01
-4.147195909528580415e-01 -7.035825655167320747e+01
-4.183896758285470252e-01 -7.035214154259685415e+01
-4.220597607042362309e-01 -7.034616558501713257e+01
-4.257298455799252146e-01 -7.034026207438836309e+01
-4.293999304556139762e-01 -7.033449298371914438e+01
-4.330700153313031819e-01 -7.032879391073134911e+01
-4.367401002069919436e-01 -7.032322461671165570e+01
-4.404101850826811493e-01 -7.031772290415869975e+01
-4.440802699583703550e-01 -7.031234724596062335e+01
-4.477503548340591166e-01 -7.030703688557298392e+01
-4.514204397097483223e-01 -7.030184835387890985e+01
-4.550905245854370840e-01 -7.029672272749236583e+01
-4.587606094611262897e-01 -7.029171507894260174e+01
-4.624306943368154954e-01 -7.028676815322928917e+01
-4.661007792125042570e-01 -7.028193504401262715e+01
-4.697708640881930187e-01 -7.027716064932342022e+01
-4.734409489638822244e-01 -7.027249674217745223e+01
-4.771110338395709860e-01 -7.026788940191708832e+01
-4.807811187152601917e-01 -7.026338863460451023e+01
-4.844512035909493974e-01 -7.025894237091526406e+01
-4.881212884666381591e-01 -7.025459929476139109e+01
-4.917913733423273648e-01 -7.025030881804909200e+01
-4.954614582180161264e-01 -7.024611795141240123e+01
-4.991315430937053321e-01 -7.024197790064496871e+01
-5.028016279693945378e-01 -7.023793431897367157e+01
-5.064717128450832995e-01 -7.023393979406264975e+01
-5.101417977207725052e-01 -7.023003866662216410e+01
-5.138118825964612668e-01 -7.022618487970387946e+01
-5.174819674721504725e-01 -7.022242138341857753e+01
-5.211520523478396782e-01 -7.021870345802460633e+01
-5.248221372235284399e-01 -7.021507287423679600e+01
-5.284922220992172015e-01 -7.021148640875360059e+01
-5.321623069749064072e-01 -7.020798428143214664e+01
-5.358323918505951688e-01 -7.020452487338376102e+01
-5.395024767262843746e-01 -7.020114691785607874e+01
-5.431725616019735803e-01 -7.019781004503576582e+01
-5.468426464776623419e-01 -7.019455189184782284e+01
-5.505127313533515476e-01 -7.019133330527414216e+01
-5.541828162290403093e-01 -7.018819068662205041e+01
-5.578529011047295150e-01 -7.018508618721538994e+01
-5.615229859804187207e-01 -7.018205535163626507e+01
-5.651930708561074823e-01 -7.017906125291807484e+01
-5.688631557317962439e-01 -7.017613860019615402e+01
-5.725332406074854497e-01 -7.017325138279414887e+01
-5.762033254831742113e-01 -7.017043302573070207e+01
-5.798734103588638611e-01 -7.016764886415876390e+01
-5.835434952345526227e-01 -7.016493130722510330e+01
-5.872135801102413843e-01 -7.016224663360590341e+01
-5.908836649859305901e-01 -7.015962611702960317e+01
-5.945537498616193517e-01 -7.015703734110768153e+01
-5.982238347373085574e-01 -7.015451056593761336e+01
-6.018939196129977631e-01 -7.015201458087192066e+01
-6.055640044886865248e-01 -7.014957841698786467e+01
-6.092340893643757305e-01 -7.014717182898553460e+01
-6.129041742400644921e-01 -7.014482366776549327e+01
-6.165742591157536978e-01 -7.014250400094145732e+01
-6.202443439914429035e-01 -7.014024006949355794e+01
-6.239144288671316652e-01 -7.013800373554238377e+01
-6.275845137428204268e-01 -7.013582136803304934e+01
-6.312545986185096325e-01 -7.013366559398961897e+01
-6.349246834941983941e-01 -7.013156196160261402e+01
-6.385947683698880439e-01 -7.012948380223635070e+01
-6.422648532455768056e-01 -7.012745611983886818e+01
-6.459349381212655672e-01 -7.012545289755490785e+01
-6.496050229969547729e-01 -7.012349879175830836e+01
-6.532751078726435345e-01 -7.012156831234646859e+01
-6.569451927483327403e-01 -7.011968519677837719e+01
-6.606152776240219460e-01 -7.011782493445990383e+01
-6.642853624997107076e-01 -7.011600990937007793e+01
-6.679554473753999133e-01 -7.011421697213440041e+01
-6.716255322510886749e-01 -7.011246792524684679e+01
-6.752956171267778807e-01 -7.011074023505041453e+01
-6.789657020024670864e-01 -7.010905501105142434e+01
-6.826357868781558480e-01 -7.010739028420086072e+01
-6.863058717538446096e-01 -7.010576668829699543e+01
-6.899759566295338153e-01 -7.010416279757477298e+01
-6.936460415052225770e-01 -7.010259833934888718e+01
-6.973161263809122268e-01 -7.010105294209122917e+01
-7.009862112566009884e-01 -7.009954551092107522e+01
-7.046562961322897500e-01 -7.009805635058950202e+01
-7.083263810079789558e-01 -7.009660409585332275e+01
-7.119964658836677174e-01 -7.009516962757267322e+01
-7.156665507593569231e-01 -7.009377026774474473e+01
-7.193366356350461288e-01 -7.009238796424810403e+01
-7.230067205107348904e-01 -7.009104083967574184e+01
-7.266768053864240962e-01 -7.008970918698466335e+01
-7.303468902621128578e-01 -7.008841298270007769e+01
-7.340169751378020635e-01 -7.008713181345905241e+01
-7.376870600134912692e-01 -7.008587988056135032e+01
-7.413571448891800308e-01 -7.008464353782690637e+01
-7.450272297648687925e-01 -7.008343977555280446e+01
-7.486973146405579982e-01 -7.008225022599373233e+01
-7.523673995162467598e-01 -7.008109055608362326e+01
-7.560374843919364096e-01 -7.007994493794689106e+01
-7.597075692676251712e-01 -7.007882817458391855e+01
-7.633776541433139329e-01 -7.007772502708819218e+01
-7.670477390190031386e-01 -7.007664970364810131e+01
-7.707178238946919002e-01 -7.007558750485590338e+01
-7.743879087703811059e-01 -7.007455216088555972e+01
-7.780579936460703117e-01 -7.007352940960028320e+01
-7.817280785217590733e-01 -7.007253249691450492e+01
-7.853981633974478349e-01 -7.007154774042052736e+01
-7.890682482731370406e-01 -7.007058794345361719e+01
-7.927383331488262463e-01 -7.006963983664044804e+01
-7.964084180245154521e-01 -7.006871560460636772e+01
-8.000785029002042137e-01 -7.006780256040349286e+01
-8.037485877758929753e-01 -7.006691277856639033e+01
-8.074186726515821810e-01 -7.006603381144881837e+01
-8.110887575272709427e-01 -7.006517742939044524e+01
-8.147588424029601484e-01 -7.006433147476190015e+01
-8.184289272786493541e-01 -7.006350718497576224e+01
-8.220990121543381157e-01 -7.006269292279452543e+01
-8.257690970300273214e-01 -7.006189938982753063e+01
-8.294391819057160831e-01 -7.006111558903593561e+01
-8.331092667814052888e-01 -7.006035187615654536e+01
-8.367793516570944945e-01 -7.005959753986876137e+01
-8.404494365327832561e-01 -7.005886251336511350e+01
-8.441195214084720178e-01 -7.005813645756346375e+01
-8.477896062841612235e-01 -7.005742876158349475e+01
-8.514596911598504292e-01 -7.005672970583330539e+01
-8.551297760355396349e-01 -7.005604897196876379e+01
-8.587998609112283965e-01 -7.005537655340745573e+01
-8.624699457869171582e-01 -7.005472175146678637e+01
-8.661400306626063639e-01 -7.005407489217773787e+01
-8.698101155382951255e-01 -7.005344504370458480e+01
-8.734802004139843312e-01 -7.005282269626940206e+01
-8.771502852896735369e-01 -7.005221680882104351e+01
-8.808203701653622986e-01 -7.005161807145192654e+01
-8.844904550410515043e-01 -7.005103524752038879e+01
-8.881605399167402659e-01 -7.005045939088121543e+01
-8.918306247924294716e-01 -7.004989829412454583e+01
-8.955007096681186773e-01 -7.004934412522850096e+01
-8.991707945438074390e-01 -7.004880470128441061e+01
-9.028408794194962006e-01 -7.004827170415777005e+01
-9.065109642951854063e-01 -7.004775164585880987e+01
-9.101810491708746120e-01 -7.004723765392576240e+01
-9.138511340465638177e-01 -7.004673667987128738e+01
-9.175212189222525794e-01 -7.004624170162790620e+01
-9.211913037979413410e-01 -7.004575981800191187e+01
-9.248613886736305467e-01 -7.004528413644409568e+01
-9.285314735493193083e-01 -7.004482234299628374e+01
-9.322015584250085141e-01 -7.004436643744013224e+01
-9.358716433006977198e-01 -7.004392312287879463e+01
-9.395417281763864814e-01 -7.004348527526238399e+01
-9.432118130520756871e-01 -7.004305864047330488e+01
-9.468818979277644488e-01 -7.004263714176843791e+01
-9.505519828034536545e-01 -7.004222611301790380e+01
-9.542220676791428602e-01 -7.004181997040231522e+01
-9.578921525548316218e-01 -7.004142440859794760e+01
-9.615622374305203834e-01 -7.004103375277503574e+01
-9.652323223062095892e-01 -7.004065371178541000e+01
-9.689024071818983508e-01 -7.004027839061370742e+01
-9.725724920575880006e-01 -7.003991316367844888e+01
-9.762425769332767622e-01 -7.003955247900039183e+01
-9.799126618089655238e-01 -7.003920148804438384e+01
-9.835827466846547296e-01 -7.003885473670693784e+01
-9.872528315603434912e-01 -7.003851720965882066e+01
-9.909229164360326969e-01 -7.003818379644627612e+01
-9.945930013117219026e-01 -7.003785926959089636e+01
-9.982630861874106643e-01 -7.003753874238769583e+01
-1.001933171063099870e+00 -7.003722700021752701e+01
-1.005603255938788632e+00 -7.003691905533035822e+01
-1.009273340814477837e+00 -7.003661963537683732e+01
-1.012943425690167043e+00 -7.003632384424675195e+01
-1.016613510565855805e+00 -7.003603607567879408e+01
-1.020283595441544566e+00 -7.003575183944032290e+01
-1.023953680317233772e+00 -7.003547530560375378e+01
-1.027623765192922534e+00 -7.003520206195285880e+01
-1.031293850068611739e+00 -7.003493623203115703e+01
-1.034963934944300945e+00 -7.003467354029699266e+01
-1.038634019819989707e+00 -7.003441797216252951e+01
-1.042304104695678912e+00 -7.003416556736806342e+01
-1.045974189571367674e+00 -7.003392010611801766e+01
-1.049644274447056880e+00 -7.003367762875106450e+01
-1.053314359322746085e+00 -7.003344197200787846e+01
-1.056984444198434847e+00 -7.003320912230852002e+01
-1.060654529074123609e+00 -7.003298242196161993e+01
-1.064324613949812814e+00 -7.003275823838271208e+01
-1.067994698825502020e+00 -7.003253972647884495e+01
-1.071664783701191226e+00 -7.003232368654987283e+01
-1.075334868576879988e+00 -7.003211664355848143e+01
-1.079004953452568749e+00 -7.003192166742996960e+01
-1.082675038328257955e+00 -7.003170475718131627e+01
-1.086345123203946716e+00 -7.003149928954982784e+01
-1.090015208079635922e+00 -7.003131805286062672e+01
-1.093685292955325128e+00 -7.003113008179660426e+01
-1.097355377831013890e+00 -7.003094683895356809e+01
-1.101025462706703095e+00 -7.003076339840303888e+01
-1.104695547582391857e+00 -7.003058672128085504e+01
-1.108365632458081063e+00 -7.003041222515219033e+01
-1.112035717333770268e+00 -7.003024208468913514e+01
-1.115705802209459030e+00 -7.003007391472762322e+01
-1.119375887085147792e+00 -7.002991056061948427e+01
-1.123045971960836997e+00 -7.002974908468854665e+01
-1.126716056836526203e+00 -7.002959198371111427e+01
-1.130386141712215409e+00 -7.002943680418506744e+01
-1.134056226587904170e+00 -7.002928593805549440e+01
-1.137726311463592932e+00 -7.002913686353863909e+01
-1.141396396339282138e+00 -7.002899209246106693e+01
-1.145066481214970899e+00 -7.002884917403416409e+01
-1.148736566090660105e+00 -7.002871034258816962e+01
-1.152406650966349311e+00 -7.002857318228566896e+01
-1.156076735842038072e+00 -7.002843985095562118e+01
-1.159746820717727278e+00 -7.002830816305862527e+01
-1.163416905593416040e+00 -7.002818022503207374e+01
-1.167086990469105245e+00 -7.002805381917757188e+01
-1.170757075344794451e+00 -7.002793099903590246e+01
-1.174427160220483213e+00 -7.002780974060813435e+01
-1.178097245096171974e+00 -7.002769210708088110e+01
-1.181767329971861180e+00 -7.002757602802169856e+01
-1.185437414847550386e+00 -7.002746366772664999e+01
-1.189107499723239592e+00 -7.002735266281018767e+01
-1.192777584598928353e+00 -7.002724500359269655e+01
-1.196447669474617115e+00 -7.002713866869420656e+01
-1.200117754350306321e+00 -7.002703548835194169e+01
-1.203787839225995082e+00 -7.002693357612818659e+01
-1.207457924101684288e+00 -7.002683426642747122e+01
-1.211128008977373494e+00 -7.002673616668769796e+01
-1.214798093853062255e+00 -7.002664133509554745e+01
-1.218468178728751461e+00 -7.002654779013411712e+01
-1.222138263604440223e+00 -7.002645695044465413e+01
-1.225808348480129428e+00 -7.002636720355397415e+01
-1.229478433355818634e+00 -7.002628008071582144e+01
-1.233148518231507396e+00 -7.002619409817904739e+01
-1.236818603107196157e+00 -7.002611067245030085e+01
-1.240488687982885363e+00 -7.002602831692350094e+01
-1.244158772858574569e+00 -7.002594849685843315e+01
-1.247828857734263330e+00 -7.002586973985719965e+01
-1.251498942609952536e+00 -7.002579311587606981e+01
-1.255169027485641298e+00 -7.002571740912719633e+01
-1.258839112361330503e+00 -7.002564390603291145e+01
-1.262509197237019265e+00 -7.002557135731831295e+01
-1.266179282112708471e+00 -7.002550089819953882e+01
-1.269849366988397676e+00 -7.002543129084224915e+01
-1.273519451864086438e+00 -7.002536385118909834e+01
-1.277189536739775200e+00 -7.002529726311183822e+01
-1.280859621615464405e+00 -7.002523274315480251e+01
-1.284529706491153611e+00 -7.002516914682857418e+01
-1.288199791366842817e+00 -7.002510788036769895e+01
-1.291869876242531578e+00 -7.002504734647469320e+01
-1.295539961118220340e+00 -7.002498864699474268e+01
-1.299210045993909546e+00 -7.002493073913312571e+01
-1.302880130869598752e+00 -7.002487461896336640e+01
-1.306550215745287513e+00 -7.002481917566763059e+01
-1.310220300620976719e+00 -7.002476547825639841e+01
-1.313890385496665481e+00 -7.002471257039749730e+01
-1.317560470372354686e+00 -7.002466131307845387e+01
-1.321230555248043448e+00 -7.002461068992040794e+01
-1.324900640123732654e+00 -7.002456174425850577e+01
-1.328570724999421859e+00 -7.002451344399467814e+01
-1.332240809875110621e+00 -7.002446705463594867e+01
-1.335910894750799383e+00 -7.002442137660513310e+01
-1.339580979626488588e+00 -7.002437736761172005e+01
-1.343251064502177794e+00 -7.002433388997420138e+01
-1.346921149377867000e+00 -7.002429186376967607e+01
-1.350591234253555761e+00 -7.002425044128111153e+01
-1.354261319129244523e+00 -7.002421031245597760e+01
-1.357931404004933729e+00 -7.002417073399664105e+01
-1.361601488880622490e+00 -7.002413276573840051e+01
-1.365271573756311696e+00 -7.002409544472409664e+01
-1.368941658632000902e+00 -7.002405912676906041e+01
-1.372611743507689663e+00 -7.002402380724056741e+01
-1.376281828383378869e+00 -7.002399224091352892e+01
-1.379951913259067631e+00 -7.002396144899701369e+01
-1.383621998134756836e+00 -7.002392479705278561e+01
-1.387292083010446042e+00 -7.002388739541304119e+01
-1.390962167886134804e+00 -7.002385707825519034e+01
-1.394632252761823565e+00 -7.002382728483263463e+01
-1.398302337637512771e+00 -7.002379771790762675e+01
-1.401972422513201977e+00 -7.002376901971975087e+01
-1.405642507388891183e+00 -7.002374121799218187e+01
-1.409312592264579944e+00 -7.002371379726976386e+01
-1.412982677140268706e+00 -7.002368756737985223e+01
-1.416652762015957912e+00 -7.002366178431451260e+01
-1.420322846891646673e+00 -7.002363726325118876e+01
-1.423992931767335879e+00 -7.002361320111650400e+01
-1.427663016643025085e+00 -7.002358957468237577e+01
-1.431333101518713846e+00 -7.002356656215488329e+01
-1.435003186394403052e+00 -7.002354481752352910e+01
-1.438673271270091814e+00 -7.002352307615120708e+01
-1.442343356145781019e+00 -7.002350310320632332e+01
-1.446013441021470225e+00 -7.002348274785241244e+01
-1.449683525897158987e+00 -7.002346373198679430e+01
-1.453353610772847748e+00 -7.002344477174942483e+01
-1.457023695648536954e+00 -7.002342723837362826e+01
-1.460693780524226160e+00 -7.002340945322352184e+01
-1.464363865399915365e+00 -7.002339338621335685e+01
-1.468033950275604127e+00 -7.002337779087422120e+01
-1.471704035151292889e+00 -7.002336255828815581e+01
-1.475374120026982094e+00 -7.002334733950343093e+01
-1.479044204902670856e+00 -7.002333325002007314e+01
-1.482714289778360062e+00 -7.002331968801946971e+01
-1.486384374654049267e+00 -7.002330696093753204e+01
-1.490054459529738029e+00 -7.002329485018059074e+01
-1.493724544405426791e+00 -7.002328283213408611e+01
-1.497394629281115996e+00 -7.002327130670026634e+01
-1.501064714156805202e+00 -7.002326074178050419e+01
-1.504734799032494408e+00 -7.002325053560531387e+01
-1.508404883908183169e+00 -7.002324135136622374e+01
-1.512074968783871931e+00 -7.002323269381156479e+01
-1.515745053659561137e+00 -7.002322422631321786e+01
-1.519415138535250342e+00 -7.002321605505093771e+01
-1.523085223410939104e+00 -7.002320860486190668e+01
-1.526755308286628310e+00 -7.002320138494847868e+01
-1.530425393162317071e+00 -7.002319582256276931e+01
-1.534095478038006277e+00 -7.002319043172920487e+01
-1.537765562913695039e+00 -7.002318557463259197e+01
-1.541435647789384245e+00 -7.002318108767275362e+01
-1.545105732665073450e+00 -7.002317650400297566e+01
-1.548775817540762212e+00 -7.002317331468540829e+01
-1.552445902416450974e+00 -7.002317065909413429e+01
-1.556115987292140179e+00 -7.002316824464013223e+01
-1.559786072167829385e+00 -7.002316650574127266e+01
-1.563456157043518591e+00 -7.002316508623890456e+01
-1.567126241919207352e+00 -7.002316442631703808e+01
-1.570796326794896114e+00 -7.002316407752452676e+01
