1.181739231611597996e+00 9.102274379399178272e+00 2.286740320903782653e+00
1.690467324066155796e-01 2.045680614149441023e+00 3.072314032600342415e+00
6.508841248082430919e-02 7.556270850006182593e-01 3.333207400826559752e+00
7.584569444571032971e-03 2.108619037409932562e-01 3.541289116897444078e+00
1.788691436864429420e-03 7.940813731722300151e-02 3.495283431753504644e+00
3.134099316711087585e-04 3.401224647391433431e-02 3.752955196129824422e+00
8.734448028061025417e-05 1.022789601668551776e-02 3.372413380882883782e+00
1.755564355549020996e-05 1.807105114384740651e-03 3.159362579845617081e+00
2.441010964775487854e-06 1.928403546533687422e-04 2.941891553857181929e+00
2.118362035525246343e-07 1.569321574183277503e-05 3.023175349252898769e+00
1.354584233683599085e-08 9.240667277802138807e-07 2.959912733290257947e+00
