1.846467186610932343e+00 1.410995876147639905e+01 2.286739976395453233e+00
2.641360474259441538e-01 3.154203640909569284e+00 3.072322216468311495e+00
1.017072477554261667e-01 1.158784724872148786e+00 3.333443260767690486e+00
1.185050380892636174e-02 3.086145365788873773e-01 3.540333006916970948e+00
2.780418008157629298e-03 1.057581874293585106e-01 3.474284969221203667e+00
4.779122723372959854e-04 4.331728981457470817e-02 3.722089602361453586e+00
1.351126424595016447e-04 1.556819750445172928e-02 3.499905209583591859e+00
3.061202410551998657e-05 3.622093681558011258e-03 3.302312894094707296e+00
4.797223827406125753e-06 4.561188005661743193e-04 2.962034133929406732e+00
5.947622188779407153e-07 4.698455895632044069e-05 3.009393355136932069e+00
4.967761062976753843e-08 3.488031684927304619e-06 2.969275708010588932e+00
2.219703709948847441e-09 1.906618358780038341e-07 2.837696263038696376e+00
