1.8310e-04 5.0000e-01 
3.6619e-04 5.0000e-01 
5.4929e-04 5.0000e-01 
7.3239e-04 5.0000e-01 
8.9752e-04 5.0000e-01 
1.0352e-03 5.0000e-01 
1.1533e-03 5.0000e-01 
1.2566e-03 5.0001e-01 
1.3483e-03 5.0001e-01 
1.4306e-03 5.0001e-01 
1.5050e-03 5.0002e-01 
1.5728e-03 5.0002e-01 
1.6349e-03 5.0002e-01 
1.6921e-03 5.0003e-01 
1.7449e-03 5.0003e-01 
1.7940e-03 5.0004e-01 
1.8396e-03 5.0004e-01 
1.8822e-03 5.0005e-01 
1.9221e-03 5.0005e-01 
1.9596e-03 5.0006e-01 
1.9948e-03 5.0006e-01 
2.0280e-03 5.0007e-01 
2.0594e-03 5.0008e-01 
2.0891e-03 5.0008e-01 
2.1174e-03 5.0009e-01 
2.1442e-03 5.0010e-01 
2.1698e-03 5.0010e-01 
2.1943e-03 5.0011e-01 
2.2177e-03 5.0012e-01 
2.2402e-03 5.0013e-01 
2.2617e-03 5.0013e-01 
2.2825e-03 5.0014e-01 
2.3026e-03 5.0015e-01 
2.3219e-03 5.0016e-01 
2.3407e-03 5.0017e-01 
2.3589e-03 5.0017e-01 
2.3766e-03 5.0018e-01 
2.3938e-03 5.0019e-01 
2.4106e-03 5.0020e-01 
2.4271e-03 5.0021e-01 
2.4431e-03 5.0022e-01 
2.4589e-03 5.0023e-01 
2.4744e-03 5.0024e-01 
2.4896e-03 5.0025e-01 
2.5047e-03 5.0026e-01 
2.5195e-03 5.0027e-01 
2.5342e-03 5.0028e-01 
2.5487e-03 5.0029e-01 
2.5631e-03 5.0030e-01 
2.5774e-03 5.0032e-01 
2.5916e-03 5.0033e-01 
2.6058e-03 5.0034e-01 
2.6199e-03 5.0035e-01 
2.6339e-03 5.0037e-01 
2.6476e-03 5.0038e-01 
2.6613e-03 5.0039e-01 
2.6748e-03 5.0041e-01 
2.6882e-03 5.0042e-01 
2.7015e-03 5.0043e-01 
2.7148e-03 5.0045e-01 
2.7280e-03 5.0046e-01 
2.7413e-03 5.0048e-01 
2.7545e-03 5.0049e-01 
2.7677e-03 5.0051e-01 
2.7809e-03 5.0053e-01 
2.7942e-03 5.0054e-01 
2.8075e-03 5.0056e-01 
2.8209e-03 5.0057e-01 
2.8343e-03 5.0059e-01 
2.8477e-03 5.0061e-01 
2.8612e-03 5.0063e-01 
2.8748e-03 5.0064e-01 
2.8885e-03 5.0066e-01 
2.9023e-03 5.0068e-01 
2.9161e-03 5.0070e-01 
2.9300e-03 5.0072e-01 
2.9440e-03 5.0074e-01 
2.9580e-03 5.0076e-01 
2.9722e-03 5.0078e-01 
2.9864e-03 5.0080e-01 
3.0007e-03 5.0083e-01 
3.0151e-03 5.0085e-01 
3.0296e-03 5.0087e-01 
3.0441e-03 5.0089e-01 
3.0587e-03 5.0092e-01 
3.0734e-03 5.0094e-01 
3.0881e-03 5.0096e-01 
3.1029e-03 5.0099e-01 
3.1177e-03 5.0101e-01 
3.1327e-03 5.0104e-01 
3.1476e-03 5.0106e-01 
3.1626e-03 5.0109e-01 
3.1777e-03 5.0112e-01 
3.1928e-03 5.0114e-01 
3.2080e-03 5.0117e-01 
3.2232e-03 5.0120e-01 
3.2384e-03 5.0123e-01 
3.2537e-03 5.0125e-01 
3.2690e-03 5.0128e-01 
3.2843e-03 5.0131e-01 
3.2997e-03 5.0134e-01 
3.3151e-03 5.0137e-01 
3.3305e-03 5.0140e-01 
3.3460e-03 5.0143e-01 
3.3615e-03 5.0146e-01 
3.3770e-03 5.0149e-01 
3.3926e-03 5.0153e-01 
3.4082e-03 5.0156e-01 
3.4238e-03 5.0159e-01 
3.4394e-03 5.0162e-01 
3.4551e-03 5.0166e-01 
3.4708e-03 5.0169e-01 
3.4866e-03 5.0172e-01 
3.5024e-03 5.0176e-01 
3.5182e-03 5.0179e-01 
3.5340e-03 5.0183e-01 
3.5499e-03 5.0186e-01 
3.5659e-03 5.0190e-01 
3.5818e-03 5.0194e-01 
3.5978e-03 5.0197e-01 
3.6139e-03 5.0201e-01 
3.6300e-03 5.0205e-01 
3.6461e-03 5.0209e-01 
3.6623e-03 5.0213e-01 
3.6786e-03 5.0217e-01 
3.6949e-03 5.0221e-01 
3.7112e-03 5.0225e-01 
3.7276e-03 5.0229e-01 
3.7440e-03 5.0233e-01 
3.7605e-03 5.0237e-01 
3.7770e-03 5.0241e-01 
3.7936e-03 5.0246e-01 
3.8103e-03 5.0250e-01 
3.8270e-03 5.0255e-01 
3.8438e-03 5.0259e-01 
3.8606e-03 5.0264e-01 
3.8774e-03 5.0268e-01 
3.8944e-03 5.0273e-01 
3.9113e-03 5.0278e-01 
3.9284e-03 5.0282e-01 
3.9455e-03 5.0287e-01 
3.9626e-03 5.0292e-01 
3.9798e-03 5.0297e-01 
3.9971e-03 5.0302e-01 
4.0144e-03 5.0307e-01 
4.0318e-03 5.0312e-01 
4.0492e-03 5.0317e-01 
4.0667e-03 5.0323e-01 
4.0842e-03 5.0328e-01 
4.1018e-03 5.0334e-01 
4.1194e-03 5.0339e-01 
4.1371e-03 5.0345e-01 
4.1548e-03 5.0350e-01 
4.1726e-03 5.0356e-01 
4.1905e-03 5.0362e-01 
4.2083e-03 5.0368e-01 
4.2263e-03 5.0374e-01 
4.2443e-03 5.0380e-01 
4.2623e-03 5.0386e-01 
4.2804e-03 5.0392e-01 
4.2985e-03 5.0398e-01 
4.3167e-03 5.0404e-01 
4.3349e-03 5.0411e-01 
4.3532e-03 5.0417e-01 
4.3715e-03 5.0424e-01 
4.3899e-03 5.0431e-01 
4.4083e-03 5.0437e-01 
4.4267e-03 5.0444e-01 
4.4452e-03 5.0451e-01 
4.4638e-03 5.0458e-01 
4.4824e-03 5.0465e-01 
4.5010e-03 5.0473e-01 
4.5197e-03 5.0480e-01 
4.5384e-03 5.0487e-01 
4.5572e-03 5.0495e-01 
4.5760e-03 5.0503e-01 
4.5948e-03 5.0510e-01 
4.6137e-03 5.0518e-01 
4.6327e-03 5.0526e-01 
4.6517e-03 5.0534e-01 
4.6707e-03 5.0543e-01 
4.6898e-03 5.0551e-01 
4.7089e-03 5.0559e-01 
4.7281e-03 5.0568e-01 
4.7473e-03 5.0577e-01 
4.7666e-03 5.0585e-01 
4.7859e-03 5.0594e-01 
4.8053e-03 5.0603e-01 
4.8247e-03 5.0612e-01 
4.8442e-03 5.0622e-01 
4.8637e-03 5.0631e-01 
4.8833e-03 5.0640e-01 
4.9029e-03 5.0650e-01 
4.9225e-03 5.0660e-01 
4.9422e-03 5.0669e-01 
4.9620e-03 5.0679e-01 
4.9818e-03 5.0689e-01 
5.0016e-03 5.0699e-01 
5.0215e-03 5.0710e-01 
5.0415e-03 5.0720e-01 
5.0615e-03 5.0730e-01 
5.0816e-03 5.0741e-01 
5.1017e-03 5.0751e-01 
5.1218e-03 5.0762e-01 
5.1420e-03 5.0773e-01 
5.1623e-03 5.0784e-01 
5.1826e-03 5.0795e-01 
5.2030e-03 5.0806e-01 
5.2234e-03 5.0817e-01 
5.2439e-03 5.0828e-01 
5.2644e-03 5.0839e-01 
5.2849e-03 5.0851e-01 
5.3056e-03 5.0862e-01 
5.3262e-03 5.0874e-01 
5.3469e-03 5.0885e-01 
5.3677e-03 5.0897e-01 
5.3885e-03 5.0909e-01 
5.4094e-03 5.0921e-01 
5.4303e-03 5.0933e-01 
5.4513e-03 5.0945e-01 
5.4723e-03 5.0957e-01 
5.4934e-03 5.0969e-01 
5.5145e-03 5.0981e-01 
5.5356e-03 5.0994e-01 
5.5569e-03 5.1006e-01 
5.5781e-03 5.1018e-01 
5.5994e-03 5.1031e-01 
5.6208e-03 5.1044e-01 
5.6422e-03 5.1056e-01 
5.6637e-03 5.1069e-01 
5.6852e-03 5.1082e-01 
5.7067e-03 5.1095e-01 
5.7283e-03 5.1108e-01 
5.7499e-03 5.1121e-01 
5.7716e-03 5.1134e-01 
5.7934e-03 5.1147e-01 
5.8151e-03 5.1160e-01 
5.8370e-03 5.1173e-01 
5.8588e-03 5.1187e-01 
5.8808e-03 5.1200e-01 
5.9027e-03 5.1214e-01 
5.9247e-03 5.1227e-01 
5.9467e-03 5.1241e-01 
5.9688e-03 5.1254e-01 
5.9910e-03 5.1268e-01 
6.0131e-03 5.1282e-01 
6.0353e-03 5.1295e-01 
6.0576e-03 5.1309e-01 
6.0799e-03 5.1323e-01 
6.1022e-03 5.1337e-01 
6.1246e-03 5.1351e-01 
6.1470e-03 5.1365e-01 
6.1694e-03 5.1379e-01 
6.1919e-03 5.1393e-01 
6.2144e-03 5.1407e-01 
6.2369e-03 5.1422e-01 
6.2595e-03 5.1436e-01 
6.2821e-03 5.1450e-01 
6.3048e-03 5.1464e-01 
6.3275e-03 5.1479e-01 
6.3502e-03 5.1493e-01 
6.3730e-03 5.1507e-01 
6.3957e-03 5.1522e-01 
6.4185e-03 5.1536e-01 
6.4414e-03 5.1551e-01 
6.4643e-03 5.1565e-01 
6.4871e-03 5.1580e-01 
6.5101e-03 5.1594e-01 
6.5330e-03 5.1609e-01 
6.5560e-03 5.1624e-01 
6.5790e-03 5.1638e-01 
6.6020e-03 5.1653e-01 
6.6250e-03 5.1668e-01 
6.6481e-03 5.1682e-01 
6.6712e-03 5.1697e-01 
6.6943e-03 5.1712e-01 
6.7174e-03 5.1727e-01 
6.7405e-03 5.1741e-01 
6.7637e-03 5.1756e-01 
6.7869e-03 5.1771e-01 
6.8100e-03 5.1786e-01 
6.8332e-03 5.1801e-01 
6.8564e-03 5.1815e-01 
6.8797e-03 5.1830e-01 
6.9029e-03 5.1845e-01 
6.9261e-03 5.1860e-01 
6.9494e-03 5.1875e-01 
6.9726e-03 5.1890e-01 
6.9959e-03 5.1904e-01 
7.0192e-03 5.1919e-01 
7.0425e-03 5.1934e-01 
7.0657e-03 5.1949e-01 
7.0890e-03 5.1964e-01 
7.1123e-03 5.1979e-01 
7.1356e-03 5.1994e-01 
7.1589e-03 5.2008e-01 
7.1822e-03 5.2023e-01 
7.2055e-03 5.2038e-01 
7.2287e-03 5.2053e-01 
7.2520e-03 5.2068e-01 
7.2753e-03 5.2083e-01 
7.2986e-03 5.2097e-01 
7.3219e-03 5.2112e-01 
7.3451e-03 5.2127e-01 
7.3684e-03 5.2142e-01 
7.3916e-03 5.2157e-01 
7.4149e-03 5.2171e-01 
7.4381e-03 5.2186e-01 
7.4614e-03 5.2201e-01 
7.4846e-03 5.2215e-01 
7.5078e-03 5.2230e-01 
7.5310e-03 5.2245e-01 
7.5542e-03 5.2259e-01 
7.5774e-03 5.2274e-01 
7.6005e-03 5.2289e-01 
7.6237e-03 5.2303e-01 
7.6469e-03 5.2318e-01 
7.6700e-03 5.2333e-01 
7.6931e-03 5.2347e-01 
7.7162e-03 5.2362e-01 
7.7393e-03 5.2376e-01 
7.7624e-03 5.2391e-01 
7.7855e-03 5.2405e-01 
7.8085e-03 5.2420e-01 
7.8316e-03 5.2434e-01 
7.8546e-03 5.2449e-01 
7.8776e-03 5.2463e-01 
7.9006e-03 5.2477e-01 
7.9236e-03 5.2492e-01 
7.9465e-03 5.2506e-01 
7.9695e-03 5.2521e-01 
7.9924e-03 5.2535e-01 
8.0153e-03 5.2549e-01 
8.0382e-03 5.2563e-01 
8.0611e-03 5.2578e-01 
8.0839e-03 5.2592e-01 
8.1067e-03 5.2606e-01 
8.1296e-03 5.2620e-01 
8.1524e-03 5.2634e-01 
8.1752e-03 5.2649e-01 
8.1979e-03 5.2663e-01 
8.2207e-03 5.2677e-01 
8.2434e-03 5.2691e-01 
8.2661e-03 5.2705e-01 
8.2888e-03 5.2719e-01 
8.3115e-03 5.2733e-01 
8.3341e-03 5.2747e-01 
8.3567e-03 5.2761e-01 
8.3794e-03 5.2775e-01 
8.4020e-03 5.2789e-01 
8.4245e-03 5.2803e-01 
8.4471e-03 5.2816e-01 
8.4696e-03 5.2830e-01 
8.4921e-03 5.2844e-01 
8.5146e-03 5.2858e-01 
8.5371e-03 5.2872e-01 
8.5595e-03 5.2885e-01 
8.5820e-03 5.2899e-01 
8.6044e-03 5.2913e-01 
8.6268e-03 5.2927e-01 
8.6491e-03 5.2940e-01 
8.6715e-03 5.2954e-01 
8.6938e-03 5.2967e-01 
8.7161e-03 5.2981e-01 
8.7384e-03 5.2994e-01 
8.7606e-03 5.3008e-01 
8.7829e-03 5.3021e-01 
8.8051e-03 5.3035e-01 
8.8273e-03 5.3048e-01 
8.8495e-03 5.3062e-01 
8.8716e-03 5.3075e-01 
8.8937e-03 5.3089e-01 
8.9158e-03 5.3102e-01 
8.9379e-03 5.3115e-01 
8.9600e-03 5.3129e-01 
8.9820e-03 5.3142e-01 
9.0040e-03 5.3155e-01 
9.0260e-03 5.3168e-01 
9.0480e-03 5.3181e-01 
9.0699e-03 5.3195e-01 
9.0918e-03 5.3208e-01 
9.1137e-03 5.3221e-01 
9.1356e-03 5.3234e-01 
9.1575e-03 5.3247e-01 
9.1793e-03 5.3260e-01 
9.2011e-03 5.3273e-01 
9.2229e-03 5.3286e-01 
9.2447e-03 5.3299e-01 
9.2665e-03 5.3312e-01 
9.2882e-03 5.3325e-01 
9.3099e-03 5.3338e-01 
9.3316e-03 5.3351e-01 
9.3532e-03 5.3364e-01 
9.3749e-03 5.3376e-01 
9.3965e-03 5.3389e-01 
9.4181e-03 5.3402e-01 
9.4397e-03 5.3415e-01 
9.4613e-03 5.3427e-01 
9.4828e-03 5.3440e-01 
9.5043e-03 5.3453e-01 
9.5258e-03 5.3465e-01 
9.5473e-03 5.3478e-01 
9.5687e-03 5.3491e-01 
9.5902e-03 5.3503e-01 
9.6116e-03 5.3516e-01 
9.6330e-03 5.3528e-01 
9.6544e-03 5.3541e-01 
9.6757e-03 5.3553e-01 
9.6970e-03 5.3566e-01 
9.7183e-03 5.3578e-01 
9.7396e-03 5.3591e-01 
9.7609e-03 5.3603e-01 
9.7821e-03 5.3616e-01 
9.8034e-03 5.3628e-01 
9.8246e-03 5.3640e-01 
9.8457e-03 5.3653e-01 
9.8669e-03 5.3665e-01 
9.8880e-03 5.3677e-01 
9.9091e-03 5.3689e-01 
9.9302e-03 5.3702e-01 
9.9513e-03 5.3714e-01 
9.9723e-03 5.3726e-01 
9.9933e-03 5.3738e-01 
1.0014e-02 5.3750e-01 
1.0035e-02 5.3762e-01 
1.0056e-02 5.3774e-01 
1.0077e-02 5.3786e-01 
1.0098e-02 5.3798e-01 
1.0119e-02 5.3810e-01 
1.0140e-02 5.3822e-01 
1.0161e-02 5.3834e-01 
1.0181e-02 5.3846e-01 
1.0202e-02 5.3858e-01 
1.0223e-02 5.3870e-01 
1.0244e-02 5.3882e-01 
1.0264e-02 5.3894e-01 
1.0285e-02 5.3906e-01 
1.0306e-02 5.3917e-01 
1.0326e-02 5.3929e-01 
1.0347e-02 5.3941e-01 
1.0368e-02 5.3953e-01 
1.0388e-02 5.3964e-01 
1.0409e-02 5.3976e-01 
1.0429e-02 5.3988e-01 
1.0450e-02 5.3999e-01 
1.0470e-02 5.4011e-01 
1.0490e-02 5.4023e-01 
1.0511e-02 5.4034e-01 
1.0531e-02 5.4046e-01 
1.0551e-02 5.4057e-01 
1.0572e-02 5.4069e-01 
1.0592e-02 5.4080e-01 
1.0612e-02 5.4092e-01 
1.0633e-02 5.4103e-01 
1.0653e-02 5.4115e-01 
1.0673e-02 5.4126e-01 
1.0693e-02 5.4137e-01 
1.0713e-02 5.4149e-01 
1.0733e-02 5.4160e-01 
1.0753e-02 5.4171e-01 
1.0773e-02 5.4183e-01 
1.0793e-02 5.4194e-01 
1.0813e-02 5.4205e-01 
1.0833e-02 5.4216e-01 
1.0853e-02 5.4227e-01 
1.0873e-02 5.4239e-01 
1.0893e-02 5.4250e-01 
1.0913e-02 5.4261e-01 
1.0932e-02 5.4272e-01 
1.0952e-02 5.4283e-01 
1.0972e-02 5.4294e-01 
1.0992e-02 5.4305e-01 
1.1011e-02 5.4316e-01 
1.1031e-02 5.4327e-01 
1.1050e-02 5.4338e-01 
1.1070e-02 5.4349e-01 
1.1090e-02 5.4360e-01 
1.1109e-02 5.4371e-01 
1.1129e-02 5.4382e-01 
1.1148e-02 5.4393e-01 
1.1167e-02 5.4404e-01 
1.1187e-02 5.4415e-01 
1.1206e-02 5.4425e-01 
1.1226e-02 5.4436e-01 
1.1245e-02 5.4447e-01 
1.1264e-02 5.4458e-01 
1.1283e-02 5.4469e-01 
1.1303e-02 5.4479e-01 
1.1322e-02 5.4490e-01 
1.1341e-02 5.4501e-01 
1.1360e-02 5.4511e-01 
1.1379e-02 5.4522e-01 
1.1398e-02 5.4533e-01 
1.1417e-02 5.4543e-01 
1.1436e-02 5.4554e-01 
1.1455e-02 5.4565e-01 
1.1474e-02 5.4575e-01 
1.1493e-02 5.4586e-01 
1.1512e-02 5.4596e-01 
1.1531e-02 5.4607e-01 
1.1550e-02 5.4617e-01 
1.1569e-02 5.4628e-01 
1.1587e-02 5.4639e-01 
1.1606e-02 5.4649e-01 
1.1625e-02 5.4659e-01 
1.1644e-02 5.4670e-01 
1.1662e-02 5.4680e-01 
1.1681e-02 5.4691e-01 
1.1700e-02 5.4701e-01 
1.1718e-02 5.4712e-01 
1.1737e-02 5.4722e-01 
1.1755e-02 5.4732e-01 
1.1774e-02 5.4743e-01 
1.1792e-02 5.4753e-01 
1.1811e-02 5.4763e-01 
1.1829e-02 5.4774e-01 
1.1848e-02 5.4784e-01 
1.1866e-02 5.4794e-01 
1.1884e-02 5.4805e-01 
1.1903e-02 5.4815e-01 
1.1921e-02 5.4825e-01 
1.1939e-02 5.4835e-01 
1.1958e-02 5.4846e-01 
1.1976e-02 5.4856e-01 
1.1994e-02 5.4866e-01 
1.2012e-02 5.4876e-01 
1.2031e-02 5.4886e-01 
1.2049e-02 5.4897e-01 
1.2067e-02 5.4907e-01 
1.2085e-02 5.4917e-01 
1.2103e-02 5.4927e-01 
1.2121e-02 5.4937e-01 
1.2139e-02 5.4947e-01 
1.2157e-02 5.4957e-01 
1.2175e-02 5.4968e-01 
1.2193e-02 5.4978e-01 
1.2211e-02 5.4988e-01 
1.2229e-02 5.4998e-01 
1.2247e-02 5.5008e-01 
1.2265e-02 5.5018e-01 
1.2283e-02 5.5028e-01 
1.2300e-02 5.5038e-01 
1.2318e-02 5.5048e-01 
1.2336e-02 5.5058e-01 
1.2354e-02 5.5068e-01 
1.2372e-02 5.5078e-01 
1.2389e-02 5.5088e-01 
1.2407e-02 5.5098e-01 
1.2425e-02 5.5108e-01 
1.2442e-02 5.5118e-01 
1.2460e-02 5.5128e-01 
1.2478e-02 5.5138e-01 
1.2495e-02 5.5148e-01 
1.2513e-02 5.5158e-01 
1.2530e-02 5.5168e-01 
1.2548e-02 5.5178e-01 
1.2566e-02 5.5188e-01 
1.2583e-02 5.5198e-01 
1.2601e-02 5.5208e-01 
1.2618e-02 5.5218e-01 
1.2636e-02 5.5228e-01 
1.2653e-02 5.5237e-01 
1.2670e-02 5.5247e-01 
1.2688e-02 5.5257e-01 
1.2705e-02 5.5267e-01 
1.2723e-02 5.5277e-01 
1.2740e-02 5.5287e-01 
1.2757e-02 5.5297e-01 
1.2775e-02 5.5307e-01 
1.2792e-02 5.5317e-01 
1.2810e-02 5.5326e-01 
1.2827e-02 5.5336e-01 
1.2844e-02 5.5346e-01 
1.2861e-02 5.5356e-01 
1.2879e-02 5.5366e-01 
1.2896e-02 5.5376e-01 
1.2913e-02 5.5386e-01 
1.2931e-02 5.5396e-01 
1.2948e-02 5.5405e-01 
1.2965e-02 5.5415e-01 
1.2982e-02 5.5425e-01 
1.2999e-02 5.5435e-01 
1.3017e-02 5.5445e-01 
1.3034e-02 5.5455e-01 
1.3051e-02 5.5465e-01 
1.3068e-02 5.5474e-01 
1.3085e-02 5.5484e-01 
1.3103e-02 5.5494e-01 
1.3120e-02 5.5504e-01 
1.3137e-02 5.5514e-01 
1.3154e-02 5.5524e-01 
1.3171e-02 5.5533e-01 
1.3188e-02 5.5543e-01 
1.3205e-02 5.5553e-01 
1.3223e-02 5.5563e-01 
1.3240e-02 5.5573e-01 
1.3257e-02 5.5583e-01 
1.3274e-02 5.5593e-01 
1.3291e-02 5.5602e-01 
1.3308e-02 5.5612e-01 
1.3325e-02 5.5622e-01 
1.3343e-02 5.5632e-01 
1.3360e-02 5.5642e-01 
1.3377e-02 5.5652e-01 
1.3394e-02 5.5662e-01 
1.3411e-02 5.5672e-01 
1.3428e-02 5.5681e-01 
1.3445e-02 5.5691e-01 
1.3462e-02 5.5701e-01 
1.3480e-02 5.5711e-01 
1.3497e-02 5.5721e-01 
1.3514e-02 5.5731e-01 
1.3531e-02 5.5741e-01 
1.3548e-02 5.5751e-01 
1.3565e-02 5.5761e-01 
1.3583e-02 5.5771e-01 
1.3600e-02 5.5781e-01 
1.3617e-02 5.5790e-01 
1.3634e-02 5.5800e-01 
1.3651e-02 5.5810e-01 
1.3668e-02 5.5820e-01 
1.3686e-02 5.5830e-01 
1.3703e-02 5.5840e-01 
1.3720e-02 5.5850e-01 
1.3737e-02 5.5860e-01 
1.3755e-02 5.5870e-01 
1.3772e-02 5.5880e-01 
1.3789e-02 5.5890e-01 
1.3806e-02 5.5900e-01 
1.3823e-02 5.5910e-01 
1.3841e-02 5.5920e-01 
1.3858e-02 5.5930e-01 
1.3875e-02 5.5940e-01 
1.3893e-02 5.5950e-01 
1.3910e-02 5.5960e-01 
1.3927e-02 5.5970e-01 
1.3945e-02 5.5980e-01 
1.3962e-02 5.5990e-01 
1.3979e-02 5.6000e-01 
1.3997e-02 5.6010e-01 
1.4014e-02 5.6020e-01 
1.4031e-02 5.6030e-01 
1.4049e-02 5.6041e-01 
1.4066e-02 5.6051e-01 
1.4083e-02 5.6061e-01 
1.4101e-02 5.6071e-01 
1.4118e-02 5.6081e-01 
1.4136e-02 5.6091e-01 
1.4153e-02 5.6101e-01 
1.4170e-02 5.6111e-01 
1.4188e-02 5.6121e-01 
1.4205e-02 5.6131e-01 
1.4223e-02 5.6142e-01 
1.4240e-02 5.6152e-01 
1.4258e-02 5.6162e-01 
1.4275e-02 5.6172e-01 
1.4293e-02 5.6182e-01 
1.4310e-02 5.6192e-01 
1.4328e-02 5.6202e-01 
1.4345e-02 5.6212e-01 
1.4363e-02 5.6223e-01 
1.4380e-02 5.6233e-01 
1.4398e-02 5.6243e-01 
1.4415e-02 5.6253e-01 
1.4433e-02 5.6263e-01 
1.4450e-02 5.6273e-01 
1.4468e-02 5.6284e-01 
1.4486e-02 5.6294e-01 
1.4503e-02 5.6304e-01 
1.4521e-02 5.6314e-01 
1.4538e-02 5.6324e-01 
1.4556e-02 5.6335e-01 
1.4574e-02 5.6345e-01 
1.4591e-02 5.6355e-01 
1.4609e-02 5.6365e-01 
1.4627e-02 5.6375e-01 
1.4644e-02 5.6386e-01 
1.4662e-02 5.6396e-01 
1.4679e-02 5.6406e-01 
1.4697e-02 5.6416e-01 
1.4715e-02 5.6427e-01 
1.4732e-02 5.6437e-01 
1.4750e-02 5.6447e-01 
1.4768e-02 5.6457e-01 
1.4786e-02 5.6467e-01 
1.4803e-02 5.6478e-01 
1.4821e-02 5.6488e-01 
1.4839e-02 5.6498e-01 
1.4856e-02 5.6508e-01 
1.4874e-02 5.6519e-01 
1.4892e-02 5.6529e-01 
1.4910e-02 5.6539e-01 
1.4927e-02 5.6549e-01 
1.4945e-02 5.6560e-01 
1.4963e-02 5.6570e-01 
1.4981e-02 5.6580e-01 
1.4998e-02 5.6590e-01 
1.5016e-02 5.6601e-01 
1.5034e-02 5.6611e-01 
1.5052e-02 5.6621e-01 
1.5069e-02 5.6631e-01 
1.5087e-02 5.6642e-01 
1.5105e-02 5.6652e-01 
1.5123e-02 5.6662e-01 
1.5141e-02 5.6672e-01 
1.5158e-02 5.6683e-01 
1.5176e-02 5.6693e-01 
1.5194e-02 5.6703e-01 
1.5212e-02 5.6714e-01 
1.5230e-02 5.6724e-01 
1.5248e-02 5.6734e-01 
1.5265e-02 5.6744e-01 
1.5283e-02 5.6755e-01 
1.5301e-02 5.6765e-01 
1.5319e-02 5.6775e-01 
1.5337e-02 5.6785e-01 
1.5355e-02 5.6796e-01 
1.5373e-02 5.6806e-01 
1.5391e-02 5.6816e-01 
1.5408e-02 5.6827e-01 
1.5426e-02 5.6837e-01 
1.5444e-02 5.6847e-01 
1.5462e-02 5.6857e-01 
1.5480e-02 5.6868e-01 
1.5498e-02 5.6878e-01 
1.5516e-02 5.6888e-01 
1.5534e-02 5.6898e-01 
1.5552e-02 5.6909e-01 
1.5570e-02 5.6919e-01 
1.5588e-02 5.6929e-01 
1.5606e-02 5.6940e-01 
1.5623e-02 5.6950e-01 
1.5641e-02 5.6960e-01 
1.5659e-02 5.6970e-01 
1.5677e-02 5.6981e-01 
1.5695e-02 5.6991e-01 
1.5713e-02 5.7001e-01 
1.5731e-02 5.7011e-01 
1.5749e-02 5.7022e-01 
1.5767e-02 5.7032e-01 
1.5785e-02 5.7042e-01 
1.5803e-02 5.7052e-01 
1.5821e-02 5.7063e-01 
1.5839e-02 5.7073e-01 
1.5857e-02 5.7083e-01 
1.5875e-02 5.7094e-01 
1.5893e-02 5.7104e-01 
1.5911e-02 5.7114e-01 
1.5929e-02 5.7124e-01 
1.5947e-02 5.7135e-01 
1.5965e-02 5.7145e-01 
1.5983e-02 5.7155e-01 
1.6001e-02 5.7165e-01 
1.6019e-02 5.7176e-01 
1.6037e-02 5.7186e-01 
1.6055e-02 5.7196e-01 
1.6073e-02 5.7206e-01 
1.6091e-02 5.7217e-01 
1.6109e-02 5.7227e-01 
1.6127e-02 5.7237e-01 
1.6145e-02 5.7247e-01 
1.6163e-02 5.7257e-01 
1.6181e-02 5.7268e-01 
1.6199e-02 5.7278e-01 
1.6217e-02 5.7288e-01 
1.6235e-02 5.7298e-01 
1.6253e-02 5.7309e-01 
1.6271e-02 5.7319e-01 
1.6290e-02 5.7329e-01 
1.6308e-02 5.7339e-01 
1.6326e-02 5.7349e-01 
1.6344e-02 5.7360e-01 
1.6362e-02 5.7370e-01 
1.6380e-02 5.7380e-01 
1.6398e-02 5.7390e-01 
1.6416e-02 5.7400e-01 
1.6434e-02 5.7411e-01 
1.6452e-02 5.7421e-01 
1.6470e-02 5.7431e-01 
1.6488e-02 5.7441e-01 
1.6506e-02 5.7451e-01 
1.6524e-02 5.7462e-01 
1.6542e-02 5.7472e-01 
1.6560e-02 5.7482e-01 
1.6578e-02 5.7492e-01 
1.6596e-02 5.7502e-01 
1.6615e-02 5.7512e-01 
1.6633e-02 5.7523e-01 
1.6651e-02 5.7533e-01 
1.6669e-02 5.7543e-01 
1.6687e-02 5.7553e-01 
1.6705e-02 5.7563e-01 
1.6723e-02 5.7573e-01 
1.6741e-02 5.7584e-01 
1.6759e-02 5.7594e-01 
1.6777e-02 5.7604e-01 
1.6795e-02 5.7614e-01 
1.6813e-02 5.7624e-01 
1.6831e-02 5.7634e-01 
1.6849e-02 5.7644e-01 
1.6867e-02 5.7654e-01 
1.6885e-02 5.7665e-01 
1.6904e-02 5.7675e-01 
1.6922e-02 5.7685e-01 
1.6940e-02 5.7695e-01 
1.6958e-02 5.7705e-01 
1.6976e-02 5.7715e-01 
1.6994e-02 5.7725e-01 
1.7012e-02 5.7735e-01 
1.7030e-02 5.7745e-01 
1.7048e-02 5.7755e-01 
1.7066e-02 5.7765e-01 
1.7084e-02 5.7776e-01 
1.7102e-02 5.7786e-01 
1.7120e-02 5.7796e-01 
1.7138e-02 5.7806e-01 
1.7156e-02 5.7816e-01 
1.7175e-02 5.7826e-01 
1.7193e-02 5.7836e-01 
1.7211e-02 5.7846e-01 
1.7229e-02 5.7856e-01 
1.7247e-02 5.7866e-01 
1.7265e-02 5.7876e-01 
1.7283e-02 5.7886e-01 
1.7301e-02 5.7896e-01 
1.7319e-02 5.7906e-01 
1.7337e-02 5.7916e-01 
1.7355e-02 5.7926e-01 
1.7373e-02 5.7936e-01 
1.7391e-02 5.7946e-01 
1.7409e-02 5.7956e-01 
1.7427e-02 5.7966e-01 
1.7445e-02 5.7976e-01 
1.7463e-02 5.7986e-01 
1.7481e-02 5.7996e-01 
1.7499e-02 5.8006e-01 
1.7517e-02 5.8016e-01 
1.7536e-02 5.8026e-01 
1.7554e-02 5.8036e-01 
1.7572e-02 5.8046e-01 
1.7590e-02 5.8056e-01 
1.7608e-02 5.8066e-01 
1.7626e-02 5.8076e-01 
1.7644e-02 5.8086e-01 
1.7662e-02 5.8096e-01 
1.7680e-02 5.8106e-01 
1.7698e-02 5.8116e-01 
1.7716e-02 5.8125e-01 
1.7734e-02 5.8135e-01 
1.7752e-02 5.8145e-01 
1.7770e-02 5.8155e-01 
1.7788e-02 5.8165e-01 
1.7806e-02 5.8175e-01 
1.7824e-02 5.8185e-01 
1.7842e-02 5.8195e-01 
1.7860e-02 5.8205e-01 
1.7878e-02 5.8215e-01 
1.7896e-02 5.8224e-01 
1.7914e-02 5.8234e-01 
1.7932e-02 5.8244e-01 
1.7950e-02 5.8254e-01 
1.7968e-02 5.8264e-01 
1.7986e-02 5.8274e-01 
1.8004e-02 5.8284e-01 
1.8022e-02 5.8293e-01 
1.8040e-02 5.8303e-01 
1.8058e-02 5.8313e-01 
1.8076e-02 5.8323e-01 
1.8094e-02 5.8333e-01 
1.8112e-02 5.8343e-01 
1.8130e-02 5.8352e-01 
1.8148e-02 5.8362e-01 
1.8166e-02 5.8372e-01 
1.8184e-02 5.8382e-01 
1.8202e-02 5.8392e-01 
1.8220e-02 5.8401e-01 
1.8237e-02 5.8411e-01 
1.8255e-02 5.8421e-01 
1.8273e-02 5.8431e-01 
1.8291e-02 5.8440e-01 
1.8309e-02 5.8450e-01 
1.8327e-02 5.8460e-01 
1.8345e-02 5.8470e-01 
1.8363e-02 5.8479e-01 
1.8381e-02 5.8489e-01 
1.8399e-02 5.8499e-01 
1.8417e-02 5.8509e-01 
1.8435e-02 5.8518e-01 
1.8453e-02 5.8528e-01 
1.8471e-02 5.8538e-01 
1.8488e-02 5.8547e-01 
1.8506e-02 5.8557e-01 
1.8524e-02 5.8567e-01 
1.8542e-02 5.8577e-01 
1.8560e-02 5.8586e-01 
1.8578e-02 5.8596e-01 
1.8596e-02 5.8606e-01 
1.8614e-02 5.8615e-01 
1.8632e-02 5.8625e-01 
1.8649e-02 5.8635e-01 
1.8667e-02 5.8644e-01 
1.8685e-02 5.8654e-01 
1.8703e-02 5.8664e-01 
1.8721e-02 5.8673e-01 
1.8739e-02 5.8683e-01 
1.8757e-02 5.8692e-01 
1.8774e-02 5.8702e-01 
1.8792e-02 5.8712e-01 
1.8810e-02 5.8721e-01 
1.8828e-02 5.8731e-01 
1.8846e-02 5.8741e-01 
1.8864e-02 5.8750e-01 
1.8881e-02 5.8760e-01 
1.8899e-02 5.8769e-01 
1.8917e-02 5.8779e-01 
1.8935e-02 5.8788e-01 
1.8953e-02 5.8798e-01 
1.8971e-02 5.8808e-01 
1.8988e-02 5.8817e-01 
1.9006e-02 5.8827e-01 
1.9024e-02 5.8836e-01 
1.9042e-02 5.8846e-01 
1.9060e-02 5.8855e-01 
1.9077e-02 5.8865e-01 
1.9095e-02 5.8874e-01 
1.9113e-02 5.8884e-01 
1.9131e-02 5.8893e-01 
1.9148e-02 5.8903e-01 
1.9166e-02 5.8912e-01 
1.9184e-02 5.8922e-01 
1.9202e-02 5.8931e-01 
1.9219e-02 5.8941e-01 
1.9237e-02 5.8950e-01 
1.9255e-02 5.8960e-01 
1.9273e-02 5.8969e-01 
1.9290e-02 5.8979e-01 
1.9308e-02 5.8988e-01 
1.9326e-02 5.8998e-01 
1.9344e-02 5.9007e-01 
1.9361e-02 5.9017e-01 
1.9379e-02 5.9026e-01 
1.9397e-02 5.9036e-01 
1.9414e-02 5.9045e-01 
1.9432e-02 5.9055e-01 
1.9450e-02 5.9064e-01 
1.9467e-02 5.9073e-01 
1.9485e-02 5.9083e-01 
1.9503e-02 5.9092e-01 
1.9520e-02 5.9102e-01 
1.9538e-02 5.9111e-01 
1.9556e-02 5.9120e-01 
1.9573e-02 5.9130e-01 
1.9591e-02 5.9139e-01 
1.9609e-02 5.9149e-01 
1.9626e-02 5.9158e-01 
1.9644e-02 5.9167e-01 
1.9662e-02 5.9177e-01 
1.9679e-02 5.9186e-01 
1.9697e-02 5.9195e-01 
1.9715e-02 5.9205e-01 
1.9732e-02 5.9214e-01 
1.9750e-02 5.9223e-01 
1.9767e-02 5.9233e-01 
1.9785e-02 5.9242e-01 
1.9803e-02 5.9251e-01 
1.9820e-02 5.9261e-01 
1.9838e-02 5.9270e-01 
1.9855e-02 5.9279e-01 
1.9873e-02 5.9289e-01 
1.9891e-02 5.9298e-01 
1.9908e-02 5.9307e-01 
1.9926e-02 5.9317e-01 
1.9943e-02 5.9326e-01 
1.9961e-02 5.9335e-01 
1.9978e-02 5.9344e-01 
1.9996e-02 5.9354e-01 
2.0014e-02 5.9363e-01 
2.0031e-02 5.9372e-01 
2.0049e-02 5.9381e-01 
2.0066e-02 5.9391e-01 
2.0084e-02 5.9400e-01 
2.0101e-02 5.9409e-01 
2.0119e-02 5.9418e-01 
2.0136e-02 5.9428e-01 
2.0154e-02 5.9437e-01 
2.0171e-02 5.9446e-01 
2.0189e-02 5.9455e-01 
2.0206e-02 5.9465e-01 
2.0224e-02 5.9474e-01 
2.0241e-02 5.9483e-01 
2.0259e-02 5.9492e-01 
2.0276e-02 5.9501e-01 
2.0294e-02 5.9511e-01 
2.0311e-02 5.9520e-01 
2.0329e-02 5.9529e-01 
2.0346e-02 5.9538e-01 
2.0364e-02 5.9547e-01 
2.0381e-02 5.9556e-01 
2.0399e-02 5.9566e-01 
2.0416e-02 5.9575e-01 
2.0434e-02 5.9584e-01 
2.0451e-02 5.9593e-01 
2.0468e-02 5.9602e-01 
2.0486e-02 5.9611e-01 
2.0503e-02 5.9621e-01 
2.0521e-02 5.9630e-01 
2.0538e-02 5.9639e-01 
2.0556e-02 5.9648e-01 
2.0573e-02 5.9657e-01 
2.0590e-02 5.9666e-01 
2.0608e-02 5.9675e-01 
2.0625e-02 5.9684e-01 
2.0643e-02 5.9693e-01 
2.0660e-02 5.9703e-01 
2.0677e-02 5.9712e-01 
2.0695e-02 5.9721e-01 
2.0712e-02 5.9730e-01 
2.0730e-02 5.9739e-01 
2.0747e-02 5.9748e-01 
2.0764e-02 5.9757e-01 
2.0782e-02 5.9766e-01 
2.0799e-02 5.9775e-01 
2.0817e-02 5.9784e-01 
2.0834e-02 5.9793e-01 
2.0851e-02 5.9802e-01 
2.0869e-02 5.9811e-01 
2.0886e-02 5.9820e-01 
2.0903e-02 5.9829e-01 
2.0921e-02 5.9839e-01 
2.0938e-02 5.9848e-01 
2.0955e-02 5.9857e-01 
2.0973e-02 5.9866e-01 
2.0990e-02 5.9875e-01 
2.1007e-02 5.9884e-01 
2.1025e-02 5.9893e-01 
2.1042e-02 5.9902e-01 
2.1059e-02 5.9911e-01 
2.1077e-02 5.9920e-01 
2.1094e-02 5.9929e-01 
2.1111e-02 5.9938e-01 
2.1128e-02 5.9947e-01 
2.1146e-02 5.9956e-01 
2.1163e-02 5.9965e-01 
2.1180e-02 5.9974e-01 
2.1198e-02 5.9982e-01 
2.1215e-02 5.9991e-01 
2.1232e-02 6.0000e-01 
2.1249e-02 6.0009e-01 
2.1267e-02 6.0018e-01 
2.1284e-02 6.0027e-01 
2.1301e-02 6.0036e-01 
2.1318e-02 6.0045e-01 
2.1336e-02 6.0054e-01 
2.1353e-02 6.0063e-01 
2.1370e-02 6.0072e-01 
2.1387e-02 6.0081e-01 
2.1405e-02 6.0090e-01 
2.1422e-02 6.0099e-01 
2.1439e-02 6.0108e-01 
2.1456e-02 6.0117e-01 
2.1474e-02 6.0125e-01 
2.1491e-02 6.0134e-01 
2.1508e-02 6.0143e-01 
2.1525e-02 6.0152e-01 
2.1542e-02 6.0161e-01 
2.1560e-02 6.0170e-01 
2.1577e-02 6.0179e-01 
2.1594e-02 6.0188e-01 
2.1611e-02 6.0197e-01 
2.1628e-02 6.0205e-01 
2.1646e-02 6.0214e-01 
2.1663e-02 6.0223e-01 
2.1680e-02 6.0232e-01 
2.1697e-02 6.0241e-01 
2.1714e-02 6.0250e-01 
2.1732e-02 6.0259e-01 
2.1749e-02 6.0267e-01 
2.1766e-02 6.0276e-01 
2.1783e-02 6.0285e-01 
2.1800e-02 6.0294e-01 
2.1817e-02 6.0303e-01 
2.1835e-02 6.0312e-01 
2.1852e-02 6.0320e-01 
2.1869e-02 6.0329e-01 
2.1886e-02 6.0338e-01 
2.1903e-02 6.0347e-01 
2.1920e-02 6.0356e-01 
2.1938e-02 6.0364e-01 
2.1955e-02 6.0373e-01 
2.1972e-02 6.0382e-01 
2.1989e-02 6.0391e-01 
2.2006e-02 6.0400e-01 
2.2023e-02 6.0408e-01 
2.2040e-02 6.0417e-01 
2.2057e-02 6.0426e-01 
2.2075e-02 6.0435e-01 
2.2092e-02 6.0443e-01 
2.2109e-02 6.0452e-01 
2.2126e-02 6.0461e-01 
2.2143e-02 6.0470e-01 
2.2160e-02 6.0479e-01 
2.2177e-02 6.0487e-01 
2.2194e-02 6.0496e-01 
2.2211e-02 6.0505e-01 
2.2229e-02 6.0513e-01 
2.2246e-02 6.0522e-01 
2.2263e-02 6.0531e-01 
2.2280e-02 6.0540e-01 
2.2297e-02 6.0548e-01 
2.2314e-02 6.0557e-01 
2.2331e-02 6.0566e-01 
2.2348e-02 6.0575e-01 
2.2365e-02 6.0583e-01 
2.2382e-02 6.0592e-01 
2.2399e-02 6.0601e-01 
2.2416e-02 6.0609e-01 
2.2433e-02 6.0618e-01 
2.2451e-02 6.0627e-01 
2.2468e-02 6.0636e-01 
2.2485e-02 6.0644e-01 
2.2502e-02 6.0653e-01 
2.2519e-02 6.0662e-01 
2.2536e-02 6.0670e-01 
2.2553e-02 6.0679e-01 
2.2570e-02 6.0688e-01 
2.2587e-02 6.0696e-01 
2.2604e-02 6.0705e-01 
2.2621e-02 6.0714e-01 
2.2638e-02 6.0722e-01 
2.2655e-02 6.0731e-01 
2.2672e-02 6.0740e-01 
2.2689e-02 6.0748e-01 
2.2706e-02 6.0757e-01 
2.2723e-02 6.0766e-01 
2.2740e-02 6.0774e-01 
2.2757e-02 6.0783e-01 
2.2774e-02 6.0791e-01 
2.2791e-02 6.0800e-01 
2.2808e-02 6.0809e-01 
2.2825e-02 6.0817e-01 
2.2842e-02 6.0826e-01 
2.2859e-02 6.0835e-01 
2.2876e-02 6.0843e-01 
2.2893e-02 6.0852e-01 
2.2910e-02 6.0860e-01 
2.2927e-02 6.0869e-01 
2.2944e-02 6.0878e-01 
2.2961e-02 6.0886e-01 
2.2978e-02 6.0895e-01 
2.2995e-02 6.0903e-01 
2.3012e-02 6.0912e-01 
2.3029e-02 6.0920e-01 
2.3046e-02 6.0929e-01 
2.3063e-02 6.0938e-01 
2.3080e-02 6.0946e-01 
2.3097e-02 6.0955e-01 
2.3114e-02 6.0963e-01 
2.3131e-02 6.0972e-01 
2.3148e-02 6.0980e-01 
2.3165e-02 6.0989e-01 
2.3182e-02 6.0998e-01 
2.3199e-02 6.1006e-01 
2.3216e-02 6.1015e-01 
2.3233e-02 6.1023e-01 
2.3250e-02 6.1032e-01 
2.3267e-02 6.1040e-01 
2.3284e-02 6.1049e-01 
2.3301e-02 6.1057e-01 
2.3318e-02 6.1066e-01 
2.3334e-02 6.1074e-01 
2.3351e-02 6.1083e-01 
2.3368e-02 6.1091e-01 
2.3385e-02 6.1100e-01 
2.3402e-02 6.1108e-01 
2.3419e-02 6.1117e-01 
2.3436e-02 6.1125e-01 
2.3453e-02 6.1134e-01 
2.3470e-02 6.1142e-01 
2.3487e-02 6.1151e-01 
2.3504e-02 6.1159e-01 
2.3521e-02 6.1168e-01 
2.3538e-02 6.1176e-01 
2.3555e-02 6.1185e-01 
2.3571e-02 6.1193e-01 
2.3588e-02 6.1202e-01 
2.3605e-02 6.1210e-01 
2.3622e-02 6.1219e-01 
2.3639e-02 6.1227e-01 
2.3656e-02 6.1236e-01 
2.3673e-02 6.1244e-01 
2.3690e-02 6.1253e-01 
2.3707e-02 6.1261e-01 
2.3724e-02 6.1269e-01 
2.3740e-02 6.1278e-01 
2.3757e-02 6.1286e-01 
2.3774e-02 6.1295e-01 
2.3791e-02 6.1303e-01 
2.3808e-02 6.1312e-01 
2.3825e-02 6.1320e-01 
2.3842e-02 6.1329e-01 
2.3859e-02 6.1337e-01 
2.3876e-02 6.1345e-01 
2.3892e-02 6.1354e-01 
2.3909e-02 6.1362e-01 
2.3926e-02 6.1371e-01 
2.3943e-02 6.1379e-01 
2.3960e-02 6.1387e-01 
2.3977e-02 6.1396e-01 
2.3994e-02 6.1404e-01 
2.4010e-02 6.1413e-01 
2.4027e-02 6.1421e-01 
2.4044e-02 6.1429e-01 
2.4061e-02 6.1438e-01 
2.4078e-02 6.1446e-01 
2.4095e-02 6.1455e-01 
2.4112e-02 6.1463e-01 
2.4128e-02 6.1471e-01 
2.4145e-02 6.1480e-01 
2.4162e-02 6.1488e-01 
2.4179e-02 6.1496e-01 
2.4196e-02 6.1505e-01 
2.4213e-02 6.1513e-01 
2.4229e-02 6.1521e-01 
2.4246e-02 6.1530e-01 
2.4263e-02 6.1538e-01 
2.4280e-02 6.1546e-01 
2.4297e-02 6.1555e-01 
2.4314e-02 6.1563e-01 
2.4330e-02 6.1571e-01 
2.4347e-02 6.1580e-01 
2.4364e-02 6.1588e-01 
2.4381e-02 6.1596e-01 
2.4398e-02 6.1605e-01 
2.4415e-02 6.1613e-01 
2.4431e-02 6.1621e-01 
2.4448e-02 6.1630e-01 
2.4465e-02 6.1638e-01 
2.4482e-02 6.1646e-01 
2.4499e-02 6.1655e-01 
2.4515e-02 6.1663e-01 
2.4532e-02 6.1671e-01 
2.4549e-02 6.1679e-01 
2.4566e-02 6.1688e-01 
2.4583e-02 6.1696e-01 
2.4599e-02 6.1704e-01 
2.4616e-02 6.1713e-01 
2.4633e-02 6.1721e-01 
2.4650e-02 6.1729e-01 
2.4667e-02 6.1737e-01 
2.4683e-02 6.1746e-01 
2.4700e-02 6.1754e-01 
2.4717e-02 6.1762e-01 
2.4734e-02 6.1770e-01 
2.4750e-02 6.1779e-01 
2.4767e-02 6.1787e-01 
2.4784e-02 6.1795e-01 
2.4801e-02 6.1803e-01 
2.4818e-02 6.1812e-01 
2.4834e-02 6.1820e-01 
2.4851e-02 6.1828e-01 
2.4868e-02 6.1836e-01 
2.4885e-02 6.1845e-01 
2.4901e-02 6.1853e-01 
2.4918e-02 6.1861e-01 
2.4935e-02 6.1869e-01 
2.4952e-02 6.1877e-01 
2.4968e-02 6.1886e-01 
2.4985e-02 6.1894e-01 
2.5002e-02 6.1902e-01 
2.5019e-02 6.1910e-01 
2.5035e-02 6.1918e-01 
2.5052e-02 6.1927e-01 
2.5069e-02 6.1935e-01 
2.5086e-02 6.1943e-01 
2.5102e-02 6.1951e-01 
2.5119e-02 6.1959e-01 
2.5136e-02 6.1968e-01 
2.5152e-02 6.1976e-01 
2.5169e-02 6.1984e-01 
2.5186e-02 6.1992e-01 
2.5203e-02 6.2000e-01 
2.5219e-02 6.2008e-01 
2.5236e-02 6.2017e-01 
2.5253e-02 6.2025e-01 
2.5270e-02 6.2033e-01 
2.5286e-02 6.2041e-01 
2.5303e-02 6.2049e-01 
2.5320e-02 6.2057e-01 
2.5336e-02 6.2065e-01 
2.5353e-02 6.2074e-01 
2.5370e-02 6.2082e-01 
2.5387e-02 6.2090e-01 
2.5403e-02 6.2098e-01 
2.5420e-02 6.2106e-01 
2.5437e-02 6.2114e-01 
2.5453e-02 6.2122e-01 
2.5470e-02 6.2130e-01 
2.5487e-02 6.2138e-01 
2.5503e-02 6.2147e-01 
2.5520e-02 6.2155e-01 
2.5537e-02 6.2163e-01 
2.5554e-02 6.2171e-01 
2.5570e-02 6.2179e-01 
2.5587e-02 6.2187e-01 
2.5604e-02 6.2195e-01 
2.5620e-02 6.2203e-01 
2.5637e-02 6.2211e-01 
2.5654e-02 6.2219e-01 
2.5670e-02 6.2227e-01 
2.5687e-02 6.2236e-01 
2.5704e-02 6.2244e-01 
2.5720e-02 6.2252e-01 
2.5737e-02 6.2260e-01 
2.5754e-02 6.2268e-01 
2.5770e-02 6.2276e-01 
2.5787e-02 6.2284e-01 
2.5804e-02 6.2292e-01 
2.5820e-02 6.2300e-01 
2.5837e-02 6.2308e-01 
2.5854e-02 6.2316e-01 
2.5870e-02 6.2324e-01 
2.5887e-02 6.2332e-01 
2.5904e-02 6.2340e-01 
2.5920e-02 6.2348e-01 
2.5937e-02 6.2356e-01 
2.5953e-02 6.2364e-01 
2.5970e-02 6.2372e-01 
2.5987e-02 6.2380e-01 
2.6003e-02 6.2388e-01 
2.6020e-02 6.2396e-01 
2.6037e-02 6.2404e-01 
2.6053e-02 6.2412e-01 
2.6070e-02 6.2420e-01 
2.6087e-02 6.2428e-01 
2.6103e-02 6.2436e-01 
2.6120e-02 6.2444e-01 
2.6136e-02 6.2452e-01 
2.6153e-02 6.2460e-01 
2.6170e-02 6.2468e-01 
2.6186e-02 6.2476e-01 
2.6203e-02 6.2484e-01 
2.6220e-02 6.2492e-01 
2.6236e-02 6.2500e-01 
2.6253e-02 6.2508e-01 
2.6269e-02 6.2516e-01 
2.6286e-02 6.2524e-01 
2.6303e-02 6.2532e-01 
2.6319e-02 6.2540e-01 
2.6336e-02 6.2548e-01 
2.6352e-02 6.2556e-01 
2.6369e-02 6.2564e-01 
2.6386e-02 6.2572e-01 
2.6402e-02 6.2580e-01 
2.6419e-02 6.2587e-01 
2.6435e-02 6.2595e-01 
2.6452e-02 6.2603e-01 
2.6469e-02 6.2611e-01 
2.6485e-02 6.2619e-01 
2.6502e-02 6.2627e-01 
2.6518e-02 6.2635e-01 
2.6535e-02 6.2643e-01 
2.6551e-02 6.2651e-01 
2.6568e-02 6.2659e-01 
2.6585e-02 6.2667e-01 
2.6601e-02 6.2674e-01 
2.6618e-02 6.2682e-01 
2.6634e-02 6.2690e-01 
2.6651e-02 6.2698e-01 
2.6667e-02 6.2706e-01 
2.6684e-02 6.2714e-01 
2.6701e-02 6.2722e-01 
2.6717e-02 6.2730e-01 
2.6734e-02 6.2737e-01 
2.6750e-02 6.2745e-01 
2.6767e-02 6.2753e-01 
2.6783e-02 6.2761e-01 
2.6800e-02 6.2769e-01 
2.6816e-02 6.2777e-01 
2.6833e-02 6.2785e-01 
2.6849e-02 6.2792e-01 
2.6866e-02 6.2800e-01 
2.6883e-02 6.2808e-01 
2.6899e-02 6.2816e-01 
2.6916e-02 6.2824e-01 
2.6932e-02 6.2832e-01 
2.6949e-02 6.2839e-01 
2.6965e-02 6.2847e-01 
2.6982e-02 6.2855e-01 
2.6998e-02 6.2863e-01 
2.7015e-02 6.2871e-01 
2.7031e-02 6.2879e-01 
2.7048e-02 6.2886e-01 
2.7064e-02 6.2894e-01 
2.7081e-02 6.2902e-01 
2.7097e-02 6.2910e-01 
2.7114e-02 6.2918e-01 
2.7130e-02 6.2925e-01 
2.7147e-02 6.2933e-01 
2.7163e-02 6.2941e-01 
2.7180e-02 6.2949e-01 
2.7196e-02 6.2957e-01 
2.7213e-02 6.2964e-01 
2.7229e-02 6.2972e-01 
2.7246e-02 6.2980e-01 
2.7262e-02 6.2988e-01 
2.7279e-02 6.2995e-01 
2.7295e-02 6.3003e-01 
2.7312e-02 6.3011e-01 
2.7328e-02 6.3019e-01 
2.7345e-02 6.3026e-01 
2.7361e-02 6.3034e-01 
2.7378e-02 6.3042e-01 
2.7394e-02 6.3050e-01 
2.7411e-02 6.3057e-01 
2.7427e-02 6.3065e-01 
2.7444e-02 6.3073e-01 
2.7460e-02 6.3081e-01 
2.7477e-02 6.3088e-01 
2.7493e-02 6.3096e-01 
2.7510e-02 6.3104e-01 
2.7526e-02 6.3111e-01 
2.7543e-02 6.3119e-01 
2.7559e-02 6.3127e-01 
2.7576e-02 6.3135e-01 
2.7592e-02 6.3142e-01 
2.7608e-02 6.3150e-01 
2.7625e-02 6.3158e-01 
2.7641e-02 6.3165e-01 
2.7658e-02 6.3173e-01 
2.7674e-02 6.3181e-01 
2.7691e-02 6.3188e-01 
2.7707e-02 6.3196e-01 
2.7724e-02 6.3204e-01 
2.7740e-02 6.3211e-01 
2.7757e-02 6.3219e-01 
2.7773e-02 6.3227e-01 
2.7789e-02 6.3234e-01 
2.7806e-02 6.3242e-01 
2.7822e-02 6.3250e-01 
2.7839e-02 6.3257e-01 
2.7855e-02 6.3265e-01 
2.7872e-02 6.3273e-01 
2.7888e-02 6.3280e-01 
2.7904e-02 6.3288e-01 
2.7921e-02 6.3296e-01 
2.7937e-02 6.3303e-01 
2.7954e-02 6.3311e-01 
2.7970e-02 6.3319e-01 
2.7986e-02 6.3326e-01 
2.8003e-02 6.3334e-01 
2.8019e-02 6.3341e-01 
2.8036e-02 6.3349e-01 
2.8052e-02 6.3357e-01 
2.8069e-02 6.3364e-01 
2.8085e-02 6.3372e-01 
2.8101e-02 6.3379e-01 
2.8118e-02 6.3387e-01 
2.8134e-02 6.3395e-01 
2.8151e-02 6.3402e-01 
2.8167e-02 6.3410e-01 
2.8183e-02 6.3417e-01 
2.8200e-02 6.3425e-01 
2.8216e-02 6.3433e-01 
2.8232e-02 6.3440e-01 
2.8249e-02 6.3448e-01 
2.8265e-02 6.3455e-01 
2.8282e-02 6.3463e-01 
2.8298e-02 6.3470e-01 
2.8314e-02 6.3478e-01 
2.8331e-02 6.3486e-01 
2.8347e-02 6.3493e-01 
2.8363e-02 6.3501e-01 
2.8380e-02 6.3508e-01 
2.8396e-02 6.3516e-01 
2.8413e-02 6.3523e-01 
2.8429e-02 6.3531e-01 
2.8445e-02 6.3538e-01 
2.8462e-02 6.3546e-01 
2.8478e-02 6.3554e-01 
2.8494e-02 6.3561e-01 
2.8511e-02 6.3569e-01 
2.8527e-02 6.3576e-01 
2.8543e-02 6.3584e-01 
2.8560e-02 6.3591e-01 
2.8576e-02 6.3599e-01 
2.8592e-02 6.3606e-01 
2.8609e-02 6.3614e-01 
2.8625e-02 6.3621e-01 
2.8641e-02 6.3629e-01 
2.8658e-02 6.3636e-01 
2.8674e-02 6.3644e-01 
2.8690e-02 6.3651e-01 
2.8707e-02 6.3659e-01 
2.8723e-02 6.3666e-01 
2.8739e-02 6.3674e-01 
2.8756e-02 6.3681e-01 
2.8772e-02 6.3689e-01 
2.8788e-02 6.3696e-01 
2.8805e-02 6.3704e-01 
2.8821e-02 6.3711e-01 
