1.570796326794896558e+00 3.647363059738158881e+02
1.568353408712789498e+00 3.653289992240905804e+02
1.565910490630682217e+00 3.663978681844075709e+02
1.563467572548575157e+00 3.657293256815592599e+02
1.561024654466467876e+00 3.655382989008585923e+02
1.558581736384360816e+00 3.648411573252359972e+02
1.556138818302253757e+00 3.646201018206279514e+02
1.553695900220146475e+00 3.636969281702677108e+02
1.551252982138039416e+00 3.632479011950174481e+02
1.548810064055932134e+00 3.621435605964660454e+02
1.546367145973825075e+00 3.615116931261698596e+02
1.543924227891718015e+00 3.602198215771992409e+02
1.541481309809610734e+00 3.593984333470663159e+02
1.539038391727503674e+00 3.579253760292053812e+02
1.536595473645396392e+00 3.569205120353699385e+02
1.534152555563289333e+00 3.552703826388041648e+02
1.531709637481182273e+00 3.540858182306925528e+02
1.529266719399074992e+00 3.522640584795634027e+02
1.526823801316967932e+00 3.509048637181599588e+02
1.524380883234860651e+00 3.489172770047505878e+02
1.521937965152753591e+00 3.473889230367025789e+02
1.519495047070646532e+00 3.452418973653157650e+02
1.517052128988539250e+00 3.435504073936462532e+02
1.514609210906432191e+00 3.412507796847024792e+02
1.512166292824324909e+00 3.394026421974182313e+02
1.509723374742217850e+00 3.369576848134358329e+02
1.507280456660110790e+00 3.349598229878744178e+02
1.504837538578003509e+00 3.323771796033223040e+02
1.502394620495896449e+00 3.302368920267740577e+02
1.499951702413789167e+00 3.275245420578003177e+02
1.497508784331682108e+00 3.252494651875813929e+02
1.495065866249575048e+00 3.224156554875691540e+02
1.492622948167467767e+00 3.200137079574585073e+02
1.490180030085360707e+00 3.170668917981466279e+02
1.487737112003253426e+00 3.145462090960184582e+02
1.485294193921146366e+00 3.114950384310404274e+02
1.482851275839039307e+00 3.088639483945210600e+02
1.480408357756932025e+00 3.057171671287536014e+02
1.477965439674824966e+00 3.029841134798684834e+02
1.475522521592717684e+00 2.997505567415872747e+02
1.473079603510610625e+00 2.969240782267252143e+02
1.470636685428503565e+00 2.936125718261718589e+02
1.468193767346396283e+00 2.907012176048278889e+02
1.465750849264289224e+00 2.873205872535705794e+02
1.463307931182181942e+00 2.843329131217955705e+02
1.460865013100074883e+00 2.808918942934672600e+02
1.458422095017967823e+00 2.778363819633484013e+02
1.455979176935860542e+00 2.743436231941223014e+02
1.453536258853753482e+00 2.712286718724568573e+02
1.451093340771646201e+00 2.676926305997212694e+02
1.448650422689539141e+00 2.645264646227518597e+02
1.446207504607432082e+00 2.609554641962686787e+02
1.443764586525324800e+00 2.577462072143554224e+02
1.441321668443217741e+00 2.541483716860453796e+02
1.438878750361110459e+00 2.509039471089680831e+02
1.436435832279003399e+00 2.472869770284016511e+02
1.433992914196896340e+00 2.440149265363057225e+02
1.431549996114789058e+00 2.403864867294311694e+02
1.429107078032681999e+00 2.370942858935038089e+02
1.426664159950574717e+00 2.334615945960998431e+02
1.424221241868467658e+00 2.301563414751688583e+02
1.421778323786360598e+00 2.265263562746683874e+02
1.419335405704253317e+00 2.232148784222920597e+02
1.416892487622146257e+00 2.195942212857564471e+02
1.414449569540038976e+00 2.162830297393798844e+02
1.412006651457931916e+00 2.126779658164977604e+02
1.409563733375824857e+00 2.093732449577331636e+02
1.407120815293717575e+00 2.057897012179056446e+02
1.404677897211610516e+00 2.024973054936726840e+02
1.402234979129503234e+00 1.989408412221272329e+02
1.399792061047396174e+00 1.956662839052836205e+02
1.397349142965289115e+00 1.921421042859395243e+02
1.394906224883181833e+00 1.888905590548197608e+02
1.392463306801074774e+00 1.854035002731322948e+02
1.390020388718967492e+00 1.821797858029683539e+02
1.387577470636860433e+00 1.787343222727457714e+02
1.385134552554753373e+00 1.755429093559264686e+02
1.382691634472646092e+00 1.721431522656758659e+02
1.380248716390539032e+00 1.689881818969726623e+02
1.377805798308431751e+00 1.656378942512512538e+02
1.375362880226324691e+00 1.625231604354858632e+02
1.372919962144217632e+00 1.592257526835123542e+02
1.370477044062110350e+00 1.561547168210347536e+02
1.368034125980003290e+00 1.529132643468221033e+02
1.365591207897896009e+00 1.498890668179830072e+02
1.363148289815788949e+00 1.467063163594564230e+02
1.360705371733681890e+00 1.437317816197713114e+02
1.358262453651574608e+00 1.406101610430399944e+02
1.355819535569467549e+00 1.376878096425374451e+02
1.353376617487360267e+00 1.346294339614868250e+02
1.350933699405253208e+00 1.317614912267048908e+02
1.348490781323146148e+00 1.287681884188333754e+02
1.346047863241038867e+00 1.259565945874532389e+02
1.343604945158931807e+00 1.230299099848429307e+02
1.341162027076824526e+00 1.202763387026468962e+02
1.338719108994717466e+00 1.174175523058573276e+02
1.336276190912610184e+00 1.147234217241922920e+02
1.333833272830503125e+00 1.119335592552184977e+02
1.331390354748396065e+00 1.093000439074198624e+02
1.328947436666288784e+00 1.065798925178528123e+02
1.326504518584181724e+00 1.040079342829386349e+02
1.324061600502074443e+00 1.013580582425435352e+02
1.321618682419967383e+00 9.884838592351276532e+01
1.319175764337860324e+00 9.626913875986734581e+01
1.316732846255753042e+00 9.382227556864420137e+01
1.314289928173645983e+00 9.131381753260292555e+01
1.311847010091538923e+00 8.893009838790894150e+01
1.309404092009431642e+00 8.649240640920004353e+01
1.306961173927324582e+00 8.417199080454508930e+01
1.304518255845217301e+00 8.180487378692626521e+01
1.302075337763110241e+00 7.954775593439738657e+01
1.299632419681003181e+00 7.725086913477579742e+01
1.297189501598895900e+00 7.505689065653483283e+01
1.294746583516788840e+00 7.282974967549642997e+01
1.292303665434681559e+00 7.069861908060710221e+01
1.289860747352574499e+00 6.854060571721393558e+01
1.287417829270467440e+00 6.647190062917074727e+01
1.284974911188360158e+00 6.438228536809285174e+01
1.282531993106252877e+00 6.237547061131793669e+01
1.280089075024145817e+00 6.035341307678223188e+01
1.277646156942038758e+00 5.840784150441487554e+01
1.275203238859931476e+00 5.645241184666951995e+01
1.272760320777824417e+00 5.456735189030965216e+01
1.270317402695717135e+00 5.267752858632405122e+01
1.267874484613610075e+00 5.085215635248820121e+01
1.265431566531503016e+00 4.902685024185181106e+01
1.262988648449395956e+00 4.726027169520060767e+01
1.260545730367288675e+00 4.549832242660522041e+01
1.258102812285181615e+00 4.378957344436645371e+01
1.255659894203074334e+00 4.208976765009561660e+01
1.253216976120967274e+00 4.043782971471151200e+01
1.250774058038860215e+00 3.879890656000772964e+01
1.248331139956752933e+00 3.720270907465616261e+01
1.245888221874645874e+00 3.562336572977701366e+01
1.243445303792538592e+00 3.408179498647053407e+01
1.241002385710431533e+00 3.256069531555176155e+01
1.238559467628324473e+00 3.107260226491293054e+01
1.236116549546217191e+00 2.960838178990681868e+01
1.233673631464110132e+00 2.817258707249959571e+01
1.231230713382002850e+00 2.676386340967814093e+01
1.228787795299895791e+00 2.537916451212564795e+01
1.226344877217788731e+00 2.402453628616332892e+01
1.223901959135681450e+00 2.268971048558552894e+01
1.221459041053574168e+00 2.138778040491740029e+01
1.219016122971467109e+00 2.010160797653198728e+01
1.216573204889360049e+00 1.885093151652018051e+01
1.214130286807252768e+00 1.761213771820068175e+01
1.211687368725145708e+00 1.641131275558471359e+01
1.209244450643038427e+00 1.521851329015095722e+01
1.206801532560931367e+00 1.406633133417765258e+01
1.204358614478824308e+00 1.291864746398925412e+01
1.201915696396717026e+00 1.181335077819823987e+01
1.199472778314609966e+00 1.070926752980550312e+01
1.197029860232502685e+00 9.649601119995116605e+00
1.194586942150395625e+00 8.587924369303387095e+00
1.192144024068288566e+00 7.572512150573730949e+00
1.189701105986181506e+00 6.552009870910644906e+00
1.187258187904074225e+00 5.579487864176432055e+00
1.184815269821967165e+00 4.598939670308431538e+00
1.182372351739859884e+00 3.667960023752848464e+00
1.179929433657752824e+00 2.726159330495198319e+00
1.177486515575645543e+00 1.835392215728759657e+00
1.175043597493538483e+00 9.311486457824706964e-01
1.172600679411431424e+00 7.928474375406899255e-02
1.170157761329324142e+00 -7.885794438680013840e-01
1.167714843247217082e+00 -1.602829271697997937e+00
1.165271925165110023e+00 -2.435473539988199931e+00
1.162829007083002741e+00 -3.213369481658934657e+00
1.160386089000895460e+00 -4.011928979492187075e+00
1.157943170918788400e+00 -4.754716266632079247e+00
1.155500252836681341e+00 -5.520311899058023997e+00
1.153057334754574059e+00 -6.229197025807698296e+00
1.150614416672467000e+00 -6.962922798665363899e+00
1.148171498590359940e+00 -7.639095008850097734e+00
1.145728580508252659e+00 -8.342023855336508475e+00
1.143285662426145599e+00 -8.986635039011638071e+00
1.140842744344038540e+00 -9.659812604014078374e+00
1.138399826261931258e+00 -1.027399442265828533e+01
1.135956908179823976e+00 -1.091843963953654040e+01
1.133513990097716917e+00 -1.150329502105712898e+01
1.131071072015609857e+00 -1.212001838150024291e+01
1.128628153933502576e+00 -1.267661336822509632e+01
1.126185235851395516e+00 -1.326658575490315783e+01
1.123742317769288235e+00 -1.379596732991536712e+01
1.121299399687181175e+00 -1.436013916651407563e+01
1.118856481605074116e+00 -1.486332484003702881e+01
1.116413563522966834e+00 -1.540261875661214397e+01
1.113970645440859775e+00 -1.588059373982747324e+01
1.111527727358752715e+00 -1.639591458485921294e+01
1.109084809276645434e+00 -1.684963302841186561e+01
1.106641891194538374e+00 -1.734185307693481448e+01
1.104198973112431315e+00 -1.777224770889282368e+01
1.101756055030324033e+00 -1.824221819534301758e+01
1.099313136948216751e+00 -1.865018831380208297e+01
1.096870218866109692e+00 -1.909873505935669158e+01
1.094427300784002632e+00 -1.948515984624226860e+01
1.091984382701895351e+00 -1.991308603083292539e+01
1.089541464619788291e+00 -2.027881192728678528e+01
1.087098546537681232e+00 -2.068689515762329023e+01
1.084655628455573950e+00 -2.103274513142903857e+01
1.082212710373466891e+00 -2.142173708114624020e+01
1.079769792291359831e+00 -2.174850451431274578e+01
1.077326874209252550e+00 -2.211913573023478108e+01
1.074883956127145268e+00 -2.242758783035278114e+01
1.072441038045038209e+00 -2.278057013702392553e+01
1.069998119962931149e+00 -2.307144914830525906e+01
1.067555201880824089e+00 -2.340746226170858080e+01
1.065112283798716808e+00 -2.368148884353637840e+01
1.062669365716609526e+00 -2.400119909184773803e+01
1.060226447634502467e+00 -2.425906459833781170e+01
1.057783529552395407e+00 -2.456311070149740061e+01
1.055340611470288126e+00 -2.480548509368896504e+01
1.052897693388181066e+00 -2.509448548100789367e+01
1.050454775306073785e+00 -2.532201769180298356e+01
1.048011857223966725e+00 -2.559657259445190292e+01
1.045568939141859666e+00 -2.580988490015665704e+01
1.043126021059752606e+00 -2.607057268981933262e+01
1.040683102977645103e+00 -2.627026919225057000e+01
1.038240184895538043e+00 -2.651764836908976264e+01
1.035797266813430983e+00 -2.670430754623413350e+01
1.033354348731323924e+00 -2.693891746037801127e+01
1.030911430649216642e+00 -2.711310267664591578e+01
1.028468512567109583e+00 -2.733546476287841998e+01
1.026025594485002301e+00 -2.749771339238484558e+01
1.023582676402895242e+00 -2.770832897084553537e+01
1.021139758320788182e+00 -2.785916025619506087e+01
1.018696840238681123e+00 -2.805851489537556631e+01
1.016253922156573841e+00 -2.819843035329182612e+01
1.013811004074466560e+00 -2.838699041315714311e+01
1.011368085992359500e+00 -2.851647204818725001e+01
1.008925167910252441e+00 -2.869468839009602945e+01
1.006482249828145381e+00 -2.881420245030721361e+01
1.004039331746038100e+00 -2.898250619532267791e+01
1.001596413663930818e+00 -2.909249474461873319e+01
9.991534955818237584e-01 -2.925130650736490878e+01
9.967105774997166989e-01 -2.935219979985555128e+01
9.942676594176094174e-01 -2.950191743927001298e+01
9.918247413355023578e-01 -2.959410803858439110e+01
9.893818232533951873e-01 -2.973509705505371059e+01
9.869389051712880168e-01 -2.981902208531697340e+01
9.844959870891808462e-01 -2.995169149297078448e+01
9.820530690070737867e-01 -3.002744822158813420e+01
9.796101509249665051e-01 -3.015176059392293340e+01
9.771672328428594456e-01 -3.022066111450195081e+01
9.747243147607522751e-01 -3.033795049006144140e+01
9.722813966786452156e-01 -3.039971863835652144e+01
9.698384785965379340e-01 -3.050962384465535848e+01
9.673955605144308745e-01 -3.056412701339721849e+01
9.649526424323237039e-01 -3.066692574030558305e+01
9.625097243502165334e-01 -3.071495975418091362e+01
9.600668062681093629e-01 -3.081118933741252164e+01
9.576238881860023033e-01 -3.085303610051472845e+01
9.551809701038951328e-01 -3.094291058375040393e+01
9.527380520217879623e-01 -3.097887671076457039e+01
9.502951339396807917e-01 -3.106269752298990028e+01
9.478522158575736212e-01 -3.109307191340128540e+01
9.454092977754665617e-01 -3.117110715433756241e+01
9.429663796933593911e-01 -3.119616457697550160e+01
9.405234616112522206e-01 -3.126867520472209350e+01
9.380805435291450500e-01 -3.128867670796712019e+01
9.356376254470379905e-01 -3.135591319758097129e+01
9.331947073649307089e-01 -3.137111063206990380e+01
9.307517892828236494e-01 -3.143330990295411098e+01
9.283088712007164789e-01 -3.144395470657348568e+01
9.258659531186093083e-01 -3.150135834604898832e+01
9.234230350365021378e-01 -3.150767320480346712e+01
9.209801169543950783e-01 -3.156049504725138277e+01
9.185371988722877967e-01 -3.156271659164428556e+01
9.160942807901807372e-01 -3.161118042627970226e+01
9.136513627080735667e-01 -3.160952003784180420e+01
9.112084446259665071e-01 -3.165383234278360902e+01
9.087655265438592256e-01 -3.164849722595214132e+01
9.063226084617521661e-01 -3.168885323460896331e+01
9.038796903796449955e-01 -3.168004760513305840e+01
9.014367722975378250e-01 -3.171664745051065992e+01
8.989938542154306544e-01 -3.170455415776570973e+01
8.965509361333235949e-01 -3.173757884953817054e+01
8.941080180512164244e-01 -3.172238438949585060e+01
8.916650999691092538e-01 -3.175200826187133885e+01
8.892221818870020833e-01 -3.173389048131307533e+01
8.867792638048949128e-01 -3.176028442128499307e+01
8.843363457227878532e-01 -3.173940321578979251e+01
8.818934276406806827e-01 -3.176272633183797112e+01
8.794505095585735122e-01 -3.173924682718912749e+01
8.770075914764663416e-01 -3.175965856755574279e+01
8.745646733943592821e-01 -3.173373159637451124e+01
8.721217553122520005e-01 -3.175138320846557960e+01
8.696788372301449410e-01 -3.172315979131062846e+01
8.672359191480377705e-01 -3.173818590977986887e+01
8.647930010659305999e-01 -3.170781577733357892e+01
8.623500829838234294e-01 -3.172036060053507356e+01
8.599071649017163699e-01 -3.168796532211303685e+01
8.574642468196090883e-01 -3.169816369501749520e+01
8.550213287375020288e-01 -3.166387540512084797e+01
8.525784106553948583e-01 -3.167185789972941024e+01
8.501354925732877987e-01 -3.163578668950398765e+01
8.476925744911805172e-01 -3.164166512883504012e+01
8.452496564090734577e-01 -3.160395193634033362e+01
8.428067383269662871e-01 -3.160784132258097401e+01
8.403638202448591166e-01 -3.156857664464314794e+01
8.379209021627519460e-01 -3.157059562911987172e+01
8.354779840806448865e-01 -3.152989633712768480e+01
8.330350659985376049e-01 -3.153014354782104434e+01
8.305921479164305454e-01 -3.148811081237793275e+01
8.281492298343233749e-01 -3.148669394938151100e+01
8.257063117522162043e-01 -3.144342464853922792e+01
8.232633936701090338e-01 -3.144043550338745163e+01
8.208204755880019743e-01 -3.139602473322550580e+01
8.183775575058948037e-01 -3.139156018397013170e+01
8.159346394237876332e-01 -3.134609399286905784e+01
8.134917213416804627e-01 -3.134024346847534304e+01
8.110488032595732921e-01 -3.129380859196980680e+01
8.086058851774662326e-01 -3.128665312881469873e+01
8.061629670953590621e-01 -3.123933100662231510e+01
8.037200490132518915e-01 -3.123095512975056920e+01
8.012771309311447210e-01 -3.118282173283894920e+01
7.988342128490376615e-01 -3.117330347340901753e+01
7.963912947669303799e-01 -3.112443213322957547e+01
7.939483766848233204e-01 -3.111384643681844508e+01
7.915054586027161498e-01 -3.106430631841023526e+01
7.890625405206090903e-01 -3.105272336018879997e+01
7.866196224385018088e-01 -3.100258370030720911e+01
7.841767043563946382e-01 -3.099007355372111050e+01
7.817337862742874677e-01 -3.093939571762085095e+01
7.792908681921804082e-01 -3.092602142130533949e+01
7.768479501100732376e-01 -3.087486680882771850e+01
7.744050320279661781e-01 -3.086069296798706318e+01
7.719621139458590076e-01 -3.080911749954223922e+01
7.695191958637517260e-01 -3.079420288950602469e+01
7.670762777816446665e-01 -3.074226145477295091e+01
7.646333596995374959e-01 -3.072666056340535690e+01
7.621904416174303254e-01 -3.067440691197712965e+01
7.597475235353232659e-01 -3.065817706807454357e+01
7.573046054532160953e-01 -3.060565752461751643e+01
7.548616873711090358e-01 -3.058884595413208274e+01
7.524187692890017543e-01 -3.053610907363891513e+01
7.499758512068945837e-01 -3.051876937332153261e+01
7.475329331247875242e-01 -3.046585743103027610e+01
7.450900150426803537e-01 -3.044803952814737968e+01
7.426470969605731831e-01 -3.039499957402547281e+01
7.402041788784661236e-01 -3.037674813359578607e+01
7.377612607963588420e-01 -3.032359473266602024e+01
7.353183427142516715e-01 -3.030492386550903916e+01
7.328754246321446120e-01 -3.025173603108724052e+01
7.304325065500374414e-01 -3.023272527949014687e+01
7.279895884679303819e-01 -3.017951752649943131e+01
7.255466703858232114e-01 -3.016018911717732820e+01
7.231037523037159298e-01 -3.010699671300252334e+01
7.206608342216087593e-01 -3.008738874333699087e+01
7.182179161395016997e-01 -3.003424304300943959e+01
7.157749980573945292e-01 -3.001439067459106269e+01
7.133320799752874697e-01 -2.996132249476114850e+01
7.108891618931802991e-01 -2.994125908279418979e+01
7.084462438110730176e-01 -2.988829564895629787e+01
7.060033257289658470e-01 -2.986805181045532365e+01
7.035604076468587875e-01 -2.981522106348673873e+01
7.011174895647516170e-01 -2.979482863540649618e+01
6.986745714826445575e-01 -2.974215380833943456e+01
6.962316534005373869e-01 -2.972164038874308289e+01
6.937887353184303274e-01 -2.966914819641113610e+01
6.913458172363230458e-01 -2.964853803227742546e+01
6.889028991542158753e-01 -2.959624926986694149e+01
6.864599810721087048e-01 -2.957557152175903781e+01
6.840170629900016452e-01 -2.952350664316813322e+01
6.815741449078944747e-01 -2.950278205973306811e+01
6.791312268257874152e-01 -2.945096188329060638e+01
6.766883087436801336e-01 -2.943021677042643347e+01
6.742453906615729631e-01 -2.937865869750976344e+01
6.718024725794659036e-01 -2.935791188659668194e+01
6.693595544973587330e-01 -2.930663422571818089e+01
6.669166364152516735e-01 -2.928591035003662313e+01
6.644737183331445030e-01 -2.923492685114542766e+01
6.620308002510372214e-01 -2.921424123458861999e+01
6.595878821689300509e-01 -2.916356906026204499e+01
6.571449640868229913e-01 -2.914294155604044434e+01
6.547020460047158208e-01 -2.909259272537231666e+01
6.522591279226087613e-01 -2.907204048487345105e+01
6.498162098405015907e-01 -2.902203008906046477e+01
6.473732917583943092e-01 -2.900157136662800994e+01
6.449303736762871386e-01 -2.895191122360229841e+01
6.424874555941800791e-01 -2.893155927022298712e+01
6.400445375120729086e-01 -2.888226224746703963e+01
6.376016194299658491e-01 -2.886203400090535709e+01
6.351587013478586785e-01 -2.881310639470418522e+01
6.327157832657513969e-01 -2.879301486689249501e+01
6.302728651836443374e-01 -2.874446721394857818e+01
6.278299471015371669e-01 -2.872452317174275649e+01
6.253870290194299963e-01 -2.867636838200887084e+01
6.229441109373229368e-01 -2.865658443603515693e+01
6.205011928552157663e-01 -2.860882676239013733e+01
6.180582747731087068e-01 -2.858921844711303706e+01
6.156153566910014252e-01 -2.854186273727417245e+01
6.131724386088942547e-01 -2.852243552398681814e+01
6.107295205267871951e-01 -2.847548859532674115e+01
6.082866024446800246e-01 -2.845625407180786226e+01
6.058436843625728541e-01 -2.840972226486206154e+01
6.034007662804657945e-01 -2.839068868840535131e+01
6.009578481983585130e-01 -2.834457834192911463e+01
5.985149301162513424e-01 -2.832575252965291668e+01
5.960720120341442829e-01 -2.828006996739705059e+01
5.936290939520371124e-01 -2.826146365509033132e+01
5.911861758699300529e-01 -2.821621408437092882e+01
5.887432577878228823e-01 -2.819783212254842653e+01
5.863003397057156008e-01 -2.815301552480061886e+01
5.838574216236084302e-01 -2.813486628850301230e+01
5.814145035415013707e-01 -2.809048500417073413e+01
5.789715854593942002e-01 -2.807257361272176155e+01
5.765286673772871406e-01 -2.802863122634887461e+01
5.740857492951799701e-01 -2.801096009470621340e+01
5.716428312130726885e-01 -2.796745911534627282e+01
5.691999131309655180e-01 -2.795003799591064464e+01
5.667569950488584585e-01 -2.790698045908610680e+01
5.643140769667513990e-01 -2.788981336847941250e+01
5.618711588846441174e-01 -2.784720061035156391e+01
5.594282408025370579e-01 -2.783029306996663266e+01
5.569853227204299984e-01 -2.778812530721028295e+01
5.545424046383227168e-01 -2.777147757110596160e+01
5.520994865562156573e-01 -2.772975788218180071e+01
5.496565684741083757e-01 -2.771337559178670418e+01
5.472136503920013162e-01 -2.767210078303019216e+01
5.447707323098942567e-01 -2.765598592071533091e+01
5.423278142277869751e-01 -2.761515669733683254e+01
5.398848961456796935e-01 -2.759931327285766400e+01
5.374419780635726340e-01 -2.755892898559570270e+01
5.349990599814655745e-01 -2.754335892028808885e+01
5.325561418993585150e-01 -2.750341938705444633e+01
5.301132238172512334e-01 -2.748812386423746545e+01
5.276703057351441739e-01 -2.744862964350382484e+01
5.252273876530368923e-01 -2.743361173807780062e+01
5.227844695709298328e-01 -2.739455895105997740e+01
5.203415514888225513e-01 -2.737982137349446177e+01
5.178986334067154917e-01 -2.734120569966633951e+01
5.154557153246084322e-01 -2.732674450454711490e+01
5.130127972425013727e-01 -2.728857537053426086e+01
5.105698791603938691e-01 -2.727440022201538738e+01
5.081269610782868096e-01 -2.723665865910847828e+01
5.056840429961797501e-01 -2.722276932042439768e+01
5.032411249140726905e-01 -2.718547378158569217e+01
5.007982068319654090e-01 -2.717186694920857448e+01
4.983552887498583495e-01 -2.713499438044230061e+01
4.959123706677512899e-01 -2.712166607767740700e+01
4.934694525856440084e-01 -2.708522312088012995e+01
4.910265345035367268e-01 -2.707217802632649395e+01
4.885836164214296673e-01 -2.703616257680257107e+01
4.861406983393226078e-01 -2.702340171229045396e+01
4.836977802572155483e-01 -2.698781055272420559e+01
4.812548621751082667e-01 -2.697533143335978423e+01
4.788119440930009851e-01 -2.694016332015991466e+01
4.763690260108939256e-01 -2.692796859054565317e+01
4.739261079287868661e-01 -2.689321644210815521e+01
4.714831898466798066e-01 -2.688130008697509865e+01
4.690402717645725250e-01 -2.684696332321167134e+01
4.665973536824654655e-01 -2.683533065058390221e+01
4.641544356003581839e-01 -2.680140359141032036e+01
4.617115175182511244e-01 -2.679004820887247718e+01
4.592685994361438429e-01 -2.675652847951253221e+01
4.568256813540367833e-01 -2.674545324681599467e+01
4.543827632719297238e-01 -2.671233795267740163e+01
4.519398451898226643e-01 -2.670153779169718078e+01
4.494969271077151607e-01 -2.666882299982706783e+01
4.470540090256081012e-01 -2.665829939753214362e+01
4.446110909435010417e-01 -2.662597779006957666e+01
4.421681728613939821e-01 -2.661572679799397534e+01
4.397252547792867006e-01 -2.658380175755818442e+01
4.372823366971796410e-01 -2.657382236378988338e+01
4.348394186150725815e-01 -2.654228285802205534e+01
4.323965005329653000e-01 -2.653257438786824451e+01
4.299535824508580184e-01 -2.650142192560831589e+01
4.275106643687509589e-01 -2.649198261947632460e+01
4.250677462866438994e-01 -2.646120719629923457e+01
4.226248282045368398e-01 -2.645203418604532786e+01
4.201819101224295583e-01 -2.642163472188313023e+01
4.177389920403222767e-01 -2.641272616449991872e+01
4.152960739582152172e-01 -2.638269852040608754e+01
4.128531558761081577e-01 -2.637405134353637237e+01
4.104102377940008761e-01 -2.634439097086588433e+01
4.079673197118938166e-01 -2.633600537287394516e+01
4.055244016297867571e-01 -2.630670826975504539e+01
4.030814835476794755e-01 -2.629857969818115393e+01
4.006385654655724160e-01 -2.626964297612508048e+01
3.981956473834651344e-01 -2.626177070821126236e+01
3.957527293013580749e-01 -2.623318827133178388e+01
3.933098112192510154e-01 -2.622556826705932664e+01
3.908668931371437338e-01 -2.619733747227986598e+01
3.884239750550364523e-01 -2.618997063115438095e+01
3.859810569729293928e-01 -2.616208432744344137e+01
3.835381388908223332e-01 -2.615496449534098389e+01
3.810952208087152737e-01 -2.612742157770792772e+01
3.786523027266079922e-01 -2.612054774297078197e+01
3.762093846445009326e-01 -2.609334189682007121e+01
3.737664665623938731e-01 -2.608671138763427422e+01
3.713235484802865916e-01 -2.605983828430175109e+01
3.688806303981793100e-01 -2.605344882202148327e+01
3.664377123160722505e-01 -2.602690427500406756e+01
3.639947942339651910e-01 -2.602075206782023287e+01
3.615518761518581314e-01 -2.599453037948608625e+01
3.591089580697508499e-01 -2.598861400782266884e+01
3.566660399876435683e-01 -2.596271323699950884e+01
3.542231219055365088e-01 -2.595703059158325132e+01
3.517802038234294493e-01 -2.593144374186197965e+01
3.493372857413221677e-01 -2.592599132003784490e+01
3.468943676592151082e-01 -2.590071483510335426e+01
3.444514495771080487e-01 -2.589549023513793813e+01
3.420085314950007671e-01 -2.587052063446044770e+01
3.395656134128937076e-01 -2.586552053680419760e+01
3.371226953307864260e-01 -2.584085383860270113e+01
3.346797772486793665e-01 -2.583607539596557601e+01
3.322368591665723070e-01 -2.581170648752847896e+01
3.297939410844650254e-01 -2.580714733403523908e+01
3.273510230023577439e-01 -2.578307303746541379e+01
3.249081049202506843e-01 -2.577873177719115816e+01
3.224651868381436248e-01 -2.575494692891438930e+01
3.200222687560365653e-01 -2.575081876246134271e+01
3.175793506739292837e-01 -2.572731975733439924e+01
3.151364325918222242e-01 -2.572340321858724010e+01
3.126935145097151647e-01 -2.570018406524658161e+01
3.102505964276078831e-01 -2.569647539342244258e+01
3.078076783455006016e-01 -2.567353387095134210e+01
3.053647602633935421e-01 -2.567003088302611857e+01
3.029218421812864825e-01 -2.564736195627847692e+01
3.004789240991794230e-01 -2.564406142450969028e+01
2.980360060170721415e-01 -2.562166059392293249e+01
2.955930879349648599e-01 -2.561856108067829751e+01
2.931501698528578004e-01 -2.559642432683309110e+01
2.907072517707507409e-01 -2.559352059046427286e+01
2.882643336886434593e-01 -2.557164372253417994e+01
2.858214156065363998e-01 -2.556893638534545943e+01
2.833784975244293403e-01 -2.554731435470580792e+01
2.809355794423220587e-01 -2.554479716949462187e+01
2.784926613602149992e-01 -2.552343388951619829e+01
2.760497432781077176e-01 -2.552111512552897210e+01
2.736068251960006581e-01 -2.549999102681477936e+01
2.711639071138935986e-01 -2.549781183191934986e+01
2.687209890317863170e-01 -2.547697287648518838e+01
2.662780709496790355e-01 -2.547504214757283592e+01
2.638351528675719759e-01 -2.545438889363606805e+01
2.613922347854649164e-01 -2.545259901835123273e+01
2.589493167033578569e-01 -2.543220105972289957e+01
2.565063986212505753e-01 -2.543060306345621768e+01
2.540634805391435158e-01 -2.541043604049682614e+01
2.516205624570364563e-01 -2.540901176528930350e+01
2.491776443749291747e-01 -2.538907398122151449e+01
2.467347262928218932e-01 -2.538782383295694700e+01
2.442918082107148336e-01 -2.536811065394083897e+01
2.418488901286077741e-01 -2.536703058039347880e+01
2.394059720465007146e-01 -2.534753928095499020e+01
2.369630539643934330e-01 -2.534662667719523199e+01
2.345201358822861515e-01 -2.532735325495401568e+01
2.320772178001790920e-01 -2.532660621363321951e+01
2.296342997180720324e-01 -2.530754632161458062e+01
2.271913816359647509e-01 -2.530696264216105007e+01
2.247484635538576914e-01 -2.528811373011271613e+01
2.223055454717506318e-01 -2.528768978805542034e+01
2.198626273896433503e-01 -2.526904808349609510e+01
2.174197093075362908e-01 -2.526878158365885696e+01
2.149767912254290092e-01 -2.525034220962524856e+01
2.125338731433219497e-01 -2.525023213119507659e+01
2.100909550612148902e-01 -2.523199213689168374e+01
2.076480369791076086e-01 -2.523203414179484128e+01
2.052051188970003270e-01 -2.521399083989461332e+01
2.027622008148932675e-01 -2.521418272298177499e+01
2.003192827327862080e-01 -2.519633264516194515e+01
1.978763646506791485e-01 -2.519667194290160950e+01
1.954334465685718669e-01 -2.517901311111450369e+01
1.929905284864648074e-01 -2.517949770304361934e+01
1.905476104043577479e-01 -2.516202485453288418e+01
1.881046923222504663e-01 -2.516265259373982488e+01
1.856617742401431848e-01 -2.514536300048827755e+01
1.832188561580361252e-01 -2.514613191426594696e+01
1.807759380759290657e-01 -2.512902250035604013e+01
1.783330199938220062e-01 -2.512992913970947839e+01
1.758901019117147246e-01 -2.511299711100260268e+01
1.734471838296074431e-01 -2.511403977025350187e+01
1.710042657475003836e-01 -2.509728105951944954e+01
1.685613476653933240e-01 -2.509845697428385591e+01
1.661184295832860425e-01 -2.508186789016723495e+01
1.636755115011789830e-01 -2.508317679570515679e+01
1.612325934190719234e-01 -2.506675485560099403e+01
1.587896753369646419e-01 -2.506819134928385395e+01
1.563467572548573603e-01 -2.505193609975178859e+01
1.539038391727503008e-01 -2.505349983367920075e+01
1.514609210906432413e-01 -2.503740655136108373e+01
1.490180030085361818e-01 -2.503909482065837011e+01
1.465750849264289002e-01 -2.502316018753051452e+01
1.441321668443216186e-01 -2.502497237116495654e+01
1.416892487622145591e-01 -2.500919415562947634e+01
1.392463306801074996e-01 -2.501112655817667374e+01
1.368034125980002180e-01 -2.499550057830809990e+01
1.343604945158931585e-01 -2.499755248260497709e+01
1.319175764337860990e-01 -2.498207653986613508e+01
1.294746583516790395e-01 -2.498424412892659419e+01
1.270317402695717579e-01 -2.496891652730306532e+01
1.245888221874644763e-01 -2.497119829101562871e+01
1.221459041053574168e-01 -2.495601674830119165e+01
1.197029860232503573e-01 -2.495841097564697009e+01
1.172600679411432978e-01 -2.494337227783203303e+01
1.148171498590360162e-01 -2.494587765172322946e+01
1.123742317769287347e-01 -2.493097793884277635e+01
1.099313136948216751e-01 -2.493359186528524063e+01
1.074883956127146156e-01 -2.491882969462076858e+01
1.050454775306073341e-01 -2.492155074513753377e+01
1.026025594485002745e-01 -2.490692204920450692e+01
1.001596413663932150e-01 -2.490974809773762999e+01
9.771672328428593346e-02 -2.489525175323485584e+01
9.527380520217865190e-02 -2.489817902450561249e+01
9.283088712007159238e-02 -2.488381333160399933e+01
9.038796903796453286e-02 -2.488684285074869251e+01
8.794505095585747334e-02 -2.487260229492187946e+01
8.550213287375019178e-02 -2.487573085250854277e+01
8.305921479164291021e-02 -2.486161590906778684e+01
8.061629670953585070e-02 -2.486484194030762040e+01
7.817337862742879118e-02 -2.485084905115762766e+01
7.573046054532150961e-02 -2.485417042516072073e+01
7.328754246321445009e-02 -2.484029865112304591e+01
7.084462438110739058e-02 -2.484371503117879598e+01
6.840170629900033106e-02 -2.482996137084960964e+01
6.595878821689304949e-02 -2.483347120895385274e+01
6.351587013478576793e-02 -2.481983345769246441e+01
6.107295205267870841e-02 -2.482343408406574881e+01
5.863003397057164889e-02 -2.480991059087116923e+01
5.618711588846436733e-02 -2.481359955444335341e+01
5.374419780635730781e-02 -2.480018765970865857e+01
5.130127972425002625e-02 -2.480396495539347157e+01
4.885836164214296673e-02 -2.479066227900187513e+01
4.641544356003590721e-02 -2.479452699737549182e+01
4.397252547792862565e-02 -2.478132523880005067e+01
4.152960739582156613e-02 -2.478526506195068890e+01
3.908668931371450661e-02 -2.477217014719645860e+01
3.664377123160722505e-02 -2.477620182698567675e+01
3.420085314949994348e-02 -2.476321604436239099e+01
3.175793506739288397e-02 -2.476732798538208513e+01
2.931501698528582445e-02 -2.475443832372029362e+01
2.687209890317876493e-02 -2.475862522837320157e+01
2.442918082107148336e-02 -2.474583775507608863e+01
2.198626273896420180e-02 -2.475010631586710730e+01
1.954334465685714228e-02 -2.473741484985351136e+01
1.710042657475008276e-02 -2.474175875167846428e+01
1.465750849264280120e-02 -2.472916380081176868e+01
1.221459041053574168e-02 -2.473358364664714060e+01
9.771672328428682164e-03 -2.472108174082438481e+01
7.328754246321622645e-03 -2.472557431411743067e+01
4.885836164214341082e-03 -2.471316498285929342e+01
2.442918082107059519e-03 -2.471773045654297007e+01
0.000000000000000000e+00 -2.470541009216308481e+01
-2.442918082107281563e-03 -2.471004623311360859e+01
-4.885836164214341082e-03 -2.469781573384603135e+01
-7.328754246321622645e-03 -2.470252304433186907e+01
-9.771672328428460119e-03 -2.469037770767212692e+01
-1.221459041053574168e-02 -2.469515441284180213e+01
-1.465750849264280120e-02 -2.468309299774170285e+01
-1.710042657475008276e-02 -2.468793445866902658e+01
-1.954334465685736433e-02 -2.467595869827270150e+01
-2.198626273896420180e-02 -2.468086600163777788e+01
-2.442918082107148336e-02 -2.466897089691161682e+01
-2.687209890317854288e-02 -2.467394421997069642e+01
-2.931501698528582445e-02 -2.466213051656087529e+01
-3.175793506739310601e-02 -2.466716729303995947e+01
-3.420085314949994348e-02 -2.465543102416992838e+01
-3.664377123160722505e-02 -2.466052943852742629e+01
-3.908668931371428457e-02 -2.464886869862874974e+01
-4.152960739582156613e-02 -2.465402858149211340e+01
-4.397252547792862565e-02 -2.464244358596801732e+01
-4.641544356003590721e-02 -2.464766215769450497e+01
-4.885836164214318877e-02 -2.463615136362711766e+01
-5.130127972425002625e-02 -2.464142933502197153e+01
-5.374419780635730781e-02 -2.462998935470580975e+01
-5.618711588846436733e-02 -2.463532339274088301e+01
-5.863003397057164889e-02 -2.462395640513101469e+01
-6.107295205267848637e-02 -2.462934742558796586e+01
-6.351587013478576793e-02 -2.461804904581705955e+01
-6.595878821689304949e-02 -2.462349498443602869e+01
-6.840170629900010901e-02 -2.461226401443481748e+01
-7.084462438110739058e-02 -2.461776450525919913e+01
-7.328754246321422805e-02 -2.460659879633585589e+01
-7.573046054532150961e-02 -2.461215044886270675e+01
-7.817337862742901322e-02 -2.460105057067870860e+01
-8.061629670953585070e-02 -2.460665444844564220e+01
-8.305921479164313226e-02 -2.459561908976236921e+01
-8.550213287375019178e-02 -2.460127463328043973e+01
-8.794505095585747334e-02 -2.459030197575887655e+01
-9.038796903796431081e-02 -2.459600923156738261e+01
-9.283088712007159238e-02 -2.458509869562784544e+01
-9.527380520217887394e-02 -2.459085457204182745e+01
-9.771672328428593346e-02 -2.458000320612589107e+01
-1.001596413663932150e-01 -2.458580592524210928e+01
-1.026025594485000525e-01 -2.457501391550699665e+01
-1.050454775306073341e-01 -2.458086403706869305e+01
-1.074883956127146156e-01 -2.457012910181681065e+01
-1.099313136948216751e-01 -2.457602657343547037e+01
-1.123742317769289567e-01 -2.456534789683024300e+01
-1.148171498590357942e-01 -2.457128881988525393e+01
-1.172600679411432978e-01 -2.456066548461914323e+01
-1.197029860232501353e-01 -2.456664976043701287e+01
-1.221459041053574168e-01 -2.455608045171101850e+01
-1.245888221874646984e-01 -2.456210818939208806e+01
-1.270317402695717579e-01 -2.455159400380452439e+01
-1.294746583516790395e-01 -2.455766382573445483e+01
-1.319175764337858769e-01 -2.454720193277994866e+01
-1.343604945158931585e-01 -2.455331394704182557e+01
-1.368034125980002180e-01 -2.454290390040079473e+01
-1.392463306801074996e-01 -2.454905881067911722e+01
-1.416892487622147812e-01 -2.453869684626261360e+01
-1.441321668443216186e-01 -2.454489292526245237e+01
-1.465750849264289002e-01 -2.453458013610840283e+01
-1.490180030085359597e-01 -2.454081412455241207e+01
-1.514609210906432413e-01 -2.453054907226562520e+01
-1.539038391727505228e-01 -2.453682177581786661e+01
-1.563467572548573603e-01 -2.452660512466430731e+01
-1.587896753369648639e-01 -2.453291510060628511e+01
-1.612325934190717014e-01 -2.452274519933064667e+01
-1.636755115011789830e-01 -2.452909143753051779e+01
-1.661184295832860425e-01 -2.451896754404703671e+01
-1.685613476653933240e-01 -2.452534961598714247e+01
-1.710042657475006056e-01 -2.451526740442912100e+01
-1.734471838296074431e-01 -2.452168607025146940e+01
-1.758901019117147246e-01 -2.451164753621419479e+01
-1.783330199938217842e-01 -2.451810280609130288e+01
-1.807759380759290657e-01 -2.450811034037272407e+01
-1.832188561580359032e-01 -2.451460557937622653e+01
-1.856617742401431848e-01 -2.450464912719726840e+01
-1.881046923222504663e-01 -2.451116837565104234e+01
-1.905476104043575258e-01 -2.450125857086181824e+01
-1.929905284864648074e-01 -2.450781579717000369e+01
-1.954334465685716449e-01 -2.449791427408854361e+01
-1.978763646506791485e-01 -2.450440954284667683e+01
-2.003192827327864300e-01 -2.449467257843017620e+01
-2.027622008148932675e-01 -2.450133594309489027e+01
-2.052051188970005491e-01 -2.449151777089437232e+01
-2.076480369791076086e-01 -2.449815014216104814e+01
-2.100909550612148902e-01 -2.448839917933146282e+01
-2.125338731433217276e-01 -2.449508357340494769e+01
-2.149767912254290092e-01 -2.448536245956421453e+01
-2.174197093075362908e-01 -2.449207123184203994e+01
-2.198626273896433503e-01 -2.448238686752319282e+01
-2.223055454717506318e-01 -2.448912555236816502e+01
-2.247484635538574693e-01 -2.447947550379435455e+01
-2.271913816359647509e-01 -2.448624237111409840e+01
-2.296342997180720324e-01 -2.447662680536905810e+01
-2.320772178001790920e-01 -2.448342019373575695e+01
-2.345201358822863735e-01 -2.447383948109944640e+01
-2.369630539643932110e-01 -2.448066124343872119e+01
-2.394059720465007146e-01 -2.447110937576293921e+01
-2.418488901286075521e-01 -2.447795807342529173e+01
-2.442918082107148336e-01 -2.446843850758870786e+01
-2.467347262928221152e-01 -2.447530977325439139e+01
-2.491776443749291747e-01 -2.446582791366576615e+01
-2.516205624570364563e-01 -2.447272163798014333e+01
-2.540634805391432938e-01 -2.446326762110392039e+01
-2.565063986212505753e-01 -2.447018844833374018e+01
-2.589493167033576349e-01 -2.446076569086710961e+01
-2.613922347854649164e-01 -2.446771377232869327e+01
-2.638351528675721980e-01 -2.445831739883422529e+01
-2.662780709496790355e-01 -2.446528975118001270e+01
-2.687209890317863170e-01 -2.445592478612264031e+01
-2.711639071138933765e-01 -2.446292247899373962e+01
-2.736068251960006581e-01 -2.445358381551107030e+01
-2.760497432781079397e-01 -2.446060069325765340e+01
-2.784926613602149992e-01 -2.445129254252115913e+01
-2.809355794423222807e-01 -2.445833329442341864e+01
-2.833784975244291182e-01 -2.444905045547485400e+01
-2.858214156065363998e-01 -2.445611464182535855e+01
-2.882643336886434593e-01 -2.444685745137532606e+01
-2.907072517707507409e-01 -2.445394311243692798e+01
-2.931501698528580224e-01 -2.444471459681193082e+01
-2.955930879349648599e-01 -2.445182049255370771e+01
-2.980360060170721415e-01 -2.444261273651122934e+01
-3.004789240991792010e-01 -2.444974367090860667e+01
-3.029218421812864825e-01 -2.444056105931599276e+01
-3.053647602633937641e-01 -2.444770834884643307e+01
-3.078076783455006016e-01 -2.443855095647176512e+01
-3.102505964276078831e-01 -2.444571717224121343e+01
-3.126935145097149427e-01 -2.443658656463622592e+01
-3.151364325918222242e-01 -2.444377085342406986e+01
-3.175793506739292837e-01 -2.443466505177816117e+01
-3.200222687560365653e-01 -2.444186600824991729e+01
-3.224651868381438469e-01 -2.443278433151245466e+01
-3.249081049202506843e-01 -2.444000778732299395e+01
-3.273510230023579659e-01 -2.443094548288981116e+01
-3.297939410844650254e-01 -2.443818815917968834e+01
-3.322368591665723070e-01 -2.442914774576822978e+01
-3.346797772486791445e-01 -2.443640833384196043e+01
-3.371226953307864260e-01 -2.442739034525553521e+01
-3.395656134128937076e-01 -2.443466626917521367e+01
-3.420085314950007671e-01 -2.442567132822672349e+01
-3.444514495771080487e-01 -2.443296385599772336e+01
-3.468943676592148861e-01 -2.442399115269978438e+01
-3.493372857413221677e-01 -2.443129771092732838e+01
-3.517802038234296713e-01 -2.442234241536458583e+01
-3.542231219055365088e-01 -2.442966775690714698e+01
-3.566660399876437904e-01 -2.442073265889485967e+01
-3.591089580697508499e-01 -2.442807265650430892e+01
-3.615518761518581314e-01 -2.441915512390136911e+01
-3.639947942339649689e-01 -2.442651426213582511e+01
-3.664377123160722505e-01 -2.441761442031860341e+01
-3.688806303981795320e-01 -2.442498928680419468e+01
-3.713235484802865916e-01 -2.441610845794676976e+01
-3.737664665623938731e-01 -2.442349889399210383e+01
-3.762093846445007106e-01 -2.441463627446492168e+01
-3.786523027266079922e-01 -2.442204167633056500e+01
-3.810952208087150517e-01 -2.441319698893229528e+01
-3.835381388908223332e-01 -2.442061651128133093e+01
-3.859810569729296148e-01 -2.441178804448445661e+01
-3.884239750550364523e-01 -2.441922037607828599e+01
-3.908668931371437338e-01 -2.441040775121052775e+01
-3.933098112192507934e-01 -2.441785351206461030e+01
-3.957527293013580749e-01 -2.440905649897257135e+01
-3.981956473834653565e-01 -2.441651469345092806e+01
-4.006385654655724160e-01 -2.440773381678263476e+01
-4.030814835476796976e-01 -2.441520472717285273e+01
-4.055244016297865350e-01 -2.440643908945719431e+01
-4.079673197118938166e-01 -2.441392378133138052e+01
-4.104102377940008761e-01 -2.440517405319213751e+01
-4.128531558761081577e-01 -2.441267115020751532e+01
-4.152960739582154392e-01 -2.440393749720255556e+01
-4.177389920403222767e-01 -2.441144743830362884e+01
-4.201819101224295583e-01 -2.440274039916992166e+01
-4.226248282045366178e-01 -2.441027602157592824e+01
-4.250677462866438994e-01 -2.440156539789835577e+01
-4.275106643687511809e-01 -2.440910461451212754e+01
-4.299535824508580184e-01 -2.440066394322713350e+01
-4.323965005329655220e-01 -2.440814659881592164e+01
-4.348394186150725815e-01 -2.439933590037028210e+01
-4.372823366971796410e-01 -2.440663324991862382e+01
-4.397252547792867006e-01 -2.439809643809001116e+01
-4.421681728613937601e-01 -2.440575598169962745e+01
-4.446110909435012637e-01 -2.439710115229289045e+01
-4.470540090256083232e-01 -2.440466524988810093e+01
-4.494969271077153827e-01 -2.439604654083251489e+01
-4.519398451898224423e-01 -2.440364327672322631e+01
-4.543827632719295018e-01 -2.439502281392415028e+01
-4.568256813540365613e-01 -2.440261859792073551e+01
-4.592685994361440649e-01 -2.439401294453938718e+01
-4.617115175182511244e-01 -2.440161949234008532e+01
-4.641544356003581839e-01 -2.439302452087402173e+01
-4.665973536824652435e-01 -2.440064300689697419e+01
-4.690402717645723030e-01 -2.439206079889933321e+01
-4.714831898466798066e-01 -2.439968933588663802e+01
-4.739261079287868661e-01 -2.439111954320271636e+01
-4.763690260108939256e-01 -2.439875599644978621e+01
-4.788119440930014292e-01 -2.439019897893270183e+01
-4.812548621751080447e-01 -2.439784865341186659e+01
-4.836977802572155483e-01 -2.438930025431314874e+01
-4.861406983393226078e-01 -2.439695794194539857e+01
-4.885836164214296673e-01 -2.438842464752197614e+01
-4.910265345035371709e-01 -2.439609059626261356e+01
-4.934694525856437863e-01 -2.438757251764933542e+01
-4.959123706677512899e-01 -2.439524632441203167e+01
-4.983552887498583495e-01 -2.438673500874837430e+01
-5.007982068319654090e-01 -2.439442245788574581e+01
-5.032411249140724685e-01 -2.438591975962320646e+01
-5.056840429961795280e-01 -2.439361392898559799e+01
-5.081269610782870316e-01 -2.438511860122680730e+01
-5.105698791603940911e-01 -2.439282084528605310e+01
-5.130127972425011507e-01 -2.438433340225219936e+01
-5.154557153246082102e-01 -2.439204333826700477e+01
-5.178986334067157138e-01 -2.438356353937784959e+01
-5.203415514888227733e-01 -2.439127776463826436e+01
-5.227844695709298328e-01 -2.438280843785604191e+01
-5.252273876530368923e-01 -2.439053342768351129e+01
-5.276703057351439519e-01 -2.438207001317341849e+01
-5.301132238172514555e-01 -2.438980199534097792e+01
-5.325561418993580709e-01 -2.438134877395629729e+01
-5.349990599814655745e-01 -2.438908812739054355e+01
-5.374419780635726340e-01 -2.438064690119425393e+01
-5.398848961456796935e-01 -2.438839199727376439e+01
-5.423278142277871972e-01 -2.437995994644164810e+01
-5.447707323098938126e-01 -2.438771443608601430e+01
-5.472136503920013162e-01 -2.437929090601602766e+01
-5.496565684741088198e-01 -2.438705209579467592e+01
-5.520994865562154352e-01 -2.437863578796386577e+01
-5.545424046383229388e-01 -2.438640294647216678e+01
-5.569853227204299984e-01 -2.437799583129882564e+01
-5.594282408025370579e-01 -2.438576929550170647e+01
-5.618711588846441174e-01 -2.437737070134480888e+01
-5.643140769667511769e-01 -2.438514897130330183e+01
-5.667569950488586805e-01 -2.437675878372192173e+01
-5.691999131309657400e-01 -2.438454699223836286e+01
-5.716428312130727996e-01 -2.437616134923299427e+01
-5.740857492951798591e-01 -2.438395411097208765e+01
-5.765286673772869186e-01 -2.437557725194295344e+01
-5.789715854593939781e-01 -2.438337781117757075e+01
-5.814145035415014817e-01 -2.437500696080525842e+01
-5.838574216236085412e-01 -2.438281390965779494e+01
-5.863003397057156008e-01 -2.437445080312092927e+01
-5.887432577878231044e-01 -2.438226406987508099e+01
-5.911861758699297198e-01 -2.437390691553751765e+01
-5.936290939520372234e-01 -2.438172557449340871e+01
-5.960720120341442829e-01 -2.437337613093058408e+01
-5.985149301162513424e-01 -2.438120083821614514e+01
-6.009578481983588460e-01 -2.437285770339966007e+01
-6.034007662804654615e-01 -2.438068723119100056e+01
-6.058436843625729651e-01 -2.437235156885783027e+01
-6.082866024446800246e-01 -2.438018561350504854e+01
-6.107295205267870841e-01 -2.437185590845743732e+01
-6.131724386088945877e-01 -2.437969829864502103e+01
-6.156153566910012032e-01 -2.437137348098755041e+01
-6.180582747731087068e-01 -2.437921815439859685e+01
-6.205011928552157663e-01 -2.437090173212687105e+01
-6.229441109373228258e-01 -2.437875331242879184e+01
-6.253870290194298853e-01 -2.437044353052774781e+01
-6.278299471015369448e-01 -2.437830268987019977e+01
-6.302728651836444485e-01 -2.436999714736938927e+01
-6.327157832657515080e-01 -2.437786169891357346e+01
-6.351587013478585675e-01 -2.436956532313029200e+01
-6.376016194299656270e-01 -2.437743715972900560e+01
-6.400445375120731306e-01 -2.436914761199951585e+01
-6.424874555941801901e-01 -2.437702410507202089e+01
-6.449303736762872497e-01 -2.436874461898803901e+01
-6.473732917583943092e-01 -2.437663152796427468e+01
-6.498162098405013687e-01 -2.436836370722452827e+01
-6.522591279226088723e-01 -2.437625903650919312e+01
-6.547020460047154877e-01 -2.436801023712158099e+01
-6.571449640868229913e-01 -2.437593099644978878e+01
-6.595878821689300509e-01 -2.436773515752156882e+01
-6.620308002510371104e-01 -2.437573382415770951e+01
-6.644737183331446140e-01 -2.436761865361531676e+01
-6.669166364152512294e-01 -2.437511571528116860e+01
-6.693595544973587330e-01 -2.436667367502847981e+01
-6.718024725794662366e-01 -2.437424232203165531e+01
-6.742453906615728521e-01 -2.436616764043172267e+01
-6.766883087436803557e-01 -2.437418858159383106e+01
-6.791312268257874152e-01 -2.436591570180257094e+01
-6.815741449078944747e-01 -2.437379880625406159e+01
-6.840170629900015342e-01 -2.436556041768391978e+01
-6.864599810721085937e-01 -2.437347365442911951e+01
-6.889028991542160973e-01 -2.436522217000325341e+01
-6.913458172363231569e-01 -2.437312801513671801e+01
-6.937887353184302164e-01 -2.436488108291625920e+01
-6.962316534005372759e-01 -2.437279209772745858e+01
-6.986745714826443354e-01 -2.436454816818237390e+01
-7.011174895647513949e-01 -2.437246081466674852e+01
-7.035604076468588985e-01 -2.436422124176025150e+01
-7.060033257289659581e-01 -2.437213889999389949e+01
-7.084462438110730176e-01 -2.436390101750691883e+01
-7.108891618931805212e-01 -2.437181917648315377e+01
-7.133320799752871366e-01 -2.436358903223673877e+01
-7.157749980573946402e-01 -2.437150958735147910e+01
-7.182179161395016997e-01 -2.436328422724406195e+01
-7.206608342216087593e-01 -2.437120965550739982e+01
-7.231037523037162629e-01 -2.436298635075887020e+01
-7.255466703858228783e-01 -2.437091583760579283e+01
-7.279895884679303819e-01 -2.436269837875366306e+01
-7.304325065500374414e-01 -2.437062993596394378e+01
-7.328754246321445009e-01 -2.436241378631591559e+01
-7.353183427142520046e-01 -2.437035146713256850e+01
-7.377612607963586200e-01 -2.436213980229696219e+01
-7.402041788784661236e-01 -2.437007503840128564e+01
-7.426470969605731831e-01 -2.436187251358031958e+01
-7.450900150426802426e-01 -2.436981510086059899e+01
-7.475329331247873021e-01 -2.436161674016317491e+01
-7.499758512068948058e-01 -2.436956051813761448e+01
-7.524187692890018653e-01 -2.436136252822876003e+01
-7.548616873711089248e-01 -2.436931546249389413e+01
-7.573046054532159843e-01 -2.436111687342325993e+01
-7.597475235353230438e-01 -2.436907330144246231e+01
-7.621904416174305474e-01 -2.436088074264526426e+01
-7.646333596995376070e-01 -2.436883331146240295e+01
-7.670762777816446665e-01 -2.436064777348836330e+01
-7.695191958637517260e-01 -2.436860428288778024e+01
-7.719621139458587855e-01 -2.436042039515177393e+01
-7.744050320279662891e-01 -2.436837984542846414e+01
-7.768479501100729046e-01 -2.436019320475260486e+01
-7.792908681921804082e-01 -2.436815503565470209e+01
-7.817337862742874677e-01 -2.435996970036824649e+01
-7.841767043563945272e-01 -2.436793242365519063e+01
-7.866196224385020308e-01 -2.435974978256225754e+01
-7.890625405206090903e-01 -2.436771320139567365e+01
-7.915054586027161498e-01 -2.435953729527791367e+01
-7.939483766848236534e-01 -2.436750149154662992e+01
-7.963912947669302689e-01 -2.435932379175822149e+01
-7.988342128490377725e-01 -2.436729470087687233e+01
-8.012771309311448320e-01 -2.435912072118123461e+01
-8.037200490132518915e-01 -2.436709096654256257e+01
-8.061629670953589510e-01 -2.435891898880004902e+01
-8.086058851774660106e-01 -2.436689771245320557e+01
-8.110488032595735142e-01 -2.435872786026000725e+01
-8.134917213416805737e-01 -2.436670251235961970e+01
-8.159346394237876332e-01 -2.435853642756143955e+01
-8.183775575058946927e-01 -2.436651402206421224e+01
-8.208204755880017522e-01 -2.435835305557251118e+01
-8.232633936701088118e-01 -2.436632981567382572e+01
-8.257063117522163154e-01 -2.435817275085449296e+01
-8.281492298343233749e-01 -2.436615298639933513e+01
-8.305921479164304344e-01 -2.435799996109009058e+01
-8.330350659985379380e-01 -2.436598608194987037e+01
-8.354779840806445534e-01 -2.435782842381795277e+01
-8.379209021627520571e-01 -2.436581159210205172e+01
-8.403638202448591166e-01 -2.435765901463826566e+01
-8.428067383269661761e-01 -2.436564752909342246e+01
-8.452496564090736797e-01 -2.435749428609212330e+01
-8.476925744911802951e-01 -2.436548244552612275e+01
-8.501354925732877987e-01 -2.435732969741821208e+01
-8.525784106553948583e-01 -2.436532005615234553e+01
-8.550213287375019178e-01 -2.435716924514770909e+01
-8.574642468196094214e-01 -2.436515941594441514e+01
-8.599071649017160368e-01 -2.435701311925252455e+01
-8.623500829838235404e-01 -2.436500610376994302e+01
-8.647930010659305999e-01 -2.435686029942830544e+01
-8.672359191480376595e-01 -2.436485264561970965e+01
-8.696788372301447190e-01 -2.435671327794392838e+01
-8.721217553122522226e-01 -2.436470665969848426e+01
-8.745646733943592821e-01 -2.435656856892903477e+01
-8.770075914764663416e-01 -2.436457078730265380e+01
-8.794505095585734011e-01 -2.435643324839274371e+01
-8.818934276406804607e-01 -2.436442906901041638e+01
-8.843363457227879643e-01 -2.435629685084025553e+01
-8.867792638048950238e-01 -2.436430199152628617e+01
-8.892221818870020833e-01 -2.435616304957072131e+01
-8.916650999691091428e-01 -2.436416833724975461e+01
-8.941080180512162023e-01 -2.435603205540975225e+01
-8.965509361333237059e-01 -2.436403509801229461e+01
-8.989938542154303214e-01 -2.435591895879110069e+01
-9.014367722975378250e-01 -2.436392050043741975e+01
-9.038796903796453286e-01 -2.435578323796590539e+01
-9.063226084617519440e-01 -2.436378318150838140e+01
-9.087655265438594476e-01 -2.435565492935180743e+01
-9.112084446259665071e-01 -2.436366349004109466e+01
-9.136513627080735667e-01 -2.435553639195760312e+01
-9.160942807901810703e-01 -2.436354493840535440e+01
-9.185371988722876857e-01 -2.435541936111450312e+01
-9.209801169543951893e-01 -2.436342916692097660e+01
-9.234230350365022488e-01 -2.435530407079061277e+01
-9.258659531186093083e-01 -2.436331458104451286e+01
-9.283088712007163679e-01 -2.435519079488118521e+01
-9.307517892828234274e-01 -2.436320274480183912e+01
-9.331947073649309310e-01 -2.435508070856730001e+01
-9.356376254470379905e-01 -2.436309296544392922e+01
-9.380805435291450500e-01 -2.435497304051717293e+01
-9.405234616112521095e-01 -2.436298786010742035e+01
-9.429663796933596132e-01 -2.435486876525878941e+01
-9.454092977754662286e-01 -2.436288434473673448e+01
-9.478522158575737322e-01 -2.435476761144001756e+01
-9.502951339396807917e-01 -2.436278671798705631e+01
-9.527380520217878512e-01 -2.435466878687540770e+01
-9.551809701038953548e-01 -2.436268612035115666e+01
-9.576238881860019703e-01 -2.435457198715210581e+01
-9.600668062681094739e-01 -2.436258941726684313e+01
-9.625097243502165334e-01 -2.435447549285889224e+01
-9.649526424323235929e-01 -2.436249721349080133e+01
-9.673955605144310965e-01 -2.435438168869018583e+01
-9.698384785965377120e-01 -2.436240369796752603e+01
-9.722813966786452156e-01 -2.435429250005086388e+01
-9.747243147607522751e-01 -2.436231365381876657e+01
-9.771672328428593346e-01 -2.435420348154703873e+01
-9.796101509249668382e-01 -2.436222884546915779e+01
-9.820530690070734536e-01 -2.435411734975178888e+01
-9.844959870891809572e-01 -2.436214055964151726e+01
-9.869389051712880168e-01 -2.435403399124145452e+01
-9.893818232533950763e-01 -2.436205976435343246e+01
-9.918247413355025799e-01 -2.435395321324666540e+01
-9.942676594176096394e-01 -2.436197685470580865e+01
-9.967105774997166989e-01 -2.435387561111449983e+01
-9.991534955818237584e-01 -2.436190370737711675e+01
-1.001596413663930818e+00 -2.435379785893757898e+01
-1.004039331746037877e+00 -2.436182710901896087e+01
-1.006482249828145381e+00 -2.435372401199341041e+01
-1.008925167910252441e+00 -2.436175227940876908e+01
-1.011368085992359500e+00 -2.435365126647948486e+01
-1.013811004074466560e+00 -2.436168013585408332e+01
-1.016253922156573619e+00 -2.435357900975545320e+01
-1.018696840238681123e+00 -2.436160719680785647e+01
-1.021139758320787738e+00 -2.435350744018554181e+01
-1.023582676402895242e+00 -2.436153458455403253e+01
-1.026025594485002745e+00 -2.435343688201904300e+01
-1.028468512567109361e+00 -2.436146742884318073e+01
-1.030911430649216864e+00 -2.435336635055542231e+01
-1.033354348731323924e+00 -2.436139787165323867e+01
-1.035797266813430983e+00 -2.435329989700317199e+01
-1.038240184895538487e+00 -2.436133343327839995e+01
-1.040683102977645103e+00 -2.435323575337728386e+01
-1.043126021059752606e+00 -2.436127004750569824e+01
-1.045568939141859666e+00 -2.435317450637817416e+01
-1.048011857223966725e+00 -2.436121020329792941e+01
-1.050454775306073785e+00 -2.435311515375773439e+01
-1.052897693388180844e+00 -2.436115239613851458e+01
-1.055340611470288348e+00 -2.435305681737263939e+01
-1.057783529552395407e+00 -2.436109388376872431e+01
-1.060226447634502467e+00 -2.435299990870158027e+01
-1.062669365716609526e+00 -2.436103747024536048e+01
-1.065112283798717030e+00 -2.435294354375203341e+01
-1.067555201880823645e+00 -2.436098064142862896e+01
-1.069998119962931149e+00 -2.435288866475423220e+01
-1.072441038045038209e+00 -2.436092481867472159e+01
-1.074883956127145268e+00 -2.435283371454874413e+01
-1.077326874209252772e+00 -2.436087107187906753e+01
-1.079769792291359387e+00 -2.435277871856689558e+01
-1.082212710373466891e+00 -2.436081794662475630e+01
-1.084655628455573950e+00 -2.435272605031331494e+01
-1.087098546537681010e+00 -2.436076451136271359e+01
-1.089541464619788513e+00 -2.435267436040242472e+01
-1.091984382701895129e+00 -2.436071411870319992e+01
-1.094427300784002632e+00 -2.435262528711955099e+01
-1.096870218866109692e+00 -2.436066600519816561e+01
-1.099313136948216751e+00 -2.435257734832763887e+01
-1.101756055030324255e+00 -2.436061890691120979e+01
-1.104198973112431315e+00 -2.435253161926269883e+01
-1.106641891194538374e+00 -2.436057364222208577e+01
-1.109084809276645434e+00 -2.435248623021443848e+01
-1.111527727358752493e+00 -2.436052776896158534e+01
-1.113970645440859997e+00 -2.435244151840210591e+01
-1.116413563522967056e+00 -2.436048542455037591e+01
-1.118856481605074116e+00 -2.435239813054402447e+01
-1.121299399687181175e+00 -2.436044217859903682e+01
-1.123742317769288235e+00 -2.435235784149169902e+01
-1.126185235851395294e+00 -2.436040683924356642e+01
-1.128628153933502798e+00 -2.435232671457926656e+01
-1.131071072015609857e+00 -2.436038608449300114e+01
-1.133513990097716917e+00 -2.435232351048787436e+01
-1.135956908179823976e+00 -2.436035870844522933e+01
-1.138399826261931036e+00 -2.435227126210530813e+01
-1.140842744344038540e+00 -2.436030789667765362e+01
-1.143285662426145599e+00 -2.435221205469767014e+01
-1.145728580508252659e+00 -2.436024846878052230e+01
-1.148171498590360162e+00 -2.435216350580851241e+01
-1.150614416672466778e+00 -2.436020801620483311e+01
-1.153057334754574281e+00 -2.435212383346557274e+01
-1.155500252836681341e+00 -2.436016911112467653e+01
-1.157943170918788400e+00 -2.435208567835490001e+01
-1.160386089000895904e+00 -2.436013165613810116e+01
-1.162829007083002519e+00 -2.435204887288411513e+01
-1.165271925165110023e+00 -2.436009487609863200e+01
-1.167714843247217082e+00 -2.435201268564860300e+01
-1.170157761329324142e+00 -2.436006017150878833e+01
-1.172600679411431202e+00 -2.435197761891682333e+01
-1.175043597493538261e+00 -2.436002444559733604e+01
-1.177486515575645765e+00 -2.435194319559732534e+01
-1.179929433657752824e+00 -2.435999151941934926e+01
-1.182372351739859884e+00 -2.435191053365071667e+01
-1.184815269821966943e+00 -2.435995913263957036e+01
-1.187258187904074447e+00 -2.435187835566202708e+01
-1.189701105986181062e+00 -2.435992651646932217e+01
-1.192144024068288566e+00 -2.435184737396240351e+01
-1.194586942150395625e+00 -2.435989629109700871e+01
-1.197029860232502685e+00 -2.435181586558023881e+01
-1.199472778314610188e+00 -2.435986569620768805e+01
-1.201915696396716804e+00 -2.435178664093017531e+01
-1.204358614478824308e+00 -2.435983730189004959e+01
-1.206801532560931367e+00 -2.435175812199910794e+01
-1.209244450643038427e+00 -2.435980827560424089e+01
-1.211687368725145930e+00 -2.435172975972493603e+01
-1.214130286807252546e+00 -2.435977982966104705e+01
-1.216573204889360049e+00 -2.435170300216675088e+01
-1.219016122971467109e+00 -2.435975361099243486e+01
-1.221459041053574168e+00 -2.435167613067626746e+01
-1.223901959135681672e+00 -2.435972717208862548e+01
-1.226344877217788731e+00 -2.435165180791218731e+01
-1.228787795299895791e+00 -2.435970390243530304e+01
-1.231230713382002850e+00 -2.435162787679036711e+01
-1.233673631464109910e+00 -2.435968104426066105e+01
-1.236116549546217414e+00 -2.435160509618123825e+01
-1.238559467628324473e+00 -2.435965783233642767e+01
-1.241002385710431533e+00 -2.435158206888834442e+01
-1.243445303792538592e+00 -2.435963523966470845e+01
-1.245888221874645652e+00 -2.435156074727376208e+01
-1.248331139956752711e+00 -2.435961380335489679e+01
-1.250774058038860215e+00 -2.435153909734090405e+01
-1.253216976120967274e+00 -2.435959303436279910e+01
-1.255659894203074334e+00 -2.435151962865193553e+01
-1.258102812285181837e+00 -2.435957303314208744e+01
-1.260545730367288453e+00 -2.435149914627075063e+01
-1.262988648449395956e+00 -2.435955317306518708e+01
-1.265431566531503016e+00 -2.435148036244710568e+01
-1.267874484613610075e+00 -2.435953477478027196e+01
-1.270317402695717579e+00 -2.435146125081379864e+01
-1.272760320777824194e+00 -2.435951534067789837e+01
-1.275203238859931698e+00 -2.435144289271036655e+01
-1.277646156942038758e+00 -2.435949732004801760e+01
-1.280089075024145817e+00 -2.435142357711792371e+01
-1.282531993106253321e+00 -2.435947945302327255e+01
-1.284974911188359936e+00 -2.435140656280517746e+01
-1.287417829270467440e+00 -2.435946217295328964e+01
-1.289860747352574499e+00 -2.435138954188028748e+01
-1.292303665434681559e+00 -2.435944568939209276e+01
-1.294746583516788618e+00 -2.435137378743489833e+01
-1.297189501598896122e+00 -2.435942940622965480e+01
-1.299632419681003181e+00 -2.435135730260213194e+01
-1.302075337763110241e+00 -2.435941307220459251e+01
-1.304518255845217301e+00 -2.435134133300781301e+01
-1.306961173927324360e+00 -2.435939721247354939e+01
-1.309404092009431864e+00 -2.435132497990925771e+01
-1.311847010091538479e+00 -2.435938066075642894e+01
-1.314289928173645983e+00 -2.435130994695027695e+01
-1.316732846255753042e+00 -2.435936661834717043e+01
-1.319175764337860102e+00 -2.435129438781738287e+01
-1.321618682419967605e+00 -2.435935091374715000e+01
-1.324061600502074221e+00 -2.435127841440836605e+01
-1.326504518584181724e+00 -2.435933369420369488e+01
-1.328947436666288784e+00 -2.435126472295125666e+01
-1.331390354748395843e+00 -2.435933425954183207e+01
-1.333833272830503347e+00 -2.435126145222982075e+01
-1.336276190912609962e+00 -2.435930896631876763e+01
-1.338719108994717466e+00 -2.435125003051757275e+01
-1.341162027076824526e+00 -2.435931353098551355e+01
-1.343604945158931585e+00 -2.435123963165283811e+01
-1.346047863241039089e+00 -2.435929861526489049e+01
-1.348490781323146148e+00 -2.435122406717935917e+01
-1.350933699405253208e+00 -2.435927921930948514e+01
-1.353376617487360267e+00 -2.435120477371215486e+01
-1.355819535569467327e+00 -2.435925810165405636e+01
-1.358262453651574830e+00 -2.435118630065917955e+01
-1.360705371733681890e+00 -2.435924383010864247e+01
-1.363148289815788949e+00 -2.435117867304484562e+01
-1.365591207897896009e+00 -2.435924470545451470e+01
-1.368034125980003068e+00 -2.435116362380981769e+01
-1.370477044062110128e+00 -2.435921973953247033e+01
-1.372919962144217632e+00 -2.435116192143757630e+01
-1.375362880226324691e+00 -2.435922988408407264e+01
-1.377805798308431751e+00 -2.435116533559164154e+01
-1.380248716390539254e+00 -2.435922670949300084e+01
-1.382691634472645870e+00 -2.435116005579630638e+01
-1.385134552554753373e+00 -2.435922027002970225e+01
-1.387577470636860433e+00 -2.435115333735148369e+01
-1.390020388718967492e+00 -2.435921325124104797e+01
-1.392463306801074996e+00 -2.435114632975260207e+01
-1.394906224883181611e+00 -2.435920631332397690e+01
-1.397349142965289115e+00 -2.435113975474039449e+01
-1.399792061047396174e+00 -2.435919985834757640e+01
-1.402234979129503234e+00 -2.435113270594278490e+01
-1.404677897211610738e+00 -2.435919371617634965e+01
-1.407120815293717353e+00 -2.435112713012695096e+01
-1.409563733375824857e+00 -2.435918771947224570e+01
-1.412006651457931916e+00 -2.435112286224364553e+01
-1.414449569540038976e+00 -2.435918360163370977e+01
-1.416892487622146035e+00 -2.435111933364867554e+01
-1.419335405704253539e+00 -2.435918062591553124e+01
-1.421778323786360598e+00 -2.435111633555094812e+01
-1.424221241868467658e+00 -2.435917900619507037e+01
-1.426664159950574717e+00 -2.435111524022419971e+01
-1.429107078032681777e+00 -2.435917807591755846e+01
-1.431549996114789280e+00 -2.435111431579589691e+01
-1.433992914196895896e+00 -2.435917699000040670e+01
-1.436435832279003399e+00 -2.435111655858357338e+01
-1.438878750361110459e+00 -2.435918364893595722e+01
-1.441321668443217519e+00 -2.435111583836873805e+01
-1.443764586525325022e+00 -2.435917114257812344e+01
-1.446207504607431638e+00 -2.435111681391398264e+01
-1.448650422689539141e+00 -2.435918966751098580e+01
-1.451093340771646645e+00 -2.435112395426432741e+01
-1.453536258853753260e+00 -2.435918652394612849e+01
-1.455979176935860764e+00 -2.435112461217244473e+01
-1.458422095017967823e+00 -2.435919045842488373e+01
-1.460865013100074883e+00 -2.435112718404134569e+01
-1.463307931182181942e+00 -2.435918939336140454e+01
-1.465750849264289002e+00 -2.435113000335693201e+01
-1.468193767346396506e+00 -2.435917932306925593e+01
-1.470636685428503565e+00 -2.435113091812133845e+01
-1.473079603510610625e+00 -2.435920010070800501e+01
-1.475522521592717684e+00 -2.435113987986246897e+01
-1.477965439674824744e+00 -2.435921807072957179e+01
-1.480408357756932247e+00 -2.435115141576130782e+01
-1.482851275839039307e+00 -2.435920271530151382e+01
-1.485294193921146366e+00 -2.435115166041056156e+01
-1.487737112003253426e+00 -2.435922164535522327e+01
-1.490180030085360485e+00 -2.435116320063273321e+01
-1.492622948167467545e+00 -2.435921606063843114e+01
-1.495065866249575048e+00 -2.435117102533976308e+01
-1.497508784331682108e+00 -2.435923581237793201e+01
-1.499951702413789167e+00 -2.435118422826131024e+01
-1.502394620495896671e+00 -2.435924952392577936e+01
-1.504837538578003286e+00 -2.435120136337280172e+01
-1.507280456660110790e+00 -2.435927623163859224e+01
-1.509723374742217850e+00 -2.435122300771077164e+01
-1.512166292824324909e+00 -2.435929728622436841e+01
-1.514609210906432413e+00 -2.435124663009642987e+01
-1.517052128988539028e+00 -2.435933188222249157e+01
-1.519495047070646532e+00 -2.435127861811320216e+01
-1.521937965152753591e+00 -2.435935729675293615e+01
-1.524380883234860651e+00 -2.435130967737833885e+01
-1.526823801316968154e+00 -2.435939177093505847e+01
-1.529266719399074770e+00 -2.435135239512124983e+01
-1.531709637481182273e+00 -2.435944352925618261e+01
-1.534152555563289333e+00 -2.435138455657958900e+01
-1.536595473645396392e+00 -2.435945473556518692e+01
-1.539038391727503452e+00 -2.435151964823405280e+01
-1.541481309809610956e+00 -2.435970867284139629e+01
-1.543924227891718015e+00 -2.435132821451822949e+01
-1.546367145973825075e+00 -2.435906922276815223e+01
-1.548810064055932134e+00 -2.435262161254882685e+01
-1.551252982138039194e+00 -2.436228510487874033e+01
-1.553695900220146697e+00 -2.434787123413086007e+01
-1.556138818302253313e+00 -2.434958518600464217e+01
-1.558581736384360816e+00 -2.437063449529011905e+01
-1.561024654466467876e+00 -2.440767773920694950e+01
-1.563467572548574935e+00 -2.426101022923787198e+01
-1.565910490630682439e+00 -2.413095087305704922e+01
-1.568353408712789054e+00 -2.506021683476765816e+01
-1.570796326794896558e+00 -2.600728074467976825e+01
