1.570796326794896558e+00 1.200203712228598480e+11
1.567865736632965801e+00 1.200032031222836304e+11
1.564935146471035043e+00 1.199860350217074280e+11
1.562004556309104286e+00 1.199891945169830780e+11
1.559073966147173529e+00 1.199923540122587280e+11
1.556143375985242772e+00 1.199918172241707153e+11
1.553212785823311792e+00 1.199912804360827026e+11
1.550282195661381035e+00 1.199914401719859314e+11
1.547351605499450278e+00 1.199915999078891754e+11
1.544421015337519520e+00 1.199915886778728638e+11
1.541490425175588763e+00 1.199915774478565674e+11
1.538559835013658006e+00 1.199916065680997620e+11
1.535629244851727249e+00 1.199916356883429565e+11
1.532698654689796491e+00 1.199916574824178162e+11
1.529768064527865734e+00 1.199916792764926758e+11
1.526837474365934977e+00 1.199917062209472198e+11
1.523906884204004220e+00 1.199917331654017639e+11
1.520976294042073240e+00 1.199917624119310608e+11
1.518045703880142483e+00 1.199917916584603729e+11
1.515115113718211726e+00 1.199918239556184387e+11
1.512184523556280968e+00 1.199918562527764893e+11
1.509253933394350211e+00 1.199918913492026978e+11
1.506323343232419454e+00 1.199919264456288910e+11
1.503392753070488697e+00 1.199919642936274719e+11
1.500462162908557939e+00 1.199920021416260529e+11
1.497531572746627182e+00 1.199920426124970398e+11
1.494600982584696425e+00 1.199920830833680267e+11
1.491670392422765667e+00 1.199921260504923401e+11
1.488739802260834910e+00 1.199921690176166534e+11
1.485809212098903931e+00 1.199922143409357452e+11
1.482878621936973174e+00 1.199922596642548370e+11
1.479948031775042416e+00 1.199923071980217285e+11
1.477017441613111659e+00 1.199923547317886047e+11
1.474086851451180902e+00 1.199924043250190887e+11
1.471156261289250144e+00 1.199924539182495728e+11
1.468225671127319387e+00 1.199925054169259186e+11
1.465295080965388630e+00 1.199925569156022644e+11
1.462364490803457873e+00 1.199926101635017700e+11
1.459433900641527115e+00 1.199926634114012604e+11
1.456503310479596358e+00 1.199927182515466003e+11
1.453572720317665379e+00 1.199927730916919250e+11
1.450642130155734622e+00 1.199928293673425903e+11
1.447711539993803864e+00 1.199928856429932709e+11
1.444780949831873107e+00 1.199929431984023438e+11
1.441850359669942350e+00 1.199930007538114166e+11
1.438919769508011592e+00 1.199930594352654724e+11
1.435989179346080835e+00 1.199931181167195282e+11
1.433058589184150078e+00 1.199931777732428436e+11
1.430127999022219321e+00 1.199932374297661591e+11
1.427197408860288563e+00 1.199932979137306519e+11
1.424266818698357806e+00 1.199933583976951599e+11
1.421336228536426827e+00 1.199934195657073669e+11
1.418405638374496069e+00 1.199934807337195587e+11
1.415475048212565312e+00 1.199935424459874878e+11
1.412544458050634555e+00 1.199936041582554169e+11
1.409613867888703798e+00 1.199936662816128540e+11
1.406683277726773040e+00 1.199937284049702759e+11
1.403752687564842283e+00 1.199937908101900635e+11
1.400822097402911526e+00 1.199938532154098358e+11
1.397891507240980769e+00 1.199939157797789612e+11
1.394960917079050011e+00 1.199939783441481018e+11
1.392030326917119254e+00 1.199940409506648407e+11
1.389099736755188275e+00 1.199941035571815796e+11
1.386169146593257517e+00 1.199941660949110413e+11
1.383238556431326760e+00 1.199942286326404877e+11
1.380307966269396003e+00 1.199942909970714417e+11
1.377377376107465246e+00 1.199943533615023956e+11
1.374446785945534488e+00 1.199944154544390259e+11
1.371516195783603731e+00 1.199944775473756561e+11
1.368585605621672974e+00 1.199945392769010162e+11
1.365655015459742216e+00 1.199946010064263763e+11
1.362724425297811459e+00 1.199946622871176147e+11
1.359793835135880702e+00 1.199947235678088379e+11
1.356863244973949723e+00 1.199947843206257629e+11
1.353932654812018965e+00 1.199948450734426880e+11
1.351002064650088208e+00 1.199949052252742767e+11
1.348071474488157451e+00 1.199949653771058655e+11
1.345140884326226693e+00 1.199950248612751465e+11
1.342210294164295936e+00 1.199950843454444427e+11
1.339279704002365179e+00 1.199951431009244690e+11
1.336349113840434422e+00 1.199952018564044952e+11
1.333418523678503664e+00 1.199952598281035156e+11
1.330487933516572907e+00 1.199953177998025208e+11
1.327557343354642150e+00 1.199953749380626068e+11
1.324626753192711170e+00 1.199954320763226929e+11
1.321696163030780635e+00 1.199954883369076538e+11
1.318765572868849656e+00 1.199955445974926147e+11
1.315834982706918899e+00 1.199955999412506409e+11
1.312904392544988141e+00 1.199956552850086823e+11
1.309973802383057384e+00 1.199957096776352997e+11
1.307043212221126627e+00 1.199957640702619171e+11
1.304112622059195870e+00 1.199958174821173706e+11
1.301182031897265112e+00 1.199958708939728394e+11
1.298251441735334355e+00 1.199959232998147278e+11
1.295320851573403598e+00 1.199959757056566162e+11
1.292390261411472618e+00 1.199960270843334808e+11
1.289459671249542083e+00 1.199960784630103455e+11
1.286529081087611104e+00 1.199961287973027344e+11
1.283598490925680347e+00 1.199961791315951233e+11
1.280667900763749589e+00 1.199962284079231720e+11
1.277737310601818832e+00 1.199962776842512207e+11
1.274806720439888075e+00 1.199963258923800659e+11
1.271876130277957317e+00 1.199963741005089264e+11
1.268945540116026560e+00 1.199964212334493713e+11
1.266014949954095803e+00 1.199964683663898010e+11
1.263084359792165046e+00 1.199965144200248413e+11
1.260153769630234066e+00 1.199965604736598816e+11
1.257223179468303531e+00 1.199966054466072845e+11
1.254292589306372552e+00 1.199966504195546875e+11
1.251361999144441794e+00 1.199966943129097595e+11
1.248431408982511037e+00 1.199967382062648315e+11
1.245500818820580280e+00 1.199967810234282684e+11
1.242570228658649523e+00 1.199968238405917053e+11
1.239639638496718765e+00 1.199968655870159454e+11
1.236709048334788008e+00 1.199969073334401855e+11
1.233778458172857251e+00 1.199969480165063171e+11
1.230847868010926494e+00 1.199969886995724335e+11
1.227917277848995514e+00 1.199970283283736572e+11
1.224986687687064979e+00 1.199970679571748810e+11
1.222056097525134000e+00 1.199971065423197021e+11
1.219125507363203242e+00 1.199971451274645386e+11
1.216194917201272485e+00 1.199971826810095825e+11
1.213264327039341728e+00 1.199972202345546265e+11
1.210333736877410971e+00 1.199972567697149963e+11
1.207403146715480213e+00 1.199972933048753662e+11
1.204472556553549456e+00 1.199973288360156097e+11
1.201541966391618699e+00 1.199973643671558533e+11
1.198611376229687941e+00 1.199973989095802612e+11
1.195680786067756962e+00 1.199974334520046844e+11
1.192750195905826427e+00 1.199974670218615723e+11
1.189819605743895448e+00 1.199975005917184601e+11
1.186889015581964912e+00 1.199975332058555908e+11
1.183958425420033933e+00 1.199975658199927368e+11
1.181027835258103176e+00 1.199975974958819580e+11
1.178097245096172418e+00 1.199976291717711945e+11
1.175166654934241661e+00 1.199976599274187012e+11
1.172236064772310904e+00 1.199976906830662079e+11
1.169305474610380147e+00 1.199977205368581238e+11
1.166374884448449389e+00 1.199977503906500244e+11
1.163444294286518410e+00 1.199977793613435974e+11
1.160513704124587875e+00 1.199978083320371552e+11
1.157583113962656896e+00 1.199978364385767517e+11
1.154652523800726138e+00 1.199978645451163330e+11
1.151721933638795381e+00 1.199978918067648163e+11
1.148791343476864624e+00 1.199979190684132996e+11
1.145860753314933866e+00 1.199979455037397614e+11
1.142930163153003109e+00 1.199979719390662231e+11
1.139999572991072352e+00 1.199979975714001160e+11
1.137068982829141373e+00 1.199980232037339935e+11
1.134138392667210837e+00 1.199980480469839783e+11
1.131207802505280080e+00 1.199980728902339478e+11
1.128277212343349323e+00 1.199980969656675720e+11
1.125346622181418343e+00 1.199981210411012115e+11
1.122416032019487586e+00 1.199981443687339172e+11
1.119485441857556829e+00 1.199981676963666229e+11
1.116554851695626072e+00 1.199981902949886169e+11
1.113624261533695314e+00 1.199982128936106110e+11
1.110693671371764557e+00 1.199982347823503418e+11
1.107763081209833800e+00 1.199982566710900879e+11
1.104832491047903043e+00 1.199982778686223297e+11
1.101901900885972285e+00 1.199982990661545715e+11
1.098971310724041306e+00 1.199983195911282959e+11
1.096040720562110771e+00 1.199983401161020050e+11
1.093110130400179791e+00 1.199983599868317261e+11
1.090179540238249034e+00 1.199983798575614471e+11
1.087248950076318277e+00 1.199983990921790161e+11
1.084318359914387520e+00 1.199984183267966003e+11
1.081387769752456762e+00 1.199984369430880432e+11
1.078457179590526005e+00 1.199984555593794861e+11
1.075526589428595248e+00 1.199984735748702393e+11
1.072595999266664490e+00 1.199984915903610077e+11
1.069665409104733733e+00 1.199985090222772522e+11
1.066734818942802754e+00 1.199985264541934967e+11
1.063804228780872219e+00 1.199985433194286499e+11
1.060873638618941239e+00 1.199985601846637878e+11
1.057943048457010704e+00 1.199985764997223816e+11
1.055012458295079725e+00 1.199985928147809601e+11
1.052081868133149190e+00 1.199986085959308319e+11
1.049151277971218210e+00 1.199986243770807037e+11
1.046220687809287453e+00 1.199986396401708984e+11
1.043290097647356696e+00 1.199986549032610931e+11
1.040359507485425938e+00 1.199986696637906189e+11
1.037428917323495181e+00 1.199986844243201447e+11
1.034498327161564202e+00 1.199986986975435486e+11
1.031567736999633667e+00 1.199987129707669678e+11
1.028637146837702687e+00 1.199987267714190674e+11
1.025706556675772152e+00 1.199987405720711517e+11
1.022775966513841173e+00 1.199987539146724548e+11
1.019845376351910415e+00 1.199987672572737427e+11
1.016914786189979658e+00 1.199987801558795776e+11
1.013984196028048901e+00 1.199987930544853973e+11
1.011053605866118144e+00 1.199988055229015656e+11
1.008123015704187386e+00 1.199988179913177338e+11
1.005192425542256629e+00 1.199988300429331665e+11
1.002261835380325650e+00 1.199988420945485992e+11
9.993312452183951144e-01 1.199988537424005737e+11
9.964006550564642462e-01 1.199988653902525330e+11
9.934700648945334889e-01 1.199988766470804596e+11
9.905394747326026206e-01 1.199988879039083862e+11
9.876088845706719743e-01 1.199988987820779724e+11
9.846782944087412170e-01 1.199989096602475739e+11
9.817477042468103487e-01 1.199989201717743225e+11
9.788171140848795915e-01 1.199989306833010864e+11
9.758865239229487232e-01 1.199989408398987885e+11
9.729559337610180769e-01 1.199989509964964905e+11
9.700253435990873196e-01 1.199989608095323486e+11
9.670947534371564513e-01 1.199989706225682068e+11
9.641641632752256941e-01 1.199989801031004944e+11
9.612335731132949368e-01 1.199989895836327820e+11
9.583029829513641795e-01 1.199989987423812103e+11
9.553723927894334222e-01 1.199990079011296387e+11
9.524418026275025539e-01 1.199990167485262451e+11
9.495112124655717967e-01 1.199990255959228363e+11
9.465806223036410394e-01 1.199990341420837402e+11
9.436500321417102821e-01 1.199990426882446289e+11
9.407194419797794138e-01 1.199990509429777679e+11
9.377888518178486565e-01 1.199990591977109070e+11
9.348582616559178993e-01 1.199990671705673218e+11
9.319276714939871420e-01 1.199990751434237518e+11
9.289970813320563847e-01 1.199990828436142578e+11
9.260664911701255164e-01 1.199990905438047485e+11
9.231359010081947591e-01 1.199990979803298340e+11
9.202053108462641129e-01 1.199991054168549347e+11
9.172747206843332446e-01 1.199991125983823242e+11
9.143441305224024873e-01 1.199991197799097290e+11
9.114135403604716190e-01 1.199991267148813477e+11
9.084829501985409728e-01 1.199991336498529816e+11
9.055523600366102155e-01 1.199991403464135437e+11
9.026217698746793472e-01 1.199991470429740906e+11
8.996911797127485899e-01 1.199991535090668182e+11
8.967605895508178326e-01 1.199991599751595459e+11
8.938299993888870754e-01 1.199991662184435730e+11
8.908994092269563181e-01 1.199991724617276154e+11
8.879688190650254498e-01 1.199991784896526184e+11
8.850382289030946925e-01 1.199991845175776367e+11
8.821076387411639352e-01 1.199991903373566742e+11
8.791770485792331780e-01 1.199991961571357117e+11
8.762464584173024207e-01 1.199992017757216187e+11
8.733158682553715524e-01 1.199992073943075256e+11
8.703852780934407951e-01 1.199992128187778931e+11
8.674546879315100378e-01 1.199992182432482605e+11
8.645240977695792806e-01 1.199992234793208923e+11
8.615935076076485233e-01 1.199992287153935089e+11
8.586629174457176550e-01 1.199992337712686005e+11
8.557323272837870087e-01 1.199992388271436920e+11
8.528017371218561404e-01 1.199992437017760773e+11
8.498711469599253832e-01 1.199992485764084625e+11
8.469405567979946259e-01 1.199992532863996429e+11
8.440099666360638686e-01 1.199992579963908234e+11
8.410793764741331113e-01 1.199992625413241882e+11
8.381487863122022430e-01 1.199992670862575684e+11
8.352181961502714858e-01 1.199992714732467041e+11
8.322876059883407285e-01 1.199992758602358551e+11
8.293570158264099712e-01 1.199992800941717529e+11
8.264264256644792139e-01 1.199992843281076355e+11
8.234958355025483456e-01 1.199992884142794952e+11
8.205652453406175884e-01 1.199992925004513550e+11
8.176346551786868311e-01 1.199992964438479614e+11
8.147040650167560738e-01 1.199993003872445831e+11
8.117734748548253165e-01 1.199993041927653503e+11
8.088428846928944482e-01 1.199993079982861328e+11
8.059122945309636910e-01 1.199993116705660248e+11
8.029817043690330447e-01 1.199993153428459167e+11
8.000511142071021764e-01 1.199993188864562988e+11
7.971205240451714191e-01 1.199993224300666656e+11
7.941899338832405508e-01 1.199993258493916016e+11
7.912593437213099046e-01 1.199993292687165527e+11
7.883287535593791473e-01 1.199993325679978333e+11
7.853981633974482790e-01 1.199993358672790985e+11
7.824675732355174107e-01 1.199993390506217651e+11
7.795369830735867644e-01 1.199993422339644165e+11
7.766063929116560072e-01 1.199993453053439331e+11
7.736758027497251389e-01 1.199993483767234650e+11
7.707452125877944926e-01 1.199993513399764709e+11
7.678146224258636243e-01 1.199993543032294922e+11
7.648840322639328670e-01 1.199993571620669556e+11
7.619534421020019987e-01 1.199993600209044342e+11
7.590228519400713525e-01 1.199993627789035797e+11
7.560922617781404842e-01 1.199993655369027252e+11
7.531616716162097269e-01 1.199993681975346985e+11
7.502310814542790807e-01 1.199993708581666870e+11
7.473004912923482124e-01 1.199993734247770386e+11
7.443699011304173441e-01 1.199993759913873901e+11
7.414393109684866978e-01 1.199993784672187195e+11
7.385087208065558295e-01 1.199993809430500641e+11
7.355781306446250722e-01 1.199993833312227173e+11
7.326475404826942039e-01 1.199993857193953857e+11
7.297169503207635577e-01 1.199993880229409790e+11
7.267863601588326894e-01 1.199993903264865875e+11
7.238557699969019321e-01 1.199993925483028870e+11
7.209251798349712859e-01 1.199993947701191711e+11
7.179945896730404176e-01 1.199993969130541229e+11
7.150639995111095493e-01 1.199993990559890747e+11
7.121334093491789030e-01 1.199994011227692871e+11
7.092028191872481457e-01 1.199994031895494995e+11
7.062722290253172774e-01 1.199994051827813568e+11
7.033416388633864091e-01 1.199994071760132141e+11
7.004110487014557629e-01 1.199994090982778320e+11
6.974804585395250056e-01 1.199994110205424652e+11
6.945498683775941373e-01 1.199994128742713318e+11
6.916192782156634911e-01 1.199994147280002136e+11
6.886886880537326228e-01 1.199994165155891418e+11
6.857580978918018655e-01 1.199994183031780853e+11
6.828275077298712192e-01 1.199994200269063568e+11
6.798969175679403509e-01 1.199994217506346283e+11
6.769663274060094826e-01 1.199994234127405090e+11
6.740357372440787254e-01 1.199994250748463898e+11
6.711051470821480791e-01 1.199994266774519043e+11
6.681745569202172108e-01 1.199994282800574341e+11
6.652439667582863425e-01 1.199994298252472534e+11
6.623133765963556963e-01 1.199994313704370728e+11
6.593827864344249390e-01 1.199994328602093658e+11
6.564521962724940707e-01 1.199994343499816589e+11
6.535216061105634244e-01 1.199994357862563477e+11
6.505910159486325561e-01 1.199994372225310211e+11
6.476604257867017989e-01 1.199994386071698914e+11
6.447298356247709306e-01 1.199994399918087463e+11
6.417992454628402843e-01 1.199994413266283569e+11
6.388686553009094160e-01 1.199994426614479828e+11
6.359380651389786587e-01 1.199994439481762238e+11
6.330074749770479015e-01 1.199994452349044647e+11
6.300768848151171442e-01 1.199994464752276611e+11
6.271462946531862759e-01 1.199994477155508728e+11
6.242157044912556296e-01 1.199994489110937195e+11
6.212851143293247613e-01 1.199994501066365662e+11
6.183545241673940041e-01 1.199994512589586792e+11
6.154239340054631358e-01 1.199994524112807770e+11
6.124933438435324895e-01 1.199994535218966370e+11
6.095627536816016212e-01 1.199994546325124969e+11
6.066321635196708639e-01 1.199994557028966675e+11
6.037015733577402177e-01 1.199994567732808380e+11
6.007709831958093494e-01 1.199994578048304443e+11
5.978403930338784811e-01 1.199994588363800507e+11
5.949098028719478348e-01 1.199994598304727783e+11
5.919792127100170775e-01 1.199994608245655212e+11
5.890486225480862092e-01 1.199994617824502563e+11
5.861180323861553410e-01 1.199994627403350067e+11
5.831874422242246947e-01 1.199994636634942017e+11
5.802568520622939374e-01 1.199994645866533813e+11
5.773262619003630691e-01 1.199994654759818878e+11
5.743956717384324229e-01 1.199994663653103943e+11
5.714650815765015546e-01 1.199994672223041077e+11
5.685344914145706863e-01 1.199994680792978058e+11
5.656039012526399290e-01 1.199994689048501129e+11
5.626733110907091717e-01 1.199994697304024200e+11
5.597427209287784144e-01 1.199994705257915039e+11
5.568121307668476572e-01 1.199994713211806030e+11
5.538815406049168999e-01 1.199994720874190674e+11
5.509509504429861426e-01 1.199994728536575470e+11
5.480203602810553853e-01 1.199994735917866058e+11
5.450897701191246281e-01 1.199994743299156647e+11
5.421591799571938708e-01 1.199994750409169464e+11
5.392285897952628915e-01 1.199994757519182281e+11
5.362979996333321342e-01 1.199994764367524567e+11
5.333674094714015990e-01 1.199994771215866852e+11
5.304368193094706196e-01 1.199994777811920624e+11
5.275062291475398624e-01 1.199994784407974396e+11
5.245756389856091051e-01 1.199994790760484161e+11
5.216450488236783478e-01 1.199994797112993927e+11
5.187144586617475905e-01 1.199994803230735779e+11
5.157838684998168333e-01 1.199994809348477631e+11
5.128532783378860760e-01 1.199994815239727478e+11
5.099226881759553187e-01 1.199994821130977478e+11
5.069920980140243394e-01 1.199994826803872681e+11
5.040615078520938042e-01 1.199994832476768036e+11
5.011309176901628248e-01 1.199994837938937378e+11
4.982003275282320676e-01 1.199994843401106873e+11
4.952697373663013103e-01 1.199994848660166016e+11
4.923391472043705530e-01 1.199994853919225311e+11
4.894085570424397957e-01 1.199994858982349701e+11
4.864779668805090385e-01 1.199994864045474091e+11
4.835473767185782812e-01 1.199994868919804535e+11
4.806167865566475239e-01 1.199994873794134979e+11
4.776861963947165446e-01 1.199994878486134949e+11
4.747556062327860094e-01 1.199994883178134766e+11
4.718250160708550300e-01 1.199994887694563751e+11
4.688944259089242728e-01 1.199994892210992737e+11
4.659638357469937375e-01 1.199994896558034058e+11
4.630332455850627582e-01 1.199994900905075226e+11
4.601026554231320009e-01 1.199994905088759766e+11
4.571720652612012437e-01 1.199994909272444458e+11
4.542414750992704864e-01 1.199994913298743896e+11
4.513108849373397291e-01 1.199994917325043335e+11
4.483802947754087498e-01 1.199994921199518127e+11
4.454497046134782146e-01 1.199994925073992920e+11
4.425191144515474573e-01 1.199994928802175293e+11
4.395885242896164780e-01 1.199994932530357819e+11
4.366579341276859427e-01 1.199994936117478333e+11
4.337273439657549634e-01 1.199994939704598846e+11
4.307967538038242061e-01 1.199994943155670471e+11
4.278661636418936709e-01 1.199994946606742249e+11
4.249355734799626916e-01 1.199994949926672974e+11
4.220049833180319343e-01 1.199994953246603851e+11
4.190743931561011770e-01 1.199994956440180664e+11
4.161438029941704198e-01 1.199994959633757629e+11
4.132132128322396625e-01 1.199994962705530090e+11
4.102826226703086832e-01 1.199994965777302399e+11
4.073520325083781479e-01 1.199994968731707916e+11
4.044214423464473906e-01 1.199994971686113434e+11
4.014908521845164113e-01 1.199994974527279663e+11
3.985602620225858761e-01 1.199994977368446045e+11
3.956296718606548968e-01 1.199994980100618896e+11
3.926990816987241395e-01 1.199994982832791595e+11
3.897684915367933822e-01 1.199994985459844055e+11
3.868379013748626249e-01 1.199994988086896362e+11
3.839073112129318677e-01 1.199994990612719727e+11
3.809767210510008884e-01 1.199994993138542938e+11
3.780461308890703531e-01 1.199994995566716309e+11
3.751155407271395958e-01 1.199994997994889832e+11
3.721849505652086165e-01 1.199995000328993225e+11
3.692543604032780813e-01 1.199995002663096466e+11
3.663237702413471020e-01 1.199995004906667480e+11
3.633931800794163447e-01 1.199995007150238647e+11
3.604625899174855874e-01 1.199995009306537170e+11
3.575319997555548301e-01 1.199995011462835693e+11
3.546014095936240729e-01 1.199995013534943848e+11
3.516708194316933156e-01 1.199995015607051849e+11
3.487402292697625583e-01 1.199995017598133087e+11
3.458096391078318010e-01 1.199995019589214325e+11
3.428790489459008217e-01 1.199995021502242126e+11
3.399484587839702865e-01 1.199995023415270081e+11
3.370178686220395292e-01 1.199995025253148346e+11
3.340872784601085499e-01 1.199995027091026611e+11
3.311566882981777926e-01 1.199995028856437683e+11
3.282260981362470353e-01 1.199995030621848755e+11
3.252955079743162781e-01 1.199995032317477722e+11
3.223649178123855208e-01 1.199995034013106537e+11
3.194343276504547635e-01 1.199995035641748962e+11
3.165037374885240062e-01 1.199995037270391235e+11
3.135731473265932490e-01 1.199995038834204102e+11
3.106425571646622696e-01 1.199995040398016968e+11
3.077119670027317344e-01 1.199995041899693604e+11
3.047813768408007551e-01 1.199995043401370392e+11
3.018507866788699978e-01 1.199995044842749329e+11
2.989201965169392405e-01 1.199995046284128113e+11
2.959896063550084833e-01 1.199995047665352478e+11
2.930590161930777260e-01 1.199995049046576843e+11
2.901284260311469687e-01 1.199995050376910706e+11
2.871978358692162114e-01 1.199995051707244415e+11
2.842672457072854542e-01 1.199995052981071777e+11
2.813366555453544748e-01 1.199995054254899139e+11
2.784060653834239396e-01 1.199995055477996674e+11
2.754754752214929603e-01 1.199995056701094208e+11
2.725448850595622030e-01 1.199995057874309082e+11
2.696142948976316678e-01 1.199995059047524109e+11
2.666837047357006885e-01 1.199995060173066406e+11
2.637531145737699312e-01 1.199995061298608551e+11
2.608225244118391739e-01 1.199995062378081207e+11
2.578919342499084166e-01 1.199995063457553864e+11
2.549613440879776594e-01 1.199995064492731934e+11
2.520307539260466800e-01 1.199995065527910004e+11
2.491001637641161448e-01 1.199995066520522156e+11
2.461695736021853875e-01 1.199995067513134155e+11
2.432389834402544082e-01 1.199995068464691162e+11
2.403083932783238730e-01 1.199995069416248169e+11
2.373778031163928937e-01 1.199995070328334351e+11
2.344472129544621364e-01 1.199995071240420380e+11
2.315166227925316011e-01 1.199995072114632263e+11
2.285860326306006218e-01 1.199995072988844299e+11
2.256554424686698646e-01 1.199995073826441345e+11
2.227248523067391073e-01 1.199995074664038544e+11
2.197942621448083500e-01 1.199995075466564636e+11
2.168636719828775927e-01 1.199995076269090729e+11
2.139330818209466134e-01 1.199995077037823029e+11
2.110024916590160782e-01 1.199995077806555328e+11
2.080719014970853209e-01 1.199995078542723389e+11
2.051413113351543416e-01 1.199995079278891449e+11
2.022107211732238063e-01 1.199995079983813171e+11
1.992801310112928270e-01 1.199995080688734894e+11
1.963495408493620697e-01 1.199995081363492889e+11
1.934189506874313125e-01 1.199995082038250885e+11
1.904883605255005552e-01 1.199995082684166565e+11
1.875577703635697979e-01 1.199995083330082397e+11
1.846271802016388186e-01 1.199995083948137817e+11
1.816965900397082834e-01 1.199995084566193085e+11
1.787659998777775261e-01 1.199995085157508545e+11
1.758354097158465468e-01 1.199995085748824005e+11
1.729048195539160115e-01 1.199995086314451294e+11
1.699742293919850322e-01 1.199995086880078735e+11
1.670436392300542749e-01 1.199995087420930634e+11
1.641130490681235177e-01 1.199995087961782532e+11
1.611824589061927604e-01 1.199995088478869934e+11
1.582518687442620031e-01 1.199995088995957489e+11
1.553212785823312458e-01 1.199995089490309753e+11
1.523906884204004886e-01 1.199995089984662018e+11
1.494600982584697313e-01 1.199995090456995850e+11
1.465295080965387520e-01 1.199995090929329834e+11
1.435989179346082167e-01 1.199995091380628662e+11
1.406683277726774595e-01 1.199995091831927490e+11
1.377377376107464801e-01 1.199995092262876282e+11
1.348071474488157229e-01 1.199995092693825226e+11
1.318765572868849656e-01 1.199995093105460510e+11
1.289459671249542083e-01 1.199995093517095795e+11
1.260153769630234510e-01 1.199995093909852753e+11
1.230847868010926938e-01 1.199995094302609711e+11
1.201541966391619365e-01 1.199995094677520447e+11
1.172236064772311792e-01 1.199995095052431183e+11
1.142930163153004219e-01 1.199995095410036316e+11
1.113624261533696647e-01 1.199995095767641296e+11
1.084318359914386853e-01 1.199995096108709106e+11
1.055012458295079281e-01 1.199995096449777069e+11
1.025706556675771708e-01 1.199995096774947968e+11
9.964006550564641351e-02 1.199995097100118866e+11
9.670947534371565624e-02 1.199995097410011597e+11
9.377888518178489896e-02 1.199995097719904175e+11
9.084829501985414169e-02 1.199995098015128174e+11
8.791770485792338441e-02 1.199995098310352020e+11
8.498711469599262713e-02 1.199995098591554871e+11
8.205652453406186986e-02 1.199995098872757568e+11
7.912593437213089054e-02 1.199995099140432129e+11
7.619534421020013326e-02 1.199995099408106689e+11
7.326475404826959803e-02 1.199995099662798157e+11
7.033416388633861871e-02 1.199995099917489471e+11
6.740357372440786143e-02 1.199995100159816589e+11
6.447298356247710416e-02 1.199995100402143707e+11
6.154239340054634688e-02 1.199995100632506409e+11
5.861180323861558961e-02 1.199995100862869110e+11
5.568121307668461029e-02 1.199995101081755981e+11
5.275062291475407505e-02 1.199995101300642853e+11
4.982003275282331778e-02 1.199995101508514404e+11
4.688944259089233846e-02 1.199995101716385956e+11
4.395885242896180323e-02 1.199995101913842468e+11
4.102826226703082391e-02 1.199995102111298828e+11
3.809767210510006663e-02 1.199995102298534241e+11
3.516708194316953140e-02 1.199995102485769653e+11
3.223649178123855208e-02 1.199995102663527832e+11
2.930590161930779480e-02 1.199995102841285858e+11
2.637531145737703753e-02 1.199995103009308472e+11
2.344472129544628025e-02 1.199995103177331085e+11
2.051413113351552298e-02 1.199995103338253021e+11
1.758354097158454366e-02 1.199995103499174957e+11
1.465295080965400842e-02 1.199995103646345825e+11
1.172236064772325115e-02 1.199995103793516846e+11
8.791770485792271828e-03 1.199995103939462891e+11
5.861180323861736596e-03 1.199995104085409088e+11
2.930590161930757276e-03 1.199995104219795074e+11
0.000000000000000000e+00 1.199995104354181061e+11
-2.930590161930757276e-03 1.199995104481957245e+11
-5.861180323861736596e-03 1.199995104609733429e+11
-8.791770485792049783e-03 1.199995104730079651e+11
-1.172236064772302910e-02 1.199995104850425720e+11
-1.465295080965378638e-02 1.199995104963963623e+11
-1.758354097158454366e-02 1.199995105077501373e+11
-2.051413113351552298e-02 1.199995105184549103e+11
-2.344472129544628025e-02 1.199995105291596832e+11
-2.637531145737703753e-02 1.199995105392351685e+11
-2.930590161930757276e-02 1.199995105493106384e+11
-3.223649178123833003e-02 1.199995105587844086e+11
-3.516708194316930935e-02 1.199995105682581787e+11
-3.809767210510006663e-02 1.199995105771676941e+11
-4.102826226703082391e-02 1.199995105860772095e+11
-4.395885242896180323e-02 1.199995105944310303e+11
-4.688944259089256050e-02 1.199995106027848663e+11
-4.982003275282309573e-02 1.199995106106127930e+11
-5.275062291475385301e-02 1.199995106184407043e+11
-5.568121307668461029e-02 1.199995106257727509e+11
-5.861180323861558961e-02 1.199995106331047974e+11
-6.154239340054634688e-02 1.199995106399546814e+11
-6.447298356247710416e-02 1.199995106468045654e+11
-6.740357372440763939e-02 1.199995106531932373e+11
-7.033416388633839667e-02 1.199995106595819244e+11
-7.326475404826937599e-02 1.199995106655484924e+11
-7.619534421020013326e-02 1.199995106715150604e+11
-7.912593437213089054e-02 1.199995106770426178e+11
-8.205652453406186986e-02 1.199995106825701752e+11
-8.498711469599262713e-02 1.199995106877225037e+11
-8.791770485792316236e-02 1.199995106928748322e+11
-9.084829501985391964e-02 1.199995106976288147e+11
-9.377888518178489896e-02 1.199995107023827972e+11
-9.670947534371565624e-02 1.199995107067839661e+11
-9.964006550564641351e-02 1.199995107111851349e+11
-1.025706556675771708e-01 1.199995107152296448e+11
-1.055012458295081501e-01 1.199995107192741394e+11
-1.084318359914386853e-01 1.199995107230159912e+11
-1.113624261533694426e-01 1.199995107267578583e+11
-1.142930163153001999e-01 1.199995107301506958e+11
-1.172236064772311792e-01 1.199995107335435486e+11
-1.201541966391619365e-01 1.199995107366714478e+11
-1.230847868010926938e-01 1.199995107397993469e+11
-1.260153769630232290e-01 1.199995107426202087e+11
-1.289459671249539863e-01 1.199995107454410706e+11
-1.318765572868849656e-01 1.199995107480074158e+11
-1.348071474488157229e-01 1.199995107505737457e+11
-1.377377376107464801e-01 1.199995107528746338e+11
-1.406683277726774595e-01 1.199995107551755219e+11
-1.435989179346082167e-01 1.199995107572324066e+11
-1.465295080965387520e-01 1.199995107592892914e+11
-1.494600982584695092e-01 1.199995107611181183e+11
-1.523906884204002665e-01 1.199995107629469452e+11
-1.553212785823312458e-01 1.199995107645405884e+11
-1.582518687442620031e-01 1.199995107661342468e+11
-1.611824589061927604e-01 1.199995107675339966e+11
-1.641130490681237397e-01 1.199995107689337463e+11
-1.670436392300540529e-01 1.199995107701328583e+11
-1.699742293919850322e-01 1.199995107713319702e+11
-1.729048195539157895e-01 1.199995107723372955e+11
-1.758354097158465468e-01 1.199995107733426208e+11
-1.787659998777775261e-01 1.199995107741716919e+11
-1.816965900397082834e-01 1.199995107750007629e+11
-1.846271802016390406e-01 1.199995107756439209e+11
-1.875577703635695759e-01 1.199995107762870636e+11
-1.904883605255003332e-01 1.199995107767857056e+11
-1.934189506874313125e-01 1.199995107772843475e+11
-1.963495408493620697e-01 1.199995107776336212e+11
-1.992801310112928270e-01 1.199995107779828949e+11
-2.022107211732238063e-01 1.199995107781754608e+11
-2.051413113351541195e-01 1.199995107783680267e+11
-2.080719014970850989e-01 1.199995107784380188e+11
-2.110024916590158561e-01 1.199995107785080261e+11
-2.139330818209466134e-01 1.199995107784436340e+11
-2.168636719828775927e-01 1.199995107783792267e+11
-2.197942621448083500e-01 1.199995107782014618e+11
-2.227248523067391073e-01 1.199995107780236969e+11
-2.256554424686696425e-01 1.199995107777253723e+11
-2.285860326306003998e-01 1.199995107774270325e+11
-2.315166227925313791e-01 1.199995107770310669e+11
-2.344472129544621364e-01 1.199995107766351166e+11
-2.373778031163928937e-01 1.199995107761344910e+11
-2.403083932783238730e-01 1.199995107756338501e+11
-2.432389834402546303e-01 1.199995107750483398e+11
-2.461695736021851655e-01 1.199995107744628143e+11
-2.491001637641159228e-01 1.199995107737887268e+11
-2.520307539260466800e-01 1.199995107731146240e+11
-2.549613440879776594e-01 1.199995107723648529e+11
-2.578919342499084166e-01 1.199995107716150818e+11
-2.608225244118391739e-01 1.199995107709097900e+11
-2.637531145737697091e-01 1.199995107702044983e+11
-2.666837047357004664e-01 1.199995107695199280e+11
-2.696142948976314457e-01 1.199995107688353424e+11
-2.725448850595622030e-01 1.199995107670763245e+11
-2.754754752214929603e-01 1.199995107653172913e+11
-2.784060653834239396e-01 1.199995107645120697e+11
-2.813366555453546969e-01 1.199995107637068481e+11
-2.842672457072852321e-01 1.199995107625540466e+11
-2.871978358692159894e-01 1.199995107614012604e+11
-2.901284260311469687e-01 1.199995107602597961e+11
-2.930590161930777260e-01 1.199995107591183472e+11
-2.959896063550084833e-01 1.199995107579038086e+11
-2.989201965169392405e-01 1.199995107566892548e+11
-3.018507866788702199e-01 1.199995107554362030e+11
-3.047813768408007551e-01 1.199995107541831512e+11
-3.077119670027315124e-01 1.199995107528872833e+11
-3.106425571646622696e-01 1.199995107515914154e+11
-3.135731473265932490e-01 1.199995107502516785e+11
-3.165037374885240062e-01 1.199995107489119568e+11
-3.194343276504547635e-01 1.199995107475422974e+11
-3.223649178123852987e-01 1.199995107461726227e+11
-3.252955079743160560e-01 1.199995107447656250e+11
-3.282260981362470353e-01 1.199995107433586273e+11
-3.311566882981777926e-01 1.199995107419210815e+11
-3.340872784601085499e-01 1.199995107404835205e+11
-3.370178686220395292e-01 1.199995107390116272e+11
-3.399484587839702865e-01 1.199995107375397186e+11
-3.428790489459008217e-01 1.199995107360368347e+11
-3.458096391078315790e-01 1.199995107345339355e+11
-3.487402292697623363e-01 1.199995107330158691e+11
-3.516708194316933156e-01 1.199995107314977875e+11
-3.546014095936240729e-01 1.199995107299629517e+11
-3.575319997555548301e-01 1.199995107284281006e+11
-3.604625899174858095e-01 1.199995107268718872e+11
-3.633931800794161227e-01 1.199995107253156891e+11
-3.663237702413471020e-01 1.199995107237411499e+11
-3.692543604032778592e-01 1.199995107221665955e+11
-3.721849505652086165e-01 1.199995107205863037e+11
-3.751155407271395958e-01 1.199995107190060272e+11
-3.780461308890703531e-01 1.199995107174110718e+11
-3.809767210510008884e-01 1.199995107158161316e+11
-3.839073112129316456e-01 1.199995107142203064e+11
-3.868379013748624029e-01 1.199995107126244659e+11
-3.897684915367933822e-01 1.199995107110056915e+11
-3.926990816987241395e-01 1.199995107093869171e+11
-3.956296718606548968e-01 1.199995107077731018e+11
-3.985602620225858761e-01 1.199995107061592712e+11
-4.014908521845161893e-01 1.199995107045446167e+11
-4.044214423464471686e-01 1.199995107029299469e+11
-4.073520325083779259e-01 1.199995107013111267e+11
-4.102826226703086832e-01 1.199995106996922913e+11
-4.132132128322396625e-01 1.199995106980602722e+11
-4.161438029941704198e-01 1.199995106964282684e+11
-4.190743931561011770e-01 1.199995106948041687e+11
-4.220049833180317123e-01 1.199995106931800842e+11
-4.249355734799624695e-01 1.199995106915596924e+11
-4.278661636418934489e-01 1.199995106899392853e+11
-4.307967538038242061e-01 1.199995106883170166e+11
-4.337273439657551855e-01 1.199995106866947632e+11
-4.366579341276857207e-01 1.199995106850885773e+11
-4.395885242896167000e-01 1.199995106834823914e+11
-4.425191144515472352e-01 1.199995106818698730e+11
-4.454497046134782146e-01 1.199995106802573547e+11
-4.483802947754087498e-01 1.199995106786503448e+11
-4.513108849373397291e-01 1.199995106770433350e+11
-4.542414750992707084e-01 1.199995106754495697e+11
-4.571720652612012437e-01 1.199995106738558044e+11
-4.601026554231317789e-01 1.199995106722720490e+11
-4.630332455850627582e-01 1.199995106706882935e+11
-4.659638357469932934e-01 1.199995106691145630e+11
-4.688944259089242728e-01 1.199995106675408173e+11
-4.718250160708552521e-01 1.199995106659755554e+11
-4.747556062327857873e-01 1.199995106644102783e+11
-4.776861963947167666e-01 1.199995106628612366e+11
-4.806167865566473019e-01 1.199995106613121796e+11
-4.835473767185782812e-01 1.199995106597751465e+11
-4.864779668805088164e-01 1.199995106582380981e+11
-4.894085570424397957e-01 1.199995106567153625e+11
-4.923391472043707751e-01 1.199995106551926422e+11
-4.952697373663013103e-01 1.199995106536879883e+11
-4.982003275282322896e-01 1.199995106521833344e+11
-5.011309176901628248e-01 1.199995106506936340e+11
-5.040615078520933601e-01 1.199995106492039185e+11
-5.069920980140243394e-01 1.199995106477306824e+11
-5.099226881759553187e-01 1.199995106462574310e+11
-5.128532783378858539e-01 1.199995106448134460e+11
-5.157838684998168333e-01 1.199995106433694611e+11
-5.187144586617473685e-01 1.199995106419623871e+11
-5.216450488236783478e-01 1.199995106405553131e+11
-5.245756389856088830e-01 1.199995106391913452e+11
-5.275062291475398624e-01 1.199995106378273621e+11
-5.304368193094708417e-01 1.199995106365375366e+11
-5.333674094714013769e-01 1.199995106352476959e+11
-5.362979996333323562e-01 1.199995106339878235e+11
-5.392285897952628915e-01 1.199995106327279663e+11
-5.421591799571934267e-01 1.199995106320247040e+11
-5.450897701191244060e-01 1.199995106313214417e+11
-5.480203602810553853e-01 1.199995106309743958e+11
-5.509509504429859206e-01 1.199995106306273346e+11
-5.538815406049168999e-01 1.199995106257909241e+11
-5.568121307668478792e-01 1.199995106209545288e+11
-5.597427209287784144e-01 1.199995106204617004e+11
-5.626733110907089497e-01 1.199995106199688721e+11
-5.656039012526399290e-01 1.199995106183985901e+11
-5.685344914145709083e-01 1.199995106168282928e+11
-5.714650815765014435e-01 1.199995106156123505e+11
-5.743956717384324229e-01 1.199995106143964081e+11
-5.773262619003629581e-01 1.199995106130664978e+11
-5.802568520622939374e-01 1.199995106117365875e+11
-5.831874422242244727e-01 1.199995106104826050e+11
-5.861180323861554520e-01 1.199995106092286072e+11
-5.890486225480859872e-01 1.199995106079298401e+11
-5.919792127100169665e-01 1.199995106066310577e+11
-5.949098028719479458e-01 1.199995106053657990e+11
-5.978403930338784811e-01 1.199995106041005402e+11
-6.007709831958090163e-01 1.199995106028672333e+11
-6.037015733577399956e-01 1.199995106016339264e+11
-6.066321635196709749e-01 1.199995106003977509e+11
-6.095627536816015102e-01 1.199995105991615753e+11
-6.124933438435324895e-01 1.199995105979331970e+11
-6.154239340054634688e-01 1.199995105967048340e+11
-6.183545241673940041e-01 1.199995105954936829e+11
-6.212851143293245393e-01 1.199995105942825165e+11
-6.242157044912555186e-01 1.199995105930747070e+11
-6.271462946531864979e-01 1.199995105918668823e+11
-6.300768848151170332e-01 1.199995105907176819e+11
-6.330074749770480125e-01 1.199995105895684662e+11
-6.359380651389785477e-01 1.199995105884076843e+11
-6.388686553009090829e-01 1.199995105872469177e+11
-6.417992454628400623e-01 1.199995105861278076e+11
-6.447298356247710416e-01 1.199995105850086823e+11
-6.476604257867015768e-01 1.199995105838914490e+11
-6.505910159486325561e-01 1.199995105827742310e+11
-6.535216061105635355e-01 1.199995105816659241e+11
-6.564521962724940707e-01 1.199995105805576172e+11
-6.593827864344246059e-01 1.199995105794761810e+11
-6.623133765963555852e-01 1.199995105783947449e+11
-6.652439667582865646e-01 1.199995105773091125e+11
-6.681745569202170998e-01 1.199995105762234802e+11
-6.711051470821480791e-01 1.199995105751761169e+11
-6.740357372440790584e-01 1.199995105741287689e+11
-6.769663274060091496e-01 1.199995105730917053e+11
-6.798969175679401289e-01 1.199995105720546570e+11
-6.828275077298711082e-01 1.199995105710429230e+11
-6.857580978918016434e-01 1.199995105700311890e+11
-6.886886880537326228e-01 1.199995105690364990e+11
-6.916192782156636021e-01 1.199995105680418243e+11
-6.945498683775941373e-01 1.199995105670631104e+11
-6.974804585395246725e-01 1.199995105660843964e+11
-7.004110487014556519e-01 1.199995105651280212e+11
-7.033416388633866312e-01 1.199995105641716461e+11
-7.062722290253171664e-01 1.199995105632362671e+11
-7.092028191872481457e-01 1.199995105623008881e+11
-7.121334093491791251e-01 1.199995105613760681e+11
-7.150639995111092162e-01 1.199995105604512482e+11
-7.179945896730401955e-01 1.199995105595499420e+11
-7.209251798349711748e-01 1.199995105586486359e+11
-7.238557699969017101e-01 1.199995105577629395e+11
-7.267863601588326894e-01 1.199995105568772430e+11
-7.297169503207636687e-01 1.199995105559918213e+11
-7.326475404826942039e-01 1.199995105551064148e+11
-7.355781306446247392e-01 1.199995105542403870e+11
-7.385087208065557185e-01 1.199995105533743744e+11
-7.414393109684866978e-01 1.199995105525263672e+11
-7.443699011304172330e-01 1.199995105516783447e+11
-7.473004912923482124e-01 1.199995105508326874e+11
-7.502310814542791917e-01 1.199995105499870300e+11
-7.531616716162097269e-01 1.199995105491617432e+11
-7.560922617781402622e-01 1.199995105483364716e+11
-7.590228519400712415e-01 1.199995105475193787e+11
-7.619534421020017767e-01 1.199995105467022705e+11
-7.648840322639327560e-01 1.199995105459021912e+11
-7.678146224258637353e-01 1.199995105451021271e+11
-7.707452125877942706e-01 1.199995105443192749e+11
-7.736758027497248058e-01 1.199995105435364227e+11
-7.766063929116557851e-01 1.199995105427547302e+11
-7.795369830735867644e-01 1.199995105419730377e+11
-7.824675732355172997e-01 1.199995105412184448e+11
-7.853981633974482790e-01 1.199995105404638367e+11
-7.883287535593792583e-01 1.199995105397166748e+11
-7.912593437213097936e-01 1.199995105389694977e+11
-7.941899338832403288e-01 1.199995105382377319e+11
-7.971205240451713081e-01 1.199995105375059814e+11
-8.000511142071022874e-01 1.199995105367840881e+11
-8.029817043690328227e-01 1.199995105360621796e+11
-8.059122945309638020e-01 1.199995105353479919e+11
-8.088428846928947813e-01 1.199995105346338196e+11
-8.117734748548253165e-01 1.199995105339154053e+11
-8.147040650167558518e-01 1.199995105331970062e+11
-8.176346551786868311e-01 1.199995105324721375e+11
-8.205652453406173663e-01 1.199995105317472839e+11
-8.234958355025483456e-01 1.199995105311041718e+11
-8.264264256644793250e-01 1.199995105304610596e+11
-8.293570158264098602e-01 1.199995105288187408e+11
-8.322876059883403954e-01 1.199995105271764221e+11
-8.352181961502713747e-01 1.199995105279756775e+11
-8.381487863122023541e-01 1.199995105287749329e+11
-8.410793764741328893e-01 1.199995105278841248e+11
-8.440099666360638686e-01 1.199995105269933319e+11
-8.469405567979948479e-01 1.199995105264678345e+11
-8.498711469599253832e-01 1.199995105259423523e+11
-8.528017371218559184e-01 1.199995105253136139e+11
-8.557323272837868977e-01 1.199995105246848755e+11
-8.586629174457174329e-01 1.199995105240979919e+11
-8.615935076076484123e-01 1.199995105235111084e+11
-8.645240977695793916e-01 1.199995105229201355e+11
-8.674546879315099268e-01 1.199995105223291626e+11
-8.703852780934409061e-01 1.199995105217529602e+11
-8.733158682553714414e-01 1.199995105211767426e+11
-8.762464584173024207e-01 1.199995105206116791e+11
-8.791770485792329559e-01 1.199995105200466156e+11
-8.821076387411639352e-01 1.199995105194915161e+11
-8.850382289030949146e-01 1.199995105189364319e+11
-8.879688190650254498e-01 1.199995105183975372e+11
-8.908994092269559850e-01 1.199995105178586426e+11
-8.938299993888869643e-01 1.199995105173252716e+11
-8.967605895508174996e-01 1.199995105167919006e+11
-8.996911797127484789e-01 1.199995105162787170e+11
-9.026217698746794582e-01 1.199995105157655334e+11
-9.055523600366099934e-01 1.199995105152577820e+11
-9.084829501985409728e-01 1.199995105147500153e+11
-9.114135403604715080e-01 1.199995105142512512e+11
-9.143441305224024873e-01 1.199995105137525024e+11
-9.172747206843330225e-01 1.199995105132564392e+11
-9.202053108462640019e-01 1.199995105127603607e+11
-9.231359010081949812e-01 1.199995105122851562e+11
-9.260664911701255164e-01 1.199995105118099518e+11
-9.289970813320564957e-01 1.199995105113403320e+11
-9.319276714939870310e-01 1.199995105108706970e+11
-9.348582616559175662e-01 1.199995105104071350e+11
-9.377888518178485455e-01 1.199995105099435730e+11
-9.407194419797795248e-01 1.199995105094978027e+11
-9.436500321417100601e-01 1.199995105090520477e+11
-9.465806223036410394e-01 1.199995105086134644e+11
-9.495112124655720187e-01 1.199995105081748810e+11
-9.524418026275025539e-01 1.199995105077412415e+11
-9.553723927894330892e-01 1.199995105073076172e+11
-9.583029829513640685e-01 1.199995105068869019e+11
-9.612335731132950478e-01 1.199995105064661865e+11
-9.641641632752255830e-01 1.199995105060548706e+11
-9.670947534371565624e-01 1.199995105056435394e+11
-9.700253435990870976e-01 1.199995105052443237e+11
-9.729559337610180769e-01 1.199995105048451080e+11
-9.758865239229486122e-01 1.199995105044313965e+11
-9.788171140848795915e-01 1.199995105040177002e+11
-9.817477042468105708e-01 1.199995105036306610e+11
-9.846782944087411060e-01 1.199995105032436218e+11
-9.876088845706720853e-01 1.199995105028639069e+11
-9.905394747326026206e-01 1.199995105024841919e+11
-9.934700648945331558e-01 1.199995105021082306e+11
-9.964006550564641351e-01 1.199995105017322693e+11
-9.993312452183951144e-01 1.199995105013636475e+11
-1.002261835380325650e+00 1.199995105009950104e+11
-1.005192425542256629e+00 1.199995105006329346e+11
-1.008123015704187608e+00 1.199995105002708588e+11
-1.011053605866118144e+00 1.199995104999217072e+11
-1.013984196028048679e+00 1.199995104995725555e+11
-1.016914786189979658e+00 1.199995104992204285e+11
-1.019845376351910637e+00 1.199995104988683014e+11
-1.022775966513841173e+00 1.199995104985304260e+11
-1.025706556675772152e+00 1.199995104981925507e+11
-1.028637146837702687e+00 1.199995104978527222e+11
-1.031567736999633222e+00 1.199995104975129089e+11
-1.034498327161564202e+00 1.199995104971853333e+11
-1.037428917323495181e+00 1.199995104968577423e+11
-1.040359507485425716e+00 1.199995104965384521e+11
-1.043290097647356696e+00 1.199995104962191467e+11
-1.046220687809287675e+00 1.199995104958954315e+11
-1.049151277971218210e+00 1.199995104955717163e+11
-1.052081868133148745e+00 1.199995104952628326e+11
-1.055012458295079725e+00 1.199995104949539490e+11
-1.057943048457010704e+00 1.199995104946436768e+11
-1.060873638618941239e+00 1.199995104943333893e+11
-1.063804228780872219e+00 1.199995104940328064e+11
-1.066734818942803198e+00 1.199995104937322235e+11
-1.069665409104733289e+00 1.199995104934338989e+11
-1.072595999266664268e+00 1.199995104931355591e+11
-1.075526589428595248e+00 1.199995104928429260e+11
-1.078457179590525783e+00 1.199995104925502930e+11
-1.081387769752456762e+00 1.199995104922641907e+11
-1.084318359914387742e+00 1.199995104919780731e+11
-1.087248950076318277e+00 1.199995104917051697e+11
-1.090179540238248812e+00 1.199995104914322662e+11
-1.093110130400179791e+00 1.199995104911551971e+11
-1.096040720562110771e+00 1.199995104908781281e+11
-1.098971310724041306e+00 1.199995104906491699e+11
-1.101901900885972285e+00 1.199995104904202118e+11
-1.104832491047903265e+00 1.199995104901164856e+11
-1.107763081209833356e+00 1.199995104898127441e+11
-1.110693671371764335e+00 1.199995104896528625e+11
-1.113624261533695314e+00 1.199995104894929810e+11
-1.116554851695625850e+00 1.199995104890778809e+11
-1.119485441857556829e+00 1.199995104886627808e+11
-1.122416032019487808e+00 1.199995104884055328e+11
-1.125346622181418343e+00 1.199995104881482849e+11
-1.128277212343348879e+00 1.199995104878719482e+11
-1.131207802505279858e+00 1.199995104875955963e+11
-1.134138392667210837e+00 1.199995104873351135e+11
-1.137068982829141373e+00 1.199995104870746460e+11
-1.139999572991072352e+00 1.199995104868147430e+11
-1.142930163153003331e+00 1.199995104865548401e+11
-1.145860753314933866e+00 1.199995104862911377e+11
-1.148791343476864402e+00 1.199995104860274506e+11
-1.151721933638795381e+00 1.199995104857796021e+11
-1.154652523800725916e+00 1.199995104855317688e+11
-1.157583113962656896e+00 1.199995104852727203e+11
-1.160513704124587875e+00 1.199995104850136719e+11
-1.163444294286518410e+00 1.199995104847579651e+11
-1.166374884448448945e+00 1.199995104845022430e+11
-1.169305474610379925e+00 1.199995104842473450e+11
-1.172236064772310904e+00 1.199995104839924469e+11
-1.175166654934241439e+00 1.199995104837338104e+11
-1.178097245096172418e+00 1.199995104834751740e+11
-1.181027835258103398e+00 1.199995104832166138e+11
-1.183958425420033933e+00 1.199995104829580536e+11
-1.186889015581964468e+00 1.199995104827020874e+11
-1.189819605743895448e+00 1.199995104824461060e+11
-1.192750195905826427e+00 1.199995104821811981e+11
-1.195680786067756962e+00 1.199995104819162903e+11
-1.198611376229687941e+00 1.199995104816540680e+11
-1.201541966391618921e+00 1.199995104813918457e+11
-1.204472556553549456e+00 1.199995104811211548e+11
-1.207403146715479991e+00 1.199995104808504486e+11
-1.210333736877410971e+00 1.199995104805801239e+11
-1.213264327039341506e+00 1.199995104803097992e+11
-1.216194917201272485e+00 1.199995104800328979e+11
-1.219125507363203464e+00 1.199995104797559967e+11
-1.222056097525134000e+00 1.199995104794732513e+11
-1.224986687687064535e+00 1.199995104791905060e+11
-1.227917277848995514e+00 1.199995104788972168e+11
-1.230847868010926494e+00 1.199995104786039429e+11
-1.233778458172857029e+00 1.199995104783109131e+11
-1.236709048334788008e+00 1.199995104780178680e+11
-1.239639638496718987e+00 1.199995104777041931e+11
-1.242570228658649523e+00 1.199995104773905182e+11
-1.245500818820580058e+00 1.199995104770783081e+11
-1.248431408982511037e+00 1.199995104767660980e+11
-1.251361999144441572e+00 1.199995104764360657e+11
-1.254292589306372552e+00 1.199995104761060486e+11
-1.257223179468303531e+00 1.199995104757649231e+11
-1.260153769630234066e+00 1.199995104754238129e+11
-1.263084359792165046e+00 1.199995104750742798e+11
-1.266014949954095581e+00 1.199995104747247467e+11
-1.268945540116026560e+00 1.199995104743495483e+11
-1.271876130277957095e+00 1.199995104739743500e+11
-1.274806720439888075e+00 1.199995104735892639e+11
-1.277737310601819054e+00 1.199995104732041931e+11
-1.280667900763749589e+00 1.199995104727951965e+11
-1.283598490925680125e+00 1.199995104723861847e+11
-1.286529081087611104e+00 1.199995104719544220e+11
-1.289459671249541639e+00 1.199995104715226593e+11
-1.292390261411472618e+00 1.199995104710643005e+11
-1.295320851573403598e+00 1.199995104706059265e+11
-1.298251441735334133e+00 1.199995104701195526e+11
-1.301182031897265112e+00 1.199995104696331787e+11
-1.304112622059195647e+00 1.199995104691084290e+11
-1.307043212221126627e+00 1.199995104685836945e+11
-1.309973802383057162e+00 1.199995104680245056e+11
-1.312904392544988141e+00 1.199995104674653320e+11
-1.315834982706919121e+00 1.199995104668608093e+11
-1.318765572868849656e+00 1.199995104662562866e+11
-1.321696163030780635e+00 1.199995104656145477e+11
-1.324626753192711170e+00 1.199995104649728088e+11
-1.327557343354641706e+00 1.199995104642519531e+11
-1.330487933516572685e+00 1.199995104635311127e+11
-1.333418523678503664e+00 1.199995104627743073e+11
-1.336349113840434200e+00 1.199995104620175018e+11
-1.339279704002365179e+00 1.199995104611721497e+11
-1.342210294164295714e+00 1.199995104603268127e+11
-1.345140884326226693e+00 1.199995104594087372e+11
-1.348071474488157229e+00 1.199995104584906616e+11
-1.351002064650088208e+00 1.199995104574797058e+11
-1.353932654812019187e+00 1.199995104564687347e+11
-1.356863244973949723e+00 1.199995104553331909e+11
-1.359793835135880702e+00 1.199995104541976624e+11
-1.362724425297811237e+00 1.199995104529589233e+11
-1.365655015459742216e+00 1.199995104517201691e+11
-1.368585605621672752e+00 1.199995104503317566e+11
-1.371516195783603731e+00 1.199995104489433289e+11
-1.374446785945534266e+00 1.199995104473699341e+11
-1.377377376107465246e+00 1.199995104457965240e+11
-1.380307966269396225e+00 1.199995104440722656e+11
-1.383238556431326760e+00 1.199995104423480225e+11
-1.386169146593257295e+00 1.199995104402803955e+11
-1.389099736755188275e+00 1.199995104382127533e+11
-1.392030326917119254e+00 1.199995104360108185e+11
-1.394960917079049789e+00 1.199995104338088837e+11
-1.397891507240980769e+00 1.199995104312590027e+11
-1.400822097402911304e+00 1.199995104287091217e+11
-1.403752687564842283e+00 1.199995104257678986e+11
-1.406683277726772818e+00 1.199995104228266754e+11
-1.409613867888703798e+00 1.199995104194478302e+11
-1.412544458050634777e+00 1.199995104160689850e+11
-1.415475048212565312e+00 1.199995104121204834e+11
-1.418405638374496291e+00 1.199995104081719971e+11
-1.421336228536426827e+00 1.199995104036092529e+11
-1.424266818698357362e+00 1.199995103990465088e+11
-1.427197408860288341e+00 1.199995103936796570e+11
-1.430127999022219321e+00 1.199995103883127899e+11
-1.433058589184149856e+00 1.199995103819555206e+11
-1.435989179346080835e+00 1.199995103755982513e+11
-1.438919769508011814e+00 1.199995103680767517e+11
-1.441850359669942350e+00 1.199995103605552673e+11
-1.444780949831872885e+00 1.199995103514762573e+11
-1.447711539993803864e+00 1.199995103423972321e+11
-1.450642130155734844e+00 1.199995103314364471e+11
-1.453572720317665379e+00 1.199995103204756622e+11
-1.456503310479596358e+00 1.199995103070914001e+11
-1.459433900641527337e+00 1.199995102937071533e+11
-1.462364490803457429e+00 1.199995102771732788e+11
-1.465295080965388408e+00 1.199995102606393890e+11
-1.468225671127319387e+00 1.199995102399377136e+11
-1.471156261289249922e+00 1.199995102192360229e+11
-1.474086851451180902e+00 1.199995101930536499e+11
-1.477017441613111881e+00 1.199995101668712769e+11
-1.479948031775042416e+00 1.199995101331925964e+11
-1.482878621936972952e+00 1.199995100995139008e+11
-1.485809212098903931e+00 1.199995100555355530e+11
-1.488739802260834910e+00 1.199995100115572052e+11
-1.491670392422765445e+00 1.199995099528164978e+11
-1.494600982584696425e+00 1.199995098940757904e+11
-1.497531572746627404e+00 1.199995098147342529e+11
-1.500462162908557495e+00 1.199995097353927307e+11
-1.503392753070488475e+00 1.199995096218038635e+11
-1.506323343232419454e+00 1.199995095082149811e+11
-1.509253933394349989e+00 1.199995093552560730e+11
-1.512184523556280968e+00 1.199995092022971802e+11
-1.515115113718211948e+00 1.199995089314105377e+11
-1.518045703880142483e+00 1.199995086605238953e+11
-1.520976294042073018e+00 1.199995084055318604e+11
-1.523906884204003997e+00 1.199995081505398254e+11
-1.526837474365934977e+00 1.199995070544959412e+11
-1.529768064527865512e+00 1.199995059584520569e+11
-1.532698654689796491e+00 1.199995067726357117e+11
-1.535629244851727471e+00 1.199995075868193665e+11
-1.538559835013658006e+00 1.199994977453128052e+11
-1.541490425175588541e+00 1.199994879038062439e+11
-1.544421015337519520e+00 1.199995150193085327e+11
-1.547351605499450056e+00 1.199995421348108063e+11
-1.550282195661381035e+00 1.199993947818172302e+11
-1.553212785823312014e+00 1.199992474288236542e+11
-1.556143375985242550e+00 1.199997932437533569e+11
-1.559073966147173085e+00 1.200003390586830597e+11
-1.562004556309104064e+00 1.199971842141706848e+11
-1.564935146471035043e+00 1.199940293696582947e+11
-1.567865736632965579e+00 1.200112031569627686e+11
-1.570796326794896558e+00 1.200283769442672424e+11
