1.570796326794896558e+00 3.621471946589152253e+02
1.565902880293977839e+00 3.651687538396200239e+02
1.561009433793059120e+00 3.688819387758891253e+02
1.556115987292140623e+00 3.668063369171142654e+02
1.551222540791221904e+00 3.654324881828307525e+02
1.546329094290303185e+00 3.632539225425721270e+02
1.541435647789384467e+00 3.617783773081461618e+02
1.536542201288465748e+00 3.587247633819579846e+02
1.531648754787547029e+00 3.563698755594890031e+02
1.526755308286628532e+00 3.526512519800822361e+02
1.521861861785709813e+00 3.496283238268534319e+02
1.516968415284791094e+00 3.452540103452046765e+02
1.512074968783872375e+00 3.415711472730001219e+02
1.507181522282953656e+00 3.366066655497232318e+02
1.502288075782034937e+00 3.323281658551533724e+02
1.497394629281116440e+00 3.268337041392009041e+02
1.492501182780197722e+00 3.220181102139790710e+02
1.487607736279279003e+00 3.160612659446716179e+02
1.482714289778360284e+00 3.107742876017252911e+02
1.477820843277441565e+00 3.044248713564554691e+02
1.472927396776522846e+00 2.987342023084005405e+02
1.468033950275604349e+00 2.920634741516113309e+02
1.463140503774685630e+00 2.860380916704813217e+02
1.458247057273766911e+00 2.791170022338868080e+02
1.453353610772848192e+00 2.728254668795268003e+02
1.448460164271929473e+00 2.657233126838683575e+02
1.443566717771010754e+00 2.592324927518208142e+02
1.438673271270092258e+00 2.520156915072123240e+02
1.433779824769173539e+00 2.453896034431457451e+02
1.428886378268254820e+00 2.381206837300618702e+02
1.423992931767336101e+00 2.314195490030924134e+02
1.419099485266417382e+00 2.241563477414449039e+02
1.414206038765498885e+00 2.174358509974161962e+02
1.409312592264580166e+00 2.102309408047993884e+02
1.404419145763661447e+00 2.035417057805379102e+02
1.399525699262742728e+00 1.964420071998596029e+02
1.394632252761824009e+00 1.898292575345357136e+02
1.389738806260905291e+00 1.828758551076253127e+02
1.384845359759986572e+00 1.763792575978597199e+02
1.379951913259068075e+00 1.696073778233845815e+02
1.375058466758149356e+00 1.632610375053405960e+02
1.370165020257230637e+00 1.567001741610209251e+02
1.365271573756311918e+00 1.505327723879496205e+02
1.360378127255393199e+00 1.442069119786580416e+02
1.355484680754474702e+00 1.382419336451212928e+02
1.350591234253555983e+00 1.321698893735249953e+02
1.345697787752637264e+00 1.264259401507059977e+02
1.340804341251718546e+00 1.206217437772115062e+02
1.335910894750799827e+00 1.151129314582824605e+02
1.331017448249881330e+00 1.095862582122802422e+02
1.326124001748962611e+00 1.043225959894815986e+02
1.321230555248043892e+00 9.907923245646158250e+01
1.316337108747125173e+00 9.406708002090454102e+01
1.311443662246206454e+00 8.910936856002807360e+01
1.306550215745287735e+00 8.435184398066201084e+01
1.301656769244369016e+00 7.967917069193522650e+01
1.296763322743450519e+00 7.517660973917642764e+01
1.291869876242531801e+00 7.078580861790975121e+01
1.286976429741613082e+00 6.653614343210855964e+01
1.282082983240694363e+00 6.242192561976116139e+01
1.277189536739775644e+00 5.842108832778931315e+01
1.272296090238857147e+00 5.457641670099893361e+01
1.267402643737938428e+00 5.081868205744425637e+01
1.262509197237019709e+00 4.723514042968750459e+01
1.257615750736100990e+00 4.371345799306234170e+01
1.252722304235182271e+00 4.038153276418049842e+01
1.247828857734263552e+00 3.708780495554606205e+01
1.242935411233344833e+00 3.399718727518717998e+01
1.238041964732426337e+00 3.092254107462564505e+01
1.233148518231507618e+00 2.806234710769653162e+01
1.228255071730588899e+00 2.519734263916016204e+01
1.223361625229670180e+00 2.255634222030639080e+01
1.218468178728751461e+00 1.989116766713460294e+01
1.213574732227832964e+00 1.745795441513061519e+01
1.208681285726914245e+00 1.498261031570434554e+01
1.203787839225995526e+00 1.274575223719278938e+01
1.198894392725076807e+00 1.045016435190836823e+01
1.194000946224158088e+00 8.398320362854006405e+00
1.189107499723239370e+00 6.272466305541994025e+00
1.184214053222320651e+00 4.394498088073730990e+00
1.179320606721402154e+00 2.428508032226562641e+00
1.174427160220483435e+00 7.135509529113768235e-01
1.169533713719564716e+00 -1.102228474680582604e+00
1.164640267218646219e+00 -2.664699385833739775e+00
1.159746820717727278e+00 -4.339638626098632379e+00
1.154853374216808781e+00 -5.759757099405923952e+00
1.149959927715890062e+00 -7.302908380381265552e+00
1.145066481214971343e+00 -8.590390328216553684e+00
1.140173034714052624e+00 -1.001044012324015320e+01
1.135279588213133906e+00 -1.117455969467162902e+01
1.130386141712215409e+00 -1.247981825637817188e+01
1.125492695211296690e+00 -1.352939205958048596e+01
1.120599248710377971e+00 -1.472777906417846872e+01
1.115705802209459252e+00 -1.567115381495157855e+01
1.110812355708540533e+00 -1.677017808659871179e+01
1.105918909207622036e+00 -1.761524913050333652e+01
1.101025462706703095e+00 -1.862202229131062836e+01
1.096132016205784598e+00 -1.937622359568277730e+01
1.091238569704865879e+00 -2.029746000086466395e+01
1.086345123203947161e+00 -2.096777754414876327e+01
1.081451676703028442e+00 -2.180979578730264734e+01
1.076558230202109723e+00 -2.240278032938639186e+01
1.071664783701191226e+00 -2.317151978123982659e+01
1.066771337200272507e+00 -2.369330600662231490e+01
1.061877890699353788e+00 -2.439433552983601672e+01
1.056984444198435069e+00 -2.485064900182088010e+01
1.052090997697516350e+00 -2.548917888488769279e+01
1.047197551196597853e+00 -2.588536619593302390e+01
1.042304104695678912e+00 -2.646627015024821006e+01
1.037410658194760416e+00 -2.680730844904581645e+01
1.032517211693841697e+00 -2.733513257776896310e+01
1.027623765192922978e+00 -2.762565202000936182e+01
1.022730318692004481e+00 -2.810463472824096343e+01
1.017836872191085540e+00 -2.834893486251830907e+01
1.012943425690167043e+00 -2.878302007700602871e+01
1.008049979189248324e+00 -2.898509153925578019e+01
1.003156532688329605e+00 -2.937794597015380305e+01
9.982630861874108863e-01 -2.954148787104288942e+01
9.933696396864922784e-01 -2.989652394561767323e+01
9.884761931855735595e-01 -3.002495948867797537e+01
9.835827466846548406e-01 -3.034533723958333340e+01
9.786893001837362327e-01 -3.044183225911458379e+01
9.737958536828175138e-01 -3.073048244908650872e+01
9.689024071818987949e-01 -3.079796524276732939e+01
9.640089606809801870e-01 -3.105760587031046427e+01
9.591155141800614681e-01 -3.109877871526081705e+01
9.542220676791427492e-01 -3.133192440058390460e+01
9.493286211782241413e-01 -3.134927974039713305e+01
9.444351746773054224e-01 -3.155825606689453267e+01
9.395417281763867035e-01 -3.155408891372680458e+01
9.346482816754680956e-01 -3.174104740473429231e+01
9.297548351745493767e-01 -3.171747827377319240e+01
9.248613886736306577e-01 -3.188440638275146810e+01
9.199679421727120499e-01 -3.184337869745890259e+01
9.150744956717933309e-01 -3.199211066157023353e+01
9.101810491708746120e-01 -3.193541505406697567e+01
9.052876026699560041e-01 -3.206763933283487944e+01
9.003941561690372852e-01 -3.199692164866129573e+01
8.955007096681185663e-01 -3.211419901326497239e+01
8.906072631671999584e-01 -3.203096533177693317e+01
8.857138166662812395e-01 -3.213473221028645810e+01
8.808203701653625206e-01 -3.204037118352253799e+01
8.759269236644439127e-01 -3.213194950129191341e+01
8.710334771635251938e-01 -3.202772818527221688e+01
8.661400306626064749e-01 -3.210833516209920191e+01
8.612465841616878670e-01 -3.199541351521809673e+01
8.563531376607691481e-01 -3.206616640472412172e+01
8.514596911598504292e-01 -3.194561189193725781e+01
8.465662446589318213e-01 -3.200754122390746659e+01
8.416727981580131024e-01 -3.188031794815063336e+01
8.367793516570943835e-01 -3.193436364568074382e+01
8.318859051561757756e-01 -3.180136413040160903e+01
8.269924586552570567e-01 -3.184839706954956284e+01
8.220990121543383378e-01 -3.171042080917358419e+01
8.172055656534197299e-01 -3.175122624588012599e+01
8.123121191525010110e-01 -3.160902080815633397e+01
8.074186726515822921e-01 -3.164433325551350862e+01
8.025252261506636842e-01 -3.149855860519409134e+01
7.976317796497449653e-01 -3.152903997624714805e+01
7.927383331488262463e-01 -3.138030912272135353e+01
7.878448866479076385e-01 -3.140657198410033857e+01
7.829514401469890306e-01 -3.125543097534180248e+01
7.780579936460703117e-01 -3.127801991882324728e+01
7.731645471451517038e-01 -3.112497313003540000e+01
7.682711006442329849e-01 -3.114440347315470348e+01
7.633776541433142659e-01 -3.098990157419840230e+01
7.584842076423956581e-01 -3.100663247706095405e+01
7.535907611414769391e-01 -3.085108482182819856e+01
7.486973146405582202e-01 -3.086553872095743856e+01
7.438038681396396123e-01 -3.070930996831258142e+01
7.389104216387208934e-01 -3.072187095108032295e+01
7.340169751378021745e-01 -3.056528677546183559e+01
7.291235286368835666e-01 -3.057629582697550319e+01
7.242300821359648477e-01 -3.041966143112182408e+01
7.193366356350461288e-01 -3.042943948898315654e+01
7.144431891341275209e-01 -3.027301443099975486e+01
7.095497426332088020e-01 -3.028183981857299756e+01
7.046562961322900831e-01 -3.012586077753702796e+01
6.997628496313714752e-01 -3.013399750086466256e+01
6.948694031304527563e-01 -2.997867369715372732e+01
6.899759566295340374e-01 -2.998635405324300152e+01
6.850825101286154295e-01 -2.983186619796753192e+01
6.801890636276967106e-01 -2.983928936436971213e+01
6.752956171267779917e-01 -2.968581271591186521e+01
6.704021706258593838e-01 -2.969318016459147103e+01
6.655087241249406649e-01 -2.954084089050293116e+01
6.606152776240219460e-01 -2.954831203257242933e+01
6.557218311231033381e-01 -2.939724757105509312e+01
6.508283846221846192e-01 -2.940497271982828664e+01
6.459349381212659003e-01 -2.925528845799763644e+01
6.410414916203472924e-01 -2.926340160675049162e+01
6.361480451194285735e-01 -2.911518864059448219e+01
6.312545986185098545e-01 -2.912380957005818516e+01
6.263611521175912467e-01 -2.897714660008748311e+01
6.214677056166725277e-01 -2.898637784042358234e+01
6.165742591157538088e-01 -2.884133150685628166e+01
6.116808126148352009e-01 -2.885126599756876686e+01
6.067873661139164820e-01 -2.870788899917602777e+01
6.018939196129977631e-01 -2.871860658493041996e+01
5.970004731120791552e-01 -2.857694381332397526e+01
5.921070266111604363e-01 -2.858851207758585744e+01
5.872135801102417174e-01 -2.844860100529988500e+01
5.823201336093231095e-01 -2.846108494338988848e+01
5.774266871084043906e-01 -2.832294413426717483e+01
5.725332406074856717e-01 -2.833638881632486672e+01
5.676397941065669528e-01 -2.820004356536864876e+01
5.627463476056484559e-01 -2.821449631881714026e+01
5.578529011047297370e-01 -2.807995316619873094e+01
5.529594546038110181e-01 -2.809544580688476856e+01
5.480660081028922992e-01 -2.796271348597208117e+01
5.431725616019735803e-01 -2.797927800165812329e+01
5.382791151010548614e-01 -2.784835299453735402e+01
5.333856686001363645e-01 -2.786601078364054018e+01
5.284922220992176456e-01 -2.773688935801187938e+01
5.235987755982989267e-01 -2.775565903320312344e+01
5.187053290973802078e-01 -2.762833015213012189e+01
5.138118825964614889e-01 -2.764822282969156930e+01
5.089184360955427699e-01 -2.752267442245483764e+01
5.040249895946242731e-01 -2.754370163726806808e+01
4.991315430937055542e-01 -2.741991093063354867e+01
4.942380965927868353e-01 -2.744207133433024026e+01
4.893446500918681163e-01 -2.732002661921182707e+01
4.844512035909493974e-01 -2.734332575912476315e+01
4.795577570900306785e-01 -2.722299524078369259e+01
4.746643105891121817e-01 -2.724742807744344475e+01
4.697708640881934627e-01 -2.712879004923502535e+01
4.648774175872747438e-01 -2.715435208867391026e+01
4.599839710863560249e-01 -2.703737868474324557e+01
4.550905245854373060e-01 -2.706406377741495461e+01
4.501970780845185871e-01 -2.694872478510539437e+01
4.453036315836000902e-01 -2.697652054748535377e+01
4.404101850826813713e-01 -2.686278310114542478e+01
4.355167385817626524e-01 -2.689167631429036476e+01
4.306232920808439335e-01 -2.677951242650349784e+01
4.257298455799252146e-01 -2.680949091186523248e+01
4.208363990790064957e-01 -2.669886427586873623e+01
4.159429525780879988e-01 -2.672991028035481520e+01
4.110495060771692799e-01 -2.662078993250529635e+01
4.061560595762505610e-01 -2.665289066085815861e+01
4.012626130753318421e-01 -2.654523922373453715e+01
3.963691665744131232e-01 -2.657837238693237225e+01
3.914757200734944043e-01 -2.647215771255493166e+01
3.865822735725759074e-01 -2.650630819091797363e+01
3.816888270716571885e-01 -2.640148946660359286e+01
3.767953805707384696e-01 -2.643663512700398854e+01
3.719019340698197507e-01 -2.633318078791300820e+01
3.670084875689010318e-01 -2.636930181198119882e+01
3.621150410679825349e-01 -2.626717595647176040e+01
3.572215945670638160e-01 -2.630425034662882666e+01
3.523281480661450971e-01 -2.620341655349731269e+01
3.474347015652263782e-01 -2.624142404734293876e+01
3.425412550643076592e-01 -2.614184856109618948e+01
3.376478085633889403e-01 -2.618076508458455365e+01
3.327543620624704435e-01 -2.608241273956298656e+01
3.278609155615517246e-01 -2.612221849034627752e+01
3.229674690606330056e-01 -2.602505027160644246e+01
3.180740225597142867e-01 -2.606571978098550701e+01
3.131805760587955678e-01 -2.596970940882364332e+01
3.082871295578768489e-01 -2.601122654037475712e+01
3.033936830569583520e-01 -2.591632982228597015e+01
2.985002365560396331e-01 -2.595866956176757157e+01
2.936067900551209142e-01 -2.586485522842407647e+01
2.887133435542021953e-01 -2.590799615758260543e+01
2.838198970532834764e-01 -2.581523201370239207e+01
2.789264505523647575e-01 -2.585915192591349410e+01
2.740330040514462606e-01 -2.576740612004597963e+01
2.691395575505275417e-01 -2.581207996470133281e+01
2.642461110496088228e-01 -2.572132115046182932e+01
2.593526645486901039e-01 -2.576672883631388444e+01
2.544592180477713850e-01 -2.567692453715006451e+01
2.495657715468526661e-01 -2.572304510676066158e+01
2.446723250459341692e-01 -2.563416456476847216e+01
2.397788785450154503e-01 -2.568097542775471709e+01
2.348854320440967314e-01 -2.559298949127196465e+01
2.299919855431780125e-01 -2.564047199401855437e+01
2.250985390422592936e-01 -2.555334786656697332e+01
2.202050925413405746e-01 -2.560147894109089961e+01
2.153116460404220778e-01 -2.551519108505249278e+01
2.104181995395033589e-01 -2.556395294698079468e+01
2.055247530385846400e-01 -2.547847185363768929e+01
2.006313065376659210e-01 -2.552784272638956864e+01
1.957378600367472021e-01 -2.544313906224569166e+01
1.908444135358284832e-01 -2.549309967422484746e+01
1.859509670349099864e-01 -2.540915026448567460e+01
1.810575205339912674e-01 -2.545968061930338422e+01
1.761640740330725485e-01 -2.537645788447062145e+01
1.712706275321538296e-01 -2.542754302622476814e+01
1.663771810312351107e-01 -2.534502161560058653e+01
1.614837345303163918e-01 -2.539663891016643049e+01
1.565902880293978949e-01 -2.531479416580200947e+01
1.516968415284791760e-01 -2.536692937240600543e+01
1.468033950275604571e-01 -2.528573697153727196e+01
1.419099485266417382e-01 -2.533837039413452175e+01
1.370165020257230193e-01 -2.525780754063924149e+01
1.321230555248043004e-01 -2.531091877975464399e+01
1.272296090238858035e-01 -2.523096199061075140e+01
1.223361625229670846e-01 -2.528454233373005877e+01
1.174427160220483657e-01 -2.520517063293457127e+01
1.125492695211296468e-01 -2.525919832102458074e+01
1.076558230202109279e-01 -2.518039200541177536e+01
1.027623765192922090e-01 -2.523485719350179579e+01
9.786893001837371209e-02 -2.515658979339599810e+01
9.297548351745499318e-02 -2.521147036565144717e+01
8.808203701653627427e-02 -2.513372750218709228e+01
8.318859051561755535e-02 -2.518901305160522597e+01
7.829514401469883644e-02 -2.511177070337930672e+01
7.340169751378011753e-02 -2.516744428202310857e+01
6.850825101286162067e-02 -2.509068853632609120e+01
6.361480451194290175e-02 -2.514673784891764186e+01
5.872135801102418284e-02 -2.507044918416341162e+01
5.382791151010546393e-02 -2.512685771458943407e+01
4.893446500918674502e-02 -2.505101754735310848e+01
4.404101850826802611e-02 -2.510777787984212139e+01
3.914757200734952924e-02 -2.503236770070393646e+01
3.425412550643081033e-02 -2.508946077346801928e+01
2.936067900551209142e-02 -2.501446837031046400e+01
2.446723250459337251e-02 -2.507188736241658589e+01
1.957378600367465360e-02 -2.499729106140136636e+01
1.468033950275593469e-02 -2.505502221094767279e+01
9.786893001837437822e-03 -2.498081150105794634e+01
4.893446500918718911e-03 -2.503884301249186350e+01
0.000000000000000000e+00 -2.496500005366007713e+01
-4.893446500918496866e-03 -2.502331962585449077e+01
-9.786893001837437822e-03 -2.494982998809814490e+01
-1.468033950275593469e-02 -2.500842331949869646e+01
-1.957378600367465360e-02 -2.493527944844563748e+01
-2.446723250459315047e-02 -2.499414004058838046e+01
-2.936067900551209142e-02 -2.492132530390421152e+01
-3.425412550643058829e-02 -2.498044397048949961e+01
-3.914757200734952924e-02 -2.490794485270182435e+01
-4.404101850826802611e-02 -2.496731120071411070e+01
-4.893446500918674502e-02 -2.489511495590209833e+01
-5.382791151010524189e-02 -2.495472339070637346e+01
-5.872135801102418284e-02 -2.488281257095336940e+01
-6.361480451194267971e-02 -2.494264687093098942e+01
-6.850825101286162067e-02 -2.487101719385782772e+01
-7.340169751378011753e-02 -2.493106963043212687e+01
-7.829514401469883644e-02 -2.485971224543252944e+01
-8.318859051561733331e-02 -2.491997857106526482e+01
-8.808203701653627427e-02 -2.484887521845499592e+01
-9.297548351745477113e-02 -2.490934374109903970e+01
-9.786893001837371209e-02 -2.483848969217935831e+01
-1.027623765192922090e-01 -2.489915374399821602e+01
-1.076558230202109279e-01 -2.482853443145751982e+01
-1.125492695211294247e-01 -2.488938559900920211e+01
-1.174427160220483657e-01 -2.481899728164673036e+01
-1.223361625229668626e-01 -2.488002953414916263e+01
-1.272296090238858035e-01 -2.480985737838744498e+01
-1.321230555248043004e-01 -2.487105994084676652e+01
-1.370165020257230193e-01 -2.480110190556844074e+01
-1.419099485266415162e-01 -2.486247109578450321e+01
-1.468033950275604571e-01 -2.479271150410969682e+01
-1.516968415284789540e-01 -2.485424406255086538e+01
-1.565902880293978949e-01 -2.478467642949422611e+01
-1.614837345303163918e-01 -2.484635907389323606e+01
-1.663771810312351107e-01 -2.477697842763264902e+01
-1.712706275321536076e-01 -2.483880912450154810e+01
-1.761640740330725485e-01 -2.476960527369181264e+01
-1.810575205339910454e-01 -2.483157785237629867e+01
-1.859509670349099864e-01 -2.476254508717854819e+01
-1.908444135358284832e-01 -2.482465223312377489e+01
-1.957378600367472021e-01 -2.475578350245158177e+01
-2.006313065376656990e-01 -2.481802015584310084e+01
-2.055247530385846400e-01 -2.474930958684285542e+01
-2.104181995395031368e-01 -2.481167365392049007e+01
-2.153116460404220778e-01 -2.474311115595499544e+01
-2.202050925413405746e-01 -2.480559339803059871e+01
-2.250985390422592936e-01 -2.473717623570759727e+01
-2.299919855431777904e-01 -2.479977519404093300e+01
-2.348854320440967314e-01 -2.473149511973062786e+01
-2.397788785450152282e-01 -2.479420430755615357e+01
-2.446723250459341692e-01 -2.472605494232178103e+01
-2.495657715468526661e-01 -2.478886878484090417e+01
-2.544592180477713850e-01 -2.472084703852335252e+01
-2.593526645486898818e-01 -2.478376042709350102e+01
-2.642461110496088228e-01 -2.471586327489217183e+01
-2.691395575505273197e-01 -2.477887557754516834e+01
-2.740330040514462606e-01 -2.471109456380208158e+01
-2.789264505523647575e-01 -2.477420203552246036e+01
-2.838198970532834764e-01 -2.470653011194864845e+01
-2.887133435542019733e-01 -2.476972649103800350e+01
-2.936067900551209142e-01 -2.470215995788574048e+01
-2.985002365560394111e-01 -2.476543987630208221e+01
-3.033936830569583520e-01 -2.469797821299235352e+01
-3.082871295578768489e-01 -2.476134145711263557e+01
-3.131805760587955678e-01 -2.469397965113321547e+01
-3.180740225597140647e-01 -2.475742253392537506e+01
-3.229674690606330056e-01 -2.469015183359781318e+01
-3.278609155615515025e-01 -2.475366907170613828e+01
-3.327543620624704435e-01 -2.468649257481892079e+01
-3.376478085633889403e-01 -2.475008490117390991e+01
-3.425412550643076592e-01 -2.468299079081217329e+01
-3.474347015652261561e-01 -2.474665024922688872e+01
-3.523281480661450971e-01 -2.467963798039754408e+01
-3.572215945670635939e-01 -2.474336327133178770e+01
-3.621150410679825349e-01 -2.467643256200154411e+01
-3.670084875689010318e-01 -2.474022579040527248e+01
-3.719019340698197507e-01 -2.467336568527221630e+01
-3.767953805707382475e-01 -2.473721520029704379e+01
-3.816888270716571885e-01 -2.467043260625203516e+01
-3.865822735725756853e-01 -2.473434323272705271e+01
-3.914757200734944043e-01 -2.466763128738403665e+01
-3.963691665744131232e-01 -2.473159747263590447e+01
-4.012626130753318421e-01 -2.466494917043049995e+01
-4.061560595762503389e-01 -2.472896925125121825e+01
-4.110495060771692799e-01 -2.466238491668701016e+01
-4.159429525780877768e-01 -2.472645584971109756e+01
-4.208363990790064957e-01 -2.465993137639363653e+01
-4.257298455799252146e-01 -2.472404993489583447e+01
-4.306232920808441555e-01 -2.465758606694539168e+01
-4.355167385817626524e-01 -2.472175409011840586e+01
-4.404101850826811493e-01 -2.465534141235351484e+01
-4.453036315835996461e-01 -2.471954809595743896e+01
-4.501970780845185871e-01 -2.465319651463826744e+01
-4.550905245854370840e-01 -2.471745181096394006e+01
-4.599839710863560249e-01 -2.465114878107706886e+01
-4.648774175872745218e-01 -2.471544534454345765e+01
-4.697708640881934627e-01 -2.464918935572306680e+01
-4.746643105891119596e-01 -2.471352422180175523e+01
-4.795577570900309006e-01 -2.464731751632690404e+01
-4.844512035909493974e-01 -2.471169267832438976e+01
-4.893446500918683384e-01 -2.464552684453328624e+01
-4.942380965927868353e-01 -2.470993697586059312e+01
-4.991315430937053321e-01 -2.464381486282348632e+01
-5.040249895946238290e-01 -2.470825996932984125e+01
-5.089184360955427699e-01 -2.464217931213377710e+01
-5.138118825964612668e-01 -2.470665749511718801e+01
-5.187053290973802078e-01 -2.464061523132324183e+01
-5.235987755982987046e-01 -2.470512430953979433e+01
-5.284922220992176456e-01 -2.463911982701619507e+01
-5.333856686001361425e-01 -2.470365964940389247e+01
-5.382791151010550834e-01 -2.463769146575927493e+01
-5.431725616019735803e-01 -2.470225893452962396e+01
-5.480660081028925212e-01 -2.463632477595011139e+01
-5.529594546038110181e-01 -2.470092081375122817e+01
-5.578529011047295150e-01 -2.463502162501017168e+01
-5.627463476056480118e-01 -2.469964543660481837e+01
-5.676397941065669528e-01 -2.463377686004638534e+01
-5.725332406074854497e-01 -2.469842663955688522e+01
-5.774266871084043906e-01 -2.463258540242513206e+01
-5.823201336093228875e-01 -2.469725978012085221e+01
-5.872135801102418284e-01 -2.463144784723917979e+01
-5.921070266111603253e-01 -2.469614583384196038e+01
-5.970004731120792663e-01 -2.463036090469360673e+01
-6.018939196129977631e-01 -2.469508183517455890e+01
-6.067873661139167041e-01 -2.462932139790852659e+01
-6.116808126148352009e-01 -2.469406162465413246e+01
-6.165742591157536978e-01 -2.462832688725789154e+01
-6.214677056166721947e-01 -2.469308688227335580e+01
-6.263611521175911356e-01 -2.462737690124511758e+01
-6.312545986185096325e-01 -2.469215812861124348e+01
-6.361480451194285735e-01 -2.462647260920206804e+01
-6.410414916203470703e-01 -2.469127113113403382e+01
-6.459349381212660113e-01 -2.462560599110921089e+01
-6.508283846221845081e-01 -2.469042245152791537e+01
-6.557218311231034491e-01 -2.462477914784749089e+01
-6.606152776240219460e-01 -2.468961173578897927e+01
-6.655087241249408869e-01 -2.462398914057413535e+01
-6.704021706258593838e-01 -2.468884246495564838e+01
-6.752956171267778807e-01 -2.462323501586914531e+01
-6.801890636276963775e-01 -2.468809853286743206e+01
-6.850825101286153185e-01 -2.462251515680948799e+01
-6.899759566295338153e-01 -2.468739592463175470e+01
-6.948694031304527563e-01 -2.462182710952758669e+01
-6.997628496313712532e-01 -2.468672333145141451e+01
-7.046562961322901941e-01 -2.462117001291910512e+01
-7.095497426332086910e-01 -2.468607744725545317e+01
-7.144431891341276319e-01 -2.462054034703572825e+01
-7.193366356350461288e-01 -2.468546436182657899e+01
-7.242300821359650698e-01 -2.461994040730794353e+01
-7.291235286368835666e-01 -2.468487214889526271e+01
-7.340169751378020635e-01 -2.461936645787557509e+01
-7.389104216387205604e-01 -2.468431206436157410e+01
-7.438038681396395013e-01 -2.461882057927449452e+01
-7.486973146405579982e-01 -2.468377937037150005e+01
-7.535907611414769391e-01 -2.461829746729532786e+01
-7.584842076423954360e-01 -2.468326397145589013e+01
-7.633776541433143770e-01 -2.461779862187703216e+01
-7.682711006442328738e-01 -2.468277802251179764e+01
-7.731645471451518148e-01 -2.461732251917521452e+01
-7.780579936460703117e-01 -2.468231032409668302e+01
-7.829514401469888085e-01 -2.461686781870524143e+01
-7.878448866479077495e-01 -2.468186573359171376e+01
-7.927383331488262463e-01 -2.461643307317097751e+01
-7.976317796497447432e-01 -2.468143982035319084e+01
-8.025252261506636842e-01 -2.461601792526244026e+01
-8.074186726515821810e-01 -2.468103337910970296e+01
-8.123121191525011220e-01 -2.461562106552123907e+01
-8.172055656534196189e-01 -2.468064429244995139e+01
-8.220990121543385598e-01 -2.461524229863485047e+01
-8.269924586552570567e-01 -2.468027394053141066e+01
-8.318859051561759976e-01 -2.461488085199992071e+01
-8.367793516570944945e-01 -2.467992062454223401e+01
-8.416727981580129914e-01 -2.461453429438273233e+01
-8.465662446589314882e-01 -2.467957959264119694e+01
-8.514596911598504292e-01 -2.461420415166219300e+01
-8.563531376607689261e-01 -2.467925826746622775e+01
-8.612465841616878670e-01 -2.461388977025349689e+01
-8.661400306626063639e-01 -2.467894959742228167e+01
-8.710334771635253048e-01 -2.461359033177693689e+01
-8.759269236644438017e-01 -2.467865711161295295e+01
-8.808203701653627427e-01 -2.461330341466267768e+01
-8.857138166662812395e-01 -2.467837559432983596e+01
-8.906072631672001805e-01 -2.461303000233968064e+01
-8.955007096681186773e-01 -2.467810825169880928e+01
-9.003941561690371742e-01 -2.461276794560750503e+01
-9.052876026699556711e-01 -2.467785123570759609e+01
-9.101810491708746120e-01 -2.461252017237345058e+01
-9.150744956717931089e-01 -2.467761135533650929e+01
-9.199679421727120499e-01 -2.461228218053181749e+01
-9.248613886736305467e-01 -2.467737392807006813e+01
-9.297548351745494877e-01 -2.461205407053629557e+01
-9.346482816754679845e-01 -2.467715178756713712e+01
-9.395417281763864814e-01 -2.461183874944051198e+01
-9.444351746773054224e-01 -2.467694317372640000e+01
-9.493286211782239192e-01 -2.461163151016235418e+01
-9.542220676791428602e-01 -2.467673768234253018e+01
-9.591155141800613571e-01 -2.461143455708821293e+01
-9.640089606809798539e-01 -2.467654708379109962e+01
-9.689024071818983508e-01 -2.461124787012736093e+01
-9.737958536828172917e-01 -2.467636284154256288e+01
-9.786893001837357886e-01 -2.461106844100952173e+01
-9.835827466846547296e-01 -2.467618836898803991e+01
-9.884761931855732264e-01 -2.461089688771565420e+01
-9.933696396864921674e-01 -2.467602049051920687e+01
-9.982630861874106643e-01 -2.461073436203002984e+01
-1.003156532688329605e+00 -2.467586206741332688e+01
-1.008049979189248102e+00 -2.461057897872924372e+01
-1.012943425690167043e+00 -2.467570829391479847e+01
-1.017836872191085540e+00 -2.461043276418050496e+01
-1.022730318692004037e+00 -2.467556808191935502e+01
-1.027623765192922534e+00 -2.461029191716512088e+01
-1.032517211693841475e+00 -2.467542843373616890e+01
-1.037410658194759971e+00 -2.461015800399780318e+01
-1.042304104695678912e+00 -2.467529891789753904e+01
-1.047197551196597409e+00 -2.461002979303995275e+01
-1.052090997697516350e+00 -2.467517176615397290e+01
-1.056984444198434847e+00 -2.460990848286946786e+01
-1.061877890699353788e+00 -2.467505308914184070e+01
-1.066771337200272285e+00 -2.460979309056599718e+01
-1.071664783701191226e+00 -2.467494252624511475e+01
-1.076558230202109723e+00 -2.460968408177693689e+01
-1.081451676703028220e+00 -2.467483435440063033e+01
-1.086345123203946716e+00 -2.460958050638834393e+01
-1.091238569704865657e+00 -2.467473288675944332e+01
-1.096132016205784154e+00 -2.460948341598510680e+01
-1.101025462706703095e+00 -2.467464028269449727e+01
-1.105918909207621592e+00 -2.460939156545003215e+01
-1.110812355708540533e+00 -2.467454975204467260e+01
-1.115705802209459030e+00 -2.460930430221557685e+01
-1.120599248710377971e+00 -2.467446529871623184e+01
-1.125492695211296468e+00 -2.460922233632405920e+01
-1.130386141712215409e+00 -2.467438630015054812e+01
-1.135279588213133906e+00 -2.460914644648234173e+01
-1.140173034714052402e+00 -2.467431241836547784e+01
-1.145066481214970899e+00 -2.460907456919351688e+01
-1.149959927715889840e+00 -2.467424036254882225e+01
-1.154853374216808337e+00 -2.460900930277506049e+01
-1.159746820717727278e+00 -2.467417890574137473e+01
-1.164640267218645775e+00 -2.460894867960611876e+01
-1.169533713719564716e+00 -2.467412046279907045e+01
-1.174427160220483213e+00 -2.460889276936849157e+01
-1.179320606721402154e+00 -2.467406792653401482e+01
-1.184214053222320651e+00 -2.460883995310465622e+01
-1.189107499723239592e+00 -2.467401570231119834e+01
-1.194000946224158088e+00 -2.460879214248657831e+01
-1.198894392725076585e+00 -2.467397172215779833e+01
-1.203787839225995082e+00 -2.460875047073364286e+01
-1.208681285726914023e+00 -2.467393213272094599e+01
-1.213574732227832520e+00 -2.460871380894979055e+01
-1.218468178728751461e+00 -2.467389598973592157e+01
-1.223361625229669958e+00 -2.460868137435912928e+01
-1.228255071730588899e+00 -2.467386813278199043e+01
-1.233148518231507396e+00 -2.460865418777465763e+01
-1.238041964732426337e+00 -2.467384167938231698e+01
-1.242935411233344833e+00 -2.460863022410075374e+01
-1.247828857734263774e+00 -2.467382057266235051e+01
-1.252722304235182271e+00 -2.460861134974161857e+01
-1.257615750736100768e+00 -2.467380429865519176e+01
-1.262509197237019265e+00 -2.460859937845865630e+01
-1.267402643737938206e+00 -2.467379537582397475e+01
-1.272296090238856703e+00 -2.460859452845255291e+01
-1.277189536739775644e+00 -2.467379043909708614e+01
-1.282082983240694141e+00 -2.460859133580525793e+01
-1.286976429741613082e+00 -2.467379184722900476e+01
-1.291869876242531578e+00 -2.460859631271362602e+01
-1.296763322743450519e+00 -2.467380349655151406e+01
-1.301656769244369016e+00 -2.460861047058105200e+01
-1.306550215745287957e+00 -2.467381380106608191e+01
-1.311443662246206454e+00 -2.460862467117309649e+01
-1.316337108747124951e+00 -2.467383481699625492e+01
-1.321230555248043448e+00 -2.460864863306681372e+01
-1.326124001748962389e+00 -2.467386179784138633e+01
-1.331017448249880886e+00 -2.460867972208658827e+01
-1.335910894750799827e+00 -2.467389713261921713e+01
-1.340804341251718323e+00 -2.460871826833089315e+01
-1.345697787752637264e+00 -2.467393791300456130e+01
-1.350591234253555761e+00 -2.460876437708536457e+01
-1.355484680754474702e+00 -2.467398904088338796e+01
-1.360378127255393199e+00 -2.460882010752359861e+01
-1.365271573756312140e+00 -2.467404903004964112e+01
-1.370165020257230637e+00 -2.460888536427815509e+01
-1.375058466758149134e+00 -2.467411894149780949e+01
-1.379951913259067631e+00 -2.460896128972371244e+01
-1.384845359759986572e+00 -2.467420063501993610e+01
-1.389738806260905069e+00 -2.460904908828735316e+01
-1.394632252761824009e+00 -2.467429384613037158e+01
-1.399525699262742506e+00 -2.460914981969197157e+01
-1.404419145763661447e+00 -2.467440120468139853e+01
-1.409312592264579944e+00 -2.460926512095133134e+01
-1.414206038765498885e+00 -2.467452332789103053e+01
-1.419099485266417382e+00 -2.460939668172200712e+01
-1.423992931767336323e+00 -2.467466406606038376e+01
-1.428886378268254820e+00 -2.460954756851196379e+01
-1.433779824769173317e+00 -2.467482454859415952e+01
-1.438673271270091814e+00 -2.460972036158243625e+01
-1.443566717771010754e+00 -2.467500831502278302e+01
-1.448460164271929251e+00 -2.460991988423664978e+01
-1.453353610772848192e+00 -2.467522118123372366e+01
-1.458247057273766689e+00 -2.461015050201416443e+01
-1.463140503774685630e+00 -2.467546725362141657e+01
-1.468033950275604127e+00 -2.461042160644531052e+01
-1.472927396776523068e+00 -2.467576176198323878e+01
-1.477820843277441565e+00 -2.461073781483968048e+01
-1.482714289778360506e+00 -2.467609506912231510e+01
-1.487607736279279003e+00 -2.461113998896280819e+01
-1.492501182780197500e+00 -2.467656045354206995e+01
-1.497394629281115996e+00 -2.461154601821899846e+01
-1.502288075782034937e+00 -2.467690169677734602e+01
-1.507181522282953434e+00 -2.461242317428588322e+01
-1.512074968783872375e+00 -2.467829846750895939e+01
-1.516968415284790872e+00 -2.461209809163411677e+01
-1.521861861785709813e+00 -2.467624494679768787e+01
-1.526755308286628310e+00 -2.461789136657715105e+01
-1.531648754787547251e+00 -2.468979560572306298e+01
-1.536542201288465748e+00 -2.459971552963256869e+01
-1.541435647789384689e+00 -2.464004186248779149e+01
-1.546329094290303185e+00 -2.469267768249512329e+01
-1.551222540791221682e+00 -2.487465334981282794e+01
-1.556115987292140179e+00 -2.425579863382975532e+01
-1.561009433793059120e+00 -2.377126081797281643e+01
-1.565902880293977617e+00 -2.748562812525431553e+01
-1.570796326794896558e+00 -3.134389859491983898e+01
