1.570796326794896558e+00 -1.199727369072755432e+11
1.565902880293977839e+00 -1.199998031730647583e+11
1.561009433793059120e+00 -1.199782882834205017e+11
1.556115987292140623e+00 -1.199718257609991150e+11
1.551222540791221904e+00 -1.199847106798523560e+11
1.546329094290303185e+00 -1.199784890243294067e+11
1.541435647789384467e+00 -1.199799644436674805e+11
1.536542201288465748e+00 -1.199783264638757324e+11
1.531648754787547029e+00 -1.199801656477705994e+11
1.526755308286628532e+00 -1.199790719836667175e+11
1.521861861785709813e+00 -1.199800776441100616e+11
1.516968415284791094e+00 -1.199795447627929382e+11
1.512074968783872375e+00 -1.199803910570021057e+11
1.507181522282953656e+00 -1.199801012531882324e+11
1.502288075782034937e+00 -1.199807964764085236e+11
1.497394629281116440e+00 -1.199806835952681885e+11
1.492501182780197722e+00 -1.199813079947313690e+11
1.487607736279279003e+00 -1.199813120267148438e+11
1.482714289778360284e+00 -1.199818893799208832e+11
1.477820843277441565e+00 -1.199819795513529968e+11
1.472927396776522846e+00 -1.199825281145945892e+11
1.468033950275604349e+00 -1.199826821259797363e+11
1.463140503774685630e+00 -1.199832108830309296e+11
1.458247057273766911e+00 -1.199834131606601105e+11
1.453353610772848192e+00 -1.199839272841995392e+11
1.448460164271929473e+00 -1.199841659137785797e+11
1.443566717771010754e+00 -1.199846678577457428e+11
1.438673271270092258e+00 -1.199849334721941681e+11
1.433779824769173539e+00 -1.199854241386642914e+11
1.428886378268254820e+00 -1.199857091266259460e+11
1.423992931767336101e+00 -1.199861884551316528e+11
1.419099485266417382e+00 -1.199864865229332733e+11
1.414206038765498885e+00 -1.199869539053905487e+11
1.409312592264580166e+00 -1.199872597910169220e+11
1.404419145763661447e+00 -1.199877143363429260e+11
1.399525699262742728e+00 -1.199880236225771027e+11
1.394632252761824009e+00 -1.199884643349846954e+11
1.389738806260905291e+00 -1.199887733181043854e+11
1.384845359759986572e+00 -1.199891992143512726e+11
1.379951913259068075e+00 -1.199895048071261749e+11
1.375058466758149356e+00 -1.199899149928163452e+11
1.370165020257230637e+00 -1.199902146477183990e+11
1.365271573756311918e+00 -1.199906083640062103e+11
1.360378127255393199e+00 -1.199909000090209503e+11
1.355484680754474702e+00 -1.199912766579096375e+11
1.350591234253555983e+00 -1.199915586411499939e+11
1.345697787752637264e+00 -1.199919177963466034e+11
1.340804341251718546e+00 -1.199921888361484222e+11
1.335910894750799827e+00 -1.199925302427570190e+11
1.331017448249881330e+00 -1.199927893813789673e+11
1.326124001748962611e+00 -1.199931129476410065e+11
1.321230555248043892e+00 -1.199933595113015747e+11
1.316337108747125173e+00 -1.199936652978356323e+11
1.311443662246206454e+00 -1.199938988564336395e+11
1.306550215745287735e+00 -1.199941870590292969e+11
1.301656769244369016e+00 -1.199944073902381287e+11
1.296763322743450519e+00 -1.199946783223055878e+11
1.291869876242531801e+00 -1.199948853823503418e+11
1.286976429741613082e+00 -1.199951394606780701e+11
1.282082983240694363e+00 -1.199953333506810303e+11
1.277189536739775644e+00 -1.199955710731720734e+11
1.272296090238857147e+00 -1.199957520173299713e+11
1.267402643737938428e+00 -1.199959739513379059e+11
1.262509197237019709e+00 -1.199961422697485962e+11
1.257615750736100990e+00 -1.199963490328642883e+11
1.252722304235182271e+00 -1.199965051227521057e+11
1.247828857734263552e+00 -1.199966973712678528e+11
1.242935411233344833e+00 -1.199968416893856506e+11
1.238041964732426337e+00 -1.199970201053905182e+11
1.233148518231507618e+00 -1.199971531502399750e+11
1.228255071730588899e+00 -1.199973184295375214e+11
1.223361625229670180e+00 -1.199974407302762756e+11
1.218468178728751461e+00 -1.199975935747316742e+11
1.213574732227832964e+00 -1.199977056787558441e+11
1.208681285726914245e+00 -1.199978467876899719e+11
1.203787839225995526e+00 -1.199979492505199432e+11
1.198894392725076807e+00 -1.199980793131264954e+11
1.194000946224158088e+00 -1.199981726920848846e+11
1.189107499723239370e+00 -1.199982923837032776e+11
1.184214053222320651e+00 -1.199983772304498901e+11
1.179320606721402154e+00 -1.199984872071897278e+11
1.174427160220483435e+00 -1.199985640627148743e+11
1.169533713719564716e+00 -1.199986649584250641e+11
1.164640267218646219e+00 -1.199987343491779480e+11
1.159746820717727278e+00 -1.199988267731856842e+11
1.154853374216808781e+00 -1.199988892081275177e+11
1.149959927715890062e+00 -1.199989737430685272e+11
1.145066481214971343e+00 -1.199990297110905151e+11
1.140173034714052624e+00 -1.199991069119982300e+11
1.135279588213133906e+00 -1.199991568807264099e+11
1.130386141712215409e+00 -1.199992272746181946e+11
1.125492695211296690e+00 -1.199992716888096619e+11
1.120599248710377971e+00 -1.199993357740482483e+11
1.115705802209459252e+00 -1.199993750556033325e+11
1.110812355708540533e+00 -1.199994333023100739e+11
1.105918909207622036e+00 -1.199994678499544067e+11
1.101025462706703095e+00 -1.199995207007992401e+11
1.096132016205784598e+00 -1.199995508896359863e+11
1.091238569704865879e+00 -1.199995987597911377e+11
1.086345123203947161e+00 -1.199996249427667542e+11
1.081451676703028442e+00 -1.199996682213106079e+11
1.076558230202109723e+00 -1.199996907287737122e+11
1.071664783701191226e+00 -1.199997297793038025e+11
1.066771337200272507e+00 -1.199997489201001129e+11
1.061877890699353788e+00 -1.199997840819644165e+11
1.056984444198435069e+00 -1.199998001444119415e+11
1.052090997697516350e+00 -1.199998317340001984e+11
1.047197551196597853e+00 -1.199998449866397400e+11
1.042304104695678912e+00 -1.199998732984647827e+11
1.037410658194760416e+00 -1.199998839904898071e+11
1.032517211693841697e+00 -1.199999092976173706e+11
1.027623765192922978e+00 -1.199999176611214447e+11
1.022730318692004481e+00 -1.199999402175626831e+11
1.017836872191085540e+00 -1.199999464669872589e+11
1.012943425690167043e+00 -1.199999665079996948e+11
1.008049979189248324e+00 -1.199999708422636108e+11
1.003156532688329605e+00 -1.199999885856999817e+11
9.982630861874108863e-01 -1.199999911883291931e+11
9.933696396864922784e-01 -1.200000068357498779e+11
9.884761931855735595e-01 -1.200000078765084686e+11
9.835827466846548406e-01 -1.200000216144516907e+11
9.786893001837362327e-01 -1.200000212494791565e+11
9.737958536828175138e-01 -1.200000332495310059e+11
9.689024071818987949e-01 -1.200000316233517456e+11
9.640089606809801870e-01 -1.200000420446114349e+11
9.591155141800614681e-01 -1.200000392894318237e+11
9.542220676791427492e-01 -1.200000482782228088e+11
9.493286211782241413e-01 -1.200000445159861603e+11
9.444351746773054224e-01 -1.200000522069373474e+11
9.395417281763867035e-01 -1.200000475495453491e+11
9.346482816754680956e-01 -1.200000540669042358e+11
9.297548351745493767e-01 -1.200000486167695618e+11
9.248613886736306577e-01 -1.200000540745788269e+11
9.199679421727120499e-01 -1.200000479259568939e+11
9.150744956717933309e-01 -1.200000524292269287e+11
9.101810491708746120e-01 -1.200000456680958557e+11
9.052876026699560041e-01 -1.200000493131563721e+11
9.003941561690372852e-01 -1.200000420179560242e+11
8.955007096681185663e-01 -1.200000448931239471e+11
8.906072631671999584e-01 -1.200000371357559204e+11
8.857138166662812395e-01 -1.200000393221161499e+11
8.808203701653625206e-01 -1.200000311682447052e+11
8.759269236644439127e-01 -1.200000327403281097e+11
8.710334771635251938e-01 -1.200000242493287964e+11
8.661400306626064749e-01 -1.200000252747417297e+11
8.612465841616878670e-01 -1.200000165012009888e+11
8.563531376607691481e-01 -1.200000170425985413e+11
8.514596911598504292e-01 -1.200000080355056458e+11
8.465662446589318213e-01 -1.200000081496159973e+11
8.416727981580131024e-01 -1.199999989536510010e+11
8.367793516570943835e-01 -1.199999986923600006e+11
8.318859051561757756e-01 -1.199999893479953918e+11
8.269924586552570567e-01 -1.199999887585397644e+11
8.220990121543383378e-01 -1.199999793026004639e+11
8.172055656534197299e-01 -1.199999784284666443e+11
8.123121191525010110e-01 -1.199999688937164917e+11
8.074186726515822921e-01 -1.199999677739610291e+11
8.025252261506636842e-01 -1.199999581902256165e+11
7.976317796497449653e-01 -1.199999568607098083e+11
7.927383331488262463e-01 -1.199999472547328644e+11
7.878448866479076385e-01 -1.199999457478497620e+11
7.829514401469890306e-01 -1.199999361434909515e+11
7.780579936460703117e-01 -1.199999344887190247e+11
7.731645471451517038e-01 -1.199999249073752747e+11
7.682711006442329849e-01 -1.199999231314246826e+11
7.633776541433142659e-01 -1.199999135920906067e+11
7.584842076423956581e-01 -1.199999117189585724e+11
7.535907611414769391e-01 -1.199999022387292786e+11
7.486973146405582202e-01 -1.199999002901060181e+11
7.438038681396396123e-01 -1.199998908839010010e+11
7.389104216387208934e-01 -1.199998888796007996e+11
7.340169751378021745e-01 -1.199998795602547455e+11
7.291235286368835666e-01 -1.199998775177663269e+11
7.242300821359648477e-01 -1.199998682974090576e+11
7.193366356350461288e-01 -1.199998662326724243e+11
7.144431891341275209e-01 -1.199998571207746735e+11
7.095497426332088020e-01 -1.199998550476869507e+11
7.046562961322900831e-01 -1.199998460533209229e+11
6.997628496313714752e-01 -1.199998439848947754e+11
6.948694031304527563e-01 -1.199998351153033142e+11
6.899759566295340374e-01 -1.199998330624109802e+11
6.850825101286154295e-01 -1.199998243239864807e+11
6.801890636276967106e-01 -1.199998222968495178e+11
6.752956171267779917e-01 -1.199998136949694519e+11
6.704021706258593838e-01 -1.199998117021744537e+11
6.655087241249406649e-01 -1.199998032409796295e+11
6.606152776240219460e-01 -1.199998012905211945e+11
6.557218311231033381e-01 -1.199997929736700439e+11
6.508283846221846192e-01 -1.199997910722153625e+11
6.459349381212659003e-01 -1.199997829022478943e+11
6.410414916203472924e-01 -1.199997810555520477e+11
6.361480451194285735e-01 -1.199997730347080994e+11
6.312545986185098545e-01 -1.199997712480990601e+11
6.263611521175912467e-01 -1.199997633775594635e+11
6.214677056166725277e-01 -1.199997616550624390e+11
6.165742591157538088e-01 -1.199997539361440430e+11
6.116808126148352009e-01 -1.199997522816250916e+11
6.067873661139164820e-01 -1.199997447143067627e+11
6.018939196129977631e-01 -1.199997431308740234e+11
5.970004731120791552e-01 -1.199997357151331482e+11
5.921070266111604363e-01 -1.199997342052044983e+11
5.872135801102417174e-01 -1.199997269404928436e+11
5.823201336093231095e-01 -1.199997255061241455e+11
5.774266871084043906e-01 -1.199997183918768616e+11
5.725332406074856717e-01 -1.199997170349090729e+11
5.676397941065669528e-01 -1.199997100694755249e+11
5.627463476056484559e-01 -1.199997087906507263e+11
5.578529011047297370e-01 -1.199997019729051666e+11
5.529594546038110181e-01 -1.199997007734418182e+11
5.480660081028922992e-01 -1.199996941015103302e+11
5.431725616019735803e-01 -1.199996929816355286e+11
5.382791151010548614e-01 -1.199996864536208801e+11
5.333856686001363645e-01 -1.199996854136209564e+11
5.284922220992176456e-01 -1.199996790274214783e+11
5.235987755982989267e-01 -1.199996780673576660e+11
5.187053290973802078e-01 -1.199996718205939331e+11
5.138118825964614889e-01 -1.199996709401505127e+11
5.089184360955427699e-01 -1.199996648304175262e+11
5.040249895946242731e-01 -1.199996640290463867e+11
4.991315430937055542e-01 -1.199996580537632446e+11
4.942380965927868353e-01 -1.199996573307727509e+11
4.893446500918681163e-01 -1.199996514873818207e+11
4.844512035909493974e-01 -1.199996508420217285e+11
4.795577570900306785e-01 -1.199996451276458282e+11
4.746643105891121817e-01 -1.199996445588519287e+11
4.697708640881934627e-01 -1.199996389707241211e+11
4.648774175872747438e-01 -1.199996384774436646e+11
4.599839710863560249e-01 -1.199996330127979889e+11
4.550905245854373060e-01 -1.199996325938271027e+11
4.501970780845185871e-01 -1.199996272497192383e+11
4.453036315836000902e-01 -1.199996269038887177e+11
4.404101850826813713e-01 -1.199996216772657166e+11
4.355167385817626524e-01 -1.199996214031429749e+11
4.306232920808439335e-01 -1.199996162910264130e+11
4.257298455799252146e-01 -1.199996160871498260e+11
4.208363990790064957e-01 -1.199996110867644958e+11
4.159429525780879988e-01 -1.199996109517588196e+11
4.110495060771692799e-01 -1.199996060599566650e+11
4.061560595762505610e-01 -1.199996059921371155e+11
4.012626130753318421e-01 -1.199996012062498627e+11
3.963691665744131232e-01 -1.199996012043014526e+11
3.914757200734944043e-01 -1.199995965210373230e+11
3.865822735725759074e-01 -1.199995965832238770e+11
3.816888270716571885e-01 -1.199995919998874207e+11
3.767953805707384696e-01 -1.199995921247664490e+11
3.719019340698197507e-01 -1.199995876384003754e+11
3.670084875689010318e-01 -1.199995878243485718e+11
3.621150410679825349e-01 -1.199995834319457550e+11
3.572215945670638160e-01 -1.199995836772156830e+11
3.523281480661450971e-01 -1.199995793762512665e+11
3.474347015652263782e-01 -1.199995796796139832e+11
3.425412550643076592e-01 -1.199995754668665314e+11
3.376478085633889403e-01 -1.199995758263159790e+11
3.327543620624704435e-01 -1.199995716994066162e+11
3.278609155615517246e-01 -1.199995721136676636e+11
3.229674690606330056e-01 -1.199995680696623840e+11
3.180740225597142867e-01 -1.199995685370561218e+11
3.131805760587955678e-01 -1.199995645733541260e+11
3.082871295578768489e-01 -1.199995650924245148e+11
3.033936830569583520e-01 -1.199995612064571381e+11
2.985002365560396331e-01 -1.199995617755395508e+11
2.936067900551209142e-01 -1.199995579648197632e+11
2.887133435542021953e-01 -1.199995585825358429e+11
2.838198970532834764e-01 -1.199995548445034637e+11
2.789264505523647575e-01 -1.199995555094927063e+11
2.740330040514462606e-01 -1.199995518415217285e+11
2.691395575505275417e-01 -1.199995525522821350e+11
2.642461110496088228e-01 -1.199995489520213165e+11
2.593526645486901039e-01 -1.199995497070939789e+11
2.544592180477713850e-01 -1.199995461722217102e+11
2.495657715468526661e-01 -1.199995469704116669e+11
2.446723250459341692e-01 -1.199995434986426544e+11
2.397788785450154503e-01 -1.199995443383709869e+11
2.348854320440967314e-01 -1.199995409274248657e+11
2.299919855431780125e-01 -1.199995418075748749e+11
2.250985390422592936e-01 -1.199995384552694397e+11
2.202050925413405746e-01 -1.199995393746684265e+11
2.153116460404220778e-01 -1.199995360786555634e+11
2.104181995395033589e-01 -1.199995370358158264e+11
2.055247530385846400e-01 -1.199995337944035187e+11
2.006313065376659210e-01 -1.199995347883828735e+11
1.957378600367472021e-01 -1.199995315991446381e+11
1.908444135358284832e-01 -1.199995326286259918e+11
1.859509670349099864e-01 -1.199995294897842560e+11
1.810575205339912674e-01 -1.199995305537339630e+11
1.761640740330725485e-01 -1.199995274632055206e+11
1.712706275321538296e-01 -1.199995285605766144e+11
1.663771810312351107e-01 -1.199995255165615692e+11
1.614837345303163918e-01 -1.199995266463070831e+11
1.565902880293978949e-01 -1.199995236469353485e+11
1.516968415284791760e-01 -1.199995248079107208e+11
1.468033950275604571e-01 -1.199995218513571320e+11
1.419099485266417382e-01 -1.199995230428316803e+11
1.370165020257230193e-01 -1.199995201273844452e+11
1.321230555248043004e-01 -1.199995213484228516e+11
1.272296090238858035e-01 -1.199995184722403259e+11
1.223361625229670846e-01 -1.199995197216829529e+11
1.174427160220483657e-01 -1.199995168834805145e+11
1.125492695211296468e-01 -1.199995181607349396e+11
1.076558230202109279e-01 -1.199995153584637604e+11
1.027623765192922090e-01 -1.199995166625577087e+11
9.786893001837371209e-02 -1.199995138950313873e+11
9.297548351745499318e-02 -1.199995152254798737e+11
8.808203701653627427e-02 -1.199995124907082977e+11
8.318859051561755535e-02 -1.199995138462442322e+11
7.829514401469883644e-02 -1.199995111433115845e+11
7.340169751378011753e-02 -1.199995125238520508e+11
6.850825101286162067e-02 -1.199995098506967621e+11
6.361480451194290175e-02 -1.199995112550072632e+11
5.872135801102418284e-02 -1.199995086106078186e+11
5.382791151010546393e-02 -1.199995100385370331e+11
4.893446500918674502e-02 -1.199995074212185364e+11
4.404101850826802611e-02 -1.199995088717480011e+11
3.914757200734952924e-02 -1.199995062805420227e+11
3.425412550643081033e-02 -1.199995077534199982e+11
2.936067900551209142e-02 -1.199995051867182922e+11
2.446723250459337251e-02 -1.199995066810697937e+11
1.957378600367465360e-02 -1.199995041376154633e+11
1.468033950275593469e-02 -1.199995056531273651e+11
9.786893001837437822e-03 -1.199995031318519440e+11
4.893446500918718911e-03 -1.199995046681379700e+11
0.000000000000000000e+00 -1.199995021678209076e+11
-4.893446500918496866e-03 -1.199995037242776031e+11
-9.786893001837437822e-03 -1.199995012435491333e+11
-1.468033950275593469e-02 -1.199995028197256622e+11
-1.957378600367465360e-02 -1.199995003576061859e+11
-2.446723250459315047e-02 -1.199995019530023193e+11
-2.936067900551209142e-02 -1.199994995083981628e+11
-3.425412550643058829e-02 -1.199995011229035339e+11
-3.914757200734952924e-02 -1.199994986947133636e+11
-4.404101850826802611e-02 -1.199995003280114594e+11
-4.893446500918674502e-02 -1.199994979147844696e+11
-5.382791151010524189e-02 -1.199994995663665314e+11
-5.872135801102418284e-02 -1.199994971674360962e+11
-6.361480451194267971e-02 -1.199994988369357300e+11
-6.850825101286162067e-02 -1.199994964513999939e+11
-7.340169751378011753e-02 -1.199994981387029114e+11
-7.829514401469883644e-02 -1.199994957653908844e+11
-8.318859051561733331e-02 -1.199994974704642181e+11
-8.808203701653627427e-02 -1.199994951081364594e+11
-9.297548351745477113e-02 -1.199994968304961243e+11
-9.786893001837371209e-02 -1.199994944784348602e+11
-1.027623765192922090e-01 -1.199994962180346375e+11
-1.076558230202109279e-01 -1.199994938753130951e+11
-1.125492695211294247e-01 -1.199994956318708038e+11
-1.174427160220483657e-01 -1.199994932975138245e+11
-1.223361625229668626e-01 -1.199994950708931427e+11
-1.272296090238858035e-01 -1.199994927441632690e+11
-1.321230555248043004e-01 -1.199994945342532043e+11
-1.370165020257230193e-01 -1.199994922141170502e+11
-1.419099485266415162e-01 -1.199994940209487305e+11
-1.468033950275604571e-01 -1.199994917064538879e+11
-1.516968415284789540e-01 -1.199994935298619232e+11
-1.565902880293978949e-01 -1.199994912203709106e+11
-1.614837345303163918e-01 -1.199994930605258789e+11
-1.663771810312351107e-01 -1.199994907548066406e+11
-1.712706275321536076e-01 -1.199994926113395996e+11
-1.761640740330725485e-01 -1.199994903090012817e+11
-1.810575205339910454e-01 -1.199994921820921326e+11
-1.859509670349099864e-01 -1.199994898820472107e+11
-1.908444135358284832e-01 -1.199994917717226257e+11
-1.957378600367472021e-01 -1.199994894732499084e+11
-2.006313065376656990e-01 -1.199994913795205688e+11
-2.055247530385846400e-01 -1.199994890818842316e+11
-2.104181995395031368e-01 -1.199994910048265076e+11
-2.153116460404220778e-01 -1.199994887071009979e+11
-2.202050925413405746e-01 -1.199994906468798828e+11
-2.250985390422592936e-01 -1.199994883481162872e+11
-2.299919855431777904e-01 -1.199994903045635529e+11
-2.348854320440967314e-01 -1.199994880045046692e+11
-2.397788785450152282e-01 -1.199994899781426697e+11
-2.446723250459341692e-01 -1.199994876755848694e+11
-2.495657715468526661e-01 -1.199994896662796478e+11
-2.544592180477713850e-01 -1.199994873604353943e+11
-2.593526645486898818e-01 -1.199994893683320007e+11
-2.642461110496088228e-01 -1.199994870587832794e+11
-2.691395575505273197e-01 -1.199994890843474579e+11
-2.740330040514462606e-01 -1.199994867699409637e+11
-2.789264505523647575e-01 -1.199994888132555542e+11
-2.838198970532834764e-01 -1.199994864934019623e+11
-2.887133435542019733e-01 -1.199994885546414032e+11
-2.936067900551209142e-01 -1.199994862285027771e+11
-2.985002365560394111e-01 -1.199994883078960419e+11
-3.033936830569583520e-01 -1.199994859748307648e+11
-3.082871295578768489e-01 -1.199994880726805878e+11
-3.131805760587955678e-01 -1.199994857318292236e+11
-3.180740225597140647e-01 -1.199994878485182953e+11
-3.229674690606330056e-01 -1.199994854993096008e+11
-3.278609155615515025e-01 -1.199994876351730499e+11
-3.327543620624704435e-01 -1.199994852764548645e+11
-3.376478085633889403e-01 -1.199994874315430603e+11
-3.425412550643076592e-01 -1.199994850629260254e+11
-3.474347015652261561e-01 -1.199994872380177155e+11
-3.523281480661450971e-01 -1.199994848583571625e+11
-3.572215945670635939e-01 -1.199994870533393402e+11
-3.621150410679825349e-01 -1.199994846623634949e+11
-3.670084875689010318e-01 -1.199994868781501617e+11
-3.719019340698197507e-01 -1.199994844746973572e+11
-3.767953805707382475e-01 -1.199994867114407501e+11
-3.816888270716571885e-01 -1.199994842948996429e+11
-3.865822735725756853e-01 -1.199994865531341248e+11
-3.914757200734944043e-01 -1.199994841225246429e+11
-3.963691665744131232e-01 -1.199994864025875244e+11
-4.012626130753318421e-01 -1.199994839571847229e+11
-4.061560595762503389e-01 -1.199994862598416290e+11
-4.110495060771692799e-01 -1.199994837988076935e+11
-4.159429525780877768e-01 -1.199994861243347168e+11
-4.208363990790064957e-01 -1.199994836468797913e+11
-4.257298455799252146e-01 -1.199994859960434265e+11
-4.306232920808441555e-01 -1.199994835012387390e+11
-4.355167385817626524e-01 -1.199994858745196991e+11
-4.404101850826811493e-01 -1.199994833614265747e+11
-4.453036315835996461e-01 -1.199994857592115784e+11
-4.501970780845185871e-01 -1.199994832272391968e+11
-4.550905245854370840e-01 -1.199994856504742737e+11
-4.599839710863560249e-01 -1.199994830985594788e+11
-4.648774175872745218e-01 -1.199994855478541870e+11
-4.697708640881934627e-01 -1.199994829750369568e+11
-4.746643105891119596e-01 -1.199994854510184937e+11
-4.795577570900309006e-01 -1.199994828561299286e+11
-4.844512035909493974e-01 -1.199994853593528900e+11
-4.893446500918683384e-01 -1.199994827420251007e+11
-4.942380965927868353e-01 -1.199994852736052246e+11
-4.991315430937053321e-01 -1.199994826324018555e+11
-5.040249895946238290e-01 -1.199994851927129211e+11
-5.089184360955427699e-01 -1.199994825269474335e+11
-5.138118825964612668e-01 -1.199994851173523560e+11
-5.187053290973802078e-01 -1.199994824255739899e+11
-5.235987755982987046e-01 -1.199994850463563690e+11
-5.284922220992176456e-01 -1.199994823278311005e+11
-5.333856686001361425e-01 -1.199994849802307587e+11
-5.382791151010550834e-01 -1.199994822337671509e+11
-5.431725616019735803e-01 -1.199994849185846558e+11
-5.480660081028925212e-01 -1.199994821432178650e+11
-5.529594546038110181e-01 -1.199994848615417175e+11
-5.578529011047295150e-01 -1.199994820559177246e+11
-5.627463476056480118e-01 -1.199994848087221527e+11
-5.676397941065669528e-01 -1.199994819717272797e+11
-5.725332406074854497e-01 -1.199994847597781830e+11
-5.774266871084043906e-01 -1.199994818902382202e+11
-5.823201336093228875e-01 -1.199994847149597778e+11
-5.872135801102418284e-01 -1.199994818117591248e+11
-5.921070266111603253e-01 -1.199994846744407349e+11
-5.970004731120792663e-01 -1.199994817357804718e+11
-6.018939196129977631e-01 -1.199994846372400513e+11
-6.067873661139167041e-01 -1.199994816622041473e+11
-6.116808126148352009e-01 -1.199994846038239746e+11
-6.165742591157536978e-01 -1.199994815909845581e+11
-6.214677056166721947e-01 -1.199994845740985413e+11
-6.263611521175911356e-01 -1.199994815219159851e+11
-6.312545986185096325e-01 -1.199994845478200073e+11
-6.361480451194285735e-01 -1.199994814548591309e+11
-6.410414916203470703e-01 -1.199994845251353760e+11
-6.459349381212660113e-01 -1.199994813897669220e+11
-6.508283846221845081e-01 -1.199994845057364197e+11
-6.557218311231034491e-01 -1.199994813264425201e+11
-6.606152776240219460e-01 -1.199994844896344910e+11
-6.655087241249408869e-01 -1.199994812647579346e+11
-6.704021706258593838e-01 -1.199994844768902588e+11
-6.752956171267778807e-01 -1.199994812045805359e+11
-6.801890636276963775e-01 -1.199994844671298218e+11
-6.850825101286153185e-01 -1.199994811457563782e+11
-6.899759566295338153e-01 -1.199994844608073730e+11
-6.948694031304527563e-01 -1.199994810883374939e+11
-6.997628496313712532e-01 -1.199994844574994812e+11
-7.046562961322901941e-01 -1.199994810319939575e+11
-7.095497426332086910e-01 -1.199994844572462006e+11
-7.144431891341276319e-01 -1.199994809768197021e+11
-7.193366356350461288e-01 -1.199994844602919312e+11
-7.242300821359650698e-01 -1.199994809226085968e+11
-7.291235286368835666e-01 -1.199994844662644501e+11
-7.340169751378020635e-01 -1.199994808692609863e+11
-7.389104216387205604e-01 -1.199994844752794952e+11
-7.438038681396395013e-01 -1.199994808166276398e+11
-7.486973146405579982e-01 -1.199994844875581055e+11
-7.535907611414769391e-01 -1.199994807646706848e+11
-7.584842076423954360e-01 -1.199994845027004089e+11
-7.633776541433143770e-01 -1.199994807132178345e+11
-7.682711006442328738e-01 -1.199994845210320587e+11
-7.731645471451518148e-01 -1.199994806623021393e+11
-7.780579936460703117e-01 -1.199994845424760742e+11
-7.829514401469888085e-01 -1.199994806117471008e+11
-7.878448866479077495e-01 -1.199994845672117920e+11
-7.927383331488262463e-01 -1.199994805612789917e+11
-7.976317796497447432e-01 -1.199994845948198853e+11
-8.025252261506636842e-01 -1.199994805110013733e+11
-8.074186726515821810e-01 -1.199994846259497681e+11
-8.123121191525011220e-01 -1.199994804608171692e+11
-8.172055656534196189e-01 -1.199994846602993927e+11
-8.220990121543385598e-01 -1.199994804105191650e+11
-8.269924586552570567e-01 -1.199994846980498352e+11
-8.318859051561759976e-01 -1.199994803599732208e+11
-8.367793516570944945e-01 -1.199994847390698547e+11
-8.416727981580129914e-01 -1.199994803090923157e+11
-8.465662446589314882e-01 -1.199994847837050171e+11
-8.514596911598504292e-01 -1.199994802580491638e+11
-8.563531376607689261e-01 -1.199994848322261200e+11
-8.612465841616878670e-01 -1.199994802063689880e+11
-8.661400306626063639e-01 -1.199994848840694122e+11
-8.710334771635253048e-01 -1.199994801540179138e+11
-8.759269236644438017e-01 -1.199994849401087341e+11
-8.808203701653627427e-01 -1.199994801009338379e+11
-8.857138166662812395e-01 -1.199994849998950195e+11
-8.906072631672001805e-01 -1.199994800470915222e+11
-8.955007096681186773e-01 -1.199994850641903076e+11
-9.003941561690371742e-01 -1.199994799921290283e+11
-9.052876026699556711e-01 -1.199994851325010681e+11
-9.101810491708746120e-01 -1.199994799360417786e+11
-9.150744956717931089e-01 -1.199994852054590454e+11
-9.199679421727120499e-01 -1.199994798786549683e+11
-9.248613886736305467e-01 -1.199994852829721375e+11
-9.297548351745494877e-01 -1.199994798198946838e+11
-9.346482816754679845e-01 -1.199994853655888214e+11
-9.395417281763864814e-01 -1.199994797595825806e+11
-9.444351746773054224e-01 -1.199994854533519287e+11
-9.493286211782239192e-01 -1.199994796974931335e+11
-9.542220676791428602e-01 -1.199994855465942078e+11
-9.591155141800613571e-01 -1.199994796334186249e+11
-9.640089606809798539e-01 -1.199994856452948303e+11
-9.689024071818983508e-01 -1.199994795672169495e+11
-9.737958536828172917e-01 -1.199994857503708801e+11
-9.786893001837357886e-01 -1.199994794988022766e+11
-9.835827466846547296e-01 -1.199994858616337280e+11
-9.884761931855732264e-01 -1.199994794277791138e+11
-9.933696396864921674e-01 -1.199994859797208557e+11
-9.982630861874106643e-01 -1.199994793540317078e+11
-1.003156532688329605e+00 -1.199994861048927307e+11
-1.008049979189248102e+00 -1.199994792772566528e+11
-1.012943425690167043e+00 -1.199994862377610474e+11
-1.017836872191085540e+00 -1.199994791972339325e+11
-1.022730318692004037e+00 -1.199994863787681274e+11
-1.027623765192922534e+00 -1.199994791136732788e+11
-1.032517211693841475e+00 -1.199994865284497375e+11
-1.037410658194759971e+00 -1.199994790262281952e+11
-1.042304104695678912e+00 -1.199994866873515320e+11
-1.047197551196597409e+00 -1.199994789345930481e+11
-1.052090997697516350e+00 -1.199994868562869110e+11
-1.056984444198434847e+00 -1.199994788384202423e+11
-1.061877890699353788e+00 -1.199994870359073639e+11
-1.066771337200272285e+00 -1.199994787372745972e+11
-1.071664783701191226e+00 -1.199994872268530121e+11
-1.076558230202109723e+00 -1.199994786307468567e+11
-1.081451676703028220e+00 -1.199994874302979279e+11
-1.086345123203946716e+00 -1.199994785183174133e+11
-1.091238569704865657e+00 -1.199994876469503174e+11
-1.096132016205784154e+00 -1.199994783994561615e+11
-1.101025462706703095e+00 -1.199994878780731354e+11
-1.105918909207621592e+00 -1.199994782736456146e+11
-1.110812355708540533e+00 -1.199994881248437500e+11
-1.115705802209459030e+00 -1.199994781402690887e+11
-1.120599248710377971e+00 -1.199994883885696716e+11
-1.125492695211296468e+00 -1.199994779984611206e+11
-1.130386141712215409e+00 -1.199994886706301880e+11
-1.135279588213133906e+00 -1.199994778475462036e+11
-1.140173034714052402e+00 -1.199994889729910278e+11
-1.145066481214970899e+00 -1.199994776866604309e+11
-1.149959927715889840e+00 -1.199994892970542145e+11
-1.154853374216808337e+00 -1.199994775147263184e+11
-1.159746820717727278e+00 -1.199994896453047180e+11
-1.164640267218645775e+00 -1.199994773307770386e+11
-1.169533713719564716e+00 -1.199994900197349396e+11
-1.174427160220483213e+00 -1.199994771333375244e+11
-1.179320606721402154e+00 -1.199994904234096527e+11
-1.184214053222320651e+00 -1.199994769213036804e+11
-1.189107499723239592e+00 -1.199994908590471497e+11
-1.194000946224158088e+00 -1.199994766929203186e+11
-1.198894392725076585e+00 -1.199994913299698944e+11
-1.203787839225995082e+00 -1.199994764464360809e+11
-1.208681285726914023e+00 -1.199994918402310028e+11
-1.213574732227832520e+00 -1.199994761797943573e+11
-1.218468178728751461e+00 -1.199994923940103760e+11
-1.223361625229669958e+00 -1.199994758907725677e+11
-1.228255071730588899e+00 -1.199994929966102600e+11
-1.233148518231507396e+00 -1.199994755765124969e+11
-1.238041964732426337e+00 -1.199994936533783722e+11
-1.242935411233344833e+00 -1.199994752340813599e+11
-1.247828857734263774e+00 -1.199994943715182190e+11
-1.252722304235182271e+00 -1.199994748599361725e+11
-1.257615750736100768e+00 -1.199994951582754974e+11
-1.262509197237019265e+00 -1.199994744500419617e+11
-1.267402643737938206e+00 -1.199994960232939301e+11
-1.272296090238856703e+00 -1.199994739995505981e+11
-1.277189536739775644e+00 -1.199994969763998108e+11
-1.282082983240694141e+00 -1.199994735025798645e+11
-1.286976429741613082e+00 -1.199994980302807922e+11
-1.291869876242531578e+00 -1.199994729528536072e+11
-1.296763322743450519e+00 -1.199994991997734985e+11
-1.301656769244369016e+00 -1.199994723425538635e+11
-1.306550215745287957e+00 -1.199995005020554810e+11
-1.311443662246206454e+00 -1.199994716620022888e+11
-1.316337108747124951e+00 -1.199995019581178894e+11
-1.321230555248043448e+00 -1.199994709003246307e+11
-1.326124001748962389e+00 -1.199995035929748383e+11
-1.331017448249880886e+00 -1.199994700437765198e+11
-1.335910894750799827e+00 -1.199995054369859772e+11
-1.340804341251718323e+00 -1.199994690760901184e+11
-1.345697787752637264e+00 -1.199995075276117859e+11
-1.350591234253555761e+00 -1.199994679770263367e+11
-1.355484680754474702e+00 -1.199995099106745300e+11
-1.360378127255393199e+00 -1.199994667216211853e+11
-1.365271573756312140e+00 -1.199995126431983643e+11
-1.370165020257230637e+00 -1.199994652786343689e+11
-1.375058466758149134e+00 -1.199995157970223999e+11
-1.379951913259067631e+00 -1.199994636087335968e+11
-1.384845359759986572e+00 -1.199995194633640442e+11
-1.389738806260905069e+00 -1.199994616617031860e+11
-1.394632252761824009e+00 -1.199995237596281128e+11
-1.399525699262742506e+00 -1.199994593726135559e+11
-1.404419145763661447e+00 -1.199995288387836609e+11
-1.409312592264579944e+00 -1.199994566563102417e+11
-1.414206038765498885e+00 -1.199995349032698059e+11
-1.419099485266417382e+00 -1.199994533994560089e+11
-1.423992931767336323e+00 -1.199995422256115265e+11
-1.428886378268254820e+00 -1.199994494485672607e+11
-1.433779824769173317e+00 -1.199995511796547394e+11
-1.438673271270091814e+00 -1.199994445910633392e+11
-1.443566717771010754e+00 -1.199995622881239471e+11
-1.448460164271929251e+00 -1.199994385280740662e+11
-1.453353610772848192e+00 -1.199995763067773895e+11
-1.458247057273766689e+00 -1.199994308196487579e+11
-1.463140503774685630e+00 -1.199995943328759613e+11
-1.468033950275604127e+00 -1.199994208323224030e+11
-1.472927396776523068e+00 -1.199996181202321777e+11
-1.477820843277441565e+00 -1.199994074871006470e+11
-1.482714289778360506e+00 -1.199996501579942169e+11
-1.487607736279279003e+00 -1.199993894246065063e+11
-1.492501182780197500e+00 -1.199996958018345795e+11
-1.497394629281115996e+00 -1.199993627751486511e+11
-1.502288075782034937e+00 -1.199997597340384369e+11
-1.507181522282953434e+00 -1.199993268395229340e+11
-1.512074968783872375e+00 -1.199998706664449158e+11
-1.516968415284790872e+00 -1.199992540840491638e+11
-1.521861861785709813e+00 -1.200000074766932831e+11
-1.526755308286628310e+00 -1.199991956877639618e+11
-1.531648754787547251e+00 -1.200004733097939148e+11
-1.536542201288465748e+00 -1.199987892023393250e+11
-1.541435647789384689e+00 -1.200005719086357269e+11
-1.546329094290303185e+00 -1.199992107693812866e+11
-1.551222540791221682e+00 -1.200055366869294434e+11
-1.556115987292140179e+00 -1.199927208189557648e+11
-1.561009433793059120e+00 -1.199992444694240417e+11
-1.565902880293977617e+00 -1.200207929400778198e+11
-1.570796326794896558e+00 -1.199937376681164703e+11
