1.565902880293977839e+00 9.119334217128993988e+09
1.556115987292140623e+00 9.120674644892427444e+09
1.546329094290303185e+00 9.120614136273366928e+09
1.536542201288465748e+00 9.121030223187725067e+09
1.526755308286628532e+00 9.121466539553585052e+09
1.516968415284791094e+00 9.122006479317356110e+09
1.507181522282953656e+00 9.122617662440214157e+09
1.497394629281116440e+00 9.123291431109661102e+09
1.487607736279279003e+00 9.124012361703060150e+09
1.477820843277441565e+00 9.124766612817829132e+09
1.468033950275604349e+00 9.125540605730838776e+09
1.458247057273766911e+00 9.126321907348875046e+09
1.448460164271929473e+00 9.127099403933795929e+09
1.438673271270092258e+00 9.127863508451173782e+09
1.428886378268254820e+00 9.128606228635921478e+09
1.419099485266417382e+00 9.129321159768680573e+09
1.409312592264580166e+00 9.130003408615482330e+09
1.399525699262742728e+00 9.130649470336969376e+09
1.389738806260905291e+00 9.131257074921770096e+09
1.379951913259068075e+00 9.131825018292366028e+09
1.370165020257230637e+00 9.132352990074279785e+09
1.360378127255393199e+00 9.132841407071479797e+09
1.350591234253555983e+00 9.133291258791410446e+09
1.340804341251718546e+00 9.133703968843502045e+09
1.331017448249881330e+00 9.134081274148155212e+09
1.321230555248043892e+00 9.134425122349725723e+09
1.311443662246206454e+00 9.134737586893938065e+09
1.301656769244369016e+00 9.135020798363836288e+09
1.291869876242531801e+00 9.135276890383914948e+09
1.282082983240694363e+00 9.135507958257984161e+09
1.272296090238857147e+00 9.135716028323539734e+09
1.262509197237019709e+00 9.135903036328651428e+09
1.252722304235182271e+00 9.136070813049947739e+09
1.242935411233344833e+00 9.136221075749963760e+09
1.233148518231507396e+00 9.136355424224317551e+09
1.223361625229670180e+00 9.136475340297481537e+09
1.213574732227832964e+00 9.136582189905941010e+09
1.203787839225995526e+00 9.136677227026931763e+09
1.194000946224157866e+00 9.136761598927576065e+09
1.184214053222320651e+00 9.136836352186956406e+09
1.174427160220483435e+00 9.136902439218524933e+09
1.164640267218646219e+00 9.136960724942089081e+09
1.154853374216808781e+00 9.137011993471096039e+09
1.145066481214971343e+00 9.137056954656026840e+09
1.135279588213133906e+00 9.137096250343116760e+09
1.125492695211296690e+00 9.137130460330970764e+09
1.115705802209459030e+00 9.137160107944908142e+09
1.105918909207622036e+00 9.137185665248935699e+09
1.096132016205784598e+00 9.137207557845418930e+09
1.086345123203947161e+00 9.137226169310596466e+09
1.076558230202109723e+00 9.137241845240510941e+09
1.066771337200272507e+00 9.137254896937372208e+09
1.056984444198435069e+00 9.137265604777828217e+09
1.047197551196597853e+00 9.137274221278219223e+09
1.037410658194760416e+00 9.137280973822986603e+09
1.027623765192922978e+00 9.137286067176626205e+09
1.017836872191085540e+00 9.137289685737438202e+09
1.008049979189248102e+00 9.137291995542467117e+09
9.982630861874107753e-01 9.137293146114280701e+09
9.884761931855734485e-01 9.137293272095409393e+09
9.786893001837361217e-01 9.137292494716691971e+09
9.689024071818986839e-01 9.137290923149084091e+09
9.591155141800613571e-01 9.137288655657258987e+09
9.493286211782241413e-01 9.137285780709024429e+09
9.395417281763865924e-01 9.137282377917407990e+09
9.297548351745493767e-01 9.137278518908321381e+09
9.199679421727119388e-01 9.137274268119087219e+09
9.101810491708745010e-01 9.137269683474901199e+09
9.003941561690372852e-01 9.137264817027236938e+09
8.906072631671998474e-01 9.137259715513513565e+09
8.808203701653625206e-01 9.137254420894351959e+09
8.710334771635250828e-01 9.137248970771369934e+09
8.612465841616877560e-01 9.137243398844213486e+09
8.514596911598504292e-01 9.137237735254425049e+09
8.416727981580131024e-01 9.137232006933162689e+09
8.318859051561757756e-01 9.137226237909685135e+09
8.220990121543382267e-01 9.137220449572055817e+09
8.123121191525008999e-01 9.137214660949645996e+09
8.025252261506635731e-01 9.137208888898555756e+09
7.927383331488262463e-01 9.137203148320226669e+09
7.829514401469889195e-01 9.137197452351837158e+09
7.731645471451515927e-01 9.137191812529069901e+09
7.633776541433141549e-01 9.137186238948030472e+09
7.535907611414769391e-01 9.137180740375301361e+09
7.438038681396395013e-01 9.137175324408889771e+09
7.340169751378020635e-01 9.137169997556930542e+09
7.242300821359647367e-01 9.137164765365810394e+09
7.144431891341274099e-01 9.137159632505207062e+09
7.046562961322899721e-01 9.137154602851467133e+09
6.948694031304527563e-01 9.137149679572708130e+09
6.850825101286154295e-01 9.137144865180727005e+09
6.752956171267778807e-01 9.137140161621623993e+09
6.655087241249405539e-01 9.137135570312595367e+09
6.557218311231032271e-01 9.137131092226816177e+09
6.459349381212657892e-01 9.137126727873878479e+09
6.361480451194285735e-01 9.137122477425277710e+09
6.263611521175912467e-01 9.137118340714355469e+09
6.165742591157536978e-01 9.137114317244306564e+09
6.067873661139164820e-01 9.137110406301425934e+09
5.970004731120790442e-01 9.137106606921287537e+09
5.872135801102417174e-01 9.137102917936262131e+09
5.774266871084043906e-01 9.137099337965999603e+09
5.676397941065669528e-01 9.137095865519037247e+09
5.578529011047297370e-01 9.137092498931953430e+09
5.480660081028922992e-01 9.137089236471504211e+09
5.382791151010548614e-01 9.137086076279335022e+09
5.284922220992176456e-01 9.137083016373287201e+09
5.187053290973802078e-01 9.137080054712894440e+09
5.089184360955427699e-01 9.137077189180313110e+09
4.991315430937055542e-01 9.137074417771503448e+09
4.893446500918681163e-01 9.137071738356084824e+09
4.795577570900306785e-01 9.137069148439178467e+09
4.697708640881934627e-01 9.137066646235288620e+09
4.599839710863560249e-01 9.137064229314834595e+09
4.501970780845185871e-01 9.137061895462188721e+09
4.404101850826813713e-01 9.137059642558849335e+09
4.306232920808439335e-01 9.137057468238182068e+09
4.208363990790064957e-01 9.137055370459960938e+09
4.110495060771692799e-01 9.137053346995906830e+09
4.012626130753318421e-01 9.137051395703912735e+09
3.914757200734944043e-01 9.137049514547674179e+09
3.816888270716571885e-01 9.137047701251075745e+09
3.719019340698197507e-01 9.137045953991981506e+09
3.621150410679825349e-01 9.137044270551761627e+09
3.523281480661450971e-01 9.137042649073701859e+09
3.425412550643076592e-01 9.137041087522626877e+09
3.327543620624702214e-01 9.137039583997299194e+09
3.229674690606330056e-01 9.137038136636613846e+09
3.131805760587955678e-01 9.137036743599248886e+09
3.033936830569583520e-01 9.137035403113710403e+09
2.936067900551209142e-01 9.137034113355775833e+09
2.838198970532834764e-01 9.137032872711551666e+09
2.740330040514462606e-01 9.137031679515222549e+09
2.642461110496088228e-01 9.137030532120752335e+09
2.544592180477713850e-01 9.137029428931480408e+09
2.446723250459341692e-01 9.137028368439817429e+09
2.348854320440967314e-01 9.137027349105710983e+09
2.250985390422592936e-01 9.137026369518991470e+09
2.153116460404220778e-01 9.137025428258543015e+09
2.055247530385846400e-01 9.137024523949779510e+09
1.957378600367472021e-01 9.137023655269020081e+09
1.859509670349099864e-01 9.137022820924453735e+09
1.761640740330725485e-01 9.137022019656442642e+09
1.663771810312351107e-01 9.137021250264038086e+09
1.565902880293978949e-01 9.137020511572063446e+09
1.468033950275604571e-01 9.137019802449941635e+09
1.370165020257230193e-01 9.137019121786291122e+09
1.272296090238858035e-01 9.137018468519714355e+09
1.174427160220483657e-01 9.137017841633943558e+09
1.076558230202109279e-01 9.137017240052286148e+09
9.786893001837371209e-02 9.137016663531677246e+09
8.808203701653627427e-02 9.137016109558919907e+09
7.829514401469883644e-02 9.137015578439544678e+09
6.850825101286162067e-02 9.137015069116540909e+09
5.872135801102418284e-02 9.137014580666551590e+09
4.893446500918674502e-02 9.137014112290340424e+09
3.914757200734952924e-02 9.137013663216829300e+09
2.936067900551209142e-02 9.137013232716566086e+09
1.957378600367465360e-02 9.137012819967407227e+09
9.786893001837437822e-03 9.137012424388570786e+09
0.000000000000000000e+00 9.137012045212455750e+09
-9.786893001837437822e-03 9.137011681866128922e+09
-1.957378600367465360e-02 9.137011333650131226e+09
-2.936067900551209142e-02 9.137010999978809357e+09
-3.914757200734952924e-02 9.137010680324068069e+09
-4.893446500918674502e-02 9.137010374052070618e+09
-5.872135801102418284e-02 9.137010080637687683e+09
-6.850825101286162067e-02 9.137009799686145782e+09
-7.829514401469883644e-02 9.137009530496091843e+09
-8.808203701653627427e-02 9.137009272737699509e+09
-9.786893001837371209e-02 9.137009025884681702e+09
-1.076558230202109279e-01 9.137008789509334564e+09
-1.174427160220483657e-01 9.137008563169422150e+09
-1.272296090238858035e-01 9.137008346478515625e+09
-1.370165020257230193e-01 9.137008138996953964e+09
-1.468033950275604571e-01 9.137007940399433136e+09
-1.565902880293978949e-01 9.137007750292417526e+09
-1.663771810312351107e-01 9.137007568327644348e+09
-1.761640740330725485e-01 9.137007394179752350e+09
-1.859509670349099864e-01 9.137007227500644684e+09
-1.957378600367472021e-01 9.137007068007036209e+09
-2.055247530385846400e-01 9.137006915390995026e+09
-2.153116460404220778e-01 9.137006769366590500e+09
-2.250985390422592936e-01 9.137006629613523483e+09
-2.348854320440967314e-01 9.137006495935094833e+09
-2.446723250459341692e-01 9.137006368042203903e+09
-2.544592180477713850e-01 9.137006245728723526e+09
-2.642461110496088228e-01 9.137006128651105881e+09
-2.740330040514462606e-01 9.137006016752538681e+09
-2.838198970532834764e-01 9.137005909706392288e+09
-2.936067900551209142e-01 9.137005807321975708e+09
-3.033936830569583520e-01 9.137005709373857498e+09
-3.131805760587955678e-01 9.137005615731861115e+09
-3.229674690606330056e-01 9.137005526165761948e+09
-3.327543620624704435e-01 9.137005440553771973e+09
-3.425412550643076592e-01 9.137005358686548233e+09
-3.523281480661450971e-01 9.137005280361007690e+09
-3.621150410679825349e-01 9.137005205531995773e+09
-3.719019340698197507e-01 9.137005133987518311e+09
-3.816888270716571885e-01 9.137005065589216232e+09
-3.914757200734944043e-01 9.137005000191762924e+09
-4.012626130753318421e-01 9.137004937699066162e+09
-4.110495060771692799e-01 9.137004877982807159e+09
-4.208363990790064957e-01 9.137004820861482620e+09
-4.306232920808441555e-01 9.137004766254318237e+09
-4.404101850826811493e-01 9.137004714093210220e+09
-4.501970780845185871e-01 9.137004664232051849e+09
-4.599839710863560249e-01 9.137004616588367462e+09
-4.697708640881934627e-01 9.137004571051076889e+09
-4.795577570900309006e-01 9.137004527536216736e+09
-4.893446500918683384e-01 9.137004485950384140e+09
-4.991315430937053321e-01 9.137004446209609985e+09
-5.089184360955427699e-01 9.137004408239555359e+09
-5.187053290973802078e-01 9.137004371944412231e+09
-5.284922220992176456e-01 9.137004337263538361e+09
-5.382791151010550834e-01 9.137004304125270844e+09
-5.480660081028925212e-01 9.137004272464406967e+09
-5.578529011047295150e-01 9.137004242208936691e+09
-5.676397941065669528e-01 9.137004213298799515e+09
-5.774266871084043906e-01 9.137004185674427032e+09
-5.872135801102418284e-01 9.137004159286493301e+09
-5.970004731120792663e-01 9.137004134061077118e+09
-6.067873661139167041e-01 9.137004109954219818e+09
-6.165742591157536978e-01 9.137004086921756744e+09
-6.263611521175911356e-01 9.137004064912315369e+09
-6.361480451194285735e-01 9.137004043876331329e+09
-6.459349381212660113e-01 9.137004023774419785e+09
-6.557218311231034491e-01 9.137004004561897278e+09
-6.655087241249408869e-01 9.137003986199453354e+09
-6.752956171267778807e-01 9.137003968641874313e+09
-6.850825101286153185e-01 9.137003951858394623e+09
-6.948694031304527563e-01 9.137003935810697556e+09
-7.046562961322901941e-01 9.137003920472148895e+09
-7.144431891341276319e-01 9.137003905809179306e+09
-7.242300821359650698e-01 9.137003891779636383e+09
-7.340169751378020635e-01 9.137003878357837677e+09
-7.438038681396395013e-01 9.137003865502082825e+09
-7.535907611414769391e-01 9.137003853247472763e+09
-7.633776541433143770e-01 9.137003841467325211e+09
-7.731645471451518148e-01 9.137003830211597443e+09
-7.829514401469888085e-01 9.137003819432270050e+09
-7.927383331488262463e-01 9.137003809096271515e+09
-8.025252261506636842e-01 9.137003799202610016e+09
-8.123121191525011220e-01 9.137003789698047638e+09
-8.220990121543385598e-01 9.137003780617362976e+09
-8.318859051561759976e-01 9.137003771904962540e+09
-8.416727981580129914e-01 9.137003763527364731e+09
-8.514596911598504292e-01 9.137003755487174988e+09
-8.612465841616878670e-01 9.137003747759195328e+09
-8.710334771635253048e-01 9.137003740335487366e+09
-8.808203701653627427e-01 9.137003733177007675e+09
-8.906072631672001805e-01 9.137003726285404205e+09
-9.003941561690371742e-01 9.137003719644943237e+09
-9.101810491708746120e-01 9.137003713241533279e+09
-9.199679421727120499e-01 9.137003707053426743e+09
-9.297548351745494877e-01 9.137003701067222595e+09
-9.395417281763864814e-01 9.137003695265098572e+09
-9.493286211782239192e-01 9.137003689653646469e+09
-9.591155141800613571e-01 9.137003684195075989e+09
-9.689024071818983508e-01 9.137003678890279770e+09
-9.786893001837357886e-01 9.137003673723550797e+09
-9.884761931855732264e-01 9.137003668660121918e+09
-9.982630861874106643e-01 9.137003663800638199e+09
-1.008049979189248102e+00 9.137003658931293488e+09
-1.017836872191085540e+00 9.137003654159841537e+09
-1.027623765192922534e+00 9.137003649465133667e+09
-1.037410658194759971e+00 9.137003644847730637e+09
-1.047197551196597409e+00 9.137003640267570496e+09
-1.056984444198434847e+00 9.137003635709936142e+09
-1.066771337200272285e+00 9.137003631150325775e+09
-1.076558230202109723e+00 9.137003626631320953e+09
-1.086345123203946716e+00 9.137003622105268478e+09
-1.096132016205784154e+00 9.137003617571491241e+09
-1.105918909207621592e+00 9.137003612977334976e+09
-1.115705802209459030e+00 9.137003608341232300e+09
-1.125492695211296468e+00 9.137003603641014099e+09
-1.135279588213133906e+00 9.137003598856550217e+09
-1.145066481214970899e+00 9.137003593907865524e+09
-1.154853374216808337e+00 9.137003588812162399e+09
-1.164640267218645775e+00 9.137003583587835312e+09
-1.174427160220483213e+00 9.137003578177177429e+09
-1.184214053222320651e+00 9.137003572576848984e+09
-1.194000946224158088e+00 9.137003566745647430e+09
-1.203787839225995082e+00 9.137003560655208588e+09
-1.213574732227832520e+00 9.137003554259536743e+09
-1.223361625229669958e+00 9.137003547505386353e+09
-1.233148518231507396e+00 9.137003540318363190e+09
-1.242935411233344833e+00 9.137003532702959061e+09
-1.252722304235182271e+00 9.137003524553787231e+09
-1.262509197237019265e+00 9.137003515821481705e+09
-1.272296090238856703e+00 9.137003506447788239e+09
-1.282082983240694141e+00 9.137003496323696136e+09
-1.291869876242531578e+00 9.137003485290170670e+09
-1.301656769244369016e+00 9.137003473271881104e+09
-1.311443662246206454e+00 9.137003460094219208e+09
-1.321230555248043448e+00 9.137003445540105820e+09
-1.331017448249880886e+00 9.137003429470123291e+09
-1.340804341251718323e+00 9.137003411510860443e+09
-1.350591234253555761e+00 9.137003391360469818e+09
-1.360378127255393199e+00 9.137003368568576813e+09
-1.370165020257230637e+00 9.137003342608484268e+09
-1.379951913259067631e+00 9.137003312805667877e+09
-1.389738806260905069e+00 9.137003278278030396e+09
-1.399525699262742506e+00 9.137003237897495270e+09
-1.409312592264579944e+00 9.137003190168233871e+09
-1.419099485266417382e+00 9.137003133085874557e+09
-1.428886378268254820e+00 9.137003063904750824e+09
-1.438673271270091814e+00 9.137002978829345703e+09
-1.448460164271929251e+00 9.137002872332784653e+09
-1.458247057273766689e+00 9.137002736755565643e+09
-1.468033950275604127e+00 9.137002558774120331e+09
-1.477820843277441565e+00 9.137002324304426193e+09
-1.487607736279279003e+00 9.137001983119981766e+09
-1.497394629281115996e+00 9.137001556300275803e+09
-1.507181522282953434e+00 9.137000644653694153e+09
-1.516968415284790872e+00 9.137000245250236511e+09
-1.526755308286628310e+00 9.136994969303579330e+09
-1.536542201288465748e+00 9.137004198837352753e+09
-1.546329094290303185e+00 9.136933033608005524e+09
-1.556115987292140179e+00 9.137229316000442505e+09
-1.565902880293977617e+00 9.136006844449718475e+09
