1.570796326794896558e+00 9.377773841052228212e+07
1.563456157043518591e+00 1.025380247442643717e+07
1.556115987292140623e+00 -3.497619439705842524e+05
1.548775817540762434e+00 1.722000875526794791e+07
1.541435647789384467e+00 5.752036139860931784e+06
1.534095478038006499e+00 1.370878635035082512e+07
1.526755308286628532e+00 1.010244612757994421e+07
1.519415138535250342e+00 1.290716110978971235e+07
1.512074968783872375e+00 1.048449432671458460e+07
1.504734799032494408e+00 1.203691910921343416e+07
1.497394629281116440e+00 1.043256161153775454e+07
1.490054459529738251e+00 1.124234604437604547e+07
1.482714289778360284e+00 9.978617123762441799e+06
1.475374120026982316e+00 1.040980415695472620e+07
1.468033950275604349e+00 9.361494340326633304e+06
1.460693780524226160e+00 9.550603341372689232e+06
1.453353610772848192e+00 8.634319657201599330e+06
1.446013441021470225e+00 8.669729410651333630e+06
1.438673271270092258e+00 7.847813014627792872e+06
1.431333101518714068e+00 7.782037262571210042e+06
1.423992931767336101e+00 7.033032219876168296e+06
1.416652762015958134e+00 6.902195596994185820e+06
1.409312592264580166e+00 6.214841435164654627e+06
1.401972422513201977e+00 6.044212568504425697e+06
1.394632252761824009e+00 5.412191200075032189e+06
1.387292083010446042e+00 5.220082764426935464e+06
1.379951913259068075e+00 4.639709693587723188e+06
1.372611743507690107e+00 4.439446714947577566e+06
1.365271573756311918e+00 3.908243280525757931e+06
1.357931404004933951e+00 3.709466902368352283e+06
1.350591234253555983e+00 3.225408222502031364e+06
1.343251064502177794e+00 3.034942619486779440e+06
1.335910894750799827e+00 2.596053260178419296e+06
1.328570724999421859e+00 2.418543911207072437e+06
1.321230555248043892e+00 2.022711910215997603e+06
1.313890385496665925e+00 1.861115086219612509e+06
1.306550215745287735e+00 1.506030814145534299e+06
1.299210045993909768e+00 1.362002968039671890e+06
1.291869876242531801e+00 1.045168828499758383e+06
1.284529706491153611e+00 9.193809863089541905e+05
1.277189536739775644e+00 6.381569974294789135e+05
1.269849366988397676e+00 5.305495169964649249e+05
1.262509197237019709e+00 2.822133095685217995e+05
1.255169027485641742e+00 1.922013859076203080e+05
1.247828857734263552e+00 -2.599029230432899203e+04
1.240488687982885585e+00 -9.935269023862705217e+04
1.233148518231507618e+00 -2.901082818546969793e+05
1.225808348480129428e+00 -3.479993644012075383e+05
1.218468178728751461e+00 -5.139460324879543041e+05
1.211128008977373494e+00 -5.576765793568146182e+05
1.203787839225995526e+00 -7.013241274593179114e+05
1.196447669474617559e+00 -7.322620840129074641e+05
1.189107499723239592e+00 -8.559771597746341722e+05
1.181767329971861402e+00 -8.754921134056984447e+05
1.174427160220483435e+00 -9.814814133557302412e+05
1.167086990469105467e+00 -9.909049853143854998e+05
1.159746820717727278e+00 -1.081206285097955959e+06
1.152406650966349311e+00 -1.081805172420133371e+06
1.145066481214971343e+00 -1.158284567897721427e+06
1.137726311463593376e+00 -1.151243231479718350e+06
1.130386141712215409e+00 -1.215597277490851935e+06
1.123045971960837219e+00 -1.202008176817673957e+06
1.115705802209459252e+00 -1.255769482151548844e+06
1.108365632458081285e+00 -1.236628887063396163e+06
1.101025462706703095e+00 -1.281174320585273672e+06
1.093685292955325128e+00 -1.257381948311255546e+06
1.086345123203947161e+00 -1.293942396342040505e+06
1.079004953452569193e+00 -1.266304069170497591e+06
1.071664783701191226e+00 -1.295975086784482468e+06
1.064324613949813259e+00 -1.265207176952227019e+06
1.056984444198435069e+00 -1.288959988736468833e+06
1.049644274447057102e+00 -1.255695110863057431e+06
1.042304104695678912e+00 -1.274387723355938913e+06
1.034963934944300945e+00 -1.239181063722135266e+06
1.027623765192922978e+00 -1.253568956672616303e+06
1.020283595441545010e+00 -1.216904722217816394e+06
1.012943425690167043e+00 -1.227651037225597771e+06
1.005603255938789076e+00 -1.189949204837754834e+06
9.982630861874108863e-01 -1.197634318919370417e+06
9.909229164360329190e-01 -1.159256955370516516e+06
9.835827466846548406e-01 -1.164387451140998630e+06
9.762425769332768732e-01 -1.125644760320394067e+06
9.689024071818987949e-01 -1.128661475752830971e+06
9.615622374305208275e-01 -1.089817592435995815e+06
9.542220676791427492e-01 -1.091103179007927654e+06
9.468818979277647818e-01 -1.052381383359776577e+06
9.395417281763867035e-01 -1.052266961784773506e+06
9.322015584250087361e-01 -1.013854513283613254e+06
9.248613886736306577e-01 -1.012625812086453079e+06
9.175212189222526904e-01 -9.746782457122718915e+05
9.101810491708746120e-01 -9.725810228160349652e+05
9.028408794194966447e-01 -9.352262043631887063e+05
8.955007096681185663e-01 -9.324710794935391750e+05
8.881605399167405990e-01 -8.958127144288629061e+05
8.808203701653625206e-01 -8.925795602359706536e+05
8.734802004139845533e-01 -8.567002882460168330e+05
8.661400306626065859e-01 -8.531420200800795574e+05
8.587998609112286186e-01 -8.181063510929821059e+05
8.514596911598505402e-01 -8.143523921519508585e+05
8.441195214084725729e-01 -7.802090869405434933e+05
8.367793516570944945e-01 -7.763683614284237847e+05
8.294391819057165272e-01 -7.431526883760348428e+05
8.220990121543384488e-01 -7.393162748426375911e+05
8.147588424029604814e-01 -7.070519528189904522e+05
8.074186726515824031e-01 -7.032954218161475146e+05
8.000785029002044357e-01 -6.719963156648535514e+05
7.927383331488263574e-01 -6.683818234074716456e+05
7.853981633974483900e-01 -6.380534583167054225e+05
7.780579936460703117e-01 -6.346315407944684848e+05
7.707178238946922333e-01 -6.052723658063026378e+05
7.633776541433142659e-01 -6.020835268650499638e+05
7.560374843919361876e-01 -5.736861609834524570e+05
7.486973146405582202e-01 -5.707623057468838524e+05
7.413571448891801419e-01 -5.433144058759803884e+05
7.340169751378021745e-01 -5.406800053892261349e+05
7.266768053864240962e-01 -5.141652335909373942e+05
7.193366356350461288e-01 -5.118384716625122237e+05
7.119964658836680504e-01 -4.862371843461360550e+05
7.046562961322900831e-01 -4.842308110844575567e+05
6.973161263809120047e-01 -4.595207915706519852e+05
6.899759566295340374e-01 -4.578430096499091014e+05
6.826357868781559590e-01 -4.339999616418999503e+05
6.752956171267779917e-01 -4.326551158051630482e+05
6.679554473753999133e-01 -4.096530896738279262e+05
6.606152776240219460e-01 -4.086422659055608092e+05
6.532751078726438676e-01 -3.864542629473965499e+05
6.459349381212659003e-01 -3.857758382434530649e+05
6.385947683698878219e-01 -3.643739808376673609e+05
6.312545986185098545e-01 -3.640241235827923520e+05
6.239144288671319982e-01 -3.433800739224437857e+05
6.165742591157538088e-01 -3.433531123998807743e+05
6.092340893643759525e-01 -3.234382500359508558e+05
6.018939196129977631e-01 -3.237270353929086123e+05
5.945537498616199068e-01 -3.045127318407823914e+05
5.872135801102417174e-01 -3.051089512600103044e+05
5.798734103588638611e-01 -2.865667130084745586e+05
5.725332406074856717e-01 -2.874611343982481048e+05
5.651930708561077044e-01 -2.695627697645667358e+05
5.578529011047297370e-01 -2.707454866254910594e+05
5.505127313533517697e-01 -2.534632603775543394e+05
5.431725616019735803e-01 -2.549238502668706351e+05
5.358323918505956129e-01 -2.382305443336083845e+05
5.284922220992176456e-01 -2.399582745797065436e+05
5.211520523478396782e-01 -2.238272663961149810e+05
5.138118825964614889e-01 -2.258112078668795293e+05
5.064717128450835215e-01 -2.102165509191101009e+05
4.991315430937055542e-01 -2.124457017100819503e+05
4.917913733423275868e-01 -1.973621746052005619e+05
4.844512035909493974e-01 -1.998255554692887526e+05
4.771110338395714301e-01 -1.852287116472673952e+05
4.697708640881934627e-01 -1.879154546779351658e+05
4.624306943368154954e-01 -1.737815986696972395e+05
4.550905245854373060e-01 -1.766810269517278066e+05
4.477503548340593387e-01 -1.629873144988722343e+05
4.404101850826813713e-01 -1.660889313766218256e+05
4.330700153313034040e-01 -1.528133103138681909e+05
4.257298455799252146e-01 -1.561069172861331026e+05
4.183896758285472472e-01 -1.432281477456749417e+05
4.110495060771692799e-01 -1.467039735604275775e+05
4.037093363257913126e-01 -1.342015840712336358e+05
3.963691665744131232e-01 -1.378500023136899690e+05
3.890289968230351558e-01 -1.257043896102651488e+05
3.816888270716571885e-01 -1.295163101176199998e+05
3.743486573202792211e-01 -1.177086195147709223e+05
3.670084875689010318e-01 -1.216752315910975158e+05
3.596683178175230644e-01 -1.101873653641596320e+05
3.523281480661450971e-01 -1.143002775992420356e+05
3.449879783147671297e-01 -1.031149474834060093e+05
3.376478085633889403e-01 -1.073661834300692863e+05
3.303076388120109730e-01 -9.646678212130925385e+04
3.229674690606330056e-01 -1.008487432609179814e+05
3.156272993092550383e-01 -9.021940533480390150e+04
3.082871295578768489e-01 -9.472488245555029425e+04
3.009469598064991036e-01 -8.435043240237986902e+04
2.936067900551209142e-01 -8.897266364857960434e+04
2.862666203037429469e-01 -7.883854973337786214e+04
2.789264505523647575e-01 -8.357112309535239183e+04
2.715862808009870122e-01 -7.366348030206417025e+04
2.642461110496088228e-01 -7.850038198809136520e+04
2.569059412982308555e-01 -6.880594652192795184e+04
2.495657715468526661e-01 -7.374154561430102331e+04
2.422256017954749208e-01 -6.424762795845624350e+04
2.348854320440967314e-01 -6.927665766767956666e+04
2.275452622927187640e-01 -5.997114970353403623e+04
2.202050925413405746e-01 -6.508873145112152997e+04
2.128649227899628293e-01 -5.596003543949956656e+04
2.055247530385846400e-01 -6.116158776455211773e+04
1.981845832872066726e-01 -5.219865566813033365e+04
1.908444135358284832e-01 -5.748001722313897335e+04
1.835042437844507379e-01 -4.867221939375872171e+04
1.761640740330725485e-01 -5.402947087164034747e+04
1.688239042816945812e-01 -4.536675476815504226e+04
1.614837345303166138e-01 -5.079633976834929490e+04
1.541435647789386465e-01 -4.226902430349438509e+04
1.468033950275606792e-01 -4.776771446960087633e+04
1.394632252761824898e-01 -3.936650080786870240e+04
1.321230555248045224e-01 -4.493132219849888497e+04
1.247828857734265551e-01 -3.664739724055723491e+04
1.174427160220485877e-01 -4.227571126518285746e+04
1.101025462706703983e-01 -3.410054259561900108e+04
1.027623765192924310e-01 -3.978994103690705379e+04
9.542220676791446365e-02 -3.171540160397372529e+04
8.808203701653649631e-02 -3.746375627964751766e+04
8.074186726515830692e-02 -2.948205452436053019e+04
7.340169751378033958e-02 -3.528752068226903066e+04
6.606152776240237223e-02 -2.739112994134784458e+04
5.872135801102440489e-02 -3.325205644302809378e+04
5.138118825964621550e-02 -2.543382372085157112e+04
4.404101850826824815e-02 -3.134885079834391945e+04
3.670084875689028081e-02 -2.360180544864722106e+04
2.936067900551231347e-02 -2.956978683279869074e+04
2.202050925413412408e-02 -2.188723265906279630e+04
1.468033950275615673e-02 -2.790720926752367814e+04
7.340169751378189389e-03 -2.028276843800845381e+04
2.220446049250313081e-16 -2.635402767133697125e+04
-7.340169751377745300e-03 -1.878143870933821381e+04
-1.468033950275593469e-02 -2.490347511761007991e+04
-2.202050925413390203e-02 -1.737675421866981560e+04
-2.936067900551209142e-02 -2.354926725880504819e+04
-3.670084875688983672e-02 -1.606255280429981212e+04
-4.404101850826802611e-02 -2.228541803344013169e+04
-5.138118825964599345e-02 -1.483307339124628379e+04
-5.872135801102418284e-02 -2.110637314268360205e+04
-6.606152776240192814e-02 -1.368286641545270504e+04
-7.340169751378011753e-02 -2.000684736641697236e+04
-8.074186726515808488e-02 -1.260689486456376289e+04
-8.808203701653627427e-02 -1.898198075975592292e+04
-9.542220676791401957e-02 -1.160030192043147872e+04
-1.027623765192922090e-01 -1.802712850453125429e+04
-1.101025462706701763e-01 -1.065859995987271031e+04
-1.174427160220483657e-01 -1.713792579427966120e+04
-1.247828857734261110e-01 -9.777590461416388280e+03
-1.321230555248043004e-01 -1.631038808510687704e+04
-1.394632252761822677e-01 -8.953291692700224303e+03
-1.468033950275604571e-01 -1.554067684691925751e+04
-1.541435647789382024e-01 -8.181980298980613952e+03
-1.614837345303163918e-01 -1.482523029797693198e+04
-1.688239042816943591e-01 -7.460159634558448488e+03
-1.761640740330725485e-01 -1.416072796730519076e+04
-1.835042437844502938e-01 -6.784524469154897815e+03
-1.908444135358284832e-01 -1.354402122922718809e+04
-1.981845832872064506e-01 -6.152021393025359430e+03
-2.055247530385846400e-01 -1.297222905986224578e+04
-2.128649227899623853e-01 -5.559739498546564391e+03
-2.202050925413405746e-01 -1.244257737684849781e+04
-2.275452622927185420e-01 -5.004979593411204405e+03
-2.348854320440967314e-01 -1.195257713295333269e+04
-2.422256017954744767e-01 -4.485198428047793641e+03
-2.495657715468526661e-01 -1.149982869829053016e+04
-2.569059412982306334e-01 -3.998013531720386709e+03
-2.642461110496088228e-01 -1.108211781670158780e+04
-2.715862808009865681e-01 -3.541165899824085500e+03
-2.789264505523647575e-01 -1.069736036312719989e+04
-2.862666203037427248e-01 -3.112547844027196334e+03
-2.936067900551209142e-01 -1.034361975251526928e+04
-3.009469598064986595e-01 -2.710183152907473414e+03
-3.082871295578768489e-01 -1.001910127483409087e+04
-3.156272993092548163e-01 -2.332238136026846860e+03
-3.229674690606325616e-01 -9.722197433533838193e+03
-3.303076388120107509e-01 -1.976944448858072974e+03
-3.376478085633889403e-01 -9.451238776439255162e+03
-3.449879783147669077e-01 -1.642665570276804829e+03
-3.523281480661446530e-01 -9.204918936552781815e+03
-3.596683178175228424e-01 -1.327891105497938042e+03
-3.670084875689010318e-01 -8.981842620938770779e+03
-3.743486573202789991e-01 -1.031202451842051232e+03
-3.816888270716567444e-01 -8.780832552507636137e+03
-3.890289968230349338e-01 -7.511927497345805023e+02
-3.963691665744131232e-01 -8.600688671492116555e+03
-4.037093363257910905e-01 -4.865849128507161367e+02
-4.110495060771688358e-01 -8.440400091219053138e+03
-4.183896758285470252e-01 -2.361950859904864046e+02
-4.257298455799252146e-01 -8.298995140636139695e+03
-4.330700153313031819e-01 1.131991841493800166e+00
-4.404101850826811493e-01 -8.175657420173200080e+03
-4.477503548340591166e-01 2.264227227831688651e+02
-4.550905245854370840e-01 -8.069540113466595358e+03
-4.624306943368154954e-01 4.407277474499969685e+02
-4.697708640881930187e-01 -7.979931979707973369e+03
-4.771110338395709860e-01 6.450171166374639142e+02
-4.844512035909493974e-01 -7.906184432361005747e+03
-4.917913733423273648e-01 8.401748507916854578e+02
-4.991315430937053321e-01 -7.847698516310672858e+03
-5.064717128450832995e-01 1.027059255949992803e+03
-5.138118825964612668e-01 -7.804026496753635001e+03
-5.211520523478396782e-01 1.206520605169233022e+03
-5.284922220992172015e-01 -7.774683417223779543e+03
-5.358323918505951688e-01 1.379282516054241569e+03
-5.431725616019735803e-01 -7.759253227062690712e+03
-5.505127313533515476e-01 1.546118189128777885e+03
-5.578529011047295150e-01 -7.757426601805011160e+03
-5.651930708561074823e-01 1.707708619191944308e+03
-5.725332406074854497e-01 -7.769050802108133212e+03
-5.798734103588638611e-01 1.864776337039955251e+03
-5.872135801102413843e-01 -7.793819229739980074e+03
-5.945537498616193517e-01 2.018040547366821556e+03
-6.018939196129977631e-01 -7.831526827062916709e+03
-6.092340893643757305e-01 2.168119590504647931e+03
-6.165742591157536978e-01 -7.882131653508462477e+03
-6.239144288671316652e-01 2.315548353870442952e+03
-6.312545986185096325e-01 -7.945728479180266731e+03
-6.385947683698880439e-01 2.460928459427355847e+03
-6.459349381212655672e-01 -8.022280511129109072e+03
-6.532751078726435345e-01 2.604951529015939741e+03
-6.606152776240219460e-01 -8.111952082046569558e+03
-6.679554473753999133e-01 2.748206241581065115e+03
-6.752956171267778807e-01 -8.214746686643120483e+03
-6.826357868781558480e-01 2.891234699189364619e+03
-6.899759566295338153e-01 -8.331052918285568012e+03
-6.973161263809122268e-01 3.034614562022310565e+03
-7.046562961322897500e-01 -8.461166551395755960e+03
-7.119964658836677174e-01 3.178968169245461468e+03
-7.193366356350461288e-01 -8.605319364717783174e+03
-7.266768053864240962e-01 3.324926991631553392e+03
-7.340169751378020635e-01 -8.764071881579671754e+03
-7.413571448891800308e-01 3.473053544782887911e+03
-7.486973146405579982e-01 -8.937994109246326843e+03
-7.560374843919364096e-01 3.623955925034519169e+03
-7.633776541433139329e-01 -9.127636389660998248e+03
-7.707178238946919002e-01 3.778327577038580785e+03
-7.780579936460703117e-01 -9.333733301544183632e+03
-7.853981633974478349e-01 3.936831178044580156e+03
-7.927383331488262463e-01 -9.557222545824886765e+03
-8.000785029002042137e-01 4.100099847526769736e+03
-8.074186726515821810e-01 -9.798877132152090780e+03
-8.147588424029601484e-01 4.268995458204793977e+03
-8.220990121543381157e-01 -1.005978840452269651e+04
-8.294391819057160831e-01 4.444257904526180937e+03
-8.367793516570944945e-01 -1.034122573968212237e+04
-8.441195214084720178e-01 4.626661841119479504e+03
-8.514596911598504292e-01 -1.064451318858875311e+04
-8.587998609112283965e-01 4.817160642790375277e+03
-8.661400306626063639e-01 -1.097110388171090744e+04
-8.734802004139843312e-01 5.016754124072962441e+03
-8.808203701653622986e-01 -1.132279524777358165e+04
-8.881605399167402659e-01 5.226405484227463603e+03
-8.955007096681186773e-01 -1.170149740229238523e+04
-9.028408794194962006e-01 5.447343401814927347e+03
-9.101810491708746120e-01 -1.210929009381233482e+04
-9.175212189222525794e-01 5.680759950496343663e+03
-9.248613886736305467e-01 -1.254868475425743964e+04
-9.322015584250085141e-01 5.928067888778343331e+03
-9.395417281763864814e-01 -1.302235646625113441e+04
-9.468818979277644488e-01 6.190788156025635544e+03
-9.542220676791428602e-01 -1.353341058877710020e+04
-9.615622374305203834e-01 6.470621936779905809e+03
-9.689024071818983508e-01 -1.408527838763012551e+04
-9.762425769332767622e-01 6.769445130702806637e+03
-9.835827466846547296e-01 -1.468194305423059268e+04
-9.909229164360326969e-01 7.089340555392001988e+03
-9.982630861874106643e-01 -1.532789484155469108e+04
-1.005603255938788632e+00 7.432713270812324481e+03
-1.012943425690167043e+00 -1.602813409039803082e+04
-1.020283595441544566e+00 7.802233159663039260e+03
-1.027623765192922534e+00 -1.678853981403389480e+04
-1.034963934944300945e+00 8.200906271805404685e+03
-1.042304104695678912e+00 -1.761568516413739417e+04
-1.049644274447056880e+00 8.632197021739440970e+03
-1.056984444198434847e+00 -1.851716027981741354e+04
-1.064324613949812814e+00 9.100079189002368366e+03
-1.071664783701191226e+00 -1.950168885019852314e+04
-1.079004953452568749e+00 9.609028541351202875e+03
-1.086345123203946716e+00 -2.057943386032769922e+04
-1.093685292955325128e+00 1.016430299777083565e+04
-1.101025462706703095e+00 -2.176208335072780028e+04
-1.108365632458081063e+00 1.077192982117694919e+04
-1.115705802209459030e+00 -2.306329993334249593e+04
-1.123045971960836997e+00 1.143896072392180213e+04
-1.130386141712215409e+00 -2.449907494794082595e+04
-1.137726311463592932e+00 1.217360016734065721e+04
-1.145066481214970899e+00 -2.608823289003688842e+04
-1.152406650966349311e+00 1.298553476308082463e+04
-1.159746820717727278e+00 -2.785306546418962535e+04
-1.167086990469105245e+00 1.388621832648024429e+04
-1.174427160220483213e+00 -2.982001875239436049e+04
-1.181767329971861180e+00 1.488927785910217790e+04
-1.189107499723239592e+00 -3.202082402330276091e+04
-1.196447669474617115e+00 1.601105002064048313e+04
-1.203787839225995082e+00 -3.449367947372165509e+04
-1.211128008977373494e+00 1.727118194689211668e+04
-1.218468178728751461e+00 -3.728501324277021922e+04
-1.225808348480129428e+00 1.869359814840042964e+04
-1.233148518231507396e+00 -4.045153604806796648e+04
-1.240488687982885363e+00 2.030758439845923567e+04
-1.247828857734263330e+00 -4.406334363353310619e+04
-1.255169027485641298e+00 2.214927263362728991e+04
-1.262509197237019265e+00 -4.820757210155599751e+04
-1.269849366988397676e+00 2.426375395154661965e+04
-1.277189536739775200e+00 -5.299400764984998386e+04
-1.284529706491153611e+00 2.670779140341148013e+04
-1.291869876242531578e+00 -5.856217567570449319e+04
-1.299210045993909546e+00 2.955371239207906183e+04
-1.306550215745287513e+00 -6.509172326670913026e+04
-1.313890385496665481e+00 3.289473569839878473e+04
-1.321230555248043448e+00 -7.281724391288438346e+04
-1.328570724999421859e+00 3.685279645790194627e+04
-1.335910894750799383e+00 -8.204938801602262538e+04
-1.343251064502177794e+00 4.158968204518564744e+04
-1.350591234253555761e+00 -9.320693033054179978e+04
-1.357931404004933729e+00 4.732386299153458094e+04
-1.365271573756311696e+00 -1.068650937410729239e+05
-1.372611743507689663e+00 5.435612946226180065e+04
-1.379951913259067631e+00 -1.238308701332424534e+05
-1.387292083010446042e+00 6.310938663786282996e+04
-1.394632252761823565e+00 -1.452672682171806227e+05
-1.401972422513201977e+00 7.419527332398679573e+04
-1.409312592264579944e+00 -1.728901728647380369e+05
-1.416652762015957912e+00 8.851727170508995187e+04
-1.423992931767335879e+00 -2.093573180931604002e+05
-1.431333101518713846e+00 1.074859628079354879e+05
-1.438673271270091814e+00 -2.587972310075334972e+05
-1.446013441021470225e+00 1.332781437188647687e+05
-1.453353610772847748e+00 -3.285825417002538452e+05
-1.460693780524226160e+00 1.698963959518599731e+05
-1.468033950275604127e+00 -4.300200996437144349e+05
-1.475374120026982094e+00 2.231107923625242256e+05
-1.482714289778360062e+00 -5.924784915560337249e+05
-1.490054459529738029e+00 3.097400147678857902e+05
-1.497394629281115996e+00 -8.470211007982331794e+05
-1.504734799032494408e+00 4.404563729683054844e+05
-1.512074968783871931e+00 -1.410840776173773222e+06
-1.519415138535250342e+00 7.499306663178043673e+05
-1.526755308286628310e+00 -2.295800675038857851e+06
-1.534095478038006277e+00 1.112616719491764437e+06
-1.541435647789384245e+00 -7.019829278879805468e+06
-1.548775817540762212e+00 4.322785059632632881e+06
-1.556115987292140179e+00 -1.335194580828405730e+07
-1.563456157043518591e+00 -2.798772635205206461e+06
-1.570796326794896114e+00 8.071799002144818008e+07
