1.570796326794896558e+00 -1.199692727555323334e+11
1.563456157043518591e+00 -1.200101000809092560e+11
1.556115987292140623e+00 -1.199780070347684631e+11
1.548775817540762434e+00 -1.199683223524460602e+11
1.541435647789384467e+00 -1.199876754134383087e+11
1.534095478038006499e+00 -1.199784217209633942e+11
1.526755308286628532e+00 -1.199807311189217529e+11
1.519415138535250342e+00 -1.199783676914345856e+11
1.512074968783872375e+00 -1.199812316457127075e+11
1.504734799032494408e+00 -1.199797066160111847e+11
1.497394629281116440e+00 -1.199813383685898438e+11
1.490054459529738251e+00 -1.199806637967853851e+11
1.482714289778360284e+00 -1.199820627383343811e+11
1.475374120026982316e+00 -1.199817545512774353e+11
1.468033950275604349e+00 -1.199829258610703125e+11
1.460693780524226160e+00 -1.199828761169590607e+11
1.453353610772848192e+00 -1.199839317655330048e+11
1.446013441021470225e+00 -1.199840427938559113e+11
1.438673271270092258e+00 -1.199850111483283234e+11
1.431333101518714068e+00 -1.199852300882206879e+11
1.423992931767336101e+00 -1.199861322574037018e+11
1.416652762015958134e+00 -1.199864203203318176e+11
1.409312592264580166e+00 -1.199872649007989044e+11
1.401972422513201977e+00 -1.199875948570498810e+11
1.394632252761824009e+00 -1.199883862058026428e+11
1.387292083010446042e+00 -1.199887378217428741e+11
1.379951913259068075e+00 -1.199894777023183594e+11
1.372611743507690107e+00 -1.199898359971685944e+11
1.365271573756311918e+00 -1.199905252324745941e+11
1.357931404004933951e+00 -1.199908791430267029e+11
1.350591234253555983e+00 -1.199915183358805237e+11
1.343251064502177794e+00 -1.199918598633162079e+11
1.335910894750799827e+00 -1.199924498145081787e+11
1.328570724999421859e+00 -1.199927733734048157e+11
1.321230555248043892e+00 -1.199933152549534607e+11
1.313890385496665925e+00 -1.199936171678730164e+11
1.306550215745287735e+00 -1.199941125682406158e+11
1.299210045993909768e+00 -1.199943906548022461e+11
1.291869876242531801e+00 -1.199948415476573486e+11
1.284529706491153611e+00 -1.199950947864313965e+11
1.277189536739775644e+00 -1.199955034613521271e+11
1.269849366988397676e+00 -1.199957317108577881e+11
1.262509197237019709e+00 -1.199961006890904388e+11
1.255169027485641742e+00 -1.199963044585506134e+11
1.247828857734263552e+00 -1.199966364077653503e+11
1.240488687982885585e+00 -1.199968166708477173e+11
1.233148518231507618e+00 -1.199971143271237183e+11
1.225808348480129428e+00 -1.199972723726486053e+11
1.218468178728751461e+00 -1.199975384737590179e+11
1.211128008977373494e+00 -1.199976757879761505e+11
1.203787839225995526e+00 -1.199979130191945190e+11
1.196447669474617559e+00 -1.199980311947147980e+11
1.189107499723239592e+00 -1.199982421473542938e+11
1.181767329971861402e+00 -1.199983428140830688e+11
1.174427160220483435e+00 -1.199985299551581726e+11
1.167086990469105467e+00 -1.199986147295026398e+11
1.159746820717727278e+00 -1.199987803815748596e+11
1.152406650966349311e+00 -1.199988508301239319e+11
1.145066481214971343e+00 -1.199989971591811218e+11
1.137726311463593376e+00 -1.199990547738469696e+11
1.130386141712215409e+00 -1.199991837838952637e+11
1.123045971960837219e+00 -1.199992299660270691e+11
1.115705802209459252e+00 -1.199993434985648651e+11
1.108365632458081285e+00 -1.199993795501535339e+11
1.101025462706703095e+00 -1.199994792877708130e+11
1.093685292955325128e+00 -1.199995064073684387e+11
1.086345123203947161e+00 -1.199995938797863922e+11
1.079004953452569193e+00 -1.199996131624845581e+11
1.071664783701191226e+00 -1.199996897545275574e+11
1.064324613949813259e+00 -1.199997021945092163e+11
1.056984444198435069e+00 -1.199997691552125092e+11
1.049644274447057102e+00 -1.199997756501490631e+11
1.042304104695678912e+00 -1.199998341025760040e+11
1.034963934944300945e+00 -1.199998354589873352e+11
1.027623765192922978e+00 -1.199998864099512329e+11
1.020283595441545010e+00 -1.199998833495070190e+11
1.012943425690167043e+00 -1.199999276996122589e+11
1.005603255938789076e+00 -1.199999208654919434e+11
9.982630861874108863e-01 -1.199999594183180389e+11
9.909229164360329190e-01 -1.199999493818991547e+11
9.835827466846548406e-01 -1.199999828533395844e+11
9.762425769332768732e-01 -1.199999701203697052e+11
9.689024071818987949e-01 -1.199999991468060760e+11
9.615622374305208275e-01 -1.199999841637640381e+11
9.542220676791427492e-01 -1.200000093101919250e+11
9.468818979277647818e-01 -1.199999924699382324e+11
9.395417281763867035e-01 -1.200000142370586243e+11
9.322015584250087361e-01 -1.199999958843099365e+11
9.248613886736306577e-01 -1.200000147153085175e+11
9.175212189222526904e-01 -1.199999951515866394e+11
9.101810491708746120e-01 -1.200000114382082825e+11
9.028408794194966447e-01 -1.199999909264784851e+11
8.955007096681185663e-01 -1.200000050144422607e+11
8.881605399167405990e-01 -1.199999837833176270e+11
8.808203701653625206e-01 -1.199999959774038696e+11
8.734802004139845533e-01 -1.199999742248976746e+11
8.661400306626065859e-01 -1.199999847933953552e+11
8.587998609112286186e-01 -1.199999626904271851e+11
8.514596911598505402e-01 -1.199999718691690063e+11
8.441195214084725729e-01 -1.199999495626369019e+11
8.367793516570944945e-01 -1.199999575586844940e+11
8.294391819057165272e-01 -1.199999351742213440e+11
8.220990121543384488e-01 -1.199999421690176849e+11
8.147588424029604814e-01 -1.199999198135519714e+11
8.074186726515824031e-01 -1.199999259658773041e+11
8.000785029002044357e-01 -1.199999037298136902e+11
7.927383331488263574e-01 -1.199999091783639526e+11
7.853981633974483900e-01 -1.199998871376419067e+11
7.780579936460703117e-01 -1.199998920033674622e+11
7.707178238946922333e-01 -1.199998702211211243e+11
7.633776541433142659e-01 -1.199998746092108154e+11
7.560374843919361876e-01 -1.199998531375211182e+11
7.486973146405582202e-01 -1.199998571393420868e+11
7.413571448891801419e-01 -1.199998360204465790e+11
7.340169751378021745e-01 -1.199998397150504456e+11
7.266768053864240962e-01 -1.199998189827682037e+11
7.193366356350461288e-01 -1.199998224384958191e+11
7.119964658836680504e-01 -1.199998021191920166e+11
7.046562961322900831e-01 -1.199998053948022766e+11
6.973161263809120047e-01 -1.199997855084801941e+11
6.899759566295340374e-01 -1.199997886543957520e+11
6.826357868781559590e-01 -1.199997692155011597e+11
6.752956171267779917e-01 -1.199997722748088074e+11
6.679554473753999133e-01 -1.199997532929386139e+11
6.606152776240219460e-01 -1.199997563022708130e+11
6.532751078726438676e-01 -1.199997377829898987e+11
6.459349381212659003e-01 -1.199997407732872620e+11
6.385947683698878219e-01 -1.199997227186104126e+11
6.312545986185098545e-01 -1.199997257159337158e+11
6.239144288671319982e-01 -1.199997081249067383e+11
6.165742591157538088e-01 -1.199997111509678955e+11
6.092340893643759525e-01 -1.199996940200518494e+11
6.018939196129977631e-01 -1.199996970927834625e+11
5.945537498616199068e-01 -1.199996804163695984e+11
5.872135801102417174e-01 -1.199996835504786987e+11
5.798734103588638611e-01 -1.199996673211482239e+11
5.725332406074856717e-01 -1.199996705284774628e+11
5.651930708561077044e-01 -1.199996547373393555e+11
5.578529011047297370e-01 -1.199996580272827301e+11
5.505127313533517697e-01 -1.199996426642871552e+11
5.431725616019735803e-01 -1.199996460441076813e+11
5.358323918505956129e-01 -1.199996310982378235e+11
5.284922220992176456e-01 -1.199996345734041443e+11
5.211520523478396782e-01 -1.199996200328667603e+11
5.138118825964614889e-01 -1.199996236072790222e+11
5.064717128450835215e-01 -1.199996094597092285e+11
4.991315430937055542e-01 -1.199996131359472046e+11
4.917913733423275868e-01 -1.199995993685534210e+11
4.844512035909493974e-01 -1.199996031480675964e+11
4.771110338395714301e-01 -1.199995897477887878e+11
4.697708640881934627e-01 -1.199995936310968323e+11
4.624306943368154954e-01 -1.199995805846500397e+11
4.550905245854373060e-01 -1.199995845714875183e+11
4.477503548340593387e-01 -1.199995718655742493e+11
4.404101850826813713e-01 -1.199995759549903259e+11
4.330700153313034040e-01 -1.199995635762077942e+11
4.257298455799252146e-01 -1.199995677666532593e+11
4.183896758285472472e-01 -1.199995557019024353e+11
4.110495060771692799e-01 -1.199995599917469482e+11
4.037093363257913126e-01 -1.199995482276253052e+11
3.963691665744131232e-01 -1.199995526143113403e+11
3.890289968230351558e-01 -1.199995411380831604e+11
3.816888270716571885e-01 -1.199995456193881836e+11
3.743486573202792211e-01 -1.199995344182059021e+11
3.670084875689010318e-01 -1.199995389913263397e+11
3.596683178175230644e-01 -1.199995280527033386e+11
3.523281480661450971e-01 -1.199995327148588257e+11
3.449879783147671297e-01 -1.199995220265917053e+11
3.376478085633889403e-01 -1.199995267748906403e+11
3.303076388120109730e-01 -1.199995163250475464e+11
3.229674690606330056e-01 -1.199995211565668640e+11
3.156272993092550383e-01 -1.199995109335434265e+11
3.082871295578768489e-01 -1.199995158453350525e+11
3.009469598064991036e-01 -1.199995058378123016e+11
2.936067900551209142e-01 -1.199995108269708862e+11
2.862666203037429469e-01 -1.199995010240024872e+11
2.789264505523647575e-01 -1.199995060877213593e+11
2.715862808009870122e-01 -1.199994964786430054e+11
2.642461110496088228e-01 -1.199995016141091461e+11
2.569059412982308555e-01 -1.199994921886506653e+11
2.495657715468526661e-01 -1.199994973932266998e+11
2.422256017954749208e-01 -1.199994881413917999e+11
2.348854320440967314e-01 -1.199994934125042725e+11
2.275452622927187640e-01 -1.199994843246696167e+11
2.202050925413405746e-01 -1.199994896599246216e+11
2.128649227899628293e-01 -1.199994807267191315e+11
2.055247530385846400e-01 -1.199994861237619934e+11
1.981845832872066726e-01 -1.199994773362091827e+11
1.908444135358284832e-01 -1.199994827929500427e+11
1.835042437844507379e-01 -1.199994741422934875e+11
1.761640740330725485e-01 -1.199994796566862793e+11
1.688239042816945812e-01 -1.199994711345807495e+11
1.614837345303166138e-01 -1.199994767047763214e+11
1.541435647789386465e-01 -1.199994683030930939e+11
1.468033950275606792e-01 -1.199994739274154663e+11
1.394632252761824898e-01 -1.199994656382676392e+11
1.321230555248045224e-01 -1.199994713151548309e+11
1.247828857734265551e-01 -1.199994631310440369e+11
1.174427160220485877e-01 -1.199994688591722412e+11
1.101025462706703983e-01 -1.199994607727360840e+11
1.027623765192924310e-01 -1.199994665508670807e+11
9.542220676791446365e-02 -1.199994585550355530e+11
8.808203701653649631e-02 -1.199994643820981445e+11
8.074186726515830692e-02 -1.199994564700709076e+11
7.340169751378033958e-02 -1.199994623452115936e+11
6.606152776240237223e-02 -1.199994545103389587e+11
5.872135801102440489e-02 -1.199994604327835083e+11
5.138118825964621550e-02 -1.199994526687122498e+11
4.404101850826824815e-02 -1.199994586379007874e+11
3.670084875689028081e-02 -1.199994509384012451e+11
2.936067900551231347e-02 -1.199994569539284210e+11
2.202050925413412408e-02 -1.199994493129820099e+11
1.468033950275615673e-02 -1.199994553745663757e+11
7.340169751378189389e-03 -1.199994477863698273e+11
2.220446049250313081e-16 -1.199994538938733063e+11
-7.340169751377745300e-03 -1.199994463527443848e+11
-1.468033950275593469e-02 -1.199994525062408142e+11
-2.202050925413390203e-02 -1.199994450066694489e+11
-2.936067900551209142e-02 -1.199994512063320465e+11
-3.670084875688983672e-02 -1.199994437429133148e+11
-4.404101850826802611e-02 -1.199994499890742645e+11
-5.138118825964599345e-02 -1.199994425565852203e+11
-5.872135801102418284e-02 -1.199994488497406006e+11
-6.606152776240192814e-02 -1.199994414430243683e+11
-7.340169751378011753e-02 -1.199994477837957764e+11
-8.074186726515808488e-02 -1.199994403978831482e+11
-8.808203701653627427e-02 -1.199994467870088501e+11
-9.542220676791401957e-02 -1.199994394169537506e+11
-1.027623765192922090e-01 -1.199994458554040680e+11
-1.101025462706701763e-01 -1.199994384963216095e+11
-1.174427160220483657e-01 -1.199994449850935516e+11
-1.247828857734261110e-01 -1.199994376322999573e+11
-1.321230555248043004e-01 -1.199994441726393280e+11
-1.394632252761822677e-01 -1.199994368213939056e+11
-1.468033950275604571e-01 -1.199994434146300201e+11
-1.541435647789382024e-01 -1.199994360602843170e+11
-1.614837345303163918e-01 -1.199994427078851318e+11
-1.688239042816943591e-01 -1.199994353458730927e+11
-1.761640740330725485e-01 -1.199994420495000458e+11
-1.835042437844502938e-01 -1.199994346751969452e+11
-1.908444135358284832e-01 -1.199994414365941010e+11
-1.981845832872064506e-01 -1.199994340455099487e+11
-2.055247530385846400e-01 -1.199994408666333008e+11
-2.128649227899623853e-01 -1.199994334541602020e+11
-2.202050925413405746e-01 -1.199994403370145264e+11
-2.275452622927185420e-01 -1.199994328987113647e+11
-2.348854320440967314e-01 -1.199994398456035614e+11
-2.422256017954744767e-01 -1.199994323768626862e+11
-2.495657715468526661e-01 -1.199994393901308289e+11
-2.569059412982306334e-01 -1.199994318864055023e+11
-2.642461110496088228e-01 -1.199994389685995941e+11
-2.715862808009865681e-01 -1.199994314252705994e+11
-2.789264505523647575e-01 -1.199994385790879822e+11
-2.862666203037427248e-01 -1.199994309914996185e+11
-2.936067900551209142e-01 -1.199994382197956696e+11
-3.009469598064986595e-01 -1.199994305832797699e+11
-3.082871295578768489e-01 -1.199994378891185608e+11
-3.156272993092548163e-01 -1.199994301988914490e+11
-3.229674690606325616e-01 -1.199994375854867859e+11
-3.303076388120107509e-01 -1.199994298366703033e+11
-3.376478085633889403e-01 -1.199994373074011230e+11
-3.449879783147669077e-01 -1.199994294951148987e+11
-3.523281480661446530e-01 -1.199994370536552124e+11
-3.596683178175228424e-01 -1.199994291727688599e+11
-3.670084875689010318e-01 -1.199994368228618622e+11
-3.743486573202789991e-01 -1.199994288682682648e+11
-3.816888270716567444e-01 -1.199994366139449615e+11
-3.890289968230349338e-01 -1.199994285803008118e+11
-3.963691665744131232e-01 -1.199994364257923279e+11
-4.037093363257910905e-01 -1.199994283076608276e+11
-4.110495060771688358e-01 -1.199994362574482269e+11
-4.183896758285470252e-01 -1.199994280492182312e+11
-4.257298455799252146e-01 -1.199994361079933167e+11
-4.330700153313031819e-01 -1.199994278038506470e+11
-4.404101850826811493e-01 -1.199994359766245422e+11
-4.477503548340591166e-01 -1.199994275705747986e+11
-4.550905245854370840e-01 -1.199994358625680237e+11
-4.624306943368154954e-01 -1.199994273483420715e+11
-4.697708640881930187e-01 -1.199994357650437012e+11
-4.771110338395709860e-01 -1.199994271362396545e+11
-4.844512035909493974e-01 -1.199994356835862579e+11
-4.917913733423273648e-01 -1.199994269334202576e+11
-4.991315430937053321e-01 -1.199994356174868774e+11
-5.064717128450832995e-01 -1.199994267390038300e+11
-5.138118825964612668e-01 -1.199994355663643494e+11
-5.211520523478396782e-01 -1.199994265521953430e+11
-5.284922220992172015e-01 -1.199994355297775269e+11
-5.358323918505951688e-01 -1.199994263722680969e+11
-5.431725616019735803e-01 -1.199994355072603912e+11
-5.505127313533515476e-01 -1.199994261984963989e+11
-5.578529011047295150e-01 -1.199994354986486511e+11
-5.651930708561074823e-01 -1.199994260301520386e+11
-5.725332406074854497e-01 -1.199994355035500336e+11
-5.798734103588638611e-01 -1.199994258664885559e+11
-5.872135801102413843e-01 -1.199994355218498535e+11
-5.945537498616193517e-01 -1.199994257068069153e+11
-6.018939196129977631e-01 -1.199994355531911316e+11
-6.092340893643757305e-01 -1.199994255506261444e+11
-6.165742591157536978e-01 -1.199994355979588318e+11
-6.239144288671316652e-01 -1.199994253973302002e+11
-6.312545986185096325e-01 -1.199994356556584473e+11
-6.385947683698880439e-01 -1.199994252462369995e+11
-6.459349381212655672e-01 -1.199994357266814575e+11
-6.532751078726435345e-01 -1.199994250967330017e+11
-6.606152776240219460e-01 -1.199994358109201813e+11
-6.679554473753999133e-01 -1.199994249481612549e+11
-6.752956171267778807e-01 -1.199994359085135803e+11
-6.826357868781558480e-01 -1.199994248000213470e+11
-6.899759566295338153e-01 -1.199994360197980957e+11
-6.973161263809122268e-01 -1.199994246517871094e+11
-7.046562961322897500e-01 -1.199994361452246704e+11
-7.119964658836677174e-01 -1.199994245027409363e+11
-7.193366356350461288e-01 -1.199994362846795197e+11
-7.266768053864240962e-01 -1.199994243521468811e+11
-7.340169751378020635e-01 -1.199994364388594666e+11
-7.413571448891800308e-01 -1.199994241996551056e+11
-7.486973146405579982e-01 -1.199994366086237946e+11
-7.560374843919364096e-01 -1.199994240445902710e+11
-7.633776541433139329e-01 -1.199994367940991211e+11
-7.707178238946919002e-01 -1.199994238861493988e+11
-7.780579936460703117e-01 -1.199994369962245483e+11
-7.853981633974478349e-01 -1.199994237237540894e+11
-7.927383331488262463e-01 -1.199994372159017944e+11
-8.000785029002042137e-01 -1.199994235567315674e+11
-8.074186726515821810e-01 -1.199994374538607025e+11
-8.147588424029601484e-01 -1.199994233841959076e+11
-8.220990121543381157e-01 -1.199994377111875610e+11
-8.294391819057160831e-01 -1.199994232054090576e+11
-8.367793516570944945e-01 -1.199994379891605225e+11
-8.441195214084720178e-01 -1.199994230196151733e+11
-8.514596911598504292e-01 -1.199994382891324463e+11
-8.587998609112283965e-01 -1.199994228257594910e+11
-8.661400306626063639e-01 -1.199994386123249664e+11
-8.734802004139843312e-01 -1.199994226228387299e+11
-8.808203701653622986e-01 -1.199994389607598572e+11
-8.881605399167402659e-01 -1.199994224099332428e+11
-8.955007096681186773e-01 -1.199994393362102051e+11
-9.028408794194962006e-01 -1.199994221857508087e+11
-9.101810491708746120e-01 -1.199994397407656860e+11
-9.175212189222525794e-01 -1.199994219491160736e+11
-9.248613886736305467e-01 -1.199994401769612274e+11
-9.322015584250085141e-01 -1.199994216985733948e+11
-9.395417281763864814e-01 -1.199994406473625336e+11
-9.468818979277644488e-01 -1.199994214325608521e+11
-9.542220676791428602e-01 -1.199994411551025696e+11
-9.615622374305203834e-01 -1.199994211493520203e+11
-9.689024071818983508e-01 -1.199994417035343018e+11
-9.762425769332767622e-01 -1.199994208470335693e+11
-9.835827466846547296e-01 -1.199994422966445465e+11
-9.909229164360326969e-01 -1.199994205234867706e+11
-9.982630861874106643e-01 -1.199994429388480072e+11
-1.005603255938788632e+00 -1.199994201762590027e+11
-1.012943425690167043e+00 -1.199994436351254272e+11
-1.020283595441544566e+00 -1.199994198026371307e+11
-1.027623765192922534e+00 -1.199994443912890625e+11
-1.034963934944300945e+00 -1.199994193995439453e+11
-1.042304104695678912e+00 -1.199994452138363953e+11
-1.049644274447056880e+00 -1.199994189634435120e+11
-1.056984444198434847e+00 -1.199994461102901001e+11
-1.064324613949812814e+00 -1.199994184902715759e+11
-1.071664783701191226e+00 -1.199994470892605591e+11
-1.079004953452568749e+00 -1.199994179754651794e+11
-1.086345123203946716e+00 -1.199994481608495789e+11
-1.093685292955325128e+00 -1.199994174136423645e+11
-1.101025462706703095e+00 -1.199994493365583801e+11
-1.108365632458081063e+00 -1.199994167986219330e+11
-1.115705802209459030e+00 -1.199994506299284515e+11
-1.123045971960836997e+00 -1.199994161231917419e+11
-1.130386141712215409e+00 -1.199994520567513428e+11
-1.137726311463592932e+00 -1.199994153789353638e+11
-1.145066481214970899e+00 -1.199994536356275482e+11
-1.152406650966349311e+00 -1.199994145559078369e+11
-1.159746820717727278e+00 -1.199994553885559998e+11
-1.167086990469105245e+00 -1.199994136423435822e+11
-1.174427160220483213e+00 -1.199994573416520081e+11
-1.181767329971861180e+00 -1.199994126242319641e+11
-1.189107499723239592e+00 -1.199994595262104187e+11
-1.196447669474617115e+00 -1.199994114847448730e+11
-1.203787839225995082e+00 -1.199994619798828125e+11
-1.211128008977373494e+00 -1.199994102036276245e+11
-1.218468178728751461e+00 -1.199994647484290161e+11
-1.225808348480129428e+00 -1.199994087561596375e+11
-1.233148518231507396e+00 -1.199994678876358337e+11
-1.240488687982885363e+00 -1.199994071120796661e+11
-1.247828857734263330e+00 -1.199994714665719910e+11
-1.255169027485641298e+00 -1.199994052339832458e+11
-1.262509197237019265e+00 -1.199994755708554688e+11
-1.269849366988397676e+00 -1.199994030750597992e+11
-1.277189536739775200e+00 -1.199994803083518066e+11
-1.284529706491153611e+00 -1.199994005763104401e+11
-1.291869876242531578e+00 -1.199994858160352173e+11
-1.299210045993909546e+00 -1.199993976623884125e+11
-1.306550215745287513e+00 -1.199994922700653229e+11
-1.313890385496665481e+00 -1.199993942359286957e+11
-1.321230555248043448e+00 -1.199994999002306061e+11
-1.328570724999421859e+00 -1.199993901692825928e+11
-1.335910894750799383e+00 -1.199995090105593872e+11
-1.343251064502177794e+00 -1.199993852924982910e+11
-1.350591234253555761e+00 -1.199995200101196136e+11
-1.357931404004933729e+00 -1.199993793753660431e+11
-1.365271573756311696e+00 -1.199995334603624725e+11
-1.372611743507689663e+00 -1.199993720992279816e+11
-1.379951913259067631e+00 -1.199995501463162689e+11
-1.387292083010446042e+00 -1.199993630159188995e+11
-1.394632252761823565e+00 -1.199995712024331665e+11
-1.401972422513201977e+00 -1.199993514658634491e+11
-1.409312592264579944e+00 -1.199995982772814484e+11
-1.416652762015957912e+00 -1.199993364991480865e+11
-1.423992931767335879e+00 -1.199996340030491180e+11
-1.431333101518713846e+00 -1.199993164990587311e+11
-1.438673271270091814e+00 -1.199996821215430756e+11
-1.446013441021470225e+00 -1.199992894237705536e+11
-1.453353610772847748e+00 -1.199997506620582123e+11
-1.460693780524226160e+00 -1.199992494855892487e+11
-1.468033950275604127e+00 -1.199998467045535278e+11
-1.475374120026982094e+00 -1.199991955835350342e+11
-1.482714289778360062e+00 -1.200000131826924744e+11
-1.490054459529738029e+00 -1.199990866228271332e+11
-1.497394629281115996e+00 -1.200002190425836487e+11
-1.504734799032494408e+00 -1.199989985943047943e+11
-1.512074968783871931e+00 -1.200009169206487885e+11
-1.519415138535250342e+00 -1.199983906127439423e+11
-1.526755308286628310e+00 -1.200010708076229401e+11
-1.534095478038006277e+00 -1.199990151839666138e+11
-1.541435647789384245e+00 -1.200085004237032166e+11
-1.548775817540762212e+00 -1.199893046742259064e+11
-1.556115987292140179e+00 -1.199991262699550323e+11
-1.563456157043518591e+00 -1.200312918717078552e+11
-1.570796326794896114e+00 -1.199904938839770660e+11
