1.570796326794896558e+00 1.598035124268531799e+07
1.563456157043518591e+00 9.926634355318069458e+06
1.556115987292140623e+00 3.872917467950820923e+06
1.548775817540762434e+00 5.029458965451240540e+06
1.541435647789384467e+00 6.186000462951660156e+06
1.534095478038006499e+00 5.887867454642295837e+06
1.526755308286628532e+00 5.589734446332931519e+06
1.519415138535250342e+00 5.544666774392127991e+06
1.512074968783872375e+00 5.499599102451324463e+06
1.504734799032494408e+00 5.365385938581466675e+06
1.497394629281116440e+00 5.231172774711608887e+06
1.490054459529738251e+00 5.095400495010375977e+06
1.482714289778360284e+00 4.959628215309143066e+06
1.475374120026982316e+00 4.807451738460540771e+06
1.468033950275604349e+00 4.655275261611938477e+06
1.460693780524226160e+00 4.496238504159927368e+06
1.453353610772848192e+00 4.337201746707916260e+06
1.446013441021470225e+00 4.174229065294265747e+06
1.438673271270092258e+00 4.011256383880615234e+06
1.431333101518714068e+00 3.848244446398735046e+06
1.423992931767336101e+00 3.685232508916854858e+06
1.416652762015958134e+00 3.525043733188629150e+06
1.409312592264580166e+00 3.364854957460403442e+06
1.401972422513201977e+00 3.209809829313278198e+06
1.394632252761824009e+00 3.054764701166152954e+06
1.387292083010446042e+00 2.906553263817787170e+06
1.379951913259068075e+00 2.758341826469421387e+06
1.372611743507690107e+00 2.618124428850173950e+06
1.365271573756311918e+00 2.477907031230926514e+06
1.357931404004933951e+00 2.346387713978767395e+06
1.350591234253555983e+00 2.214868396726608276e+06
1.343251064502177794e+00 2.092382416635513306e+06
1.335910894750799827e+00 1.969896436544418335e+06
1.328570724999421859e+00 1.856490733935356140e+06
1.321230555248043892e+00 1.743085031326293945e+06
1.313890385496665925e+00 1.638590748707771301e+06
1.306550215745287735e+00 1.534096466089248657e+06
1.299210045993909768e+00 1.438190522259712219e+06
1.291869876242531801e+00 1.342284578430175781e+06
1.284529706491153611e+00 1.254540161149024963e+06
1.277189536739775644e+00 1.166795743867874146e+06
1.269849366988397676e+00 1.086722293892860413e+06
1.262509197237019709e+00 1.006648843917846680e+06
1.255169027485641742e+00 9.337227708978652954e+05
1.247828857734263552e+00 8.607966978778839111e+05
1.240488687982885585e+00 7.944842421607971191e+05
1.233148518231507618e+00 7.281717864437103271e+05
1.225808348480129428e+00 6.679454726572036743e+05
1.218468178728751461e+00 6.077191588706970215e+05
1.211128008977373494e+00 5.530691657571792603e+05
1.203787839225995526e+00 4.984191726436614990e+05
1.196447669474617559e+00 4.488607650928497314e+05
1.189107499723239592e+00 3.993023575420379639e+05
1.181767329971861402e+00 3.543803490581512451e+05
1.174427160220483435e+00 3.094583405742645264e+05
1.167086990469105467e+00 2.687493633451461792e+05
1.159746820717727278e+00 2.280403861160278320e+05
1.152406650966349311e+00 1.911535822257995605e+05
1.145066481214971343e+00 1.542667783355712891e+05
1.137726311463593376e+00 1.208433935184478760e+05
1.130386141712215409e+00 8.742000870132446289e+04
1.123045971960837219e+00 5.713224742221832275e+04
1.115705802209459252e+00 2.684448614311218262e+04
1.108365632458081285e+00 -6.061021862030029297e+02
1.101025462706703095e+00 -2.805669051551818848e+04
1.093685292955325128e+00 -5.294109284687042236e+04
1.086345123203947161e+00 -7.782549517822265625e+04
1.079004953452569193e+00 -1.003892425756454468e+05
1.071664783701191226e+00 -1.229529899730682373e+05
1.064324613949813259e+00 -1.434182038049697876e+05
1.056984444198435069e+00 -1.638834176368713379e+05
1.049644274447057102e+00 -1.824507969284057617e+05
1.042304104695678912e+00 -2.010181762199401855e+05
1.034963934944300945e+00 -2.178689344100952148e+05
1.027623765192922978e+00 -2.347196926002502441e+05
1.020283595441545010e+00 -2.500173447132110596e+05
1.012943425690167043e+00 -2.653149968261718750e+05
1.005603255938789076e+00 -2.792070548038482666e+05
9.982630861874108863e-01 -2.930991127815246582e+05
9.909229164360329190e-01 -3.057186310682296753e+05
9.835827466846548406e-01 -3.183381493549346924e+05
9.762425769332768732e-01 -3.298051536350250244e+05
9.689024071818987949e-01 -3.412721579151153564e+05
9.615622374305208275e-01 -3.516949307041168213e+05
9.542220676791427492e-01 -3.621177034931182861e+05
9.468818979277647818e-01 -3.715939633808135986e+05
9.395417281763867035e-01 -3.810702232685089111e+05
9.322015584250087361e-01 -3.896881845827102661e+05
9.248613886736306577e-01 -3.983061458969116211e+05
9.175212189222526904e-01 -4.061454760704040527e+05
9.101810491708746120e-01 -4.139848062438964844e+05
9.028408794194966447e-01 -4.211174836606979370e+05
8.955007096681185663e-01 -4.282501610774993896e+05
8.881605399167405990e-01 -4.347412496662139893e+05
8.808203701653625206e-01 -4.412323382549285889e+05
8.734802004139845533e-01 -4.471406843662261963e+05
8.661400306626065859e-01 -4.530490304775238037e+05
8.587998609112286186e-01 -4.584278744268417358e+05
8.514596911598505402e-01 -4.638067183761596680e+05
8.441195214084725729e-01 -4.687042660293579102e+05
8.367793516570944945e-01 -4.736018136825561523e+05
8.294391819057165272e-01 -4.780617276992797852e+05
8.220990121543384488e-01 -4.825216417160034180e+05
8.147588424029604814e-01 -4.865834921264648438e+05
8.074186726515824031e-01 -4.906453425369262695e+05
8.000785029002044357e-01 -4.943450128698348999e+05
7.927383331488263574e-01 -4.980446832027435303e+05
7.853981633974483900e-01 -5.014147188739776611e+05
7.780579936460703117e-01 -5.047847545452117920e+05
7.707178238946922333e-01 -5.078547025575637817e+05
7.633776541433142659e-01 -5.109246505699157715e+05
7.560374843919361876e-01 -5.137213362293243408e+05
7.486973146405582202e-01 -5.165180218887329102e+05
7.413571448891801419e-01 -5.190658178386688232e+05
7.340169751378021745e-01 -5.216136137886047363e+05
7.266768053864240962e-01 -5.239346676063537598e+05
7.193366356350461288e-01 -5.262557214241027832e+05
7.119964658836680504e-01 -5.283701751050949097e+05
7.046562961322900831e-01 -5.304846287860870361e+05
6.973161263809120047e-01 -5.324108007717132568e+05
6.899759566295340374e-01 -5.343369727573394775e+05
6.826357868781559590e-01 -5.360915285682678223e+05
6.752956171267779917e-01 -5.378460843791961670e+05
6.679554473753999133e-01 -5.394441987485885620e+05
6.606152776240219460e-01 -5.410423131179809570e+05
6.532751078726438676e-01 -5.424977992734909058e+05
6.459349381212659003e-01 -5.439532854290008545e+05
6.385947683698878219e-01 -5.452787299289703369e+05
6.312545986185098545e-01 -5.466041744289398193e+05
6.239144288671319982e-01 -5.478110360126495361e+05
6.165742591157538088e-01 -5.490178975963592529e+05
6.092340893643759525e-01 -5.501166295776367188e+05
6.018939196129977631e-01 -5.512153615589141846e+05
5.945537498616199068e-01 -5.522154726028442383e+05
5.872135801102417174e-01 -5.532155836467742920e+05
5.798734103588638611e-01 -5.541257747135162354e+05
5.725332406074856717e-01 -5.550359657802581787e+05
5.651930708561077044e-01 -5.558641426868438721e+05
5.578529011047297370e-01 -5.566923195934295654e+05
5.505127313533517697e-01 -5.574457056121826172e+05
5.431725616019735803e-01 -5.581990916309356689e+05
5.358323918505956129e-01 -5.588842749528884888e+05
5.284922220992176456e-01 -5.595694582748413086e+05
5.211520523478396782e-01 -5.601924506816864014e+05
5.138118825964614889e-01 -5.608154430885314941e+05
5.064717128450835215e-01 -5.613817182664871216e+05
4.991315430937055542e-01 -5.619479934444427490e+05
4.917913733423275868e-01 -5.624625728855133057e+05
4.844512035909493974e-01 -5.629771523265838623e+05
4.771110338395714301e-01 -5.634445819406509399e+05
4.697708640881934627e-01 -5.639120115547180176e+05
4.624306943368154954e-01 -5.643364778871536255e+05
4.550905245854373060e-01 -5.647609442195892334e+05
4.477503548340593387e-01 -5.651462449932098389e+05
4.404101850826813713e-01 -5.655315457668304443e+05
4.330700153313034040e-01 -5.658811564912796021e+05
4.257298455799252146e-01 -5.662307672157287598e+05
4.183896758285472472e-01 -5.665478515338897705e+05
4.110495060771692799e-01 -5.668649358520507812e+05
4.037093363257913126e-01 -5.671523949375152588e+05
3.963691665744131232e-01 -5.674398540229797363e+05
3.890289968230351558e-01 -5.677003251905441284e+05
3.816888270716571885e-01 -5.679607963581085205e+05
3.743486573202792211e-01 -5.681966920166015625e+05
3.670084875689010318e-01 -5.684325876750946045e+05
3.596683178175230644e-01 -5.686461082963943481e+05
3.523281480661450971e-01 -5.688596289176940918e+05
3.449879783147671297e-01 -5.690527837305068970e+05
3.376478085633889403e-01 -5.692459385433197021e+05
3.303076388120109730e-01 -5.694205597333908081e+05
3.229674690606330056e-01 -5.695951809234619141e+05
3.156272993092550383e-01 -5.697529431037902832e+05
3.082871295578768489e-01 -5.699107052841186523e+05
3.009469598064991036e-01 -5.700531331768035889e+05
2.936067900551209142e-01 -5.701955610694885254e+05
2.862666203037429469e-01 -5.703240483875274658e+05
2.789264505523647575e-01 -5.704525357055664062e+05
2.715862808009870122e-01 -5.705683530511856079e+05
2.642461110496088228e-01 -5.706841703968048096e+05
2.569059412982308555e-01 -5.707884769525527954e+05
2.495657715468526661e-01 -5.708927835083007812e+05
2.422256017954749208e-01 -5.709866350231170654e+05
2.348854320440967314e-01 -5.710804865379333496e+05
2.275452622927187640e-01 -5.711648489999771118e+05
2.202050925413405746e-01 -5.712492114620208740e+05
2.128649227899628293e-01 -5.713249615392684937e+05
2.055247530385846400e-01 -5.714007116165161133e+05
1.981845832872066726e-01 -5.714686523523330688e+05
1.908444135358284832e-01 -5.715365930881500244e+05
1.835042437844507379e-01 -5.715974521083831787e+05
1.761640740330725485e-01 -5.716583111286163330e+05
1.688239042816945812e-01 -5.717127548637390137e+05
1.614837345303166138e-01 -5.717671985988616943e+05
1.541435647789386465e-01 -5.718158332433700562e+05
1.468033950275606792e-01 -5.718644678878784180e+05
1.394632252761824898e-01 -5.719078431854248047e+05
1.321230555248045224e-01 -5.719512184829711914e+05
1.247828857734265551e-01 -5.719898392353057861e+05
1.174427160220485877e-01 -5.720284599876403809e+05
1.101025462706703983e-01 -5.720627802619934082e+05
1.027623765192924310e-01 -5.720971005363464355e+05
9.542220676791446365e-02 -5.721275387363433838e+05
8.808203701653649631e-02 -5.721579769363403320e+05
8.074186726515830692e-02 -5.721849099149703979e+05
7.340169751378033958e-02 -5.722118428936004639e+05
6.606152776240237223e-02 -5.722356152467727661e+05
5.872135801102440489e-02 -5.722593875999450684e+05
5.138118825964621550e-02 -5.722803110666275024e+05
4.404101850826824815e-02 -5.723012345333099365e+05
3.670084875689028081e-02 -5.723195942134857178e+05
2.936067900551231347e-02 -5.723379538936614990e+05
2.202050925413412408e-02 -5.723540070753097534e+05
1.468033950275615673e-02 -5.723700602569580078e+05
7.340169751378189389e-03 -5.723840398159027100e+05
2.220446049250313081e-16 -5.723980193748474121e+05
-7.340169751377745300e-03 -5.724101388320922852e+05
-1.468033950275593469e-02 -5.724222582893371582e+05
-2.202050925413390203e-02 -5.724327100667953491e+05
-2.936067900551209142e-02 -5.724431618442535400e+05
-3.670084875688983672e-02 -5.724521205930709839e+05
-4.404101850826802611e-02 -5.724610793418884277e+05
-5.138118825964599345e-02 -5.724687028236389160e+05
-5.872135801102418284e-02 -5.724763263053894043e+05
-6.606152776240192814e-02 -5.724827580518722534e+05
-7.340169751378011753e-02 -5.724891897983551025e+05
-8.074186726515808488e-02 -5.724945594673156738e+05
-8.808203701653627427e-02 -5.724999291362762451e+05
-9.542220676791401957e-02 -5.725043529138565063e+05
-1.027623765192922090e-01 -5.725087766914367676e+05
-1.101025462706701763e-01 -5.725123611574172974e+05
-1.174427160220483657e-01 -5.725159456233978271e+05
-1.247828857734261110e-01 -5.725187857856750488e+05
-1.321230555248043004e-01 -5.725216259479522705e+05
-1.394632252761822677e-01 -5.725238087339401245e+05
-1.468033950275604571e-01 -5.725259915199279785e+05
-1.541435647789382024e-01 -5.725275937080383301e+05
-1.614837345303163918e-01 -5.725291958961486816e+05
-1.688239042816943591e-01 -5.725302876586914062e+05
-1.761640740330725485e-01 -5.725313794212341309e+05
-1.835042437844502938e-01 -5.725320237922668457e+05
-1.908444135358284832e-01 -5.725326681632995605e+05
-1.981845832872064506e-01 -5.725329213609695435e+05
-2.055247530385846400e-01 -5.725331745586395264e+05
-2.128649227899623853e-01 -5.725330876340866089e+05
-2.202050925413405746e-01 -5.725330007095336914e+05
-2.275452622927185420e-01 -5.725326197013854980e+05
-2.348854320440967314e-01 -5.725322386932373047e+05
-2.422256017954744767e-01 -5.725316027889251709e+05
-2.495657715468526661e-01 -5.725309668846130371e+05
-2.569059412982306334e-01 -5.725301140098571777e+05
-2.642461110496088228e-01 -5.725292611351013184e+05
-2.715862808009865681e-01 -5.725282232542037964e+05
-2.789264505523647575e-01 -5.725271853733062744e+05
-2.862666203037427248e-01 -5.725259908494949341e+05
-2.936067900551209142e-01 -5.725247963256835938e+05
-3.009469598064986595e-01 -5.725234722948074341e+05
-3.082871295578768489e-01 -5.725221482639312744e+05
-3.156272993092548163e-01 -5.725207164077758789e+05
-3.229674690606325616e-01 -5.725192845516204834e+05
-3.303076388120107509e-01 -5.725177656431198120e+05
-3.376478085633889403e-01 -5.725162467346191406e+05
-3.449879783147669077e-01 -5.725146586704254150e+05
-3.523281480661446530e-01 -5.725130706062316895e+05
-3.596683178175228424e-01 -5.725114295186996460e+05
-3.670084875689010318e-01 -5.725097884311676025e+05
-3.743486573202789991e-01 -5.725081070070266724e+05
-3.816888270716567444e-01 -5.725064255828857422e+05
-3.890289968230349338e-01 -5.725047176465988159e+05
-3.963691665744131232e-01 -5.725030097103118896e+05
-4.037093363257910905e-01 -5.725012843160629272e+05
-4.110495060771688358e-01 -5.724995589218139648e+05
-4.183896758285470252e-01 -5.724978267631530762e+05
-4.257298455799252146e-01 -5.724960946044921875e+05
-4.330700153313031819e-01 -5.724943607406616211e+05
-4.404101850826811493e-01 -5.724926268768310547e+05
-4.477503548340591166e-01 -5.724909020767211914e+05
-4.550905245854370840e-01 -5.724891772766113281e+05
-4.624306943368154954e-01 -5.724874643001556396e+05
-4.697708640881930187e-01 -5.724857513236999512e+05
-4.771110338395709860e-01 -5.724840556659698486e+05
-4.844512035909493974e-01 -5.724823600082397461e+05
-4.917913733423273648e-01 -5.724806870613098145e+05
-4.991315430937053321e-01 -5.724790141143798828e+05
-5.064717128450832995e-01 -5.724773654155731201e+05
-5.138118825964612668e-01 -5.724757167167663574e+05
-5.211520523478396782e-01 -5.724740963754653931e+05
-5.284922220992172015e-01 -5.724724760341644287e+05
-5.358323918505951688e-01 -5.724708849201202393e+05
-5.431725616019735803e-01 -5.724692938060760498e+05
-5.505127313533515476e-01 -5.724677348499298096e+05
-5.578529011047295150e-01 -5.724661758937835693e+05
-5.651930708561074823e-01 -5.724646493444442749e+05
-5.725332406074854497e-01 -5.724631227951049805e+05
-5.798734103588638611e-01 -5.724616299238204956e+05
-5.872135801102413843e-01 -5.724601370525360107e+05
-5.945537498616193517e-01 -5.724586782245635986e+05
-6.018939196129977631e-01 -5.724572193965911865e+05
-6.092340893643757305e-01 -5.724557937030792236e+05
-6.165742591157536978e-01 -5.724543680095672607e+05
-6.239144288671316652e-01 -5.724529765434265137e+05
-6.312545986185096325e-01 -5.724515850772857666e+05
-6.385947683698880439e-01 -5.724502275533676147e+05
-6.459349381212655672e-01 -5.724488700294494629e+05
-6.532751078726435345e-01 -5.724475441026687622e+05
-6.606152776240219460e-01 -5.724462181758880615e+05
-6.679554473753999133e-01 -5.724449247646331787e+05
-6.752956171267778807e-01 -5.724436313533782959e+05
-6.826357868781558480e-01 -5.724423667001724243e+05
-6.899759566295338153e-01 -5.724411020469665527e+05
-6.973161263809122268e-01 -5.724398732490539551e+05
-7.046562961322897500e-01 -5.724386444511413574e+05
-7.119964658836677174e-01 -5.724374369935989380e+05
-7.193366356350461288e-01 -5.724362295360565186e+05
-7.266768053864240962e-01 -5.724350572500228882e+05
-7.340169751378020635e-01 -5.724338849639892578e+05
-7.413571448891800308e-01 -5.724327349243164062e+05
-7.486973146405579982e-01 -5.724315848846435547e+05
-7.560374843919364096e-01 -5.724304549665451050e+05
-7.633776541433139329e-01 -5.724293250484466553e+05
-7.707178238946919002e-01 -5.724282247848510742e+05
-7.780579936460703117e-01 -5.724271245212554932e+05
-7.853981633974478349e-01 -5.724260418462753296e+05
-7.927383331488262463e-01 -5.724249591712951660e+05
-8.000785029002042137e-01 -5.724238987932205200e+05
-8.074186726515821810e-01 -5.724228384151458740e+05
-8.147588424029601484e-01 -5.724217923231124878e+05
-8.220990121543381157e-01 -5.724207462310791016e+05
-8.294391819057160831e-01 -5.724197212820053101e+05
-8.367793516570944945e-01 -5.724186963329315186e+05
-8.441195214084720178e-01 -5.724176848831176758e+05
-8.514596911598504292e-01 -5.724166734333038330e+05
-8.587998609112283965e-01 -5.724156764307022095e+05
-8.661400306626063639e-01 -5.724146794281005859e+05
-8.734802004139843312e-01 -5.724136844043731689e+05
-8.808203701653622986e-01 -5.724126893806457520e+05
-8.881605399167402659e-01 -5.724117144908905029e+05
-8.955007096681186773e-01 -5.724107396011352539e+05
-9.028408794194962006e-01 -5.724097682189941406e+05
-9.101810491708746120e-01 -5.724087968368530273e+05
-9.175212189222525794e-01 -5.724078357858657837e+05
-9.248613886736305467e-01 -5.724068747348785400e+05
-9.322015584250085141e-01 -5.724059132986068726e+05
-9.395417281763864814e-01 -5.724049518623352051e+05
-9.468818979277644488e-01 -5.724040004024505615e+05
-9.542220676791428602e-01 -5.724030489425659180e+05
-9.615622374305203834e-01 -5.724020891571044922e+05
-9.689024071818983508e-01 -5.724011293716430664e+05
-9.762425769332767622e-01 -5.724001838397979736e+05
-9.835827466846547296e-01 -5.723992383079528809e+05
-9.909229164360326969e-01 -5.723982915344238281e+05
-9.982630861874106643e-01 -5.723973447608947754e+05
-1.005603255938788632e+00 -5.723963996429443359e+05
-1.012943425690167043e+00 -5.723954545249938965e+05
-1.020283595441544566e+00 -5.723945065221786499e+05
-1.027623765192922534e+00 -5.723935585193634033e+05
-1.034963934944300945e+00 -5.723926192750930786e+05
-1.042304104695678912e+00 -5.723916800308227539e+05
-1.049644274447056880e+00 -5.723907442369461060e+05
-1.056984444198434847e+00 -5.723898084430694580e+05
-1.064324613949812814e+00 -5.723888828763961792e+05
-1.071664783701191226e+00 -5.723879573097229004e+05
-1.079004953452568749e+00 -5.723870377511978149e+05
-1.086345123203946716e+00 -5.723861181926727295e+05
-1.093685292955325128e+00 -5.723852112751007080e+05
-1.101025462706703095e+00 -5.723843043575286865e+05
-1.108365632458081063e+00 -5.723834211578369141e+05
-1.115705802209459030e+00 -5.723825379581451416e+05
-1.123045971960836997e+00 -5.723816813135147095e+05
-1.130386141712215409e+00 -5.723808246688842773e+05
-1.137726311463592932e+00 -5.723799957618713379e+05
-1.145066481214970899e+00 -5.723791668548583984e+05
-1.152406650966349311e+00 -5.723783922576904297e+05
-1.159746820717727278e+00 -5.723776176605224609e+05
-1.167086990469105245e+00 -5.723769103307723999e+05
-1.174427160220483213e+00 -5.723762030010223389e+05
-1.181767329971861180e+00 -5.723755752201080322e+05
-1.189107499723239592e+00 -5.723749474391937256e+05
-1.196447669474617115e+00 -5.723744315996170044e+05
-1.203787839225995082e+00 -5.723739157600402832e+05
-1.211128008977373494e+00 -5.723735411024093628e+05
-1.218468178728751461e+00 -5.723731664447784424e+05
-1.225808348480129428e+00 -5.723729770488739014e+05
-1.233148518231507396e+00 -5.723727876529693604e+05
-1.240488687982885363e+00 -5.723728346366882324e+05
-1.247828857734263330e+00 -5.723728816204071045e+05
-1.255169027485641298e+00 -5.723732375278472900e+05
-1.262509197237019265e+00 -5.723735934352874756e+05
-1.269849366988397676e+00 -5.723743475551605225e+05
-1.277189536739775200e+00 -5.723751016750335693e+05
-1.284529706491153611e+00 -5.723763794012069702e+05
-1.291869876242531578e+00 -5.723776571273803711e+05
-1.299210045993909546e+00 -5.723796110754013062e+05
-1.306550215745287513e+00 -5.723815650234222412e+05
-1.313890385496665481e+00 -5.723844404144287109e+05
-1.321230555248043448e+00 -5.723873158054351807e+05
-1.328570724999421859e+00 -5.723914041309356689e+05
-1.335910894750799383e+00 -5.723954924564361572e+05
-1.343251064502177794e+00 -5.724012477788925171e+05
-1.350591234253555761e+00 -5.724070031013488770e+05
-1.357931404004933729e+00 -5.724150366725921631e+05
-1.365271573756311696e+00 -5.724230702438354492e+05
-1.372611743507689663e+00 -5.724344296379089355e+05
-1.379951913259067631e+00 -5.724457890319824219e+05
-1.387292083010446042e+00 -5.724615531549453735e+05
-1.394632252761823565e+00 -5.724773172779083252e+05
-1.401972422513201977e+00 -5.725011917924880981e+05
-1.409312592264579944e+00 -5.725250663070678711e+05
-1.416652762015957912e+00 -5.725553970775604248e+05
-1.423992931767335879e+00 -5.725857278480529785e+05
-1.431333101518713846e+00 -5.726498578281402588e+05
-1.438673271270091814e+00 -5.727139878082275391e+05
-1.446013441021470225e+00 -5.727428423366546631e+05
-1.453353610772847748e+00 -5.727716968650817871e+05
-1.460693780524226160e+00 -5.731031853332519531e+05
-1.468033950275604127e+00 -5.734346738014221191e+05
-1.475374120026982094e+00 -5.728784829254150391e+05
-1.482714289778360062e+00 -5.723222920494079590e+05
-1.490054459529738029e+00 -5.759158834772109985e+05
-1.497394629281115996e+00 -5.795094749050140381e+05
-1.504734799032494408e+00 -5.676935160121917725e+05
-1.512074968783871931e+00 -5.558775571193695068e+05
-1.519415138535250342e+00 -6.118237567539215088e+05
-1.526755308286628310e+00 -6.677699563884735107e+05
-1.534095478038006277e+00 -4.446574693584442139e+05
-1.541435647789384245e+00 -2.215449823284149170e+05
-1.548775817540762212e+00 -1.426610778839111328e+06
-1.556115987292140179e+00 -2.631676575349807739e+06
-1.563456157043518591e+00 3.415467216656684875e+06
-1.570796326794896114e+00 9.462611008663177490e+06
