1.563456157043518591e+00 8.443151023410606384e+09
1.548775817540762434e+00 8.445249822354202271e+09
1.534095478038006499e+00 8.445337062164560318e+09
1.519415138535250342e+00 8.446197855142918587e+09
1.504734799032494408e+00 8.447120790801977158e+09
1.490054459529738251e+00 8.448199597652245522e+09
1.475374120026982316e+00 8.449355596834634781e+09
1.460693780524226160e+00 8.450550176829576492e+09
1.446013441021470225e+00 8.451741093113979340e+09
1.431333101518714068e+00 8.452895907148321152e+09
1.416652762015958134e+00 8.453989829057977676e+09
1.401972422513201977e+00 8.455006112160873413e+09
1.387292083010446042e+00 8.455934940877884865e+09
1.372611743507690107e+00 8.456772226041041374e+09
1.357931404004933951e+00 8.457518265607284546e+09
1.343251064502177794e+00 8.458176502935036659e+09
1.328570724999421859e+00 8.458752453820191383e+09
1.313890385496665925e+00 8.459252842258699417e+09
1.299210045993909768e+00 8.459684942415082932e+09
1.284529706491153611e+00 8.460056104969304085e+09
1.269849366988397676e+00 8.460373436366989136e+09
1.255169027485641742e+00 8.460643597985773087e+09
1.240488687982885585e+00 8.460872694857573509e+09
1.225808348480129428e+00 8.461066228313158035e+09
1.211128008977373494e+00 8.461229092075615883e+09
1.196447669474617559e+00 8.461365596223743439e+09
1.181767329971861180e+00 8.461479507615228653e+09
1.167086990469105467e+00 8.461574098722512245e+09
1.152406650966349311e+00 8.461652199432581902e+09
1.137726311463593376e+00 8.461716248290954590e+09
1.123045971960836997e+00 8.461768341032018661e+09
1.108365632458081285e+00 8.461810275231138229e+09
1.093685292955325128e+00 8.461843590540439606e+09
1.079004953452569193e+00 8.461869604401910782e+09
1.064324613949813259e+00 8.461889443387983322e+09
1.049644274447056880e+00 8.461904070481598854e+09
1.034963934944300945e+00 8.461914308661115646e+09
1.020283595441545010e+00 8.461920861194484711e+09
1.005603255938789076e+00 8.461924329025279045e+09
9.909229164360329190e-01 8.461925225682678223e+09
9.762425769332767622e-01 8.461923989966148376e+09
9.615622374305208275e-01 8.461920996767053604e+09
9.468818979277646708e-01 8.461916566313425064e+09
9.322015584250086251e-01 8.461910972027340889e+09
9.175212189222525794e-01 8.461904447225784302e+09
9.028408794194965337e-01 8.461897190834794998e+09
8.881605399167404880e-01 8.461889372261415482e+09
8.734802004139845533e-01 8.461881135555768967e+09
8.587998609112286186e-01 8.461872602972190857e+09
8.441195214084724618e-01 8.461863878010002136e+09
8.294391819057164161e-01 8.461855048027885437e+09
8.147588424029604814e-01 8.461846186484634399e+09
8.000785029002043247e-01 8.461837354866460800e+09
7.853981633974483900e-01 8.461828604335618973e+09
7.707178238946921223e-01 8.461819977162126541e+09
7.560374843919360766e-01 8.461811507960641861e+09
7.413571448891801419e-01 8.461803224748394012e+09
7.266768053864240962e-01 8.461795149870843887e+09
7.119964658836680504e-01 8.461787300795084000e+09
6.973161263809118937e-01 8.461779690800903320e+09
6.826357868781558480e-01 8.461772329592403412e+09
6.679554473753999133e-01 8.461765223804313660e+09
6.532751078726437566e-01 8.461758377461057663e+09
6.385947683698878219e-01 8.461751792371256828e+09
6.239144288671319982e-01 8.461745468469865799e+09
6.092340893643759525e-01 8.461739404110677719e+09
5.945537498616199068e-01 8.461733596326231003e+09
5.798734103588637501e-01 8.461728041064205170e+09
5.651930708561077044e-01 8.461722733367841721e+09
5.505127313533517697e-01 8.461717667551980972e+09
5.358323918505956129e-01 8.461712837353750229e+09
5.211520523478396782e-01 8.461708236052389145e+09
5.064717128450835215e-01 8.461703856572809219e+09
4.917913733423275868e-01 8.461699691604754448e+09
4.771110338395714301e-01 8.461695733677141190e+09
4.624306943368154954e-01 8.461691975187108040e+09
4.477503548340593387e-01 8.461688408530354500e+09
4.330700153313034040e-01 8.461685026096105576e+09
4.183896758285472472e-01 8.461681820330434799e+09
4.037093363257913126e-01 8.461678783771609306e+09
3.890289968230351558e-01 8.461675909077900887e+09
3.743486573202792211e-01 8.461673189054895401e+09
3.596683178175230644e-01 8.461670616676202774e+09
3.449879783147671297e-01 8.461668185095840454e+09
3.303076388120109730e-01 8.461665887663254738e+09
3.156272993092550383e-01 8.461663717932918549e+09
3.009469598064991036e-01 8.461661669669423103e+09
2.862666203037429469e-01 8.461659736855437279e+09
2.715862808009870122e-01 8.461657913692415237e+09
2.569059412982308555e-01 8.461656194601971626e+09
2.422256017954749208e-01 8.461654574224922180e+09
2.275452622927187640e-01 8.461653047422139168e+09
2.128649227899628293e-01 8.461651609270158768e+09
1.981845832872066726e-01 8.461650255057312965e+09
1.835042437844507379e-01 8.461648980280262947e+09
1.688239042816945812e-01 8.461647780639135361e+09
1.541435647789386465e-01 8.461646652032551765e+09
1.394632252761824898e-01 8.461645590551608086e+09
1.247828857734265551e-01 8.461644592473542213e+09
1.101025462706703983e-01 8.461643654259637833e+09
9.542220676791446365e-02 8.461642772540320396e+09
8.074186726515830692e-02 8.461641944119531631e+09
6.606152776240237223e-02 8.461641165961022377e+09
5.138118825964621550e-02 8.461640435185215950e+09
3.670084875689028081e-02 8.461639749059537888e+09
2.202050925413412408e-02 8.461639104996559143e+09
7.340169751378189389e-03 8.461638500544626236e+09
-7.340169751377745300e-03 8.461637933382958412e+09
-2.202050925413390203e-02 8.461637401317752838e+09
-3.670084875688983672e-02 8.461636902273320198e+09
-5.138118825964599345e-02 8.461636434288117409e+09
-6.606152776240192814e-02 8.461635995509702682e+09
-8.074186726515808488e-02 8.461635584188018799e+09
-9.542220676791401957e-02 8.461635198671493530e+09
-1.101025462706701763e-01 8.461634837399918556e+09
-1.247828857734261110e-01 8.461634498903170586e+09
-1.394632252761822677e-01 8.461634181795513153e+09
-1.541435647789382024e-01 8.461633884770410538e+09
-1.688239042816943591e-01 8.461633606595987320e+09
-1.835042437844502938e-01 8.461633346112286568e+09
-1.981845832872064506e-01 8.461633102227410316e+09
-2.128649227899623853e-01 8.461632873913366318e+09
-2.275452622927185420e-01 8.461632660203040123e+09
-2.422256017954744767e-01 8.461632460186238289e+09
-2.569059412982306334e-01 8.461632273005784988e+09
-2.715862808009865681e-01 8.461632097858752251e+09
-2.862666203037427248e-01 8.461631933987238884e+09
-3.009469598064986595e-01 8.461631780680266380e+09
-3.156272993092548163e-01 8.461631637270233154e+09
-3.303076388120107509e-01 8.461631503127757072e+09
-3.449879783147669077e-01 8.461631377664326668e+09
-3.596683178175228424e-01 8.461631260326629639e+09
-3.743486573202789991e-01 8.461631150593313217e+09
-3.890289968230349338e-01 8.461631047976831436e+09
-4.037093363257910905e-01 8.461630952018538475e+09
-4.183896758285470252e-01 8.461630862289522171e+09
-4.330700153313031819e-01 8.461630778386751175e+09
-4.477503548340591166e-01 8.461630699931118011e+09
-4.624306943368154954e-01 8.461630626566893578e+09
-4.771110338395709860e-01 8.461630557961851120e+09
-4.917913733423273648e-01 8.461630493802778244e+09
-5.064717128450832995e-01 8.461630433797508240e+09
-5.211520523478396782e-01 8.461630377671251297e+09
-5.358323918505951688e-01 8.461630325166529655e+09
-5.505127313533515476e-01 8.461630276040823936e+09
-5.651930708561074823e-01 8.461630230067666054e+09
-5.798734103588638611e-01 8.461630187035484314e+09
-5.945537498616193517e-01 8.461630146743162155e+09
-6.092340893643757305e-01 8.461630109004195213e+09
-6.239144288671316652e-01 8.461630073642313004e+09
-6.385947683698880439e-01 8.461630040492580414e+09
-6.532751078726435345e-01 8.461630009398942947e+09
-6.679554473753999133e-01 8.461629980215271950e+09
-6.826357868781558480e-01 8.461629952801295280e+09
-6.973161263809122268e-01 8.461629927029163361e+09
-7.119964658836677174e-01 8.461629902787590027e+09
-7.266768053864240962e-01 8.461629879950000763e+09
-7.413571448891800308e-01 8.461629858402853012e+09
-7.560374843919364096e-01 8.461629838050142288e+09
-7.707178238946919002e-01 8.461629818789942741e+09
-7.853981633974478349e-01 8.461629800532625198e+09
-8.000785029002042137e-01 8.461629783189525604e+09
-8.147588424029601484e-01 8.461629766672554016e+09
-8.294391819057160831e-01 8.461629750888568878e+09
-8.441195214084720178e-01 8.461629735775481224e+09
-8.587998609112283965e-01 8.461629721244525909e+09
-8.734802004139843312e-01 8.461629707235258102e+09
-8.881605399167402659e-01 8.461629693650685310e+09
-9.028408794194962006e-01 8.461629680402748108e+09
-9.175212189222525794e-01 8.461629667452167511e+09
-9.322015584250085141e-01 8.461629654716184616e+09
-9.468818979277644488e-01 8.461629642121179581e+09
-9.615622374305203834e-01 8.461629629590122223e+09
-9.762425769332767622e-01 8.461629617028570175e+09
-9.909229164360326969e-01 8.461629604382411957e+09
-1.005603255938788632e+00 8.461629591550924301e+09
-1.020283595441544566e+00 8.461629578450566292e+09
-1.034963934944300945e+00 8.461629564976432800e+09
-1.049644274447056880e+00 8.461629551046951294e+09
-1.064324613949812814e+00 8.461629536547716141e+09
-1.079004953452568749e+00 8.461629521356096268e+09
-1.093685292955325128e+00 8.461629505346553802e+09
-1.108365632458081063e+00 8.461629488376823425e+09
-1.123045971960836997e+00 8.461629470277481079e+09
-1.137726311463592932e+00 8.461629450886964798e+09
-1.152406650966349311e+00 8.461629429999067307e+09
-1.167086990469105245e+00 8.461629407384935379e+09
-1.181767329971861180e+00 8.461629382780884743e+09
-1.196447669474617115e+00 8.461629355877156258e+09
-1.211128008977373494e+00 8.461629326308025360e+09
-1.225808348480129428e+00 8.461629293637406349e+09
-1.240488687982885363e+00 8.461629257339185715e+09
-1.255169027485641298e+00 8.461629216768859863e+09
-1.269849366988397676e+00 8.461629171123825073e+09
-1.284529706491153611e+00 8.461629119394375801e+09
-1.299210045993909546e+00 8.461629060292369843e+09
-1.313890385496665481e+00 8.461628992135910034e+09
-1.328570724999421859e+00 8.461628912740262985e+09
-1.343251064502177794e+00 8.461628819133525848e+09
-1.357931404004933729e+00 8.461628707265970230e+09
-1.372611743507689663e+00 8.461628571525352478e+09
-1.387292083010446042e+00 8.461628403702200890e+09
-1.401972422513201977e+00 8.461628192427845001e+09
-1.416652762015957912e+00 8.461627917813473701e+09
-1.431333101518713846e+00 8.461627558957239151e+09
-1.446013441021470225e+00 8.461627040510534286e+09
-1.460693780524226160e+00 8.461626395021338463e+09
-1.475374120026982094e+00 8.461625022140366554e+09
-1.490054459529738029e+00 8.461624423838448524e+09
-1.504734799032494408e+00 8.461616504632392883e+09
-1.519415138535250342e+00 8.461630357950812340e+09
-1.534095478038006277e+00 8.461523705271893501e+09
-1.548775817540762212e+00 8.461966417698232651e+09
-1.563456157043518591e+00 8.460139316934112549e+09
