0.000000000000000000e+00 -2.364054467080069527e-12 0.000000000000000000e+00 1.204735821179176712e+10 0.000000000000000000e+00 3.200000000000000000e+03 1.000000000000000262e+21
8.000000000000000000e+03 -2.366211170000292725e-12 -3.457161414943630824e-11 1.179625369499726868e+10 0.000000000000000000e+00 3.200000000000000000e+03 1.000000000000000262e+21
1.600000000000000000e+04 -2.372685587627174514e-12 -6.930540987453411472e-11 1.154514917820277023e+10 0.000000000000000000e+00 3.200000000000000000e+03 1.000000000000000393e+21
2.400000000000000000e+04 -2.383557971203356135e-12 -1.043617012385110237e-10 1.129410953025645256e+10 0.000000000000000000e+00 3.200000000000000000e+03 1.000000000000000393e+21
3.200000000000000000e+04 -2.398917542236357259e-12 -1.399052943431280331e-10 1.104306988231013489e+10 0.000000000000000000e+00 3.200000000000000000e+03 1.000000000000000393e+21
4.000000000000000000e+04 -2.418938778351337085e-12 -1.760949044909089945e-10 1.079210110593328285e+10 0.000000000000000000e+00 3.200000000000000000e+03 1.000000000000000393e+21
4.800000000000000000e+04 -2.443803277198406173e-12 -2.130983396717408873e-10 1.054113232955643082e+10 0.000000000000000000e+00 3.200000000000000000e+03 1.000000000000000393e+21
5.600000000000000000e+04 -2.473799471594816416e-12 -2.510723131010601995e-10 1.029024505182534027e+10 0.000000000000000000e+00 3.200000000000000000e+03 1.000000000000000393e+21
6.400000000000000000e+04 -2.509224914520381471e-12 -2.901873740365159442e-10 1.003935777409424973e+10 0.000000000000000000e+00 3.200000000000000000e+03 1.000000000000000393e+21
7.200000000000000000e+04 -2.550518233536359838e-12 -3.305940566574393328e-10 9.788569424873907089e+09 0.000000000000000000e+00 3.200000000000000000e+03 1.000000000000000393e+21
8.000000000000000000e+04 -2.598101624274376543e-12 -3.724612287801874321e-10 9.537781075653564453e+09 0.000000000000000000e+00 3.200000000000000000e+03 1.000000000000000393e+21
8.800000000000000000e+04 -2.652607931942621350e-12 -4.159295915550013895e-10 9.287115555804742813e+09 0.000000000000000000e+00 3.200000000000000000e+03 1.000000000000000393e+21
9.600000000000000000e+04 -2.714689583165791070e-12 -4.611616010063729359e-10 9.036450035955921173e+09 0.000000000000000000e+00 3.200000000000000000e+03 1.000000000000000393e+21
1.040000000000000000e+05 -2.785271967288582319e-12 -5.082537984740421755e-10 8.785952587202486038e+09 0.000000000000000000e+00 3.200000000000000000e+03 1.000000000000000393e+21
1.120000000000000000e+05 -2.864991503429122012e-12 -5.573221008542274976e-10 8.535455138449049950e+09 0.000000000000000000e+00 3.200000000000000000e+03 1.000000000000000393e+21
1.200000000000000000e+05 -2.955027803564309267e-12 -6.084356273742663052e-10 8.285160950363372803e+09 0.000000000000000000e+00 3.200000000000000000e+03 1.000000000000000393e+21
1.280000000000000000e+05 -3.056875643451829567e-12 -6.616692365255066020e-10 8.034866762277695656e+09 0.000000000000000000e+00 3.200000000000000000e+03 1.000000000000000393e+21
1.360000000000000000e+05 -3.172272806302128107e-12 -7.167444992689761719e-10 7.784961709576045036e+09 0.000000000000000000e+00 3.200000000000000000e+03 1.000000000000000393e+21
1.440000000000000000e+05 -3.299253330477659894e-12 -7.733186464174736916e-10 7.535056656874394417e+09 0.000000000000000000e+00 3.200000000000000000e+03 1.000000000000000393e+21
1.520000000000000000e+05 -3.437580804007266014e-12 -8.313304016249024138e-10 7.285363154653959274e+09 0.000000000000000000e+00 3.200000000000000000e+03 1.000000000000000393e+21
1.600000000000000000e+05 -3.590972456847564079e-12 -8.905185955809231423e-10 7.035669652433524132e+09 0.000000000000000000e+00 3.200000000000000000e+03 1.000000000000000393e+21
1.680000000000000000e+05 -3.754284618540773463e-12 -9.472611278254068580e-10 6.787734023916003227e+09 0.000000000000000000e+00 3.200000000000000000e+03 1.000000000000000393e+21
1.760000000000000000e+05 -3.859230511568720442e-12 -9.971341779827470482e-10 6.539798395398482323e+09 0.000000000000000000e+00 3.200000000000000000e+03 1.000000000000000393e+21
1.840000000000000000e+05 -3.829708210831213626e-12 -1.042707028912203950e-09 6.288348430281103134e+09 0.000000000000000000e+00 3.228571428571429351e+03 1.529411764705882538e+21
1.920000000000000000e+05 -3.904275341374207568e-12 -1.079443428114749013e-09 6.036898465163723946e+09 0.000000000000000000e+00 3.257142857142858247e+03 2.058823529411764814e+21
2.000000000000000000e+05 -3.375846112550677512e-12 -1.086732893024952641e-09 5.770123684664962769e+09 0.000000000000000000e+00 3.278571428571430260e+03 6.029411764705882538e+21
2.080000000000000000e+05 -2.942090816442046846e-12 -1.099896909762344790e-09 5.503348904166200638e+09 0.000000000000000000e+00 3.300000000000001819e+03 1.000000000000000000e+22
2.160000000000000000e+05 -2.496180878059648263e-12 -1.111190863312681203e-09 5.252997556849308968e+09 0.000000000000000000e+00 3.300000000000001819e+03 1.000000000000000000e+22
2.240000000000000000e+05 -2.065043586806515185e-12 -1.122136851482959314e-09 5.002646209532417297e+09 0.000000000000000000e+00 3.300000000000001819e+03 1.000000000000000000e+22
2.320000000000000000e+05 -1.639014795034842158e-12 -1.131563132031779599e-09 4.751044677071131706e+09 0.000000000000000000e+00 3.300000000000001819e+03 1.000000000000000000e+22
2.400000000000000000e+05 -1.227090998976996844e-12 -1.139381543499855438e-09 4.499443144609846115e+09 0.000000000000000000e+00 3.300000000000001819e+03 1.000000000000000000e+22
2.480000000000000000e+05 -8.316971603638276343e-13 -1.145443606712375287e-09 4.249394617831385612e+09 0.000000000000000000e+00 3.300000000000001819e+03 1.000000000000000000e+22
2.560000000000000000e+05 -4.483495181615285740e-13 -1.149747435868193400e-09 3.999346091052925110e+09 0.000000000000000000e+00 3.300000000000001819e+03 1.000000000000000000e+22
2.640000000000000000e+05 -6.980396503724307221e-14 -1.152368425338965108e-09 3.749162762637480259e+09 0.000000000000000000e+00 3.300000000000001819e+03 1.000000000000000000e+22
2.720000000000000000e+05 3.109513044628590701e-13 -1.153333133211072406e-09 3.498979434222035408e+09 0.000000000000000000e+00 3.300000000000001819e+03 1.000000000000000000e+22
2.800000000000000000e+05 6.981256757515835569e-13 -1.152665493655585421e-09 3.248078452685665131e+09 0.000000000000000000e+00 3.300000000000001819e+03 1.000000000000000000e+22
2.880000000000000000e+05 1.091411978334078707e-12 -1.150458544563749502e-09 2.997177471149294853e+09 0.000000000000000000e+00 3.300000000000001819e+03 1.000000000000000000e+22
2.960000000000000000e+05 1.485326187687038051e-12 -1.146880483983712316e-09 2.745299924456308842e+09 0.000000000000000000e+00 3.300000000000001819e+03 1.000000000000000000e+22
3.040000000000000000e+05 1.885125953331423217e-12 -1.142715273451638768e-09 2.493422377763322830e+09 0.000000000000000000e+00 3.300000000000001819e+03 1.000000000000000000e+22
3.120000000000000000e+05 2.252314909078521009e-12 -1.137537782936668831e-09 2.235589284673530579e+09 0.000000000000000000e+00 3.271428571428572468e+03 5.813953488372092633e+21
3.200000000000000000e+05 2.682130604209954656e-12 -1.134583380635857032e-09 1.977756191583738327e+09 0.000000000000000000e+00 3.242857142857143572e+03 1.627906976744186315e+21
3.280000000000000000e+05 2.562441317350216017e-12 -1.122742618001186168e-09 1.725288753702429295e+09 0.000000000000000000e+00 3.221428571428571558e+03 1.313953488372093420e+21
3.360000000000000000e+05 2.565009992649904704e-12 -1.109627538682419390e-09 1.472821315821120262e+09 0.000000000000000000e+00 3.200000000000000000e+03 1.000000000000000393e+21
3.440000000000000000e+05 2.553680599773474108e-12 -1.090527395228046285e-09 1.225641032585344076e+09 0.000000000000000000e+00 3.200000000000000000e+03 1.000000000000000393e+21
3.520000000000000000e+05 2.552469464112899221e-12 -1.057638869769165542e-09 9.784607493495678902e+08 0.000000000000000000e+00 3.200000000000000000e+03 1.000000000000000393e+21
3.600000000000000000e+05 2.598457528897322850e-12 -1.026510932186322743e-09 7.236906037435462475e+08 0.000000000000000000e+00 3.200000000000000000e+03 1.000000000000000393e+21
3.680000000000000000e+05 2.712626930341654279e-12 -1.012051393078503428e-09 4.689204581375246048e+08 0.000000000000000000e+00 3.200000000000000000e+03 1.000000000000000393e+21
3.760000000000000000e+05 2.910722845523894647e-12 -9.346429438383838329e-10 2.775136303141448498e+08 0.000000000000000000e+00 2.286000000000000000e+03 5.008743442418188288e+20
3.840000000000000000e+05 3.196931026004559939e-12 -9.058147275388944618e-10 8.610680249076509476e+07 0.000000000000000000e+00 1.372000000000000455e+03 1.748688483637271808e+18
3.920000000000000000e+05 3.215202534275465515e-12 -5.628926451008754228e-09 3.943413869662666321e+07 0.000000000000000000e+00 6.865000000000002274e+02 1.374344241818635776e+18
4.000000000000000000e+05 3.263527681559211264e-12 1.845871676939482930e-08 -7.238525097511768341e+06 0.000000000000000000e+00 1.000000000000000000e+00 9.999999999999998720e+17
4.080000000000000000e+05 3.312851443233031696e-12 -4.224187087182418243e-09 -2.038495941127061844e+06 0.000000000000000000e+00 1.000000000000000000e+00 9.999999999999998720e+17
4.160000000000000000e+05 3.360803738425535249e-12 -5.797497888853119661e-09 3.161533215257644653e+06 0.000000000000000000e+00 1.000000000000000000e+00 9.999999999999998720e+17
4.240000000000000000e+05 3.410875425738240811e-12 3.551542217794930652e-10 1.669613353331804276e+06 0.000000000000000000e+00 1.000000000000000000e+00 9.999999999999998720e+17
4.320000000000000000e+05 3.460675247539603610e-12 8.502372631563320492e-10 1.776934914059638977e+05 0.000000000000000000e+00 1.000000000000000000e+00 9.999999999999998720e+17
4.400000000000000000e+05 3.507365680233081966e-12 -7.261407785163319376e-10 4.786583129425048828e+05 0.000000000000000000e+00 1.000000000000000000e+00 9.999999999999998720e+17
4.480000000000000000e+05 3.550151765043897020e-12 -7.878696422112770527e-10 7.796231344790458679e+05 0.000000000000000000e+00 1.000000000000000000e+00 9.999999999999998720e+17
4.560000000000000000e+05 3.588899811297815843e-12 -2.957986695141255564e-10 5.999888035299777985e+05 0.000000000000000000e+00 1.000000000000000000e+00 9.999999999999998720e+17
4.640000000000000000e+05 3.623112123120964235e-12 -2.107697284229181483e-10 4.203544725809097290e+05 0.000000000000000000e+00 1.000000000000000000e+00 9.999999999999998720e+17
4.720000000000000000e+05 3.652398846439997417e-12 -2.751113457625238734e-10 3.693805829875469208e+05 0.000000000000000000e+00 1.000000000000000000e+00 9.999999999999998720e+17
4.800000000000000000e+05 3.676539026575584637e-12 -2.311528565125999404e-10 3.184066933941841125e+05 0.000000000000000000e+00 1.000000000000000000e+00 9.999999999999998720e+17
4.880000000000000000e+05 3.695445264425005656e-12 -1.481118148407600165e-10 2.326504353816509247e+05 0.000000000000000000e+00 1.000000000000000000e+00 9.999999999999998720e+17
4.960000000000000000e+05 3.709003384427148005e-12 -9.520637316580674474e-11 1.468941773691177368e+05 0.000000000000000000e+00 1.000000000000000000e+00 9.999999999999998720e+17
5.040000000000000000e+05 3.717164592249743484e-12 -5.248578391438813828e-11 7.094118176293373108e+04 0.000000000000000000e+00 1.000000000000000000e+00 1.000000000000000000e+18
5.120000000000000000e+05 3.719882109055048523e-12 0.000000000000000000e+00 -5.011813843250274658e+03 0.000000000000000000e+00 1.000000000000000000e+00 1.000000000000000128e+18
