0.000000000000000000e+00 -1.211444781175122453e-21 0.000000000000000000e+00 1.208340989071743584e+10 0.000000000000000000e+00 3.200000000000000000e+03 1.000000000000002097e+21
8.000000000000000000e+03 -1.220718251323666162e-21 -3.474844632998163398e-11 1.183230559056773376e+10 0.000000000000000000e+00 3.200000000000000000e+03 9.999999999999996068e+20
1.600000000000000000e+04 -1.006678805477034680e-21 -6.965902149485776936e-11 1.158120129041802979e+10 0.000000000000000000e+00 3.200000000000000000e+03 9.999999999999971164e+20
2.400000000000000000e+04 -1.019086514665330095e-21 -1.048919444496390152e-10 1.133016230231227875e+10 0.000000000000000000e+00 3.200000000000000000e+03 9.999999999999971164e+20
3.200000000000000000e+04 -3.242548001207868485e-22 -1.406118433612111139e-10 1.107912331420652580e+10 0.000000000000000000e+00 3.200000000000000000e+03 9.999999999999971164e+20
4.000000000000000000e+04 -1.905824131322175763e-21 -1.769771274024752169e-10 1.082815566261525726e+10 0.000000000000000000e+00 3.200000000000000000e+03 9.999999999999971164e+20
4.800000000000000000e+04 -8.271806125530276749e-22 -2.141551041148654838e-10 1.057718801102398872e+10 0.000000000000000000e+00 3.200000000000000000e+03 9.999999999999971164e+20
5.600000000000000000e+04 -2.752857078576476102e-21 -2.523017214981128641e-10 1.032630237269866180e+10 0.000000000000000000e+00 3.200000000000000000e+03 9.999999999999971164e+20
6.400000000000000000e+04 -1.958763690525569534e-21 -2.915863534766896398e-10 1.007541673437333679e+10 0.000000000000000000e+00 3.200000000000000000e+03 9.999999999999971164e+20
7.200000000000000000e+04 -1.482307657695025593e-21 -3.321579788197260891e-10 9.824630529490581512e+09 0.000000000000000000e+00 3.200000000000000000e+03 9.999999999999971164e+20
8.000000000000000000e+04 -9.661469554619363242e-22 -3.741831749865010567e-10 9.573844324607826233e+09 0.000000000000000000e+00 3.200000000000000000e+03 9.999999999999971164e+20
8.800000000000000000e+04 -1.694065894508600678e-21 -4.177994686706449251e-10 9.323181612654617310e+09 0.000000000000000000e+00 3.200000000000000000e+03 9.999999999999971164e+20
9.600000000000000000e+04 -5.545418826555497532e-21 -4.631644226828161018e-10 9.072518900701410294e+09 0.000000000000000000e+00 3.200000000000000000e+03 9.999999999999971164e+20
1.040000000000000000e+05 -5.082197683525802034e-21 -5.103691721347347756e-10 8.822024146487951279e+09 0.000000000000000000e+00 3.200000000000000000e+03 9.999999999999971164e+20
1.120000000000000000e+05 -7.504182517081067066e-21 -5.595216559872691960e-10 8.571529392274492264e+09 0.000000000000000000e+00 3.200000000000000000e+03 9.999999999999971164e+20
1.200000000000000000e+05 -8.258571235729428306e-21 -6.106789046625555847e-10 8.321239283253958702e+09 0.000000000000000000e+00 3.200000000000000000e+03 9.999999999999971164e+20
1.280000000000000000e+05 -8.873993611468880896e-21 -6.638946806514808667e-10 8.070949174233425140e+09 0.000000000000000000e+00 3.200000000000000000e+03 9.999999999999971164e+20
1.360000000000000000e+05 -1.069379095908554178e-20 -7.188758036842539783e-10 7.821038939241666794e+09 0.000000000000000000e+00 3.200000000000000000e+03 9.999999999999971164e+20
1.440000000000000000e+05 -1.025703959565754317e-20 -7.752585283120134028e-10 7.571128704249908447e+09 0.000000000000000000e+00 3.200000000000000000e+03 9.999999999999971164e+20
1.520000000000000000e+05 -1.265255464961111131e-20 -8.329321238774929466e-10 7.321441024291804314e+09 0.000000000000000000e+00 3.200000000000000000e+03 9.999999999999971164e+20
1.600000000000000000e+05 -1.573628397320879849e-20 -8.915272023821482891e-10 7.071753344333700180e+09 0.000000000000000000e+00 3.200000000000000000e+03 9.999999999999971164e+20
1.680000000000000000e+05 -1.863472483959460746e-20 -9.474674644457294482e-10 6.823688266143782616e+09 0.000000000000000000e+00 3.200000000000000000e+03 9.999999999999971164e+20
1.760000000000000000e+05 -2.303532569837671469e-20 -9.964809900048149369e-10 6.575623187953865051e+09 0.000000000000000000e+00 3.200000000000000000e+03 9.999999999999971164e+20
1.840000000000000000e+05 -2.922263668027336170e-20 -1.041209872104715579e-09 6.324281351467501640e+09 0.000000000000000000e+00 3.223979591836734471e+03 1.379712746858166616e+21
1.920000000000000000e+05 -3.028142786434123712e-20 -1.077747576335021509e-09 6.072939514981138229e+09 0.000000000000000000e+00 3.247959183673469397e+03 1.759425493716336116e+21
2.000000000000000000e+05 -2.877570065555330393e-20 -1.085116962729372774e-09 5.806167989842206001e+09 0.000000000000000000e+00 3.272959183673469397e+03 5.103850677892640932e+21
2.080000000000000000e+05 -3.026808957696381955e-20 -1.098402168151175438e-09 5.539396464703273773e+09 0.000000000000000000e+00 3.297959183673469397e+03 8.448275862068945486e+21
2.160000000000000000e+05 -3.199017621472265404e-20 -1.109713914771266005e-09 5.289067471879063606e+09 0.000000000000000000e+00 3.298979591836734471e+03 9.224137931034460160e+21
2.240000000000000000e+05 -2.964615315390051187e-20 -1.120563823106414094e-09 5.038738479054853439e+09 0.000000000000000000e+00 3.300000000000000000e+03 9.999999999999974834e+21
2.320000000000000000e+05 -3.748120791600279000e-20 -1.129856756039974256e-09 4.787136945824571609e+09 0.000000000000000000e+00 3.300000000000000000e+03 9.999999999999974834e+21
2.400000000000000000e+05 -3.303428494291771322e-20 -1.137571036214574927e-09 4.535535412594289780e+09 0.000000000000000000e+00 3.300000000000000000e+03 9.999999999999974834e+21
2.480000000000000000e+05 -2.964615315390051187e-20 -1.143579948216217558e-09 4.285361375908694267e+09 0.000000000000000000e+00 3.300000000000000000e+03 9.999999999999974834e+21
2.560000000000000000e+05 -3.484550029167913645e-20 -1.147881912766022484e-09 4.035187339223099232e+09 0.000000000000000000e+00 3.300000000000000000e+03 9.999999999999974834e+21
2.640000000000000000e+05 -3.143699918007781678e-20 -1.150544771726154702e-09 3.784908435286426544e+09 0.000000000000000000e+00 3.300000000000000000e+03 9.999999999999974834e+21
2.720000000000000000e+05 -3.006966962752766204e-20 -1.151600770957808925e-09 3.534629531349753857e+09 0.000000000000000000e+00 3.300000000000000000e+03 9.999999999999974834e+21
2.800000000000000000e+05 -3.112846081159553746e-20 -1.151082251632302813e-09 3.283744023908579826e+09 0.000000000000000000e+00 3.300000000000000000e+03 9.999999999999974834e+21
2.880000000000000000e+05 -3.313913008555880948e-20 -1.149079793229474020e-09 3.032858516467405796e+09 0.000000000000000000e+00 3.300000000000000000e+03 9.999999999999974834e+21
2.960000000000000000e+05 -3.134967992666518780e-20 -1.145669339603718232e-09 2.781338361930339813e+09 0.000000000000000000e+00 3.298979591836734471e+03 9.224137931034461209e+21
3.040000000000000000e+05 -3.006966962752766204e-20 -1.141560067933291759e-09 2.529818207393273354e+09 0.000000000000000000e+00 3.297959183673469397e+03 8.448275862068947583e+21
3.120000000000000000e+05 -2.678741695691724822e-20 -1.136477065608097943e-09 2.271900836346048355e+09 0.000000000000000000e+00 3.272959183673469397e+03 5.103850677892644078e+21
3.200000000000000000e+05 -2.456395547037470983e-20 -1.133678408814892657e-09 2.013983465298822880e+09 0.000000000000000000e+00 3.247959183673469397e+03 1.759425493716340834e+21
3.280000000000000000e+05 -2.085818632613714585e-20 -1.122102213066318003e-09 1.761492773521079302e+09 0.000000000000000000e+00 3.223979591836734471e+03 1.379712746858168975e+21
3.360000000000000000e+05 -1.670015618198621398e-20 -1.108686102366296369e-09 1.509002081743335724e+09 0.000000000000000000e+00 3.200000000000000000e+03 9.999999999999971164e+20
3.440000000000000000e+05 -1.318463857863584637e-20 -1.090401743464431523e-09 1.261214776308873653e+09 0.000000000000000000e+00 3.200000000000000000e+03 9.999999999999971164e+20
3.520000000000000000e+05 -9.582060215814272586e-21 -1.060548770765640571e-09 1.013427470874411583e+09 0.000000000000000000e+00 3.200000000000000000e+03 9.999999999999971164e+20
3.600000000000000000e+05 -6.882142696441190255e-21 -1.029164580005105899e-09 7.607846887869729996e+08 0.000000000000000000e+00 3.200000000000000000e+03 9.999999999999971164e+20
3.680000000000000000e+05 -3.758708703440957755e-21 -1.005736079872264903e-09 5.081419066995344162e+08 0.000000000000000000e+00 3.200000000000000000e+03 9.999999999999971164e+20
3.760000000000000000e+05 -9.330597309598152173e-22 -9.340634409135945158e-10 3.041994365358901024e+08 0.000000000000000000e+00 2.400250000000000000e+03 5.009990009989995561e+20
3.840000000000000000e+05 1.111730743271269195e-21 -9.251893976370634566e-10 1.002569663722457886e+08 0.000000000000000000e+00 1.600500000000000000e+03 1.998001998001995520e+18
3.920000000000000000e+05 2.276401045745932161e-20 -6.428950329581924137e-09 4.581449193485450745e+07 0.000000000000000000e+00 8.007500000000000000e+02 1.499000999000999168e+18
4.000000000000000000e+05 2.893808654955512018e-20 2.166425740169905607e-08 -8.627982502536773682e+06 0.000000000000000000e+00 1.000000000000000000e+00 1.000000000000002688e+18
4.080000000000000000e+05 4.798971041787645359e-20 -4.813766175759434143e-09 -2.547291017742633820e+06 0.000000000000000000e+00 1.000000000000000000e+00 1.000000000000002688e+18
4.160000000000000000e+05 2.937483791298311879e-20 -6.659501279382512902e-09 3.533400467051506042e+06 0.000000000000000000e+00 1.000000000000000000e+00 1.000000000000002688e+18
4.240000000000000000e+05 5.352189435463110267e-20 5.101498751380729906e-10 1.805514841349720955e+06 0.000000000000000000e+00 1.000000000000000000e+00 1.000000000000002688e+18
4.320000000000000000e+05 4.412672525846552978e-20 1.078384394382100619e-09 7.762921564793586731e+04 0.000000000000000000e+00 1.000000000000000000e+00 1.000000000000002688e+18
4.400000000000000000e+05 5.280721030538528676e-20 -7.703006833739245970e-10 4.418265620613098145e+05 0.000000000000000000e+00 1.000000000000000000e+00 1.000000000000002688e+18
4.480000000000000000e+05 2.640673292938385952e-20 -8.514015733681635876e-10 8.060239084746837616e+05 0.000000000000000000e+00 1.000000000000000000e+00 1.000000000000002688e+18
4.560000000000000000e+05 6.612150944503882022e-20 -2.861173389318669797e-10 6.094487754794359207e+05 0.000000000000000000e+00 1.000000000000000000e+00 1.000000000000002688e+18
4.640000000000000000e+05 4.357174522857926834e-20 -1.956385920237407273e-10 4.128736424841880798e+05 0.000000000000000000e+00 1.000000000000000000e+00 1.000000000000002688e+18
4.720000000000000000e+05 5.018670212481729509e-20 -2.793178756622035422e-10 3.664475188672542572e+05 0.000000000000000000e+00 1.000000000000000000e+00 1.000000000000002688e+18
4.800000000000000000e+05 4.994711999394833142e-20 -2.365077120788947453e-10 3.200213952503204346e+05 0.000000000000000000e+00 1.000000000000000000e+00 1.000000000000002688e+18
4.880000000000000000e+05 5.518949046953800647e-20 -1.479986152791362736e-10 2.330264732273817062e+05 0.000000000000000000e+00 1.000000000000000000e+00 1.000000000000002688e+18
4.960000000000000000e+05 5.539118036733316267e-20 -9.458136297250649685e-11 1.460315512044429779e+05 0.000000000000000000e+00 1.000000000000000000e+00 1.000000000000002688e+18
5.040000000000000000e+05 5.743942173568224174e-20 -5.300022273196484427e-11 7.049217955553531647e+04 0.000000000000000000e+00 1.000000000000000000e+00 1.000000000000000768e+18
5.120000000000000000e+05 6.684055618539132145e-20 0.000000000000000000e+00 -5.047192093372344971e+03 0.000000000000000000e+00 1.000000000000000000e+00 9.999999999999987200e+17
