1.570796326794896558e+00 3.911238965279636091e+02
1.567126241919207574e+00 3.911897368974510982e+02
1.563456157043518591e+00 3.900981274859539099e+02
1.559786072167829607e+00 3.895723137901189830e+02
1.556115987292140623e+00 3.876555822292766607e+02
1.552445902416451418e+00 3.862892557215665192e+02
1.548775817540762434e+00 3.836011148727513955e+02
1.545105732665073450e+00 3.814387916454230663e+02
1.541435647789384467e+00 3.779983924787205751e+02
1.537765562913695483e+00 3.750882434855120096e+02
1.534095478038006499e+00 3.709395717430319905e+02
1.530425393162317516e+00 3.673319661879204432e+02
1.526755308286628532e+00 3.625288862129374365e+02
1.523085223410939326e+00 3.582818462719520767e+02
1.519415138535250342e+00 3.528868771247797440e+02
1.515745053659561359e+00 3.480646967734174382e+02
1.512074968783872375e+00 3.421464581613115001e+02
1.508404883908183391e+00 3.368183215851654495e+02
1.504734799032494408e+00 3.304496382810247042e+02
1.501064714156805424e+00 3.246878468328053486e+02
1.497394629281116440e+00 3.179438174464542612e+02
1.493724544405427235e+00 3.118220523148756911e+02
1.490054459529738251e+00 3.047782591021257872e+02
1.486384374654049267e+00 2.983699234987812474e+02
1.482714289778360284e+00 2.911007901660537982e+02
1.479044204902671300e+00 2.844775121181475015e+02
1.475374120026982316e+00 2.770548604513629698e+02
1.471704035151293333e+00 2.702851965369846994e+02
1.468033950275604349e+00 2.627770292587964605e+02
1.464363865399915365e+00 2.559253965816513983e+02
1.460693780524226160e+00 2.483949236136028276e+02
1.457023695648537176e+00 2.415207707272095661e+02
1.453353610772848192e+00 2.340256821603985031e+02
1.449683525897159209e+00 2.271828969060752001e+02
1.446013441021470225e+00 2.197748746882078308e+02
1.442343356145781241e+00 2.130114162430963347e+02
1.438673271270092258e+00 2.057358672351269604e+02
1.435003186394403052e+00 1.990936017276921177e+02
1.431333101518714068e+00 1.919895880050837036e+02
1.427663016643025085e+00 1.855043016790420438e+02
1.423992931767336101e+00 1.786046396287635787e+02
1.420322846891647117e+00 1.723062005609140499e+02
1.416652762015958134e+00 1.656376982905298405e+02
1.412982677140269150e+00 1.595503367717112155e+02
1.409312592264580166e+00 1.531341392449592433e+02
1.405642507388891183e+00 1.472768177193503050e+02
1.401972422513201977e+00 1.411288304613966318e+02
1.398302337637512993e+00 1.355156759645392697e+02
1.394632252761824009e+00 1.296470407197808470e+02
1.390962167886135026e+00 1.242878156713679516e+02
1.387292083010446042e+00 1.187054146586150978e+02
1.383621998134757058e+00 1.136060052583568449e+02
1.379951913259068075e+00 1.083129742816150696e+02
1.376281828383379091e+00 1.034758793614237220e+02
1.372611743507690107e+00 9.847211375694739388e+01
1.368941658632000902e+00 9.389692047115308071e+01
1.365271573756311918e+00 8.917956142522194796e+01
1.361601488880622934e+00 8.486339749985282310e+01
1.357931404004933951e+00 8.042728958369976056e+01
1.354261319129244967e+00 7.636524480951277383e+01
1.350591234253555983e+00 7.220335846285634318e+01
1.346921149377867000e+00 6.838887071834405162e+01
1.343251064502177794e+00 6.449268590962721248e+01
1.339580979626488810e+00 6.091788914935116139e+01
1.335910894750799827e+00 5.727773847503044635e+01
1.332240809875110843e+00 5.393377186744332619e+01
1.328570724999421859e+00 5.053914297908237785e+01
1.324900640123732876e+00 4.741642173171901220e+01
1.321230555248043892e+00 4.425622021582513810e+01
1.317560470372354908e+00 4.134466963344355861e+01
1.313890385496665925e+00 3.840744436708342846e+01
1.310220300620976719e+00 3.569669939570523098e+01
1.306550215745287735e+00 3.297083301064562733e+01
1.302880130869598752e+00 3.045040597639011537e+01
1.299210045993909768e+00 2.792427343445842425e+01
1.295539961118220784e+00 2.558369293876281603e+01
1.291869876242531801e+00 2.324579140083687534e+01
1.288199791366842817e+00 2.107471542724661617e+01
1.284529706491153611e+00 1.891376863094533078e+01
1.280859621615464849e+00 1.690207489006036568e+01
1.277189536739775644e+00 1.490711517388478669e+01
1.273519451864086660e+00 1.304497159898134839e+01
1.269849366988397676e+00 1.120540255608284497e+01
1.266179282112708693e+00 9.483320685817897555e+00
1.262509197237019709e+00 7.788963224239725314e+00
1.258839112361330725e+00 6.197836996529236586e+00
1.255169027485641742e+00 4.638961346791906415e+00
1.251498942609952536e+00 3.170093594624426636e+00
1.247828857734263552e+00 1.737439554415421972e+00
1.244158772858574569e+00 3.825582545629848119e-01
1.240488687982885585e+00 -9.326542919266048726e-01
1.236818603107196601e+00 -2.181388203466815501e+00
1.233148518231507618e+00 -3.387456699663069504e+00
1.229478433355818634e+00 -4.537448358548692440e+00
1.225808348480129428e+00 -5.642191364387410424e+00
1.222138263604440667e+00 -6.700416481427144078e+00
1.218468178728751461e+00 -7.711182494016591171e+00
1.214798093853062699e+00 -8.684196152657758461e+00
1.211128008977373494e+00 -9.607876312861646895e+00
1.207457924101684510e+00 -1.050182505980032843e+01
1.203787839225995526e+00 -1.134486877653069214e+01
1.200117754350306543e+00 -1.216550516214979716e+01
1.196447669474617559e+00 -1.293393784347975206e+01
1.192777584598928575e+00 -1.368663670928379972e+01
1.189107499723239592e+00 -1.438607892830585477e+01
1.185437414847550386e+00 -1.507585486079447890e+01
1.181767329971861402e+00 -1.571154240452087514e+01
1.178097245096172418e+00 -1.634306788070991701e+01
1.174427160220483435e+00 -1.691987223465245549e+01
1.170757075344794451e+00 -1.749749607592182699e+01
1.167086990469105467e+00 -1.801994498587952265e+01
1.163416905593416484e+00 -1.854771081435945845e+01
1.159746820717727278e+00 -1.902000864287093762e+01
1.156076735842038294e+00 -1.950167310068932025e+01
1.152406650966349311e+00 -1.992772075902772499e+01
1.148736566090660327e+00 -2.036677130527156265e+01
1.145066481214971343e+00 -2.075018559519169159e+01
1.141396396339282360e+00 -2.114985774224085091e+01
1.137726311463593376e+00 -2.149398998613048661e+01
1.134056226587904170e+00 -2.185728387438802400e+01
1.130386141712215409e+00 -2.216523774835795635e+01
1.126716056836526203e+00 -2.249493399021297435e+01
1.123045971960837219e+00 -2.276958250473915157e+01
1.119375887085148236e+00 -2.306825725320893383e+01
1.115705802209459252e+00 -2.331225884932893067e+01
1.112035717333770268e+00 -2.358229806781343285e+01
1.108365632458081285e+00 -2.379811181635162498e+01
1.104695547582392301e+00 -2.404172474171245000e+01
1.101025462706703095e+00 -2.423162464807182914e+01
1.097355377831014334e+00 -2.445085645222706816e+01
1.093685292955325128e+00 -2.461694488021184668e+01
1.090015208079636366e+00 -2.481368854501251775e+01
1.086345123203947161e+00 -2.495790878294450366e+01
1.082675038328258177e+00 -2.513391621030940470e+01
1.079004953452569193e+00 -2.525806420839675326e+01
1.075334868576880210e+00 -2.541495659366259119e+01
1.071664783701191226e+00 -2.552069190686631117e+01
1.067994698825502020e+00 -2.565996940629916168e+01
1.064324613949813259e+00 -2.574882537940947458e+01
1.060654529074124053e+00 -2.587187610589559128e+01
1.056984444198435069e+00 -2.594526933984450068e+01
1.053314359322746085e+00 -2.605337772207183278e+01
1.049644274447057102e+00 -2.611261686144574767e+01
1.045974189571368118e+00 -2.620697140226414845e+01
1.042304104695678912e+00 -2.625326528370375101e+01
1.038634019819990151e+00 -2.633496575357376202e+01
1.034963934944300945e+00 -2.636943095466514109e+01
1.031293850068612183e+00 -2.643949505539488598e+01
1.027623765192922978e+00 -2.646316288232662828e+01
1.023953680317233994e+00 -2.652253241596638489e+01
1.020283595441545010e+00 -2.653635536845972709e+01
1.016613510565856027e+00 -2.658590194361267578e+01
1.012943425690167043e+00 -2.659075969083186308e+01
1.009273340814477837e+00 -2.663128999901529070e+01
1.005603255938789076e+00 -2.662799490259872925e+01
1.001933171063099870e+00 -2.666025559498219621e+01
9.982630861874108863e-01 -2.664955781111465782e+01
9.945930013117219026e-01 -2.667424000373082293e+01
9.909229164360329190e-01 -2.665683219427976880e+01
9.872528315603439353e-01 -2.667457562937678617e+01
9.835827466846548406e-01 -2.665109731165545881e+01
9.799126618089658569e-01 -2.666249420058348818e+01
9.762425769332768732e-01 -2.663353576265158651e+01
9.725724920575878896e-01 -2.663913433404924547e+01
9.689024071818987949e-01 -2.660524074063172506e+01
9.652323223062098112e-01 -2.660554851636494433e+01
9.615622374305208275e-01 -2.656722272929421180e+01
9.578921525548318439e-01 -2.656270954888162805e+01
9.542220676791427492e-01 -2.652041568382847814e+01
9.505519828034537655e-01 -2.651151649679376376e+01
9.468818979277647818e-01 -2.646568273676055227e+01
9.432118130520757981e-01 -2.645280018073220063e+01
9.395417281763867035e-01 -2.640382146527980112e+01
9.358716433006978308e-01 -2.638732824683155087e+01
9.322015584250087361e-01 -2.633556875459569468e+01
9.285314735493197524e-01 -2.631580984775610332e+01
9.248613886736306577e-01 -2.626160528822726192e+01
9.211913037979417851e-01 -2.623889996540686198e+01
9.175212189222526904e-01 -2.618255969534266470e+01
9.138511340465637067e-01 -2.615720340370194918e+01
9.101810491708746120e-01 -2.609901238173799953e+01
9.065109642951857394e-01 -2.607127847699100087e+01
9.028408794194966447e-01 -2.601149906927144073e+01
8.991707945438076610e-01 -2.598164041828199444e+01
8.955007096681185663e-01 -2.592051406675554404e+01
8.918306247924296937e-01 -2.588876452925692107e+01
8.881605399167405990e-01 -2.582651329364363946e+01
8.844904550410516153e-01 -2.579308909264777938e+01
8.808203701653625206e-01 -2.572991707603708633e+01
8.771502852896736480e-01 -2.569501806560024448e+01
8.734802004139845533e-01 -2.563111273267704249e+01
8.698101155382955696e-01 -2.559492357109978400e+01
8.661400306626065859e-01 -2.553045696758352179e+01
8.624699457869176022e-01 -2.549314820331810338e+01
8.587998609112286186e-01 -2.542827808415403723e+01
8.551297760355395239e-01 -2.539000716175839756e+01
8.514596911598505402e-01 -2.532487803569388873e+01
8.477896062841615565e-01 -2.528579022737379134e+01
8.441195214084725729e-01 -2.522053432384300820e+01
8.404494365327834782e-01 -2.518076359284106758e+01
8.367793516570944945e-01 -2.511550175758041803e+01
8.331092667814055108e-01 -2.507517155865356173e+01
8.294391819057165272e-01 -2.501001408356558642e+01
8.257690970300274325e-01 -2.496923810517687770e+01
8.220990121543384488e-01 -2.490428549732875041e+01
8.184289272786494651e-01 -2.486316835034502759e+01
8.147588424029604814e-01 -2.479851204504821283e+01
8.110887575272713867e-01 -2.475714990175067953e+01
8.074186726515824031e-01 -2.469287292376807130e+01
8.037485877758934194e-01 -2.465135411129193699e+01
8.000785029002044357e-01 -2.458753168833181135e+01
7.964084180245153410e-01 -2.454593723963764162e+01
7.927383331488263574e-01 -2.448263737160560538e+01
7.890682482731373737e-01 -2.444104153751805342e+01
7.853981633974483900e-01 -2.437832552500305638e+01
7.817280785217594063e-01 -2.433679625014082148e+01
7.780579936460703117e-01 -2.427471918526662265e+01
7.743879087703813280e-01 -2.423331855040111549e+01
7.707178238946922333e-01 -2.417192977253919395e+01
7.670477390190033606e-01 -2.413071440611706109e+01
7.633776541433142659e-01 -2.407005792545961143e+01
7.597075692676252823e-01 -2.402907938651272701e+01
7.560374843919361876e-01 -2.396919427776581557e+01
7.523673995162473149e-01 -2.392849941221643562e+01
7.486973146405582202e-01 -2.386942018045500902e+01
7.450272297648692366e-01 -2.382905145289725013e+01
7.413571448891801419e-01 -2.377080837388855272e+01
7.376870600134912692e-01 -2.373080417652722929e+01
7.340169751378021745e-01 -2.367342361320330468e+01
7.303468902621131909e-01 -2.363381855371671136e+01
7.266768053864240962e-01 -2.357732325064601042e+01
7.230067205107352235e-01 -2.353814842039739830e+01
7.193366356350461288e-01 -2.348255777774434705e+01
7.156665507593571451e-01 -2.344384100178677954e+01
7.119964658836680504e-01 -2.338917133031890572e+01
7.083263810079791778e-01 -2.335093740043103239e+01
7.046562961322900831e-01 -2.329720215882881007e+01
7.009862112566010994e-01 -2.325947305095358431e+01
6.973161263809120047e-01 -2.320668306685340454e+01
6.936460415052231321e-01 -2.316947814383436821e+01
6.899759566295340374e-01 -2.311764181954623965e+01
6.863058717538450537e-01 -2.308097802031756984e+01
6.826357868781559590e-01 -2.303010152443166092e+01
6.789657020024670864e-01 -2.299399354054562039e+01
6.752956171267779917e-01 -2.294408098648403183e+01
6.716255322510890080e-01 -2.290854142697343221e+01
6.679554473753999133e-01 -2.285959503923429992e+01
6.642853624997110407e-01 -2.282463458390751398e+01
6.606152776240219460e-01 -2.277665485238533094e+01
6.569451927483329623e-01 -2.274228239630359383e+01
6.532751078726438676e-01 -2.269526822124218768e+01
6.496050229969549950e-01 -2.266149100807376726e+01
6.459349381212659003e-01 -2.261543983386347634e+01
6.422648532455769166e-01 -2.258226358141094892e+01
6.385947683698878219e-01 -2.253717152190378314e+01
6.349246834941989492e-01 -2.250460053889555212e+01
6.312545986185098545e-01 -2.246046249387546467e+01
6.275845137428208709e-01 -2.242849978922611953e+01
6.239144288671319982e-01 -2.238530955293667901e+01
6.202443439914429035e-01 -2.235395693772643355e+01
6.165742591157538088e-01 -2.231170729994840585e+01
6.129041742400648252e-01 -2.228096548267032162e+01
6.092340893643759525e-01 -2.223964832277934178e+01
6.055640044886868578e-01 -2.220951699831188009e+01
6.018939196129977631e-01 -2.216912337288227874e+01
5.982238347373087795e-01 -2.213960130560847261e+01
5.945537498616199068e-01 -2.210012152998141133e+01
5.908836649859308121e-01 -2.207120663130265825e+01
5.872135801102417174e-01 -2.203263035532551939e+01
5.835434952345527337e-01 -2.200431975616922387e+01
5.798734103588638611e-01 -2.196663603482847194e+01
5.762033254831747664e-01 -2.193892615326222639e+01
5.725332406074856717e-01 -2.190212351225610377e+01
5.688631557317966880e-01 -2.187501011667171369e+01
5.651930708561077044e-01 -2.183907661342479756e+01
5.615229859804187207e-01 -2.181255488147314381e+01
5.578529011047297370e-01 -2.177747816179346785e+01
5.541828162290405313e-01 -2.175154273535079952e+01
5.505127313533517697e-01 -2.171731008603876489e+01
5.468426464776627860e-01 -2.169195512252231950e+01
5.431725616019735803e-01 -2.165855352022438396e+01
5.395024767262845966e-01 -2.163377274047940091e+01
5.358323918505956129e-01 -2.160118889703614542e+01
5.321623069749066293e-01 -2.157697562993982388e+01
5.284922220992176456e-01 -2.154519603435988628e+01
5.248221372235284399e-01 -2.152154325840507099e+01
5.211520523478396782e-01 -2.149055421582228931e+01
5.174819674721506946e-01 -2.146745459782606602e+01
5.138118825964614889e-01 -2.143724226550028078e+01
5.101417977207725052e-01 -2.141468819677171354e+01
5.064717128450835215e-01 -2.138523861747129118e+01
5.028016279693945378e-01 -2.136322224729488184e+01
4.991315430937055542e-01 -2.133452138006622789e+01
4.954614582180163485e-01 -2.131303464701722916e+01
4.917913733423275868e-01 -2.128506839564182584e+01
4.881212884666386032e-01 -2.126410305661672950e+01
4.844512035909493974e-01 -2.123685729583153758e+01
4.807811187152604138e-01 -2.121640495304637142e+01
4.771110338395714301e-01 -2.118986555271398942e+01
4.734409489638824464e-01 -2.116991767878744568e+01
4.697708640881934627e-01 -2.114407052610453874e+01
4.661007792125042570e-01 -2.112461848726384872e+01
4.624306943368154954e-01 -2.109944950715793865e+01
4.587606094611265117e-01 -2.108048458485602339e+01
4.550905245854373060e-01 -2.105597975874722039e+01
4.514204397097483223e-01 -2.103749316960407612e+01
4.477503548340593387e-01 -2.101363855248334644e+01
4.440802699583703550e-01 -2.099562146679056696e+01
4.404101850826813713e-01 -2.097240320289669668e+01
4.367401002069921656e-01 -2.095484676167811244e+01
4.330700153313034040e-01 -2.093225109876858525e+01
4.293999304556144203e-01 -2.091514642959295855e+01
4.257298455799252146e-01 -2.089315973192921660e+01
4.220597607042362309e-01 -2.087649796344256004e+01
4.183896758285472472e-01 -2.085510672354729778e+01
4.147195909528582636e-01 -2.083887899883825057e+01
4.110495060771692799e-01 -2.081806984811529304e+01
4.073794212014800742e-01 -2.080226733707844033e+01
4.037093363257913126e-01 -2.078202705541940531e+01
4.000392514501023289e-01 -2.076664096604201148e+01
3.963691665744131232e-01 -2.074695649043781387e+01
3.926990816987243615e-01 -2.073197807916508140e+01
3.890289968230351558e-01 -2.071283651133562387e+01
3.853589119473461722e-01 -2.069825709252671686e+01
3.816888270716571885e-01 -2.067964570576679151e+01
3.780187421959682048e-01 -2.066545666033184503e+01
3.743486573202792211e-01 -2.064736290557680576e+01
3.706785724445902375e-01 -2.063355568889084424e+01
3.670084875689010318e-01 -2.061596719995976912e+01
3.633384026932122701e-01 -2.060253334896346544e+01
3.596683178175230644e-01 -2.058543794717375164e+01
3.559982329418340807e-01 -2.057236908682097010e+01
3.523281480661450971e-01 -2.055575478489641483e+01
3.486580631904561134e-01 -2.054304263404429776e+01
3.449879783147671297e-01 -2.052689763955100588e+01
3.413178934390781460e-01 -2.051453401604852900e+01
3.376478085633889403e-01 -2.049884673395195378e+01
3.339777236877001787e-01 -2.048682355976727720e+01
3.303076388120109730e-01 -2.047158259521868828e+01
3.266375539363219893e-01 -2.045989189917389339e+01
3.229674690606330056e-01 -2.044508605813231483e+01
3.192973841849440220e-01 -2.043371998276233015e+01
3.156272993092550383e-01 -2.041933827636607290e+01
3.119572144335660546e-01 -2.040828907592620567e+01
3.082871295578768489e-01 -2.039432071642163535e+01
3.046170446821880873e-01 -2.038358076532925622e+01
3.009469598064991036e-01 -2.037001517120775063e+01
2.972768749308098979e-01 -2.035957696273457884e+01
2.936067900551209142e-01 -2.034640375655604672e+01
2.899367051794319305e-01 -2.033625990630116576e+01
2.862666203037429469e-01 -2.032346891545305922e+01
2.825965354280539632e-01 -2.031361216261351998e+01
2.789264505523647575e-01 -2.030119341853424686e+01
2.752563656766759959e-01 -2.029161662747480932e+01
2.715862808009870122e-01 -2.027956036514117599e+01
2.679161959252978065e-01 -2.027025652636978492e+01
2.642461110496088228e-01 -2.025855318324871845e+01
2.605760261739198391e-01 -2.024951541427167712e+01
2.569059412982308555e-01 -2.023815562916553645e+01
2.532358564225418718e-01 -2.022937717508506594e+01
2.495657715468526661e-01 -2.021835178679156186e+01
2.458956866711639044e-01 -2.020982602060730215e+01
2.422256017954749208e-01 -2.019912606633588936e+01
2.385555169197857150e-01 -2.019084648901471368e+01
2.348854320440967314e-01 -2.018046320251859527e+01
2.312153471684077477e-01 -2.017242344298038859e+01
2.275452622927187640e-01 -2.016234825278512588e+01
2.238751774170297804e-01 -2.015454206754264987e+01
2.202050925413405746e-01 -2.014476659477178089e+01
2.165350076656518130e-01 -2.013718786761885582e+01
2.128649227899628293e-01 -2.012770392390523355e+01
2.091948379142736236e-01 -2.012034666518846748e+01
2.055247530385846400e-01 -2.011114625026879565e+01
2.018546681628956563e-01 -2.010400459623587821e+01
1.981845832872066726e-01 -2.009507989560952979e+01
1.945144984115176889e-01 -2.008814810749937507e+01
1.908444135358284832e-01 -2.007949148988748433e+01
1.871743286601397216e-01 -2.007276395297619942e+01
1.835042437844507379e-01 -2.006436796776277376e+01
1.798341589087615322e-01 -2.005783919024645812e+01
1.761640740330725485e-01 -2.004969656479595841e+01
1.724939891573835649e-01 -2.004336117656684024e+01
1.688239042816945812e-01 -2.003546481351790831e+01
1.651538194060055975e-01 -2.002931756493865123e+01
1.614837345303166138e-01 -2.002166053943011192e+01
1.578136496546276302e-01 -2.001569629988592780e+01
1.541435647789386465e-01 -2.000827185669972863e+01
1.504734799032494408e-01 -2.000248561324544028e+01
1.468033950275606792e-01 -1.999528716401185235e+01
1.431333101518714734e-01 -1.998967401981386516e+01
1.394632252761824898e-01 -1.998269514009545134e+01
1.357931404004935061e-01 -1.997725031294978493e+01
1.321230555248045224e-01 -1.997048473937333668e+01
1.284529706491155387e-01 -1.996520355994141127e+01
1.247828857734265551e-01 -1.995864518716043889e+01
1.211128008977373494e-01 -1.995352309744871278e+01
1.174427160220485877e-01 -1.994716597530258539e+01
1.137726311463593820e-01 -1.994219852692885198e+01
1.101025462706703983e-01 -1.993603685748596277e+01
1.064324613949814147e-01 -1.993121970995632708e+01
1.027623765192924310e-01 -1.992524784455427422e+01
9.909229164360344733e-02 -1.992057676348907336e+01
9.542220676791446365e-02 -1.991478919977607376e+01
9.175212189222525794e-02 -1.991026005509326069e+01
8.808203701653649631e-02 -1.990465143405806359e+01
8.441195214084729059e-02 -1.990026019825242898e+01
8.074186726515830692e-02 -1.989482530137845373e+01
7.707178238946932325e-02 -1.989056804765724706e+01
7.340169751378033958e-02 -1.988530179394696518e+01
6.973161263809135590e-02 -1.988117469446730468e+01
6.606152776240237223e-02 -1.987607213761218006e+01
6.239144288671316652e-02 -1.987207146159530424e+01
5.872135801102440489e-02 -1.986712778704763949e+01
5.505127313533519917e-02 -1.986324989889767068e+01
5.138118825964621550e-02 -1.985846042097042741e+01
4.771110338395723183e-02 -1.985470177850084639e+01
4.404101850826824815e-02 -1.985006193761503468e+01
4.037093363257926448e-02 -1.984641909022895234e+01
3.670084875689028081e-02 -1.984192445015074568e+01
3.303076388120107509e-02 -1.983839403692177328e+01
2.936067900551231347e-02 -1.983404028184757451e+01
2.569059412982310775e-02 -1.983061902981450686e+01
2.202050925413412408e-02 -1.982640196183937320e+01
1.835042437844514041e-02 -1.982308668410211538e+01
1.468033950275615673e-02 -1.981900222033384651e+01
1.101025462706717306e-02 -1.981578981426811481e+01
7.340169751378189389e-03 -1.981183398424623832e+01
3.670084875688983672e-03 -1.980872142975815819e+01
2.220446049250313081e-16 -1.980489037285242304e+01
-3.670084875688983672e-03 -1.980187473038296631e+01
-7.340169751377745300e-03 -1.979816469297358950e+01
-1.101025462706695102e-02 -1.979524310222774375e+01
-1.468033950275593469e-02 -1.979165043582067085e+01
-1.835042437844514041e-02 -1.978882011264954954e+01
-2.202050925413390203e-02 -1.978534126962053463e+01
-2.569059412982288571e-02 -1.978259950786159038e+01
-2.936067900551209142e-02 -1.977923104228294093e+01
-3.303076388120107509e-02 -1.977657520614337372e+01
-3.670084875688983672e-02 -1.977331376690216658e+01
-4.037093363257904244e-02 -1.977074129537996683e+01
-4.404101850826802611e-02 -1.976758362809217218e+01
-4.771110338395723183e-02 -1.976509202912186325e+01
-5.138118825964599345e-02 -1.976203497078607185e+01
-5.505127313533497713e-02 -1.975962182158384906e+01
-5.872135801102418284e-02 -1.975666229969016641e+01
-6.239144288671316652e-02 -1.975432524452282834e+01
-6.606152776240192814e-02 -1.975146027433777007e+01
-6.973161263809113386e-02 -1.974919702297816215e+01
-7.340169751378011753e-02 -1.974642370538885316e+01
-7.707178238946887916e-02 -1.974423203158810125e+01
-8.074186726515808488e-02 -1.974154755092983038e+01
-8.441195214084706855e-02 -1.973942529085251252e+01
-8.808203701653627427e-02 -1.973682691273663181e+01
-9.175212189222503589e-02 -1.973477196345865181e+01
-9.542220676791401957e-02 -1.973225703271518228e+01
-9.909229164360322528e-02 -1.973026735067018933e+01
-1.027623765192922090e-01 -1.972783328922632862e+01
-1.064324613949809706e-01 -1.972590688877824405e+01
-1.101025462706701763e-01 -1.972355119366593712e+01
-1.137726311463591600e-01 -1.972168614566573552e+01
-1.174427160220483657e-01 -1.971940638708656124e+01
-1.211128008977371273e-01 -1.971760081743382997e+01
-1.247828857734261110e-01 -1.971539463675536652e+01
-1.284529706491153167e-01 -1.971364672500591553e+01
-1.321230555248043004e-01 -1.971151183290204401e+01
-1.357931404004930620e-01 -1.970981981089230217e+01
-1.394632252761822677e-01 -1.970775398547042911e+01
-1.431333101518712514e-01 -1.970611613600272705e+01
-1.468033950275604571e-01 -1.970411722104117302e+01
-1.504734799032492187e-01 -1.970253187655428206e+01
-1.541435647789382024e-01 -1.970059777967892956e+01
-1.578136496546274081e-01 -1.969906332096478607e+01
-1.614837345303163918e-01 -1.969719201191977476e+01
-1.651538194060051534e-01 -1.969570686682979144e+01
-1.688239042816943591e-01 -1.969389637580644958e+01
-1.724939891573833428e-01 -1.969245901805877352e+01
-1.761640740330725485e-01 -1.969070743403271351e+01
-1.798341589087613102e-01 -1.968931638198864320e+01
-1.835042437844502938e-01 -1.968762185109644491e+01
-1.871743286601394995e-01 -1.968627566655431593e+01
-1.908444135358284832e-01 -1.968463639052696834e+01
-1.945144984115172448e-01 -1.968333367759052521e+01
-1.981845832872064506e-01 -1.968174791220628350e+01
-2.018546681628954342e-01 -1.968048731614993585e+01
-2.055247530385846400e-01 -1.967895336972922493e+01
-2.091948379142734016e-01 -1.967773357584633587e+01
-2.128649227899623853e-01 -1.967624980776369625e+01
-2.165350076656515910e-01 -1.967506954033379074e+01
-2.202050925413405746e-01 -1.967363435963365959e+01
-2.238751774170293363e-01 -1.967249238083533669e+01
-2.275452622927185420e-01 -1.967110424477504083e+01
-2.312153471684075257e-01 -1.966999935367730856e+01
-2.348854320440967314e-01 -1.966865676641111449e+01
-2.385555169197854930e-01 -1.966758779791873124e+01
-2.422256017954744767e-01 -1.966628930914157891e+01
-2.458956866711636824e-01 -1.966525513303526296e+01
-2.495657715468526661e-01 -1.966399933670363964e+01
-2.532358564225414277e-01 -1.966299885667961078e+01
-2.569059412982306334e-01 -1.966178438972580267e+01
-2.605760261739196171e-01 -1.966081654241914123e+01
-2.642461110496088228e-01 -1.965964208354868248e+01
-2.679161959252975844e-01 -1.965870583767894075e+01
-2.715862808009865681e-01 -1.965757010615096334e+01
-2.752563656766757738e-01 -1.965666446158062186e+01
-2.789264505523647575e-01 -1.965556621604051912e+01
-2.825965354280535191e-01 -1.965469020285105373e+01
-2.862666203037427248e-01 -1.965362824015910448e+01
-2.899367051794317085e-01 -1.965278091789574688e+01
-2.936067900551209142e-01 -1.965175407209701675e+01
-2.972768749308096758e-01 -1.965093452889672676e+01
-3.009469598064986595e-01 -1.964994167008374859e+01
-3.046170446821878652e-01 -1.964914902182766809e+01
-3.082871295578768489e-01 -1.964818905508097302e+01
-3.119572144335656105e-01 -1.964742244464704513e+01
-3.156272993092548163e-01 -1.964649430903685356e+01
-3.192973841849437999e-01 -1.964575290551965736e+01
-3.229674690606325616e-01 -1.964485557309745545e+01
-3.266375539363217673e-01 -1.964413857102235283e+01
-3.303076388120107509e-01 -1.964327104583938066e+01
-3.339777236876999567e-01 -1.964257766451106590e+01
-3.376478085633889403e-01 -1.964173898173763178e+01
-3.413178934390777020e-01 -1.964106846442566834e+01
-3.449879783147669077e-01 -1.964025768932906146e+01
-3.486580631904558913e-01 -1.963960930264030225e+01
-3.523281480661446530e-01 -1.963882552974514795e+01
-3.559982329418338587e-01 -1.963819856291195265e+01
-3.596683178175228424e-01 -1.963744091514782042e+01
-3.633384026932120481e-01 -1.963683467938682270e+01
-3.670084875689010318e-01 -1.963610230718990479e+01
-3.706785724445897934e-01 -1.963551613515631900e+01
-3.743486573202789991e-01 -1.963480821581161351e+01
-3.780187421959679828e-01 -1.963424146052231833e+01
-3.816888270716567444e-01 -1.963355719692411228e+01
-3.853589119473459501e-01 -1.963300923198759307e+01
-3.890289968230349338e-01 -1.963234785231811941e+01
-3.926990816987241395e-01 -1.963181807056644601e+01
-3.963691665744131232e-01 -1.963117882767323152e+01
-4.000392514501018848e-01 -1.963066664090197833e+01
-4.037093363257910905e-01 -1.963004881098969534e+01
-4.073794212014800742e-01 -1.962955364938846614e+01
-4.110495060771688358e-01 -1.962895653156905595e+01
-4.147195909528580415e-01 -1.962847784319755462e+01
-4.183896758285470252e-01 -1.962790075891016173e+01
-4.220597607042362309e-01 -1.962743800908350522e+01
-4.257298455799252146e-01 -1.962688030130027528e+01
-4.293999304556139762e-01 -1.962643297214692950e+01
-4.330700153313031819e-01 -1.962589400475944501e+01
-4.367401002069919436e-01 -1.962546159464679008e+01
-4.404101850826811493e-01 -1.962494075179819575e+01
-4.440802699583703550e-01 -1.962452277495882313e+01
-4.477503548340591166e-01 -1.962401946047422996e+01
-4.514204397097483223e-01 -1.962361544641030875e+01
-4.550905245854370840e-01 -1.962312908313120019e+01
-4.587606094611262897e-01 -1.962273857619684847e+01
-4.624306943368154954e-01 -1.962226860542687490e+01
-4.661007792125042570e-01 -1.962189116440788084e+01
-4.697708640881930187e-01 -1.962143704536645217e+01
-4.734409489638822244e-01 -1.962107224299283814e+01
-4.771110338395709860e-01 -1.962063345220870403e+01
-4.807811187152601917e-01 -1.962028087477604288e+01
-4.844512035909493974e-01 -1.961985690559846418e+01
-4.881212884666381591e-01 -1.961951615257119386e+01
-4.917913733423273648e-01 -1.961910651468809874e+01
-4.954614582180161264e-01 -1.961877719826430422e+01
-4.991315430937053321e-01 -1.961838141710641992e+01
-5.028016279693945378e-01 -1.961806316179644227e+01
-5.064717128450832995e-01 -1.961768077810330624e+01
-5.101417977207725052e-01 -1.961737322041887310e+01
-5.138118825964612668e-01 -1.961700378976349057e+01
-5.174819674721504725e-01 -1.961670657782692118e+01
-5.211520523478396782e-01 -1.961634967011682562e+01
-5.248221372235284399e-01 -1.961606246331584558e+01
-5.284922220992172015e-01 -1.961571766240376391e+01
-5.321623069749064072e-01 -1.961544013098457384e+01
-5.358323918505951688e-01 -1.961510703417429724e+01
-5.395024767262843746e-01 -1.961483885898557844e+01
-5.431725616019735803e-01 -1.961451707663237443e+01
-5.468426464776623419e-01 -1.961425794877197504e+01
-5.505127313533515476e-01 -1.961394710391900631e+01
-5.541828162290403093e-01 -1.961369672437838219e+01
-5.578529011047295150e-01 -1.961339645227398876e+01
-5.615229859804187207e-01 -1.961315453173850898e+01
-5.651930708561074823e-01 -1.961286447957216694e+01
-5.688631557317962439e-01 -1.961263073800280310e+01
-5.725332406074854497e-01 -1.961235056438651370e+01
-5.762033254831742113e-01 -1.961212473074409957e+01
-5.798734103588638611e-01 -1.961185410542634244e+01
-5.835434952345526227e-01 -1.961163591745870605e+01
-5.872135801102413843e-01 -1.961137452098818201e+01
-5.908836649859305901e-01 -1.961116372494451809e+01
-5.945537498616193517e-01 -1.961091124832178423e+01
-5.982238347373085574e-01 -1.961070759862905533e+01
-6.018939196129977631e-01 -1.961046374294631178e+01
-6.055640044886865248e-01 -1.961026700200087092e+01
-6.092340893643757305e-01 -1.961003147814913206e+01
-6.129041742400644921e-01 -1.960984141603317710e+01
-6.165742591157536978e-01 -1.960961394434110971e+01
-6.202443439914429035e-01 -1.960943033867621921e+01
-6.239144288671316652e-01 -1.960921064871203257e+01
-6.275845137428204268e-01 -1.960903328429225567e+01
-6.312545986185096325e-01 -1.960882111446564835e+01
-6.349246834941983941e-01 -1.960864978309196616e+01
-6.385947683698880439e-01 -1.960844488043681721e+01
-6.422648532455768056e-01 -1.960827938071346921e+01
-6.459349381212655672e-01 -1.960808150057030019e+01
-6.496050229969547729e-01 -1.960792163766294038e+01
-6.532751078726435345e-01 -1.960773054345792588e+01
-6.569451927483327403e-01 -1.960757612887120160e+01
-6.606152776240219460e-01 -1.960739159179132329e+01
-6.642853624997107076e-01 -1.960724244327483845e+01
-6.679554473753999133e-01 -1.960706424212327192e+01
-6.716255322510886749e-01 -1.960692018330336595e+01
-6.752956171267778807e-01 -1.960674810412860225e+01
-6.789657020024670864e-01 -1.960660896443692991e+01
-6.826357868781558480e-01 -1.960644280039927168e+01
-6.863058717538446096e-01 -1.960630841487632381e+01
-6.899759566295338153e-01 -1.960614796599333332e+01
-6.936460415052225770e-01 -1.960601817509422418e+01
-6.973161263809122268e-01 -1.960586324799755431e+01
-7.009862112566009884e-01 -1.960573789738857187e+01
-7.046562961322897500e-01 -1.960558830509587125e+01
-7.083263810079789558e-01 -1.960546724554933107e+01
-7.119964658836677174e-01 -1.960532280731536758e+01
-7.156665507593569231e-01 -1.960520589450490903e+01
-7.193366356350461288e-01 -1.960506643558295181e+01
-7.230067205107348904e-01 -1.960495352993411800e+01
-7.266768053864240962e-01 -1.960481888151367613e+01
-7.303468902621128578e-01 -1.960470984785285253e+01
-7.340169751378020635e-01 -1.960457984611585758e+01
-7.376870600134912692e-01 -1.960447455477513401e+01
-7.413571448891800308e-01 -1.960434904274882584e+01
-7.450272297648687925e-01 -1.960424736657295242e+01
-7.486973146405579982e-01 -1.960412619098592657e+01
-7.523673995162467598e-01 -1.960402800839983328e+01
-7.560374843919364096e-01 -1.960391102195787383e+01
-7.597075692676251712e-01 -1.960381621489887038e+01
-7.633776541433139329e-01 -1.960370327497509280e+01
-7.670477390190031386e-01 -1.960361172940905661e+01
-7.707178238946919002e-01 -1.960350269820209235e+01
-7.743879087703811059e-01 -1.960341430384538342e+01
-7.780579936460703117e-01 -1.960330904816741437e+01
-7.817280785217590733e-01 -1.960322369842537427e+01
-7.853981633974478349e-01 -1.960312208954231039e+01
-7.890682482731370406e-01 -1.960303968133642982e+01
-7.927383331488262463e-01 -1.960294159481776433e+01
-7.964084180245154521e-01 -1.960286202851353110e+01
-8.000785029002042137e-01 -1.960276734412406796e+01
-8.037485877758929753e-01 -1.960269052339572937e+01
-8.074186726515821810e-01 -1.960259912490488787e+01
-8.110887575272709427e-01 -1.960252495667108263e+01
-8.147588424029601484e-01 -1.960243673181106061e+01
-8.184289272786493541e-01 -1.960236512604507553e+01
-8.220990121543381157e-01 -1.960227996627556379e+01
-8.257690970300273214e-01 -1.960221083600146486e+01
-8.294391819057160831e-01 -1.960212863645751469e+01
-8.331092667814052888e-01 -1.960206189757997919e+01
-8.367793516570944945e-01 -1.960198255692305125e+01
-8.404494365327832561e-01 -1.960191812818266044e+01
-8.441195214084720178e-01 -1.960184154850519533e+01
-8.477896062841612235e-01 -1.960177935132456284e+01
-8.514596911598504292e-01 -1.960170543798778198e+01
-8.551297760355396349e-01 -1.960164539648316762e+01
-8.587998609112283965e-01 -1.960157405810928921e+01
-8.624699457869171582e-01 -1.960151609890442970e+01
-8.661400306626063639e-01 -1.960144724714802678e+01
-8.698101155382951255e-01 -1.960139129936784386e+01
-8.734802004139843312e-01 -1.960132484891107651e+01
-8.771502852896735369e-01 -1.960127084399386987e+01
-8.808203701653622986e-01 -1.960120671235767631e+01
-8.844904550410515043e-01 -1.960115458409081413e+01
-8.881605399167402659e-01 -1.960109269163471168e+01
-8.918306247924294716e-01 -1.960104237605944988e+01
-8.955007096681186773e-01 -1.960098264586219585e+01
-8.991707945438074390e-01 -1.960093408113646518e+01
-9.028408794194962006e-01 -1.960087643884431330e+01
-9.065109642951854063e-01 -1.960082956525174680e+01
-9.101810491708746120e-01 -1.960077393907127430e+01
-9.138511340465638177e-01 -1.960072869885262747e+01
-9.175212189222525794e-01 -1.960067501937894363e+01
-9.211913037979413410e-01 -1.960063135678109347e+01
-9.248613886736305467e-01 -1.960057955701905641e+01
-9.285314735493193083e-01 -1.960053741816316020e+01
-9.322015584250085141e-01 -1.960048743340416166e+01
-9.358716433006977198e-01 -1.960044676626451476e+01
-9.395417281763864814e-01 -1.960039853400708054e+01
-9.432118130520756871e-01 -1.960035928828012075e+01
-9.468818979277644488e-01 -1.960031274815522551e+01
-9.505519828034536545e-01 -1.960027487526164691e+01
-9.542220676791428602e-01 -1.960022996895463265e+01
-9.578921525548316218e-01 -1.960019342196711634e+01
-9.615622374305203834e-01 -1.960015009316244416e+01
-9.652323223062095892e-01 -1.960011482673245098e+01
-9.689024071818983508e-01 -1.960007302100419935e+01
-9.725724920575880006e-01 -1.960003899135039518e+01
-9.762425769332767622e-01 -1.959999865617646009e+01
-9.799126618089655238e-01 -1.959996582102315088e+01
-9.835827466846547296e-01 -1.959992690569390206e+01
-9.872528315603434912e-01 -1.959989522418013053e+01
-9.909229164360326969e-01 -1.959985767971020110e+01
-9.945930013117219026e-01 -1.959982711239916853e+01
-9.982630861874106643e-01 -1.959979089150979092e+01
-1.001933171063099870e+00 -1.959976140028836156e+01
-1.005603255938788632e+00 -1.959972645728309359e+01
-1.009273340814477837e+00 -1.959969800533390227e+01
-1.012943425690167043e+00 -1.959966429608338245e+01
-1.016613510565855805e+00 -1.959963684786999494e+01
-1.020283595441544566e+00 -1.959960432979661604e+01
-1.023953680317233772e+00 -1.959957785102749028e+01
-1.027623765192922534e+00 -1.959954648306985803e+01
-1.031293850068611739e+00 -1.959952094062866479e+01
-1.034963934944300945e+00 -1.959949068308516473e+01
-1.038634019819989707e+00 -1.959946604498757239e+01
-1.042304104695678912e+00 -1.959943685954375070e+01
-1.045974189571367674e+00 -1.959941309490799810e+01
-1.049644274447056880e+00 -1.959938494459224856e+01
-1.053314359322746085e+00 -1.959936202357542356e+01
-1.056984444198434847e+00 -1.959933487263957730e+01
-1.060654529074123609e+00 -1.959931276673344058e+01
-1.064324613949812814e+00 -1.959928658110581523e+01
-1.067994698825502020e+00 -1.959926526193887142e+01
-1.071664783701191226e+00 -1.959924000750609707e+01
-1.075334868576879988e+00 -1.959921945145499222e+01
-1.079004953452568749e+00 -1.959919510138296417e+01
-1.082675038328257955e+00 -1.959917526993179493e+01
-1.086345123203946716e+00 -1.959915177327742697e+01
-1.090015208079635922e+00 -1.959913266639935614e+01
-1.093685292955325128e+00 -1.959911002032870186e+01
-1.097355377831013890e+00 -1.959909158884794067e+01
-1.101025462706703095e+00 -1.959906974911717370e+01
-1.104695547582391857e+00 -1.959905198214918443e+01
-1.108365632458081063e+00 -1.959903092701959793e+01
-1.112035717333770268e+00 -1.959901379844065517e+01
-1.115705802209459030e+00 -1.959899349766418908e+01
-1.119375887085147792e+00 -1.959897698715922232e+01
-1.123045971960836997e+00 -1.959895741570034033e+01
-1.126716056836526203e+00 -1.959894150208191732e+01
-1.130386141712215409e+00 -1.959892263471737195e+01
-1.134056226587904170e+00 -1.959890729790755870e+01
-1.137726311463592932e+00 -1.959888911056251004e+01
-1.141396396339282138e+00 -1.959887433109375721e+01
-1.145066481214970899e+00 -1.959885680047781165e+01
-1.148736566090660105e+00 -1.959884255961808108e+01
-1.152406650966349311e+00 -1.959882566330507103e+01
-1.156076735842038072e+00 -1.959881194296919915e+01
-1.159746820717727278e+00 -1.959879565931287004e+01
-1.163416905593416040e+00 -1.959878244207652997e+01
-1.167086990469105245e+00 -1.959876675019944159e+01
-1.170757075344794451e+00 -1.959875401925745209e+01
-1.174427160220483213e+00 -1.959873889904356759e+01
-1.178097245096171974e+00 -1.959872663819377436e+01
-1.181767329971861180e+00 -1.959871207022763429e+01
-1.185437414847550386e+00 -1.959870026386944630e+01
-1.189107499723239592e+00 -1.959868622943438154e+01
-1.192777584598928353e+00 -1.959867486246338686e+01
-1.196447669474617115e+00 -1.959866134348940392e+01
-1.200117754350306321e+00 -1.959865040142427972e+01
-1.203787839225995082e+00 -1.959863738054295013e+01
-1.207457924101684288e+00 -1.959862684945471045e+01
-1.211128008977373494e+00 -1.959861430994962816e+01
-1.214798093853062255e+00 -1.959860417636864582e+01
-1.218468178728751461e+00 -1.959859210207703129e+01
-1.222138263604440223e+00 -1.959858235303332918e+01
-1.225808348480129428e+00 -1.959857072838336478e+01
-1.229478433355818634e+00 -1.959856135140093869e+01
-1.233148518231507396e+00 -1.959855016142021356e+01
-1.236818603107196157e+00 -1.959854114447700368e+01
-1.240488687982885363e+00 -1.959853037471326687e+01
-1.244158772858574569e+00 -1.959852170626457379e+01
-1.247828857734263330e+00 -1.959851134282342500e+01
-1.251498942609952536e+00 -1.959850301175647758e+01
-1.255169027485641298e+00 -1.959849304126947445e+01
-1.258839112361330503e+00 -1.959848503689207178e+01
-1.262509197237019265e+00 -1.959847544647843520e+01
-1.266179282112708471e+00 -1.959846775851297807e+01
-1.269849366988397676e+00 -1.959845853578114117e+01
-1.273519451864086438e+00 -1.959845115436331398e+01
-1.277189536739775200e+00 -1.959844228739956762e+01
-1.280859621615464405e+00 -1.959843520300531594e+01
-1.284529706491153611e+00 -1.959842668031116375e+01
-1.288199791366842817e+00 -1.959841988382940769e+01
-1.291869876242531578e+00 -1.959841169437759589e+01
-1.295539961118220340e+00 -1.959840517704176222e+01
-1.299210045993909546e+00 -1.959839731022667664e+01
-1.302880130869598752e+00 -1.959839106364211503e+01
-1.306550215745287513e+00 -1.959838350927827832e+01
-1.310220300620976719e+00 -1.959837752540665434e+01
-1.313890385496665481e+00 -1.959837027371513329e+01
-1.317560470372354686e+00 -1.959836454479160395e+01
-1.321230555248043448e+00 -1.959835758632716107e+01
-1.324900640123732654e+00 -1.959835210496191138e+01
-1.328570724999421859e+00 -1.959834543071978885e+01
-1.332240809875110621e+00 -1.959834018982087045e+01
-1.335910894750799383e+00 -1.959833379112344076e+01
-1.339580979626488588e+00 -1.959832878391264899e+01
-1.343251064502177794e+00 -1.959832265246244276e+01
-1.346921149377867000e+00 -1.959831787244254997e+01
-1.350591234253555761e+00 -1.959831200025555376e+01
-1.354261319129244523e+00 -1.959830744122818658e+01
-1.357931404004933729e+00 -1.959830182067082305e+01
-1.361601488880622490e+00 -1.959829747672334221e+01
-1.365271573756311696e+00 -1.959829210048998149e+01
-1.368941658632000902e+00 -1.959828796595913047e+01
-1.372611743507689663e+00 -1.959828282688890511e+01
-1.376281828383378869e+00 -1.959827889686247815e+01
-1.379951913259067631e+00 -1.959827398864839409e+01
-1.383621998134756836e+00 -1.959827025681160606e+01
-1.387292083010446042e+00 -1.959826557265912683e+01
-1.390962167886134804e+00 -1.959826203508414366e+01
-1.394632252761823565e+00 -1.959825756908055183e+01
-1.398302337637512771e+00 -1.959825422102117898e+01
-1.401972422513201977e+00 -1.959824996728984914e+01
-1.405642507388891183e+00 -1.959824680439718492e+01
-1.409312592264579944e+00 -1.959824275740958655e+01
-1.412982677140268706e+00 -1.959823977537365280e+01
-1.416652762015957912e+00 -1.959823592991339325e+01
-1.420322846891646673e+00 -1.959823312492378022e+01
-1.423992931767335879e+00 -1.959822947582096830e+01
-1.427663016643025085e+00 -1.959822684422683281e+01
-1.431333101518713846e+00 -1.959822338688710275e+01
-1.435003186394403052e+00 -1.959822092520379400e+01
-1.438673271270091814e+00 -1.959821765503927793e+01
-1.442343356145781019e+00 -1.959821536007491360e+01
-1.446013441021470225e+00 -1.959821227278562361e+01
-1.449683525897158987e+00 -1.959821014157613206e+01
-1.453353610772847748e+00 -1.959820723320620672e+01
-1.457023695648536954e+00 -1.959820526301055210e+01
-1.460693780524226160e+00 -1.959820252981287325e+01
-1.464363865399915365e+00 -1.959820071802753816e+01
-1.468033950275604127e+00 -1.959819815641250429e+01
-1.471704035151292889e+00 -1.959819650074664921e+01
-1.475374120026982094e+00 -1.959819410748099955e+01
-1.479044204902670856e+00 -1.959819260585505774e+01
-1.482714289778360062e+00 -1.959819037788007279e+01
-1.486384374654049267e+00 -1.959818902836827448e+01
-1.490054459529738029e+00 -1.959818696278671979e+01
-1.493724544405426791e+00 -1.959818576378408750e+01
-1.497394629281115996e+00 -1.959818385810352481e+01
-1.501064714156805202e+00 -1.959818280813459879e+01
-1.504734799032494408e+00 -1.959818105985025127e+01
-1.508404883908183169e+00 -1.959818015778978761e+01
-1.512074968783871931e+00 -1.959817856468086816e+01
-1.515745053659561137e+00 -1.959817780943461685e+01
-1.519415138535250342e+00 -1.959817636967198595e+01
-1.523085223410939104e+00 -1.959817576051860755e+01
-1.526755308286628310e+00 -1.959817447215113617e+01
-1.530425393162317071e+00 -1.959817400860559289e+01
-1.534095478038006277e+00 -1.959817286978672968e+01
-1.537765562913695039e+00 -1.959817255170003136e+01
-1.541435647789384245e+00 -1.959817156050222664e+01
-1.545105732665073450e+00 -1.959817138854653251e+01
-1.548775817540762212e+00 -1.959817054273642611e+01
-1.552445902416450974e+00 -1.959817051746639294e+01
-1.556115987292140179e+00 -1.959816980920854945e+01
-1.559786072167829385e+00 -1.959816994360359388e+01
-1.563456157043518591e+00 -1.959816936353108829e+01
-1.567126241919207352e+00 -1.959816962321031397e+01
-1.570796326794896114e+00 -1.959816932331982287e+01
