1.570796326794896558e+00 2.893785288330255076e+07
1.565902880293977839e+00 2.891243496010640264e+07
1.561009433793059120e+00 2.888701703691025823e+07
1.556115987292140623e+00 2.881117775894853100e+07
1.551222540791221904e+00 2.873533848098680377e+07
1.546329094290303185e+00 2.861030481332652271e+07
1.541435647789384467e+00 2.848527114566623792e+07
1.536542201288465748e+00 2.831303421132515371e+07
1.531648754787547029e+00 2.814079727698406577e+07
1.526755308286628532e+00 2.792403573674322665e+07
1.521861861785709813e+00 2.770727419650238752e+07
1.516968415284791094e+00 2.744925471023799479e+07
1.512074968783872375e+00 2.719123522397359833e+07
1.507181522282953656e+00 2.689569666924353689e+07
1.502288075782034937e+00 2.660015811451347545e+07
1.497394629281116440e+00 2.627118683466568217e+07
1.492501182780197722e+00 2.594221555481788889e+07
1.487607736279279003e+00 2.558411881362446770e+07
1.482714289778360284e+00 2.522602207243104652e+07
1.477820843277441565e+00 2.484320619749096036e+07
1.472927396776522846e+00 2.446039032255087048e+07
1.468033950275604349e+00 2.405724887968782708e+07
1.463140503774685630e+00 2.365410743682478368e+07
1.458247057273766911e+00 2.323492337911402807e+07
1.453353610772848192e+00 2.281573932140327245e+07
1.448460164271929473e+00 2.238460357962820679e+07
1.443566717771010754e+00 2.195346783785313740e+07
1.438673271270092258e+00 2.151421542280559614e+07
1.433779824769173539e+00 2.107496300775805488e+07
1.428886378268254820e+00 2.063112648875128478e+07
1.423992931767336101e+00 2.018728996974451840e+07
1.419099485266417382e+00 1.974206924774496257e+07
1.414206038765498885e+00 1.929684852574540302e+07
1.409312592264580166e+00 1.885309515366968140e+07
1.404419145763661447e+00 1.840934178159395978e+07
1.399525699262742728e+00 1.796955568749340624e+07
1.394632252761824009e+00 1.752976959339285269e+07
1.389738806260905291e+00 1.709610589931907132e+07
1.384845359759986572e+00 1.666244220524528995e+07
1.379951913259068075e+00 1.623672585604139976e+07
1.375058466758149356e+00 1.581100950683750957e+07
1.370165020257230637e+00 1.539475557836868986e+07
1.365271573756311918e+00 1.497850164989986829e+07
1.360378127255393199e+00 1.457293944695763290e+07
1.355484680754474702e+00 1.416737724401539750e+07
1.350591234253555983e+00 1.377347658234352246e+07
1.345697787752637264e+00 1.337957592067164555e+07
1.340804341251718546e+00 1.299807428422513232e+07
1.335910894750799827e+00 1.261657264777861722e+07
1.331017448249881330e+00 1.224800219776154682e+07
1.326124001748962611e+00 1.187943174774447642e+07
1.321230555248043892e+00 1.152414541942410544e+07
1.316337108747125173e+00 1.116885909110373631e+07
1.311443662246206454e+00 1.082705523999821395e+07
1.306550215745287735e+00 1.048525138889268972e+07
1.301656769244369016e+00 1.015699663632060029e+07
1.296763322743450519e+00 9.828741883748510852e+06
1.291869876242531801e+00 9.513991963555648923e+06
1.286976429741613082e+00 9.199242043362788856e+06
1.282082983240694363e+00 8.897860569887883961e+06
1.277189536739775644e+00 8.596479096412979066e+06
1.272296090238857147e+00 8.308254262060175650e+06
1.267402643737938428e+00 8.020029427707372233e+06
1.262509197237019709e+00 7.744688701941071078e+06
1.257615750736100990e+00 7.469347976174769923e+06
1.252722304235182271e+00 7.206570920456836000e+06
1.247828857734263552e+00 6.943793864738902077e+06
1.242935411233344833e+00 6.693223204445026815e+06
1.238041964732426337e+00 6.442652544151151553e+06
1.233148518231507618e+00 6.203903652360914275e+06
1.228255071730588899e+00 5.965154760570676997e+06
1.223361625229670180e+00 5.737823713401449844e+06
1.218468178728751461e+00 5.510492666232222691e+06
1.213574732227832964e+00 5.294163027075075544e+06
1.208681285726914245e+00 5.077833387917928398e+06
1.203787839225995526e+00 4.872081871313164942e+06
1.198894392725076807e+00 4.666330354708401486e+06
1.194000946224158088e+00 4.470731511046825908e+06
1.189107499723239370e+00 4.275132667385250330e+06
1.184214053222320651e+00 4.089262718067863025e+06
1.179320606721402154e+00 3.903392768750475254e+06
1.174427160220483435e+00 3.726832709485478699e+06
1.169533713719564716e+00 3.550272650220482145e+06
1.164640267218646219e+00 3.382610727833237033e+06
1.159746820717727278e+00 3.214948805445991922e+06
1.154853374216808781e+00 3.055782461683955975e+06
1.149959927715890062e+00 2.896616117921920493e+06
1.145066481214971343e+00 2.745553482549696229e+06
1.140173034714052624e+00 2.594490847177472431e+06
1.135279588213133906e+00 2.451151852174251340e+06
1.130386141712215409e+00 2.307812857171029784e+06
1.125492695211296690e+00 2.171830034401790239e+06
1.120599248710377971e+00 2.035847211632551160e+06
1.115705802209459252e+00 1.906866227767507546e+06
1.110812355708540533e+00 1.777885243902463932e+06
1.105918909207622036e+00 1.655565218753692228e+06
1.101025462706703095e+00 1.533245193604920525e+06
1.096132016205784598e+00 1.417258841316215694e+06
1.091238569704865879e+00 1.301272489027510863e+06
1.086345123203947161e+00 1.191306115619425662e+06
1.081451676703028442e+00 1.081339742211340461e+06
1.076558230202109723e+00 9.770931278629394947e+05
1.071664783701191226e+00 8.728465135145385284e+05
1.066771337200272507e+00 7.740327034856466344e+05
1.061877890699353788e+00 6.752188934567547403e+05
1.056984444198435069e+00 5.815639177099257940e+05
1.052090997697516350e+00 4.879089419630968478e+05
1.047197551196597853e+00 3.991514802306657657e+05
1.042304104695678912e+00 3.103940184982346836e+05
1.037410658194760416e+00 2.262850247475156793e+05
1.032517211693841697e+00 1.421760309967966750e+05
1.027623765192922978e+00 6.247832878410036210e+04
1.022730318692004481e+00 -1.721937342859595083e+04
1.017836872191085540e+00 -9.273151521051005693e+04
1.012943425690167043e+00 -1.682436569924241630e+05
1.008049979189248324e+00 -2.397849602296669618e+05
1.003156532688329605e+00 -3.113262634669097606e+05
9.982630861874108863e-01 -3.791008825286720530e+05
9.933696396864922784e-01 -4.468755015904343454e+05
9.884761931855735595e-01 -5.110774655203024158e+05
9.835827466846548406e-01 -5.752794294501704862e+05
9.786893001837362327e-01 -6.360930806476077996e+05
9.737958536828175138e-01 -6.969067318450452294e+05
9.689024071818987949e-01 -7.545071580256781308e+05
9.640089606809801870e-01 -8.121075842063110322e+05
9.591155141800614681e-01 -8.666610411871368997e+05
9.542220676791427492e-01 -9.212144981679627672e+05
9.493286211782241413e-01 -9.728788216086222092e+05
9.444351746773054224e-01 -1.024543145049281651e+06
9.395417281763867035e-01 -1.073468149745687377e+06
9.346482816754680956e-01 -1.122393154442093102e+06
9.297548351745493767e-01 -1.168721020210707095e+06
9.248613886736306577e-01 -1.215048885979321320e+06
9.199679421727120499e-01 -1.258914529456397053e+06
9.150744956717933309e-01 -1.302780172933473019e+06
9.101810491708746120e-01 -1.344311604909704765e+06
9.052876026699560041e-01 -1.385843036885936512e+06
9.003941561690372852e-01 -1.425161705005118623e+06
8.955007096681185663e-01 -1.464480373124300968e+06
8.906072631671999584e-01 -1.501701489935031161e+06
8.857138166662812395e-01 -1.538922606745761121e+06
8.808203701653625206e-01 -1.574155463247211883e+06
8.759269236644439127e-01 -1.609388319748662645e+06
8.710334771635251938e-01 -1.642736584669651464e+06
8.661400306626064749e-01 -1.676084849590640282e+06
8.612465841616878670e-01 -1.707646854726535501e+06
8.563531376607691481e-01 -1.739208859862430720e+06
8.514596911598504292e-01 -1.769077871849936899e+06
8.465662446589318213e-01 -1.798946883837443311e+06
8.416727981580131024e-01 -1.827211362802496180e+06
8.367793516570943835e-01 -1.855475841767549049e+06
8.318859051561757756e-01 -1.882219687304210616e+06
8.269924586552570567e-01 -1.908963532840872183e+06
8.220990121543383378e-01 -1.934266317804399412e+06
8.172055656534197299e-01 -1.959569102767926641e+06
8.123121191525010110e-01 -1.983506295370356645e+06
8.074186726515822921e-01 -2.007443487972786883e+06
8.025252261506636842e-01 -2.030086662685491610e+06
7.976317796497449653e-01 -2.052729837398196105e+06
7.927383331488262463e-01 -2.074146875147304032e+06
7.878448866479076385e-01 -2.095563912896411959e+06
7.829514401469890306e-01 -2.115819191050711088e+06
7.780579936460703117e-01 -2.136074469205009751e+06
7.731645471451517038e-01 -2.155229041822552681e+06
7.682711006442329849e-01 -2.174383614440095145e+06
7.633776541433142659e-01 -2.192495383257464506e+06
7.584842076423956581e-01 -2.210607152074834332e+06
7.535907611414769391e-01 -2.227731028677300084e+06
7.486973146405582202e-01 -2.244854905279765837e+06
7.438038681396396123e-01 -2.261042964898898732e+06
7.389104216387208934e-01 -2.277231024518031627e+06
7.340169751378021745e-01 -2.292532651877748780e+06
7.291235286368835666e-01 -2.307834279237466399e+06
7.242300821359648477e-01 -2.322296306848820299e+06
7.193366356350461288e-01 -2.336758334460174199e+06
7.144431891341275209e-01 -2.350425173755640164e+06
7.095497426332088020e-01 -2.364092013051106129e+06
7.046562961322900831e-01 -2.377005778728959151e+06
6.997628496313714752e-01 -2.389919544406811707e+06
6.948694031304527563e-01 -2.402120172332155518e+06
6.899759566295340374e-01 -2.414320800257499330e+06
6.850825101286154295e-01 -2.425846159267531708e+06
6.801890636276967106e-01 -2.437371518277564086e+06
6.752956171267779917e-01 -2.448257516198838595e+06
6.704021706258593838e-01 -2.459143514120113105e+06
6.655087241249406649e-01 -2.469424198303781915e+06
6.606152776240219460e-01 -2.479704882487450726e+06
6.557218311231033381e-01 -2.489412535162893124e+06
6.508283846221846192e-01 -2.499120187838335522e+06
6.459349381212659003e-01 -2.508285416528273840e+06
6.410414916203472924e-01 -2.517450645218212157e+06
6.361480451194285735e-01 -2.526102468520045280e+06
6.312545986185098545e-01 -2.534754291821877938e+06
6.263611521175912467e-01 -2.542920220753531437e+06
6.214677056166725277e-01 -2.551086149685184937e+06
6.165742591157538088e-01 -2.558792264858379960e+06
6.116808126148352009e-01 -2.566498380031574517e+06
6.067873661139164820e-01 -2.573769404855831992e+06
6.018939196129977631e-01 -2.581040429680089466e+06
5.970004731120791552e-01 -2.587899799823815003e+06
5.921070266111604363e-01 -2.594759169967541005e+06
5.872135801102417174e-01 -2.601229099245810881e+06
5.823201336093231095e-01 -2.607699028524081223e+06
5.774266871084043906e-01 -2.613800571429799311e+06
5.725332406074856717e-01 -2.619902114335517399e+06
5.676397941065669528e-01 -2.625655225361997262e+06
5.627463476056484559e-01 -2.631408336388477124e+06
5.578529011047297370e-01 -2.636831926335936412e+06
5.529594546038110181e-01 -2.642255516283395700e+06
5.480660081028922992e-01 -2.647367505683558062e+06
5.431725616019735803e-01 -2.652479495083719958e+06
5.382791151010548614e-01 -2.657296864904959686e+06
5.333856686001363645e-01 -2.662114234726199880e+06
5.284922220992176456e-01 -2.666653074509450700e+06
5.235987755982989267e-01 -2.671191914292701520e+06
5.187053290973802078e-01 -2.675467467813287862e+06
5.138118825964614889e-01 -2.679743021333874203e+06
5.089184360955427699e-01 -2.683769729979701340e+06
5.040249895946242731e-01 -2.687796438625528477e+06
4.991315430937055542e-01 -2.691587982531904243e+06
4.942380965927868353e-01 -2.695379526438280474e+06
4.893446500918681163e-01 -2.698948863569895271e+06
4.844512035909493974e-01 -2.702518200701510068e+06
4.795577570900306785e-01 -2.705877603928899392e+06
4.746643105891121817e-01 -2.709237007156288717e+06
4.697708640881934627e-01 -2.712398099483008962e+06
4.648774175872747438e-01 -2.715559191809729207e+06
4.599839710863560249e-01 -2.718532979740733281e+06
4.550905245854373060e-01 -2.721506767671737820e+06
4.501970780845185871e-01 -2.724303673020661809e+06
4.453036315836000902e-01 -2.727100578369585797e+06
4.404101850826813713e-01 -2.729730468306285795e+06
4.355167385817626524e-01 -2.732360358242985792e+06
4.306232920808439335e-01 -2.734832573940712959e+06
4.257298455799252146e-01 -2.737304789638440125e+06
4.208363990790064957e-01 -2.739628173396022059e+06
4.159429525780879988e-01 -2.741951557153603528e+06
4.110495060771692799e-01 -2.744134478181775659e+06
4.061560595762505610e-01 -2.746317399209947325e+06
4.012626130753318421e-01 -2.748367778095382266e+06
3.963691665744131232e-01 -2.750418156980817672e+06
3.914757200734944043e-01 -2.752343488919644617e+06
3.865822735725759074e-01 -2.754268820858471096e+06
3.816888270716571885e-01 -2.756076197706949897e+06
3.767953805707384696e-01 -2.757883574555429164e+06
3.719019340698197507e-01 -2.759579705761945806e+06
3.670084875689010318e-01 -2.761275836968461983e+06
3.621150410679825349e-01 -2.762867069468917325e+06
3.572215945670638160e-01 -2.764458301969372667e+06
3.523281480661450971e-01 -2.765950639025782235e+06
3.474347015652263782e-01 -2.767442976082192268e+06
3.425412550643076592e-01 -2.768842095209454186e+06
3.376478085633889403e-01 -2.770241214336715639e+06
3.327543620624704435e-01 -2.771552484304602258e+06
3.278609155615517246e-01 -2.772863754272489343e+06
3.229674690606330056e-01 -2.774092251235689037e+06
3.180740225597142867e-01 -2.775320748198888265e+06
3.131805760587955678e-01 -2.776471271021161228e+06
3.082871295578768489e-01 -2.777621793843434192e+06
3.033936830569583520e-01 -2.778698878630159423e+06
2.985002365560396331e-01 -2.779775963416884653e+06
2.936067900551209142e-01 -2.780783897318270057e+06
2.887133435542021953e-01 -2.781791831219655462e+06
2.838198970532834764e-01 -2.782734665522347204e+06
2.789264505523647575e-01 -2.783677499825039413e+06
2.740330040514462606e-01 -2.784559062380488031e+06
2.691395575505275417e-01 -2.785440624935937114e+06
2.642461110496088228e-01 -2.786264531955034938e+06
2.593526645486901039e-01 -2.787088438974132761e+06
2.544592180477713850e-01 -2.787858106216067448e+06
2.495657715468526661e-01 -2.788627773458002135e+06
2.446723250459341692e-01 -2.789346426846535876e+06
2.397788785450154503e-01 -2.790065080235069618e+06
2.348854320440967314e-01 -2.790735765937247314e+06
2.299919855431780125e-01 -2.791406451639424544e+06
2.250985390422592936e-01 -2.792032045619362034e+06
2.202050925413405746e-01 -2.792657639599299990e+06
2.153116460404220778e-01 -2.793240856687629595e+06
2.104181995395033589e-01 -2.793824073775958735e+06
2.055247530385846400e-01 -2.794367476267621852e+06
2.006313065376659210e-01 -2.794910878759284504e+06
1.957378600367472021e-01 -2.795416884575432166e+06
1.908444135358284832e-01 -2.795922890391579829e+06
1.859509670349099864e-01 -2.796393780815280043e+06
1.810575205339912674e-01 -2.796864671238980722e+06
1.761640740330725485e-01 -2.797302598253421485e+06
1.712706275321538296e-01 -2.797740525267862715e+06
1.663771810312351107e-01 -2.798147518516990356e+06
1.614837345303163918e-01 -2.798554511766117997e+06
1.565902880293978949e-01 -2.798932485151018947e+06
1.516968415284791760e-01 -2.799310458535920363e+06
1.468033950275604571e-01 -2.799661216474339366e+06
1.419099485266417382e-01 -2.800011974412758835e+06
1.370165020257230193e-01 -2.800337217769372277e+06
1.321230555248043004e-01 -2.800662461125985719e+06
1.272296090238858035e-01 -2.800963792833445594e+06
1.223361625229670846e-01 -2.801265124540905468e+06
1.174427160220483657e-01 -2.801544054936549626e+06
1.125492695211296468e-01 -2.801822985332194250e+06
1.076558230202109279e-01 -2.802080937201038003e+06
1.027623765192922090e-01 -2.802338889069882222e+06
9.786893001837371209e-02 -2.802577202443981543e+06
9.297548351745499318e-02 -2.802815515818081331e+06
8.808203701653627427e-02 -2.803035452501269057e+06
8.318859051561755535e-02 -2.803255389184456784e+06
7.829514401469883644e-02 -2.803458137061736546e+06
7.340169751378011753e-02 -2.803660884939016774e+06
6.850825101286162067e-02 -2.803847562044895720e+06
6.361480451194290175e-02 -2.804034239150774665e+06
5.872135801102418284e-02 -2.804205897528236732e+06
5.382791151010546393e-02 -2.804377555905698333e+06
4.893446500918674502e-02 -2.804535185265587643e+06
4.404101850826802611e-02 -2.804692814625477418e+06
3.914757200734952924e-02 -2.804837345800231211e+06
3.425412550643081033e-02 -2.804981876974985469e+06
2.936067900551209142e-02 -2.805114185205589980e+06
2.446723250459337251e-02 -2.805246493436194025e+06
1.957378600367465360e-02 -2.805367401471844874e+06
1.468033950275593469e-02 -2.805488309507495724e+06
9.786893001837437822e-03 -2.805598590548141394e+06
4.893446500918718911e-03 -2.805708871588787064e+06
0.000000000000000000e+00 -2.805809252065620385e+06
-4.893446500918496866e-03 -2.805909632542453706e+06
-9.786893001837437822e-03 -2.806000794753542170e+06
-1.468033950275593469e-02 -2.806091956964630634e+06
-1.957378600367465360e-02 -2.806174541562652215e+06
-2.446723250459315047e-02 -2.806257126160673797e+06
-2.936067900551209142e-02 -2.806331734528177883e+06
-3.425412550643058829e-02 -2.806406342895681970e+06
-3.914757200734952924e-02 -2.806473539355805144e+06
-4.404101850826802611e-02 -2.806540735815928318e+06
-4.893446500918674502e-02 -2.806601049763347022e+06
-5.382791151010524189e-02 -2.806661363710765727e+06
-5.872135801102418284e-02 -2.806715291595966090e+06
-6.361480451194267971e-02 -2.806769219481166452e+06
-6.850825101286162067e-02 -2.806817226720102131e+06
-7.340169751378011753e-02 -2.806865233959037345e+06
-7.829514401469883644e-02 -2.806907756686235778e+06
-8.318859051561733331e-02 -2.806950279413434677e+06
-8.808203701653627427e-02 -2.806987726215662435e+06
-9.297548351745477113e-02 -2.807025173017890193e+06
-9.786893001837371209e-02 -2.807057926496309228e+06
-1.027623765192922090e-01 -2.807090679974728730e+06
-1.076558230202109279e-01 -2.807119098281576298e+06
-1.125492695211294247e-01 -2.807147516588423401e+06
-1.174427160220483657e-01 -2.807171934829694685e+06
-1.223361625229668626e-01 -2.807196353070965968e+06
-1.272296090238858035e-01 -2.807217084683047142e+06
-1.321230555248043004e-01 -2.807237816295128316e+06
-1.370165020257230193e-01 -2.807255154299594462e+06
-1.419099485266415162e-01 -2.807272492304060608e+06
-1.468033950275604571e-01 -2.807286710522351786e+06
-1.516968415284789540e-01 -2.807300928740643431e+06
-1.565902880293978949e-01 -2.807312282929173671e+06
-1.614837345303163918e-01 -2.807323637117703911e+06
-1.663771810312351107e-01 -2.807332366044308990e+06
-1.712706275321536076e-01 -2.807341094970913604e+06
-1.761640740330725485e-01 -2.807347421429040376e+06
-1.810575205339910454e-01 -2.807353747887167148e+06
-1.859509670349099864e-01 -2.807357879652887583e+06
-1.908444135358284832e-01 -2.807362011418607552e+06
-1.957378600367472021e-01 -2.807364142159778625e+06
-2.006313065376656990e-01 -2.807366272900950164e+06
-2.055247530385846400e-01 -2.807366583025641739e+06
-2.104181995395031368e-01 -2.807366893150333781e+06
-2.153116460404220778e-01 -2.807365550616314635e+06
-2.202050925413405746e-01 -2.807364208082295023e+06
-2.250985390422592936e-01 -2.807361369159223977e+06
-2.299919855431777904e-01 -2.807358530236152932e+06
-2.348854320440967314e-01 -2.807354340214430355e+06
-2.397788785450152282e-01 -2.807350150192707311e+06
-2.446723250459341692e-01 -2.807344744070564397e+06
-2.495657715468526661e-01 -2.807339337948421016e+06
-2.544592180477713850e-01 -2.807332841064636130e+06
-2.593526645486898818e-01 -2.807326344180851243e+06
-2.642461110496088228e-01 -2.807318872813737020e+06
-2.691395575505273197e-01 -2.807311401446622796e+06
-2.740330040514462606e-01 -2.807303063382370397e+06
-2.789264505523647575e-01 -2.807294725318118464e+06
-2.838198970532834764e-01 -2.807285620396532118e+06
-2.887133435542019733e-01 -2.807276515474945307e+06
-2.936067900551209142e-01 -2.807266736068714876e+06
-2.985002365560394111e-01 -2.807256956662484445e+06
-3.033936830569583520e-01 -2.807246588173341937e+06
-3.082871295578768489e-01 -2.807236219684199430e+06
-3.131805760587955678e-01 -2.807225340986489784e+06
-3.180740225597140647e-01 -2.807214462288780138e+06
-3.229674690606330056e-01 -2.807203146127920598e+06
-3.278609155615515025e-01 -2.807191829967060592e+06
-3.327543620624704435e-01 -2.807180143387672491e+06
-3.376478085633889403e-01 -2.807168456808284856e+06
-3.425412550643076592e-01 -2.807156461506091524e+06
-3.474347015652261561e-01 -2.807144466203898191e+06
-3.523281480661450971e-01 -2.807132218888798729e+06
-3.572215945670635939e-01 -2.807119971573699266e+06
-3.621150410679825349e-01 -2.807107524280346930e+06
-3.670084875689010318e-01 -2.807095076986994594e+06
-3.719019340698197507e-01 -2.807082477405324113e+06
-3.767953805707382475e-01 -2.807069877823653631e+06
-3.816888270716571885e-01 -2.807057169580945745e+06
-3.865822735725756853e-01 -2.807044461338238325e+06
-3.914757200734944043e-01 -2.807031684274951462e+06
-3.963691665744131232e-01 -2.807018907211664598e+06
-4.012626130753318421e-01 -2.807006097634421661e+06
-4.061560595762503389e-01 -2.806993288057179190e+06
-4.110495060771692799e-01 -2.806980478991697542e+06
-4.159429525780877768e-01 -2.806967669926215895e+06
-4.208363990790064957e-01 -2.806954891331206076e+06
-4.257298455799252146e-01 -2.806942112736196723e+06
-4.306232920808441555e-01 -2.806929391730044037e+06
-4.355167385817626524e-01 -2.806916670723890886e+06
-4.404101850826811493e-01 -2.806904031772084534e+06
-4.453036315835996461e-01 -2.806891392820278183e+06
-4.501970780845185871e-01 -2.806878857934218831e+06
-4.550905245854370840e-01 -2.806866323048159946e+06
-4.599839710863560249e-01 -2.806853911952963099e+06
-4.648774175872745218e-01 -2.806841500857765786e+06
-4.697708640881934627e-01 -2.806829231164364610e+06
-4.746643105891119596e-01 -2.806816961470963433e+06
-4.795577570900309006e-01 -2.806804848825542722e+06
-4.844512035909493974e-01 -2.806792736180122010e+06
-4.893446500918683384e-01 -2.806780794413174968e+06
-4.942380965927868353e-01 -2.806768852646227926e+06
-4.991315430937053321e-01 -2.806757093906974886e+06
-5.040249895946238290e-01 -2.806745335167721845e+06
-5.089184360955427699e-01 -2.806733770050511695e+06
-5.138118825964612668e-01 -2.806722204933301080e+06
-5.187053290973802078e-01 -2.806710842599393800e+06
-5.235987755982987046e-01 -2.806699480265486054e+06
-5.284922220992176456e-01 -2.806688328550006263e+06
-5.333856686001361425e-01 -2.806677176834526472e+06
-5.382791151010550834e-01 -2.806666242357428651e+06
-5.431725616019735803e-01 -2.806655307880330831e+06
-5.480660081028925212e-01 -2.806644596137527842e+06
-5.529594546038110181e-01 -2.806633884394724853e+06
-5.578529011047295150e-01 -2.806623399852147326e+06
-5.627463476056480118e-01 -2.806612915309569798e+06
-5.676397941065669528e-01 -2.806602661488045473e+06
-5.725332406074854497e-01 -2.806592407666521147e+06
-5.774266871084043906e-01 -2.806582387221061159e+06
-5.823201336093228875e-01 -2.806572366775601171e+06
-5.872135801102418284e-01 -2.806562581567846704e+06
-5.921070266111603253e-01 -2.806552796360092238e+06
-5.970004731120792663e-01 -2.806543247530163266e+06
-6.018939196129977631e-01 -2.806533698700234294e+06
-6.067873661139167041e-01 -2.806524386729206890e+06
-6.116808126148352009e-01 -2.806515074758179020e+06
-6.165742591157536978e-01 -2.806505999529027380e+06
-6.214677056166721947e-01 -2.806496924299876206e+06
-6.263611521175911356e-01 -2.806488085151119158e+06
-6.312545986185096325e-01 -2.806479246002362110e+06
-6.361480451194285735e-01 -2.806470641782046761e+06
-6.410414916203470703e-01 -2.806462037561731413e+06
-6.459349381212660113e-01 -2.806453666676576249e+06
-6.508283846221845081e-01 -2.806445295791421086e+06
-6.557218311231034491e-01 -2.806437156247890089e+06
-6.606152776240219460e-01 -2.806429016704359092e+06
-6.655087241249408869e-01 -2.806421106154568493e+06
-6.704021706258593838e-01 -2.806413195604777895e+06
-6.752956171267778807e-01 -2.806405511381486896e+06
-6.801890636276963775e-01 -2.806397827158195898e+06
-6.850825101286153185e-01 -2.806390366312139668e+06
-6.899759566295338153e-01 -2.806382905466083437e+06
-6.948694031304527563e-01 -2.806375664800520055e+06
-6.997628496313712532e-01 -2.806368424134956673e+06
-7.046562961322901941e-01 -2.806361400232666172e+06
-7.095497426332086910e-01 -2.806354376330375671e+06
-7.144431891341276319e-01 -2.806347565585921519e+06
-7.193366356350461288e-01 -2.806340754841467366e+06
-7.242300821359650698e-01 -2.806334153482999653e+06
-7.291235286368835666e-01 -2.806327552124531474e+06
-7.340169751378020635e-01 -2.806321156242892146e+06
-7.389104216387205604e-01 -2.806314760361252353e+06
-7.438038681396395013e-01 -2.806308565930831246e+06
-7.486973146405579982e-01 -2.806302371500410140e+06
-7.535907611414769391e-01 -2.806296374391785357e+06
-7.584842076423954360e-01 -2.806290377283160575e+06
-7.633776541433143770e-01 -2.806284573295073118e+06
-7.682711006442328738e-01 -2.806278769306985661e+06
-7.731645471451518148e-01 -2.806273154173608404e+06
-7.780579936460703117e-01 -2.806267539040231146e+06
-7.829514401469888085e-01 -2.806262108451224864e+06
-7.878448866479077495e-01 -2.806256677862218581e+06
-7.927383331488262463e-01 -2.806251427474791184e+06
-7.976317796497447432e-01 -2.806246177087363787e+06
-8.025252261506636842e-01 -2.806241102541771717e+06
-8.074186726515821810e-01 -2.806236027996180113e+06
-8.123121191525011220e-01 -2.806231124928032979e+06
-8.172055656534196189e-01 -2.806226221859885845e+06
-8.220990121543385598e-01 -2.806221485906204209e+06
-8.269924586552570567e-01 -2.806216749952522106e+06
-8.318859051561759976e-01 -2.806212176768684760e+06
-8.367793516570944945e-01 -2.806207603584847413e+06
-8.416727981580129914e-01 -2.806203188846707810e+06
-8.465662446589314882e-01 -2.806198774108568206e+06
-8.514596911598504292e-01 -2.806194513524530455e+06
-8.563531376607689261e-01 -2.806190252940492705e+06
-8.612465841616878670e-01 -2.806186142260135151e+06
-8.661400306626063639e-01 -2.806182031579777598e+06
-8.710334771635253048e-01 -2.806178066593253054e+06
-8.759269236644438017e-01 -2.806174101606728509e+06
-8.808203701653627427e-01 -2.806170278162845410e+06
-8.857138166662812395e-01 -2.806166454718962777e+06
-8.906072631672001805e-01 -2.806162768714443780e+06
-8.955007096681186773e-01 -2.806159082709924784e+06
-9.003941561690371742e-01 -2.806155530108159408e+06
-9.052876026699556711e-01 -2.806151977506393567e+06
-9.101810491708746120e-01 -2.806148554334261455e+06
-9.150744956717931089e-01 -2.806145131162128877e+06
-9.199679421727120499e-01 -2.806141833512388170e+06
-9.248613886736305467e-01 -2.806138535862647928e+06
-9.297548351745494877e-01 -2.806135359902045224e+06
-9.346482816754679845e-01 -2.806132183941442519e+06
-9.395417281763864814e-01 -2.806129125910670497e+06
-9.444351746773054224e-01 -2.806126067879898474e+06
-9.493286211782239192e-01 -2.806123124092635699e+06
-9.542220676791428602e-01 -2.806120180305372924e+06
-9.591155141800613571e-01 -2.806117347156712785e+06
-9.640089606809798539e-01 -2.806114514008052647e+06
-9.689024071818983508e-01 -2.806111787971189711e+06
-9.737958536828172917e-01 -2.806109061934326775e+06
-9.786893001837357886e-01 -2.806106439559672028e+06
-9.835827466846547296e-01 -2.806103817185017280e+06
-9.884761931855732264e-01 -2.806101295108754188e+06
-9.933696396864921674e-01 -2.806098773032491561e+06
-9.982630861874106643e-01 -2.806096347970723175e+06
-1.003156532688329605e+00 -2.806093922908954322e+06
-1.008049979189248102e+00 -2.806091591659503989e+06
-1.012943425690167043e+00 -2.806089260410053656e+06
-1.017836872191085540e+00 -2.806087019851774443e+06
-1.022730318692004037e+00 -2.806084779293495230e+06
-1.027623765192922534e+00 -2.806082626392011531e+06
-1.032517211693841475e+00 -2.806080473490528297e+06
-1.037410658194759971e+00 -2.806078405289285816e+06
-1.042304104695678912e+00 -2.806076337088043801e+06
-1.047197551196597409e+00 -2.806074350712207612e+06
-1.052090997697516350e+00 -2.806072364336371422e+06
-1.056984444198434847e+00 -2.806070456994427834e+06
-1.061877890699353788e+00 -2.806068549652484246e+06
-1.066771337200272285e+00 -2.806066718632161617e+06
-1.071664783701191226e+00 -2.806064887611838523e+06
-1.076558230202109723e+00 -2.806063130282764323e+06
-1.081451676703028220e+00 -2.806061372953689657e+06
-1.086345123203946716e+00 -2.806059686757990159e+06
-1.091238569704865657e+00 -2.806058000562291127e+06
-1.096132016205784154e+00 -2.806056383029677905e+06
-1.101025462706703095e+00 -2.806054765497065149e+06
-1.105918909207621592e+00 -2.806053214222983923e+06
-1.110812355708540533e+00 -2.806051662948902696e+06
-1.115705802209459030e+00 -2.806050175615842454e+06
-1.120599248710377971e+00 -2.806048688282782212e+06
-1.125492695211296468e+00 -2.806047262636159547e+06
-1.130386141712215409e+00 -2.806045836989537347e+06
-1.135279588213133906e+00 -2.806044470863525756e+06
-1.140173034714052402e+00 -2.806043104737514630e+06
-1.145066481214970899e+00 -2.806041796019152738e+06
-1.149959927715889840e+00 -2.806040487300790846e+06
-1.154853374216808337e+00 -2.806039233963247389e+06
-1.159746820717727278e+00 -2.806037980625703465e+06
-1.164640267218645775e+00 -2.806036780707668513e+06
-1.169533713719564716e+00 -2.806035580789634027e+06
-1.174427160220483213e+00 -2.806034432391432580e+06
-1.179320606721402154e+00 -2.806033283993231133e+06
-1.184214053222320651e+00 -2.806032185293487273e+06
-1.189107499723239592e+00 -2.806031086593743414e+06
-1.194000946224158088e+00 -2.806030035828546621e+06
-1.198894392725076585e+00 -2.806028985063349362e+06
-1.203787839225995082e+00 -2.806027980532794259e+06
-1.208681285726914023e+00 -2.806026976002238691e+06
-1.213574732227832520e+00 -2.806026016074840911e+06
-1.218468178728751461e+00 -2.806025056147443131e+06
-1.223361625229669958e+00 -2.806024139249518048e+06
-1.228255071730588899e+00 -2.806023222351592965e+06
-1.233148518231507396e+00 -2.806022346971023828e+06
-1.238041964732426337e+00 -2.806021471590454690e+06
-1.242935411233344833e+00 -2.806020636272497009e+06
-1.247828857734263774e+00 -2.806019800954539329e+06
-1.252722304235182271e+00 -2.806019004305657465e+06
-1.257615750736100768e+00 -2.806018207656775601e+06
-1.262509197237019265e+00 -2.806017448330333456e+06
-1.267402643737938206e+00 -2.806016689003891312e+06
-1.272296090238856703e+00 -2.806015965721485205e+06
-1.277189536739775644e+00 -2.806015242439078633e+06
-1.282082983240694141e+00 -2.806014553967448883e+06
-1.286976429741613082e+00 -2.806013865495818667e+06
-1.291869876242531578e+00 -2.806013210656576324e+06
-1.296763322743450519e+00 -2.806012555817333981e+06
-1.301656769244369016e+00 -2.806011933483017609e+06
-1.306550215745287957e+00 -2.806011311148701701e+06
-1.311443662246206454e+00 -2.806010720244258642e+06
-1.316337108747124951e+00 -2.806010129339815117e+06
-1.321230555248043448e+00 -2.806009568835435435e+06
-1.326124001748962389e+00 -2.806009008331056219e+06
-1.331017448249880886e+00 -2.806008477249476127e+06
-1.335910894750799827e+00 -2.806007946167896502e+06
-1.340804341251718323e+00 -2.806007443576388527e+06
-1.345697787752637264e+00 -2.806006940984880552e+06
-1.350591234253555761e+00 -2.806006465996992774e+06
-1.355484680754474702e+00 -2.806005991009104997e+06
-1.360378127255393199e+00 -2.806005542782928329e+06
-1.365271573756312140e+00 -2.806005094556751661e+06
-1.370165020257230637e+00 -2.806004672296497505e+06
-1.375058466758149134e+00 -2.806004250036243349e+06
-1.379951913259067631e+00 -2.806003852986691520e+06
-1.384845359759986572e+00 -2.806003455937140156e+06
-1.389738806260905069e+00 -2.806003083387427032e+06
-1.394632252761824009e+00 -2.806002710837714374e+06
-1.399525699262742506e+00 -2.806002362117692363e+06
-1.404419145763661447e+00 -2.806002013397670351e+06
-1.409312592264579944e+00 -2.806001687877219170e+06
-1.414206038765498885e+00 -2.806001362356768455e+06
-1.419099485266417382e+00 -2.806001059447994456e+06
-1.423992931767336323e+00 -2.806000756539219990e+06
-1.428886378268254820e+00 -2.806000475690482184e+06
-1.433779824769173317e+00 -2.806000194841743913e+06
-1.438673271270091814e+00 -2.805999935542623978e+06
-1.443566717771010754e+00 -2.805999676243504044e+06
-1.448460164271929251e+00 -2.805999438019455876e+06
-1.453353610772848192e+00 -2.805999199795407709e+06
-1.458247057273766689e+00 -2.805998982211748138e+06
-1.463140503774685630e+00 -2.805998764628088102e+06
-1.468033950275604127e+00 -2.805998567284137942e+06
-1.472927396776523068e+00 -2.805998369940187782e+06
-1.477820843277441565e+00 -2.805998192473967560e+06
-1.482714289778360506e+00 -2.805998015007747337e+06
-1.487607736279279003e+00 -2.805997857092014514e+06
-1.492501182780197500e+00 -2.805997699176281691e+06
-1.497394629281115996e+00 -2.805997560519761406e+06
-1.502288075782034937e+00 -2.805997421863241121e+06
-1.507181522282953434e+00 -2.805997302209474146e+06
-1.512074968783872375e+00 -2.805997182555707172e+06
-1.516968415284790872e+00 -2.805997081683305558e+06
-1.521861861785709813e+00 -2.805996980810903944e+06
-1.526755308286628310e+00 -2.805996898532800376e+06
-1.531648754787547251e+00 -2.805996816254696809e+06
-1.536542201288465748e+00 -2.805996752418494783e+06
-1.541435647789384689e+00 -2.805996688582292758e+06
-1.546329094290303185e+00 -2.805996643069688696e+06
-1.551222540791221682e+00 -2.805996597557084635e+06
-1.556115987292140179e+00 -2.805996570283209905e+06
-1.561009433793059120e+00 -2.805996543009335175e+06
-1.565902880293977617e+00 -2.805996533923701849e+06
-1.570796326794896558e+00 -2.805996524838068523e+06
