1.570796326794896558e+00 -1.199255638147398224e+11
1.565902880293977839e+00 -1.199256155505555267e+11
1.561009433793059120e+00 -1.199256997944454193e+11
1.556115987292140623e+00 -1.199258868534595947e+11
1.551222540791221904e+00 -1.199261059383283539e+11
1.546329094290303185e+00 -1.199264258866899872e+11
1.541435647789384467e+00 -1.199267769106192627e+11
1.536542201288465748e+00 -1.199272256043298798e+11
1.531648754787547029e+00 -1.199277039828301849e+11
1.526755308286628532e+00 -1.199282756807108917e+11
1.521861861785709813e+00 -1.199288752718101654e+11
1.516968415284791094e+00 -1.199295627893318176e+11
1.512074968783872375e+00 -1.199302760576210938e+11
1.507181522282953656e+00 -1.199310709543173370e+11
1.502288075782034937e+00 -1.199318891662324829e+11
1.497394629281116440e+00 -1.199327819583235626e+11
1.492501182780197722e+00 -1.199336954001520691e+11
1.487607736279279003e+00 -1.199346757897996216e+11
1.482714289778360284e+00 -1.199356739995936127e+11
1.477820843277441565e+00 -1.199367311112792206e+11
1.472927396776522846e+00 -1.199378031154058228e+11
1.468033950275604349e+00 -1.199389257308903351e+11
1.463140503774685630e+00 -1.199400602767059479e+11
1.458247057273766911e+00 -1.199412370605945892e+11
1.453353610772848192e+00 -1.199424228377364197e+11
1.448460164271929473e+00 -1.199436425472684784e+11
1.443566717771010754e+00 -1.199448683915860748e+11
1.438673271270092258e+00 -1.199461200646291046e+11
1.433779824769173539e+00 -1.199473751389502716e+11
1.428886378268254820e+00 -1.199486482573440552e+11
1.423992931767336101e+00 -1.199499222071024780e+11
1.419099485266417382e+00 -1.199512068322012177e+11
1.414206038765498885e+00 -1.199524899127669067e+11
1.409312592264580166e+00 -1.199537767927186279e+11
1.404419145763661447e+00 -1.199550599685863800e+11
1.399525699262742728e+00 -1.199563406179413300e+11
1.394632252761824009e+00 -1.199576156343683929e+11
1.389738806260905291e+00 -1.199588823866720123e+11
1.384845359759986572e+00 -1.199601418156930084e+11
1.379951913259068075e+00 -1.199613878521521301e+11
1.375058466758149356e+00 -1.199626251142444763e+11
1.370165020257230637e+00 -1.199638444703672333e+11
1.365271573756311918e+00 -1.199650538361637573e+11
1.360378127255393199e+00 -1.199662413899198303e+11
1.355484680754474702e+00 -1.199674179636752014e+11
1.350591234253555983e+00 -1.199685694085337067e+11
1.345697787752637264e+00 -1.199697090977898254e+11
1.340804341251718546e+00 -1.199708209029150696e+11
1.335910894750799827e+00 -1.199719203759617920e+11
1.331017448249881330e+00 -1.199729897377798615e+11
1.326124001748962611e+00 -1.199740463736022644e+11
1.321230555248043892e+00 -1.199750711608242950e+11
1.316337108747125173e+00 -1.199760829928528748e+11
1.311443662246206454e+00 -1.199770616870473480e+11
1.306550215745287735e+00 -1.199780273434289856e+11
1.301656769244369016e+00 -1.199789589782773438e+11
1.296763322743450519e+00 -1.199798776211152802e+11
1.291869876242531801e+00 -1.199807617214855652e+11
1.286976429741613082e+00 -1.199816329863851013e+11
1.282082983240694363e+00 -1.199824695075235901e+11
1.277189536739775644e+00 -1.199832934440768433e+11
1.272296090238857147e+00 -1.199840827148902283e+11
1.267402643737938428e+00 -1.199848597303259888e+11
1.262509197237019709e+00 -1.199856023993133240e+11
1.257615750736100990e+00 -1.199863332061326599e+11
1.252722304235182271e+00 -1.199870301894398346e+11
1.247828857734263552e+00 -1.199877157545516052e+11
1.242935411233344833e+00 -1.199883681912546997e+11
1.238041964732426337e+00 -1.199890096923200073e+11
1.233148518231507618e+00 -1.199896189006746216e+11
1.228255071730588899e+00 -1.199902176842530060e+11
1.223361625229670180e+00 -1.199907851243946686e+11
1.218468178728751461e+00 -1.199913426697243805e+11
1.213574732227832964e+00 -1.199918699100622559e+11
1.208681285726914245e+00 -1.199923877965029907e+11
1.203787839225995526e+00 -1.199928764830566559e+11
1.198894392725076807e+00 -1.199933563608282318e+11
1.194000946224158088e+00 -1.199938081923049469e+11
1.189107499723239370e+00 -1.199942517584200287e+11
1.184214053222320651e+00 -1.199946684633260956e+11
1.179320606721402154e+00 -1.199950774396511688e+11
1.174427160220483435e+00 -1.199954607576354370e+11
1.169533713719564716e+00 -1.199958368731653595e+11
1.164640267218646219e+00 -1.199961885377360840e+11
1.159746820717727278e+00 -1.199965335122590790e+11
1.154853374216808781e+00 -1.199968552386304779e+11
1.149959927715890062e+00 -1.199971707710290985e+11
1.145066481214971343e+00 -1.199974642438906708e+11
1.140173034714052624e+00 -1.199977520005703125e+11
1.135279588213133906e+00 -1.199980188658770752e+11
1.130386141712215409e+00 -1.199982804731085510e+11
1.125492695211296690e+00 -1.199985223304209595e+11
1.120599248710377971e+00 -1.199987593669811707e+11
1.115705802209459252e+00 -1.199989777641860352e+11
1.110812355708540533e+00 -1.199991917567379608e+11
1.105918909207622036e+00 -1.199993881856313477e+11
1.101025462706703095e+00 -1.199995806043108215e+11
1.096132016205784598e+00 -1.199997564978937378e+11
1.091238569704865879e+00 -1.199999287541262817e+11
1.086345123203947161e+00 -1.200000854845607605e+11
1.081451676703028442e+00 -1.200002389289035492e+11
1.076558230202109723e+00 -1.200003778062571106e+11
1.071664783701191226e+00 -1.200005137277127686e+11
1.066771337200272507e+00 -1.200006359999580841e+11
1.061877890699353788e+00 -1.200007556259012604e+11
1.056984444198435069e+00 -1.200008624786408386e+11
1.052090997697516350e+00 -1.200009669746012726e+11
1.047197551196597853e+00 -1.200010595323934784e+11
1.042304104695678912e+00 -1.200011500036737061e+11
1.037410658194760416e+00 -1.200012293306547241e+11
1.032517211693841697e+00 -1.200013068227810516e+11
1.027623765192922978e+00 -1.200013739240541992e+11
1.022730318692004481e+00 -1.200014394244349365e+11
1.017836872191085540e+00 -1.200014952486278534e+11
1.012943425690167043e+00 -1.200015496886606140e+11
1.008049979189248324e+00 -1.200015951284168091e+11
1.003156532688329605e+00 -1.200016393847277832e+11
9.982630861874108863e-01 -1.200016752796504822e+11
9.933696396864922784e-01 -1.200017101766394043e+11
9.884761931855735595e-01 -1.200017373152063751e+11
9.835827466846548406e-01 -1.200017636266773682e+11
9.786893001837362327e-01 -1.200017827482571106e+11
9.737958536828175138e-01 -1.200018012000239258e+11
9.689024071818987949e-01 -1.200018129972680054e+11
9.640089606809801870e-01 -1.200018242689883423e+11
9.591155141800614681e-01 -1.200018293897214661e+11
9.542220676791427492e-01 -1.200018341172074890e+11
9.493286211782241413e-01 -1.200018331668007507e+11
9.444351746773054224e-01 -1.200018319440193481e+11
9.395417281763867035e-01 -1.200018254875447998e+11
9.346482816754680956e-01 -1.200018188689593048e+11
9.297548351745493767e-01 -1.200018074331719666e+11
9.248613886736306577e-01 -1.200017959355202179e+11
9.199679421727120499e-01 -1.200017800112031860e+11
9.150744956717933309e-01 -1.200017641159612427e+11
9.101810491708746120e-01 -1.200017441592373657e+11
9.052876026699560041e-01 -1.200017243139555969e+11
9.003941561690372852e-01 -1.200017007491394348e+11
8.955007096681185663e-01 -1.200016773699783325e+11
8.906072631671999584e-01 -1.200016505905982666e+11
8.857138166662812395e-01 -1.200016240635127258e+11
8.808203701653625206e-01 -1.200015944346068420e+11
8.759269236644439127e-01 -1.200015651176843719e+11
8.710334771635251938e-01 -1.200015329771956787e+11
8.661400306626064749e-01 -1.200015012019769135e+11
8.612465841616878670e-01 -1.200014668625479431e+11
8.563531376607691481e-01 -1.200014329356791382e+11
8.514596911598504292e-01 -1.200013966861891785e+11
8.465662446589318213e-01 -1.200013608910107727e+11
8.416727981580131024e-01 -1.200013229980151367e+11
8.367793516570943835e-01 -1.200012855959620209e+11
8.318859051561757756e-01 -1.200012463051031494e+11
8.269924586552570567e-01 -1.200012075369747009e+11
8.220990121543383378e-01 -1.200011670742614136e+11
8.172055656534197299e-01 -1.200011271618052063e+11
8.123121191525010110e-01 -1.200010857348549805e+11
8.074186726515822921e-01 -1.200010448816389160e+11
8.025252261506636842e-01 -1.200010026812223816e+11
7.976317796497449653e-01 -1.200009610743771973e+11
7.927383331488262463e-01 -1.200009182748423157e+11
7.878448866479076385e-01 -1.200008760853279114e+11
7.829514401469890306e-01 -1.200008328466680603e+11
7.780579936460703117e-01 -1.200007902310513763e+11
7.731645471451517038e-01 -1.200007466985501709e+11
7.682711006442329849e-01 -1.200007037999097290e+11
7.633776541433142659e-01 -1.200006601060883789e+11
7.584842076423956581e-01 -1.200006170541503906e+11
7.535907611414769391e-01 -1.200005733202516174e+11
7.486973146405582202e-01 -1.200005302335127716e+11
7.438038681396396123e-01 -1.200004865684658508e+11
7.389104216387208934e-01 -1.200004435540237274e+11
7.340169751378021745e-01 -1.200004000569811859e+11
7.291235286368835666e-01 -1.200003572118861084e+11
7.242300821359648477e-01 -1.200003139714192505e+11
7.193366356350461288e-01 -1.200002713829574890e+11
7.144431891341275209e-01 -1.200002284799154358e+11
7.095497426332088020e-01 -1.200001862266416626e+11
7.046562961322900831e-01 -1.200001437324481201e+11
6.997628496313714752e-01 -1.200001018847066040e+11
6.948694031304527563e-01 -1.200000598633533936e+11
6.899759566295340374e-01 -1.200000184837273407e+11
6.850825101286154295e-01 -1.199999769920203552e+11
6.801890636276967106e-01 -1.199999361362959290e+11
6.752956171267779917e-01 -1.199998952246525574e+11
6.704021706258593838e-01 -1.199998549421006012e+11
6.655087241249406649e-01 -1.199998146542629547e+11
6.606152776240219460e-01 -1.199997749879344025e+11
6.557218311231033381e-01 -1.199997353622448578e+11
6.508283846221846192e-01 -1.199996963495609741e+11
6.459349381212659003e-01 -1.199996574193886719e+11
6.410414916203472924e-01 -1.199996190928930511e+11
6.361480451194285735e-01 -1.199995808865087280e+11
6.312545986185098545e-01 -1.199995432739255829e+11
6.263611521175912467e-01 -1.199995058150948944e+11
6.214677056166725277e-01 -1.199994689397778473e+11
6.165742591157538088e-01 -1.199994322484664764e+11
6.116808126148352009e-01 -1.199993961296808777e+11
6.067873661139164820e-01 -1.199993602220567627e+11
6.018939196129977631e-01 -1.199993248758150482e+11
5.970004731120791552e-01 -1.199992897644749756e+11
5.921070266111604363e-01 -1.199992552029737244e+11
5.872135801102417174e-01 -1.199992208975363464e+11
5.823201336093231095e-01 -1.199991871301478424e+11
5.774266871084043906e-01 -1.199991536373348236e+11
5.725332406074856717e-01 -1.199991206705141296e+11
5.676397941065669528e-01 -1.199990879942937012e+11
5.627463476056484559e-01 -1.199990558320053558e+11
5.578529011047297370e-01 -1.199990239742765808e+11
5.529594546038110181e-01 -1.199989926182573090e+11
5.480660081028922992e-01 -1.199989615785423889e+11
5.431725616019735803e-01 -1.199989310281954346e+11
5.382791151010548614e-01 -1.199989008043620300e+11
5.333856686001363645e-01 -1.199988710574715118e+11
5.284922220992176456e-01 -1.199988416452334137e+11
5.235987755982989267e-01 -1.199988126976471710e+11
5.187053290973802078e-01 -1.199987840914829407e+11
5.138118825964614889e-01 -1.199987559375889740e+11
5.089184360955427699e-01 -1.199987281303709869e+11
5.040249895946242731e-01 -1.199987007631820679e+11
4.991315430937055542e-01 -1.199986737466569519e+11
4.942380965927868353e-01 -1.199986471579812012e+11
4.893446500918681163e-01 -1.199986209225259857e+11
4.844512035909493974e-01 -1.199985951029901733e+11
4.795577570900306785e-01 -1.199985696382751160e+11
4.746643105891121817e-01 -1.199985445775243530e+11
4.697708640881934627e-01 -1.199985198722847748e+11
4.648774175872747438e-01 -1.199984955591841278e+11
4.599839710863560249e-01 -1.199984716012297363e+11
4.550905245854373060e-01 -1.199984480238524323e+11
4.501970780845185871e-01 -1.199984248005990753e+11
4.453036315836000902e-01 -1.199984019463849487e+11
4.404101850826813713e-01 -1.199983794444035034e+11
4.355167385817626524e-01 -1.199983573002213745e+11
4.306232920808439335e-01 -1.199983355056693726e+11
4.257298455799252146e-01 -1.199983140579112854e+11
4.208363990790064957e-01 -1.199982929567279968e+11
4.159429525780879988e-01 -1.199982721914808960e+11
4.110495060771692799e-01 -1.199982517690193939e+11
4.061560595762505610e-01 -1.199982316717687378e+11
4.012626130753318421e-01 -1.199982119133114929e+11
3.963691665744131232e-01 -1.199981924695689392e+11
3.914757200734944043e-01 -1.199981733602182312e+11
3.865822735725759074e-01 -1.199981545553584137e+11
3.816888270716571885e-01 -1.199981360797454376e+11
3.767953805707384696e-01 -1.199981178985887299e+11
3.719019340698197507e-01 -1.199981000416828613e+11
3.670084875689010318e-01 -1.199980824695542145e+11
3.621150410679825349e-01 -1.199980652157398529e+11
3.572215945670638160e-01 -1.199980482372663269e+11
3.523281480661450971e-01 -1.199980315715892334e+11
3.474347015652263782e-01 -1.199980151718091125e+11
3.425412550643076592e-01 -1.199979990788063507e+11
3.376478085633889403e-01 -1.199979832426235199e+11
3.327543620624704435e-01 -1.199979677071156158e+11
3.278609155615517246e-01 -1.199979524197328796e+11
3.229674690606330056e-01 -1.199979374265872040e+11
3.180740225597142867e-01 -1.199979226729149628e+11
3.131805760587955678e-01 -1.199979082070274658e+11
3.082871295578768489e-01 -1.199978939722915955e+11
3.033936830569583520e-01 -1.199978800190819702e+11
2.985002365560396331e-01 -1.199978662887138824e+11
2.936067900551209142e-01 -1.199978528332492676e+11
2.887133435542021953e-01 -1.199978395928190613e+11
2.838198970532834764e-01 -1.199978266206186371e+11
2.789264505523647575e-01 -1.199978138559256897e+11
2.740330040514462606e-01 -1.199978013525900116e+11
2.691395575505275417e-01 -1.199977890492182312e+11
2.642461110496088228e-01 -1.199977770010483551e+11
2.593526645486901039e-01 -1.199977651455088196e+11
2.544592180477713850e-01 -1.199977535381477051e+11
2.495657715468526661e-01 -1.199977421165213013e+11
2.446723250459341692e-01 -1.199977309368031006e+11
2.397788785450154503e-01 -1.199977199358071747e+11
2.348854320440967314e-01 -1.199977091701424561e+11
2.299919855431780125e-01 -1.199976985768312073e+11
2.250985390422592936e-01 -1.199976882121487427e+11
2.202050925413405746e-01 -1.199976780133191528e+11
2.153116460404220778e-01 -1.199976680369955292e+11
2.104181995395033589e-01 -1.199976582202239990e+11
2.055247530385846400e-01 -1.199976486194297943e+11
2.006313065376659210e-01 -1.199976391722449951e+11
1.957378600367472021e-01 -1.199976299348520660e+11
1.908444135358284832e-01 -1.199976208453421478e+11
1.859509670349099864e-01 -1.199976119593433228e+11
1.810575205339912674e-01 -1.199976032156189423e+11
1.761640740330725485e-01 -1.199975946692638397e+11
1.712706275321538296e-01 -1.199975862597691650e+11
1.663771810312351107e-01 -1.199975780417403717e+11
1.614837345303163918e-01 -1.199975699553298798e+11
1.565902880293978949e-01 -1.199975620543744965e+11
1.516968415284791760e-01 -1.199975542799884796e+11
1.468033950275604571e-01 -1.199975466854587708e+11
1.419099485266417382e-01 -1.199975392126253662e+11
1.370165020257230193e-01 -1.199975319136104584e+11
1.321230555248043004e-01 -1.199975247315226898e+11
1.272296090238858035e-01 -1.199975177182203064e+11
1.223361625229670846e-01 -1.199975108171907043e+11
1.174427160220483657e-01 -1.199975040792514801e+11
1.125492695211296468e-01 -1.199974974492484741e+11
1.076558230202109279e-01 -1.199974909770327759e+11
1.027623765192922090e-01 -1.199974846085217285e+11
9.786893001837371209e-02 -1.199974783926290741e+11
9.297548351745499318e-02 -1.199974722763185577e+11
8.808203701653627427e-02 -1.199974663075467072e+11
8.318859051561755535e-02 -1.199974604344364624e+11
7.829514401469883644e-02 -1.199974547040760956e+11
7.340169751378011753e-02 -1.199974490655417480e+11
6.850825101286162067e-02 -1.199974435645009155e+11
6.361480451194290175e-02 -1.199974381516894836e+11
5.872135801102418284e-02 -1.199974328721609802e+11
5.382791151010546393e-02 -1.199974276771380463e+11
4.893446500918674502e-02 -1.199974226105132141e+11
4.404101850826802611e-02 -1.199974176251533508e+11
3.914757200734952924e-02 -1.199974127638676300e+11
3.425412550643081033e-02 -1.199974079804868622e+11
2.936067900551209142e-02 -1.199974033168988495e+11
2.446723250459337251e-02 -1.199973987279099121e+11
1.957378600367465360e-02 -1.199973942545701904e+11
1.468033950275593469e-02 -1.199973898530173187e+11
9.786893001837437822e-03 -1.199973855626593628e+11
4.893446500918718911e-03 -1.199973813411565247e+11
0.000000000000000000e+00 -1.199973772270247498e+11
-4.893446500918496866e-03 -1.199973731789228058e+11
-9.786893001837437822e-03 -1.199973692343329468e+11
-1.468033950275593469e-02 -1.199973653530952911e+11
-1.957378600367465360e-02 -1.199973615716251831e+11
-2.446723250459315047e-02 -1.199973578508684540e+11
-2.936067900551209142e-02 -1.199973542262072601e+11
-3.425412550643058829e-02 -1.199973506597406616e+11
-3.914757200734952924e-02 -1.199973471859519501e+11
-4.404101850826802611e-02 -1.199973437678063354e+11
-4.893446500918674502e-02 -1.199973404388769226e+11
-5.382791151010524189e-02 -1.199973371633703308e+11
-5.872135801102418284e-02 -1.199973339738123016e+11
-6.361480451194267971e-02 -1.199973308354120483e+11
-6.850825101286162067e-02 -1.199973277797833710e+11
-7.340169751378011753e-02 -1.199973247731427307e+11
-7.829514401469883644e-02 -1.199973218462789917e+11
-8.318859051561733331e-02 -1.199973189663947754e+11
-8.808203701653627427e-02 -1.199973161629328308e+11
-9.297548351745477113e-02 -1.199973134044389191e+11
-9.786893001837371209e-02 -1.199973107197992249e+11
-1.027623765192922090e-01 -1.199973080782468872e+11
-1.076558230202109279e-01 -1.199973055076500092e+11
-1.125492695211294247e-01 -1.199973029782756653e+11
-1.174427160220483657e-01 -1.199973005170354004e+11
-1.223361625229668626e-01 -1.199972980952425079e+11
-1.272296090238858035e-01 -1.199972957392788391e+11
-1.321230555248043004e-01 -1.199972934210646667e+11
-1.370165020257230193e-01 -1.199972911658415375e+11
-1.419099485266415162e-01 -1.199972889468495026e+11
-1.468033950275604571e-01 -1.199972867886202393e+11
-1.516968415284789540e-01 -1.199972846650060883e+11
-1.565902880293978949e-01 -1.199972825994110413e+11
-1.614837345303163918e-01 -1.199972805670077515e+11
-1.663771810312351107e-01 -1.199972785907664337e+11
-1.712706275321536076e-01 -1.199972766462094269e+11
-1.761640740330725485e-01 -1.199972747553908081e+11
-1.810575205339910454e-01 -1.199972728948834076e+11
-1.859509670349099864e-01 -1.199972710861858673e+11
-1.908444135358284832e-01 -1.199972693064917603e+11
-1.957378600367472021e-01 -1.199972675763545532e+11
-2.006313065376656990e-01 -1.199972658739363403e+11
-2.055247530385846400e-01 -1.199972642193030548e+11
-2.104181995395031368e-01 -1.199972625911837463e+11
-2.153116460404220778e-01 -1.199972610088265228e+11
-2.202050925413405746e-01 -1.199972594518361969e+11
-2.250985390422592936e-01 -1.199972579388595734e+11
-2.299919855431777904e-01 -1.199972564501231689e+11
-2.348854320440967314e-01 -1.199972550035045013e+11
-2.397788785450152282e-01 -1.199972535800745239e+11
-2.446723250459341692e-01 -1.199972521972225037e+11
-2.495657715468526661e-01 -1.199972508364750519e+11
-2.544592180477713850e-01 -1.199972495146999512e+11
-2.593526645486898818e-01 -1.199972482140785370e+11
-2.642461110496088228e-01 -1.199972469506297760e+11
-2.691395575505273197e-01 -1.199972457074738617e+11
-2.740330040514462606e-01 -1.199972445001228180e+11
-2.789264505523647575e-01 -1.199972433121507263e+11
-2.838198970532834764e-01 -1.199972421583731079e+11
-2.887133435542019733e-01 -1.199972410229877472e+11
-2.936067900551209142e-01 -1.199972399208284454e+11
-2.985002365560394111e-01 -1.199972388362128296e+11
-3.033936830569583520e-01 -1.199972377829865265e+11
-3.082871295578768489e-01 -1.199972367466548920e+11
-3.131805760587955678e-01 -1.199972357406639862e+11
-3.180740225597140647e-01 -1.199972347507816467e+11
-3.229674690606330056e-01 -1.199972337898162842e+11
-3.278609155615515025e-01 -1.199972328443137512e+11
-3.327543620624704435e-01 -1.199972319265824890e+11
-3.376478085633889403e-01 -1.199972310235747223e+11
-3.425412550643076592e-01 -1.199972301470886993e+11
-3.474347015652261561e-01 -1.199972292846593475e+11
-3.523281480661450971e-01 -1.199972284479268341e+11
-3.572215945670635939e-01 -1.199972276246284790e+11
-3.621150410679825349e-01 -1.199972268254376831e+11
-3.670084875689010318e-01 -1.199972260390205231e+11
-3.719019340698197507e-01 -1.199972252762882843e+11
-3.767953805707382475e-01 -1.199972245257705078e+11
-3.816888270716571885e-01 -1.199972237975828247e+11
-3.865822735725756853e-01 -1.199972230811506348e+11
-3.914757200734944043e-01 -1.199972223861501923e+11
-3.963691665744131232e-01 -1.199972217022792206e+11
-4.012626130753318421e-01 -1.199972210389163971e+11
-4.061560595762503389e-01 -1.199972203861015320e+11
-4.110495060771692799e-01 -1.199972197532204132e+11
-4.159429525780877768e-01 -1.199972191303987579e+11
-4.208363990790064957e-01 -1.199972185263622894e+11
-4.257298455799252146e-01 -1.199972179319680634e+11
-4.306232920808441555e-01 -1.199972173557161407e+11
-4.355167385817626524e-01 -1.199972167887225342e+11
-4.404101850826811493e-01 -1.199972162388750000e+11
-4.453036315835996461e-01 -1.199972156978814850e+11
-4.501970780845185871e-01 -1.199972151734421234e+11
-4.550905245854370840e-01 -1.199972146574561768e+11
-4.599839710863560249e-01 -1.199972141572395782e+11
-4.648774175872745218e-01 -1.199972136650067749e+11
-4.697708640881934627e-01 -1.199972131877927551e+11
-4.746643105891119596e-01 -1.199972127182716064e+11
-4.795577570900309006e-01 -1.199972122634203644e+11
-4.844512035909493974e-01 -1.199972118157847443e+11
-4.893446500918683384e-01 -1.199972113819419098e+11
-4.942380965927868353e-01 -1.199972109550537415e+11
-4.991315430937053321e-01 -1.199972105413102112e+11
-5.040249895946238290e-01 -1.199972101342846985e+11
-5.089184360955427699e-01 -1.199972097400458679e+11
-5.138118825964612668e-01 -1.199972093521719208e+11
-5.187053290973802078e-01 -1.199972089760909576e+11
-5.235987755982987046e-01 -1.199972086061261597e+11
-5.284922220992176456e-01 -1.199972082477939453e+11
-5.333856686001361425e-01 -1.199972078952011414e+11
-5.382791151010550834e-01 -1.199972075537135315e+11
-5.431725616019735803e-01 -1.199972072176524658e+11
-5.480660081028925212e-01 -1.199972068921898956e+11
-5.529594546038110181e-01 -1.199972065718810425e+11
-5.578529011047295150e-01 -1.199972062617677307e+11
-5.627463476056480118e-01 -1.199972059565823364e+11
-5.676397941065669528e-01 -1.199972056611199646e+11
-5.725332406074854497e-01 -1.199972053703483429e+11
-5.774266871084043906e-01 -1.199972050888647003e+11
-5.823201336093228875e-01 -1.199972048119120483e+11
-5.872135801102418284e-01 -1.199972045437528381e+11
-5.921070266111603253e-01 -1.199972042798479004e+11
-5.970004731120792663e-01 -1.199972040244194336e+11
-6.018939196129977631e-01 -1.199972037730896301e+11
-6.067873661139167041e-01 -1.199972035297129517e+11
-6.116808126148352009e-01 -1.199972032902581482e+11
-6.165742591157536978e-01 -1.199972030585564728e+11
-6.214677056166721947e-01 -1.199972028305846252e+11
-6.263611521175911356e-01 -1.199972026099564362e+11
-6.312545986185096325e-01 -1.199972023928630066e+11
-6.361480451194285735e-01 -1.199972021827456970e+11
-6.410414916203470703e-01 -1.199972019760415497e+11
-6.459349381212660113e-01 -1.199972017759779053e+11
-6.508283846221845081e-01 -1.199972015791181946e+11
-6.557218311231034491e-01 -1.199972013887528381e+11
-6.606152776240219460e-01 -1.199972012013926544e+11
-6.655087241249408869e-01 -1.199972010200842285e+11
-6.704021706258593838e-01 -1.199972008416429138e+11
-6.752956171267778807e-01 -1.199972006691440430e+11
-6.801890636276963775e-01 -1.199972004994050293e+11
-6.850825101286153185e-01 -1.199972003351731262e+11
-6.899759566295338153e-01 -1.199972001735887909e+11
-6.948694031304527563e-01 -1.199972000172856903e+11
-6.997628496313712532e-01 -1.199971998635242615e+11
-7.046562961322901941e-01 -1.199971997148688507e+11
-7.095497426332086910e-01 -1.199971995685511627e+11
-7.144431891341276319e-01 -1.199971994270731812e+11
-7.193366356350461288e-01 -1.199971992878154755e+11
-7.242300821359650698e-01 -1.199971991533062592e+11
-7.291235286368835666e-01 -1.199971990209386902e+11
-7.340169751378020635e-01 -1.199971988929004517e+11
-7.389104216387205604e-01 -1.199971987668885651e+11
-7.438038681396395013e-01 -1.199971986451273041e+11
-7.486973146405579982e-01 -1.199971985252931824e+11
-7.535907611414769391e-01 -1.199971984095517120e+11
-7.584842076423954360e-01 -1.199971982956180115e+11
-7.633776541433143770e-01 -1.199971981853467712e+11
-7.682711006442328738e-01 -1.199971980768953247e+11
-7.731645471451518148e-01 -1.199971979723438110e+11
-7.780579936460703117e-01 -1.199971978694084473e+11
-7.829514401469888085e-01 -1.199971977696894836e+11
-7.878448866479077495e-01 -1.199971976715735168e+11
-7.927383331488262463e-01 -1.199971975770067291e+11
-7.976317796497447432e-01 -1.199971974839470825e+11
-8.025252261506636842e-01 -1.199971973940130005e+11
-8.074186726515821810e-01 -1.199971973054722290e+11
-8.123121191525011220e-01 -1.199971972199109497e+11
-8.172055656534196189e-01 -1.199971971357535706e+11
-8.220990121543385598e-01 -1.199971970543809662e+11
-8.269924586552570567e-01 -1.199971969743343811e+11
-8.318859051561759976e-01 -1.199971968971321106e+11
-8.367793516570944945e-01 -1.199971968211560211e+11
-8.416727981580129914e-01 -1.199971967477563324e+11
-8.465662446589314882e-01 -1.199971966755209961e+11
-8.514596911598504292e-01 -1.199971966057992859e+11
-8.563531376607689261e-01 -1.199971965371710815e+11
-8.612465841616878670e-01 -1.199971964709307251e+11
-8.661400306626063639e-01 -1.199971964057330017e+11
-8.710334771635253048e-01 -1.199971963428654785e+11
-8.759269236644438017e-01 -1.199971962810201874e+11
-8.808203701653627427e-01 -1.199971962211758118e+11
-8.857138166662812395e-01 -1.199971961623531494e+11
-8.906072631672001805e-01 -1.199971961055030823e+11
-8.955007096681186773e-01 -1.199971960496790009e+11
-9.003941561690371742e-01 -1.199971959956491699e+11
-9.052876026699556711e-01 -1.199971959424889221e+11
-9.101810491708746120e-01 -1.199971958913797607e+11
-9.150744956717931089e-01 -1.199971958410990601e+11
-9.199679421727120499e-01 -1.199971957925092010e+11
-9.248613886736305467e-01 -1.199971957446496582e+11
-9.297548351745494877e-01 -1.199971956985786133e+11
-9.346482816754679845e-01 -1.199971956532541504e+11
-9.395417281763864814e-01 -1.199971956093891602e+11
-9.444351746773054224e-01 -1.199971955662565613e+11
-9.493286211782239192e-01 -1.199971955246944580e+11
-9.542220676791428602e-01 -1.199971954838027954e+11
-9.591155141800613571e-01 -1.199971954443020630e+11
-9.640089606809798539e-01 -1.199971954054380188e+11
-9.689024071818983508e-01 -1.199971953680696716e+11
-9.737958536828172917e-01 -1.199971953311747131e+11
-9.786893001837357886e-01 -1.199971952957574310e+11
-9.835827466846547296e-01 -1.199971952608391418e+11
-9.884761931855732264e-01 -1.199971952271252899e+11
-9.933696396864921674e-01 -1.199971951939438629e+11
-9.982630861874106643e-01 -1.199971951619892120e+11
-1.003156532688329605e+00 -1.199971951305154114e+11
-1.008049979189248102e+00 -1.199971951002257538e+11
-1.012943425690167043e+00 -1.199971950703745728e+11
-1.017836872191085540e+00 -1.199971950417200470e+11
-1.022730318692004037e+00 -1.199971950134694977e+11
-1.027623765192922534e+00 -1.199971949861799469e+11
-1.032517211693841475e+00 -1.199971949593930969e+11
-1.037410658194759971e+00 -1.199971949334909363e+11
-1.042304104695678912e+00 -1.199971949081051483e+11
-1.047197551196597409e+00 -1.199971948836314087e+11
-1.052090997697516350e+00 -1.199971948594978943e+11
-1.056984444198434847e+00 -1.199971948362937469e+11
-1.061877890699353788e+00 -1.199971948134739685e+11
-1.066771337200272285e+00 -1.199971947914208374e+11
-1.071664783701191226e+00 -1.199971947697496796e+11
-1.076558230202109723e+00 -1.199971947489349365e+11
-1.081451676703028220e+00 -1.199971947284699402e+11
-1.086345123203946716e+00 -1.199971947087498016e+11
-1.091238569704865657e+00 -1.199971946893486328e+11
-1.096132016205784154e+00 -1.199971946704790649e+11
-1.101025462706703095e+00 -1.199971946521250000e+11
-1.105918909207621592e+00 -1.199971946343799591e+11
-1.110812355708540533e+00 -1.199971946169373627e+11
-1.115705802209459030e+00 -1.199971946001711273e+11
-1.120599248710377971e+00 -1.199971945836764526e+11
-1.125492695211296468e+00 -1.199971945678020935e+11
-1.130386141712215409e+00 -1.199971945521907043e+11
-1.135279588213133906e+00 -1.199971945371111603e+11
-1.140173034714052402e+00 -1.199971945223144379e+11
-1.145066481214970899e+00 -1.199971945080868988e+11
-1.149959927715889840e+00 -1.199971944940862122e+11
-1.154853374216808337e+00 -1.199971944805974579e+11
-1.159746820717727278e+00 -1.199971944673488770e+11
-1.164640267218645775e+00 -1.199971944546017914e+11
-1.169533713719564716e+00 -1.199971944420332642e+11
-1.174427160220483213e+00 -1.199971944299948120e+11
-1.179320606721402154e+00 -1.199971944182226257e+11
-1.184214053222320651e+00 -1.199971944066791534e+11
-1.189107499723239592e+00 -1.199971943954129028e+11
-1.194000946224158088e+00 -1.199971943846643524e+11
-1.198894392725076585e+00 -1.199971943740163879e+11
-1.203787839225995082e+00 -1.199971943639349060e+11
-1.208681285726914023e+00 -1.199971943539273987e+11
-1.213574732227832520e+00 -1.199971943443079834e+11
-1.218468178728751461e+00 -1.199971943347573853e+11
-1.223361625229669958e+00 -1.199971943256977997e+11
-1.228255071730588899e+00 -1.199971943168347473e+11
-1.233148518231507396e+00 -1.199971943082437744e+11
-1.238041964732426337e+00 -1.199971942997934875e+11
-1.242935411233344833e+00 -1.199971942916542664e+11
-1.247828857734263774e+00 -1.199971942837887268e+11
-1.252722304235182271e+00 -1.199971942760652008e+11
-1.257615750736100768e+00 -1.199971942685770264e+11
-1.262509197237019265e+00 -1.199971942613656921e+11
-1.267402643737938206e+00 -1.199971942542542877e+11
-1.272296090238856703e+00 -1.199971942473928680e+11
-1.277189536739775644e+00 -1.199971942407345276e+11
-1.282082983240694141e+00 -1.199971942343160248e+11
-1.286976429741613082e+00 -1.199971942280566101e+11
-1.291869876242531578e+00 -1.199971942220010223e+11
-1.296763322743450519e+00 -1.199971942161041565e+11
-1.301656769244369016e+00 -1.199971942104692383e+11
-1.306550215745287957e+00 -1.199971942049194336e+11
-1.311443662246206454e+00 -1.199971941995039520e+11
-1.316337108747124951e+00 -1.199971941943347626e+11
-1.321230555248043448e+00 -1.199971941892168274e+11
-1.326124001748962389e+00 -1.199971941843167725e+11
-1.331017448249880886e+00 -1.199971941796099854e+11
-1.335910894750799827e+00 -1.199971941750463409e+11
-1.340804341251718323e+00 -1.199971941706127777e+11
-1.345697787752637264e+00 -1.199971941662560883e+11
-1.350591234253555761e+00 -1.199971941620852966e+11
-1.355484680754474702e+00 -1.199971941579986725e+11
-1.360378127255393199e+00 -1.199971941541290131e+11
-1.365271573756312140e+00 -1.199971941503248444e+11
-1.370165020257230637e+00 -1.199971941466946106e+11
-1.375058466758149134e+00 -1.199971941431477661e+11
-1.379951913259067631e+00 -1.199971941397513733e+11
-1.384845359759986572e+00 -1.199971941364180298e+11
-1.389738806260905069e+00 -1.199971941332786560e+11
-1.394632252761824009e+00 -1.199971941301841125e+11
-1.399525699262742506e+00 -1.199971941272754822e+11
-1.404419145763661447e+00 -1.199971941244851532e+11
-1.409312592264579944e+00 -1.199971941216998138e+11
-1.414206038765498885e+00 -1.199971941190478058e+11
-1.419099485266417382e+00 -1.199971941165101624e+11
-1.423992931767336323e+00 -1.199971941140334930e+11
-1.428886378268254820e+00 -1.199971941117229309e+11
-1.433779824769173317e+00 -1.199971941094619446e+11
-1.438673271270091814e+00 -1.199971941073313904e+11
-1.443566717771010754e+00 -1.199971941052822876e+11
-1.448460164271929251e+00 -1.199971941033289490e+11
-1.453353610772848192e+00 -1.199971941014155884e+11
-1.458247057273766689e+00 -1.199971940996534576e+11
-1.463140503774685630e+00 -1.199971940979125214e+11
-1.468033950275604127e+00 -1.199971940963289185e+11
-1.472927396776523068e+00 -1.199971940947915955e+11
-1.477820843277441565e+00 -1.199971940933544617e+11
-1.482714289778360506e+00 -1.199971940919738922e+11
-1.487607736279279003e+00 -1.199971940906813507e+11
-1.492501182780197500e+00 -1.199971940894435272e+11
-1.497394629281115996e+00 -1.199971940883628998e+11
-1.502288075782034937e+00 -1.199971940873229523e+11
-1.507181522282953434e+00 -1.199971940863579559e+11
-1.512074968783872375e+00 -1.199971940854366455e+11
-1.516968415284790872e+00 -1.199971940846253967e+11
-1.521861861785709813e+00 -1.199971940838541870e+11
-1.526755308286628310e+00 -1.199971940831880493e+11
-1.531648754787547251e+00 -1.199971940825911255e+11
-1.536542201288465748e+00 -1.199971940820482330e+11
-1.541435647789384689e+00 -1.199971940815615692e+11
-1.546329094290303185e+00 -1.199971940811932678e+11
-1.551222540791221682e+00 -1.199971940808668823e+11
-1.556115987292140179e+00 -1.199971940806311646e+11
-1.561009433793059120e+00 -1.199971940804335632e+11
-1.565902880293977617e+00 -1.199971940803442841e+11
-1.570796326794896558e+00 -1.199971940802928162e+11
