1.570796326794896558e+00 1.199607550089726105e+11
1.565902880293977839e+00 1.199607731303916321e+11
1.561009433793059120e+00 1.199607912518106384e+11
1.556115987292140623e+00 1.199608454510136108e+11
1.551222540791221904e+00 1.199608996502165680e+11
1.546329094290303185e+00 1.199609894355621643e+11
1.541435647789384467e+00 1.199610792209077606e+11
1.536542201288465748e+00 1.199612037847601013e+11
1.531648754787547029e+00 1.199613283486124268e+11
1.526755308286628532e+00 1.199614865843292389e+11
1.521861861785709813e+00 1.199616448200460510e+11
1.516968415284791094e+00 1.199618353450331573e+11
1.512074968783872375e+00 1.199620258700202637e+11
1.507181522282953656e+00 1.199622470537449341e+11
1.502288075782034937e+00 1.199624682374695892e+11
1.497394629281116440e+00 1.199627182333979187e+11
1.492501182780197722e+00 1.199629682293262329e+11
1.487607736279279003e+00 1.199632450098692627e+11
1.482714289778360284e+00 1.199635217904122772e+11
1.477820843277441565e+00 1.199638231835903931e+11
1.472927396776522846e+00 1.199641245767685089e+11
1.468033950275604349e+00 1.199644483033903809e+11
1.463140503774685630e+00 1.199647720300122375e+11
1.458247057273766911e+00 1.199651157403677521e+11
1.453353610772848192e+00 1.199654594507232666e+11
1.448460164271929473e+00 1.199658207601591644e+11
1.443566717771010754e+00 1.199661820695950623e+11
1.438673271270092258e+00 1.199665585912825317e+11
1.433779824769173539e+00 1.199669351129699860e+11
1.428886378268254820e+00 1.199673244885238342e+11
1.423992931767336101e+00 1.199677138640776825e+11
1.419099485266417382e+00 1.199681137902929993e+11
1.414206038765498885e+00 1.199685137165083008e+11
1.409312592264580166e+00 1.199689219687174988e+11
1.404419145763661447e+00 1.199693302209266815e+11
1.399525699262742728e+00 1.199697446724882812e+11
1.394632252761824009e+00 1.199701591240498657e+11
1.389738806260905291e+00 1.199705777621937256e+11
1.384845359759986572e+00 1.199709964003376007e+11
1.379951913259068075e+00 1.199714173381660767e+11
1.375058466758149356e+00 1.199718382759945679e+11
1.370165020257230637e+00 1.199722597611595764e+11
1.365271573756311918e+00 1.199726812463245850e+11
1.360378127255393199e+00 1.199731016663429260e+11
1.355484680754474702e+00 1.199735220863612518e+11
1.350591234253555983e+00 1.199739399715073242e+11
1.345697787752637264e+00 1.199743578566533813e+11
1.340804341251718546e+00 1.199747718796074829e+11
1.335910894750799827e+00 1.199751859025615845e+11
1.331017448249881330e+00 1.199755948768292236e+11
1.326124001748962611e+00 1.199760038510968628e+11
1.321230555248043892e+00 1.199764067269316406e+11
1.316337108747125173e+00 1.199768096027664032e+11
1.311443662246206454e+00 1.199772054619062347e+11
1.306550215745287735e+00 1.199776013210460663e+11
1.301656769244369016e+00 1.199779893706404114e+11
1.296763322743450519e+00 1.199783774202347565e+11
1.291869876242531801e+00 1.199787569855133057e+11
1.286976429741613082e+00 1.199791365507918701e+11
1.282082983240694363e+00 1.199795070672335205e+11
1.277189536739775644e+00 1.199798775836751556e+11
1.272296090238857147e+00 1.199802385891526184e+11
1.267402643737938428e+00 1.199805995946300964e+11
1.262509197237019709e+00 1.199809507216029968e+11
1.257615750736100990e+00 1.199813018485758820e+11
1.252722304235182271e+00 1.199816428149017639e+11
1.247828857734263552e+00 1.199819837812276306e+11
1.242935411233344833e+00 1.199823143835855103e+11
1.238041964732426337e+00 1.199826449859434052e+11
1.233148518231507618e+00 1.199829650909206390e+11
1.228255071730588899e+00 1.199832851958978729e+11
1.223361625229670180e+00 1.199835947331241150e+11
1.218468178728751461e+00 1.199839042703503571e+11
1.213574732227832964e+00 1.199842032256601868e+11
1.208681285726914245e+00 1.199845021809700012e+11
1.203787839225995526e+00 1.199847905891670227e+11
1.198894392725076807e+00 1.199850789973640594e+11
1.194000946224158088e+00 1.199853569365925293e+11
1.189107499723239370e+00 1.199856348758209839e+11
1.184214053222320651e+00 1.199859024617327423e+11
1.179320606721402154e+00 1.199861700476445007e+11
1.174427160220483435e+00 1.199864274284163513e+11
1.169533713719564716e+00 1.199866848091882172e+11
1.164640267218646219e+00 1.199869321600490417e+11
1.159746820717727278e+00 1.199871795109098663e+11
1.154853374216808781e+00 1.199874170305362396e+11
1.149959927715890062e+00 1.199876545501626129e+11
1.145066481214971343e+00 1.199878824562031860e+11
1.140173034714052624e+00 1.199881103622437592e+11
1.135279588213133906e+00 1.199883288882806244e+11
1.130386141712215409e+00 1.199885474143174896e+11
1.125492695211296690e+00 1.199887568060340271e+11
1.120599248710377971e+00 1.199889661977505646e+11
1.115705802209459252e+00 1.199891667108195801e+11
1.110812355708540533e+00 1.199893672238885803e+11
1.105918909207622036e+00 1.199895591208717194e+11
1.101025462706703095e+00 1.199897510178548584e+11
1.096132016205784598e+00 1.199899345663557129e+11
1.091238569704865879e+00 1.199901181148565826e+11
1.086345123203947161e+00 1.199902935853843689e+11
1.081451676703028442e+00 1.199904690559121399e+11
1.076558230202109723e+00 1.199906367201430054e+11
1.071664783701191226e+00 1.199908043843738556e+11
1.066771337200272507e+00 1.199909645140825958e+11
1.061877890699353788e+00 1.199911246437913361e+11
1.056984444198435069e+00 1.199912775088547974e+11
1.052090997697516350e+00 1.199914303739182434e+11
1.047197551196597853e+00 1.199915762419166565e+11
1.042304104695678912e+00 1.199917221099150848e+11
1.037410658194760416e+00 1.199918612448798218e+11
1.032517211693841697e+00 1.199920003798445740e+11
1.027623765192922978e+00 1.199921330412656860e+11
1.022730318692004481e+00 1.199922657026867981e+11
1.017836872191085540e+00 1.199923921455409546e+11
1.012943425690167043e+00 1.199925185883950958e+11
1.008049979189248324e+00 1.199926390616734161e+11
1.003156532688329605e+00 1.199927595349517365e+11
9.982630861874108863e-01 1.199928742820409698e+11
9.933696396864922784e-01 1.199929890291302032e+11
9.884761931855735595e-01 1.199930982869479523e+11
9.835827466846548406e-01 1.199932075447657013e+11
9.786893001837362327e-01 1.199933115438053741e+11
9.737958536828175138e-01 1.199934155428450470e+11
9.689024071818987949e-01 1.199935145068190918e+11
9.640089606809801870e-01 1.199936134707931519e+11
9.591155141800614681e-01 1.199937076165442505e+11
9.542220676791427492e-01 1.199938017622953491e+11
9.493286211782241413e-01 1.199938912996387329e+11
9.444351746773054224e-01 1.199939808369821167e+11
9.395417281763867035e-01 1.199940659688351746e+11
9.346482816754680956e-01 1.199941511006882324e+11
9.297548351745493767e-01 1.199942320228680725e+11
9.248613886736306577e-01 1.199943129450479279e+11
9.199679421727120499e-01 1.199943898465521698e+11
9.150744956717933309e-01 1.199944667480564117e+11
9.101810491708746120e-01 1.199945398107412567e+11
9.052876026699560041e-01 1.199946128734261017e+11
9.003941561690372852e-01 1.199946822726872406e+11
8.955007096681185663e-01 1.199947516719483795e+11
8.906072631671999584e-01 1.199948175761601868e+11
8.857138166662812395e-01 1.199948834803719940e+11
8.808203701653625206e-01 1.199949460514771118e+11
8.759269236644439127e-01 1.199950086225822144e+11
8.710334771635251938e-01 1.199950680161036530e+11
8.661400306626064749e-01 1.199951274096250916e+11
8.612465841616878670e-01 1.199951837747611084e+11
8.563531376607691481e-01 1.199952401398971100e+11
8.514596911598504292e-01 1.199952936198143005e+11
8.465662446589318213e-01 1.199953470997314911e+11
8.416727981580131024e-01 1.199953978315989227e+11
8.367793516570943835e-01 1.199954485634663544e+11
8.318859051561757756e-01 1.199954966785953979e+11
8.269924586552570567e-01 1.199955447937244415e+11
8.220990121543383378e-01 1.199955904179760742e+11
8.172055656534197299e-01 1.199956360422277222e+11
8.123121191525010110e-01 1.199956792959180603e+11
8.074186726515822921e-01 1.199957225496083832e+11
8.025252261506636842e-01 1.199957635479395752e+11
7.976317796497449653e-01 1.199958045462707825e+11
7.927383331488262463e-01 1.199958433992299500e+11
7.878448866479076385e-01 1.199958822521891022e+11
7.829514401469890306e-01 1.199959190650256348e+11
7.780579936460703117e-01 1.199959558778621826e+11
7.731645471451517038e-01 1.199959907509348755e+11
7.682711006442329849e-01 1.199960256240075684e+11
7.633776541433142659e-01 1.199960586534052734e+11
7.584842076423956581e-01 1.199960916828029785e+11
7.535907611414769391e-01 1.199961229600275269e+11
7.486973146405582202e-01 1.199961542372520752e+11
7.438038681396396123e-01 1.199961838496846771e+11
7.389104216387208934e-01 1.199962134621172791e+11
7.340169751378021745e-01 1.199962414931587830e+11
7.291235286368835666e-01 1.199962695242002716e+11
7.242300821359648477e-01 1.199962960533133240e+11
7.193366356350461288e-01 1.199963225824263916e+11
7.144431891341275209e-01 1.199963476854000549e+11
7.095497426332088020e-01 1.199963727883737030e+11
7.046562961322900831e-01 1.199963965374766998e+11
6.997628496313714752e-01 1.199964202865796967e+11
6.948694031304527563e-01 1.199964427504826813e+11
6.899759566295340374e-01 1.199964652143856659e+11
6.850825101286154295e-01 1.199964864587927856e+11
6.801890636276967106e-01 1.199965077031999054e+11
6.752956171267779917e-01 1.199965277905067139e+11
6.704021706258593838e-01 1.199965478778135071e+11
6.655087241249406649e-01 1.199965668673595123e+11
6.606152776240219460e-01 1.199965858569055176e+11
6.557218311231033381e-01 1.199966038053535614e+11
6.508283846221846192e-01 1.199966217538016052e+11
6.459349381212659003e-01 1.199966387149371796e+11
6.410414916203472924e-01 1.199966556760727539e+11
6.361480451194285735e-01 1.199966717011186981e+11
6.312545986185098545e-01 1.199966877261646423e+11
6.263611521175912467e-01 1.199967028638093262e+11
6.214677056166725277e-01 1.199967180014540253e+11
6.165742591157538088e-01 1.199967322979892883e+11
6.116808126148352009e-01 1.199967465945245514e+11
6.067873661139164820e-01 1.199967600941234436e+11
6.018939196129977631e-01 1.199967735937223206e+11
5.970004731120791552e-01 1.199967863381797943e+11
5.921070266111604363e-01 1.199967990826372681e+11
5.872135801102417174e-01 1.199968111118029175e+11
5.823201336093231095e-01 1.199968231409685516e+11
5.774266871084043906e-01 1.199968344925804443e+11
5.725332406074856717e-01 1.199968458441923523e+11
5.676397941065669528e-01 1.199968565541733398e+11
5.627463476056484559e-01 1.199968672641543274e+11
5.578529011047297370e-01 1.199968773666713257e+11
5.529594546038110181e-01 1.199968874691883240e+11
5.480660081028922992e-01 1.199968969966359863e+11
5.431725616019735803e-01 1.199969065240836334e+11
5.382791151010548614e-01 1.199969155072646790e+11
5.333856686001363645e-01 1.199969244904457092e+11
5.284922220992176456e-01 1.199969329585289154e+11
5.235987755982989267e-01 1.199969414266121216e+11
5.187053290973802078e-01 1.199969494073578491e+11
5.138118825964614889e-01 1.199969573881035767e+11
5.089184360955427699e-01 1.199969649078701477e+11
5.040249895946242731e-01 1.199969724276367340e+11
4.991315430937055542e-01 1.199969795113200684e+11
4.942380965927868353e-01 1.199969865950033875e+11
4.893446500918681163e-01 1.199969932663411865e+11
4.844512035909493974e-01 1.199969999376789703e+11
4.795577570900306785e-01 1.199970062191568909e+11
4.746643105891121817e-01 1.199970125006348114e+11
4.697708640881934627e-01 1.199970184135359039e+11
4.648774175872747438e-01 1.199970243264369965e+11
4.599839710863560249e-01 1.199970298910480194e+11
4.550905245854373060e-01 1.199970354556590424e+11
4.501970780845185871e-01 1.199970406910530090e+11
4.453036315836000902e-01 1.199970459264469604e+11
4.404101850826813713e-01 1.199970508508590546e+11
4.355167385817626524e-01 1.199970557752711487e+11
4.306232920808439335e-01 1.199970604058797760e+11
4.257298455799252146e-01 1.199970650364884033e+11
4.208363990790064957e-01 1.199970693896544495e+11
4.159429525780879988e-01 1.199970737428205109e+11
4.110495060771692799e-01 1.199970778339557648e+11
4.061560595762505610e-01 1.199970819250910187e+11
4.012626130753318421e-01 1.199970857688366394e+11
3.963691665744131232e-01 1.199970896125822601e+11
3.914757200734944043e-01 1.199970932229217529e+11
3.865822735725759074e-01 1.199970968332612610e+11
3.816888270716571885e-01 1.199971002231695862e+11
3.767953805707384696e-01 1.199971036130779114e+11
3.719019340698197507e-01 1.199971067951406250e+11
3.670084875689010318e-01 1.199971099772033234e+11
3.621150410679825349e-01 1.199971129631062317e+11
3.572215945670638160e-01 1.199971159490091248e+11
3.523281480661450971e-01 1.199971187499600525e+11
3.474347015652263782e-01 1.199971215509109955e+11
3.425412550643076592e-01 1.199971241774807434e+11
3.376478085633889403e-01 1.199971268040504761e+11
3.327543620624704435e-01 1.199971292661592712e+11
3.278609155615517246e-01 1.199971317282680664e+11
3.229674690606330056e-01 1.199971340353924866e+11
3.180740225597142867e-01 1.199971363425169220e+11
3.131805760587955678e-01 1.199971385035794373e+11
3.082871295578768489e-01 1.199971406646419373e+11
3.033936830569583520e-01 1.199971426881392212e+11
2.985002365560396331e-01 1.199971447116365204e+11
2.936067900551209142e-01 1.199971466055364380e+11
2.887133435542021953e-01 1.199971484994363403e+11
2.838198970532834764e-01 1.199971502713200378e+11
2.789264505523647575e-01 1.199971520432037201e+11
2.740330040514462606e-01 1.199971537000866394e+11
2.691395575505275417e-01 1.199971553569695435e+11
2.642461110496088228e-01 1.199971569058395081e+11
2.593526645486901039e-01 1.199971584547094879e+11
2.544592180477713850e-01 1.199971599016966553e+11
2.495657715468526661e-01 1.199971613486838074e+11
2.446723250459341692e-01 1.199971626999785767e+11
2.397788785450154503e-01 1.199971640512733612e+11
2.348854320440967314e-01 1.199971653125823212e+11
2.299919855431780125e-01 1.199971665738912811e+11
2.250985390422592936e-01 1.199971677505127258e+11
2.202050925413405746e-01 1.199971689271341705e+11
2.153116460404220778e-01 1.199971700242270203e+11
2.104181995395033589e-01 1.199971711213198700e+11
2.055247530385846400e-01 1.199971721435943604e+11
2.006313065376659210e-01 1.199971731658688507e+11
1.957378600367472021e-01 1.199971741178943176e+11
1.908444135358284832e-01 1.199971750699197693e+11
1.859509670349099864e-01 1.199971759560098877e+11
1.810575205339912674e-01 1.199971768421000061e+11
1.761640740330725485e-01 1.199971776662008667e+11
1.712706275321538296e-01 1.199971784903017120e+11
1.663771810312351107e-01 1.199971792562959137e+11
1.614837345303163918e-01 1.199971800222901154e+11
1.565902880293978949e-01 1.199971807337313843e+11
1.516968415284791760e-01 1.199971814451726379e+11
1.468033950275604571e-01 1.199971821055158691e+11
1.419099485266417382e-01 1.199971827658590851e+11
1.370165020257230193e-01 1.199971833780744019e+11
1.321230555248043004e-01 1.199971839902897034e+11
1.272296090238858035e-01 1.199971845576557617e+11
1.223361625229670846e-01 1.199971851250218201e+11
1.174427160220483657e-01 1.199971856502396545e+11
1.125492695211296468e-01 1.199971861754574890e+11
1.076558230202109279e-01 1.199971866612326050e+11
1.027623765192922090e-01 1.199971871470077362e+11
9.786893001837371209e-02 1.199971875957885742e+11
9.297548351745499318e-02 1.199971880445694275e+11
8.808203701653627427e-02 1.199971884588047638e+11
8.318859051561755535e-02 1.199971888730401001e+11
7.829514401469883644e-02 1.199971892550046844e+11
7.340169751378011753e-02 1.199971896369692688e+11
6.850825101286162067e-02 1.199971899885791626e+11
6.361480451194290175e-02 1.199971903401890411e+11
5.872135801102418284e-02 1.199971906636077881e+11
5.382791151010546393e-02 1.199971909870265350e+11
4.893446500918674502e-02 1.199971912840302124e+11
4.404101850826802611e-02 1.199971915810338898e+11
3.914757200734952924e-02 1.199971918533623352e+11
3.425412550643081033e-02 1.199971921256907959e+11
2.936067900551209142e-02 1.199971923750177612e+11
2.446723250459337251e-02 1.199971926243447266e+11
1.957378600367465360e-02 1.199971928522068939e+11
1.468033950275593469e-02 1.199971930800690613e+11
9.786893001837437822e-03 1.199971932879216156e+11
4.893446500918718911e-03 1.199971934957741699e+11
0.000000000000000000e+00 1.199971936849644470e+11
-4.893446500918496866e-03 1.199971938741547089e+11
-9.786893001837437822e-03 1.199971940460591431e+11
-1.468033950275593469e-02 1.199971942179635925e+11
-1.957378600367465360e-02 1.199971943736972656e+11
-2.446723250459315047e-02 1.199971945294309235e+11
-2.936067900551209142e-02 1.199971946701121216e+11
-3.425412550643058829e-02 1.199971948107933197e+11
-3.914757200734952924e-02 1.199971949375371399e+11
-4.404101850826802611e-02 1.199971950642809753e+11
-4.893446500918674502e-02 1.199971951780241394e+11
-5.382791151010524189e-02 1.199971952917672882e+11
-5.872135801102418284e-02 1.199971953935027313e+11
-6.361480451194267971e-02 1.199971954952381744e+11
-6.850825101286162067e-02 1.199971955858197632e+11
-7.340169751378011753e-02 1.199971956764013672e+11
-7.829514401469883644e-02 1.199971957567472229e+11
-8.318859051561733331e-02 1.199971958370930939e+11
-8.808203701653627427e-02 1.199971959077321625e+11
-9.297548351745477113e-02 1.199971959783712311e+11
-9.786893001837371209e-02 1.199971960402137451e+11
-1.027623765192922090e-01 1.199971961020562439e+11
-1.076558230202109279e-01 1.199971961558162689e+11
-1.125492695211294247e-01 1.199971962095762939e+11
-1.174427160220483657e-01 1.199971962555909271e+11
-1.223361625229668626e-01 1.199971963016055603e+11
-1.272296090238858035e-01 1.199971963408246765e+11
-1.321230555248043004e-01 1.199971963800438080e+11
-1.370165020257230193e-01 1.199971964128433685e+11
-1.419099485266415162e-01 1.199971964456429291e+11
-1.468033950275604571e-01 1.199971964725900879e+11
-1.516968415284789540e-01 1.199971964995372314e+11
-1.565902880293978949e-01 1.199971965210002136e+11
-1.614837345303163918e-01 1.199971965424631805e+11
-1.663771810312351107e-01 1.199971965590380554e+11
-1.712706275321536076e-01 1.199971965756129150e+11
-1.761640740330725485e-01 1.199971965876285095e+11
-1.810575205339910454e-01 1.199971965996441040e+11
-1.859509670349099864e-01 1.199971966076026917e+11
-1.908444135358284832e-01 1.199971966155612946e+11
-1.957378600367472021e-01 1.199971966196331482e+11
-2.006313065376656990e-01 1.199971966237050018e+11
-2.055247530385846400e-01 1.199971966244116821e+11
-2.104181995395031368e-01 1.199971966251183624e+11
-2.153116460404220778e-01 1.199971966226775818e+11
-2.202050925413405746e-01 1.199971966202368164e+11
-2.250985390422592936e-01 1.199971966149943542e+11
-2.299919855431777904e-01 1.199971966097519073e+11
-2.348854320440967314e-01 1.199971966019443359e+11
-2.397788785450152282e-01 1.199971965941367493e+11
-2.446723250459341692e-01 1.199971965840387268e+11
-2.495657715468526661e-01 1.199971965739407043e+11
-2.544592180477713850e-01 1.199971965618436432e+11
-2.593526645486898818e-01 1.199971965497465820e+11
-2.642461110496088228e-01 1.199971965357179565e+11
-2.691395575505273197e-01 1.199971965216893463e+11
-2.740330040514462606e-01 1.199971965061292114e+11
-2.789264505523647575e-01 1.199971964905690918e+11
-2.838198970532834764e-01 1.199971964734211731e+11
-2.887133435542019733e-01 1.199971964562732391e+11
-2.936067900551209142e-01 1.199971964379923706e+11
-2.985002365560394111e-01 1.199971964197115021e+11
-3.033936830569583520e-01 1.199971964001928406e+11
-3.082871295578768489e-01 1.199971963806741638e+11
-3.131805760587955678e-01 1.199971963602772217e+11
-3.180740225597140647e-01 1.199971963398802795e+11
-3.229674690606330056e-01 1.199971963186139221e+11
-3.278609155615515025e-01 1.199971962973475647e+11
-3.327543620624704435e-01 1.199971962754440002e+11
-3.376478085633889403e-01 1.199971962535404205e+11
-3.425412550643076592e-01 1.199971962309746552e+11
-3.474347015652261561e-01 1.199971962084088898e+11
-3.523281480661450971e-01 1.199971961854941101e+11
-3.572215945670635939e-01 1.199971961625793457e+11
-3.621150410679825349e-01 1.199971961390838013e+11
-3.670084875689010318e-01 1.199971961155882568e+11
-3.719019340698197507e-01 1.199971960919446564e+11
-3.767953805707382475e-01 1.199971960683010559e+11
-3.816888270716571885e-01 1.199971960444151306e+11
-3.865822735725756853e-01 1.199971960205292053e+11
-3.914757200734944043e-01 1.199971959965400696e+11
-3.963691665744131232e-01 1.199971959725509338e+11
-4.012626130753318421e-01 1.199971959484188690e+11
-4.061560595762503389e-01 1.199971959242868042e+11
-4.110495060771692799e-01 1.199971959002405090e+11
-4.159429525780877768e-01 1.199971958761941986e+11
-4.208363990790064957e-01 1.199971958521226807e+11
-4.257298455799252146e-01 1.199971958280511475e+11
-4.306232920808441555e-01 1.199971958041598511e+11
-4.355167385817626524e-01 1.199971957802685547e+11
-4.404101850826811493e-01 1.199971957564542847e+11
-4.453036315835996461e-01 1.199971957326400299e+11
-4.501970780845185871e-01 1.199971957091269836e+11
-4.550905245854370840e-01 1.199971956856139221e+11
-4.599839710863560249e-01 1.199971956622388916e+11
-4.648774175872745218e-01 1.199971956388638611e+11
-4.697708640881934627e-01 1.199971956157305603e+11
-4.746643105891119596e-01 1.199971955925972748e+11
-4.795577570900309006e-01 1.199971955698717041e+11
-4.844512035909493974e-01 1.199971955471461182e+11
-4.893446500918683384e-01 1.199971955246751251e+11
-4.942380965927868353e-01 1.199971955022041321e+11
-4.991315430937053321e-01 1.199971954800285339e+11
-5.040249895946238290e-01 1.199971954578529205e+11
-5.089184360955427699e-01 1.199971954362145691e+11
-5.138118825964612668e-01 1.199971954145762177e+11
-5.187053290973802078e-01 1.199971953931136017e+11
-5.235987755982987046e-01 1.199971953716509857e+11
-5.284922220992176456e-01 1.199971953506870117e+11
-5.333856686001361425e-01 1.199971953297230377e+11
-5.382791151010550834e-01 1.199971953091557922e+11
-5.431725616019735803e-01 1.199971952885885468e+11
-5.480660081028925212e-01 1.199971952684007874e+11
-5.529594546038110181e-01 1.199971952482130432e+11
-5.578529011047295150e-01 1.199971952284990234e+11
-5.627463476056480118e-01 1.199971952087850037e+11
-5.676397941065669528e-01 1.199971951895001831e+11
-5.725332406074854497e-01 1.199971951702153625e+11
-5.774266871084043906e-01 1.199971951513800964e+11
-5.823201336093228875e-01 1.199971951325448456e+11
-5.872135801102418284e-01 1.199971951141565247e+11
-5.921070266111603253e-01 1.199971950957681885e+11
-5.970004731120792663e-01 1.199971950778062439e+11
-6.018939196129977631e-01 1.199971950598442841e+11
-6.067873661139167041e-01 1.199971950422822266e+11
-6.116808126148352009e-01 1.199971950247201538e+11
-6.165742591157536978e-01 1.199971950076683655e+11
-6.214677056166721947e-01 1.199971949906165771e+11
-6.263611521175911356e-01 1.199971949739993896e+11
-6.312545986185096325e-01 1.199971949573821869e+11
-6.361480451194285735e-01 1.199971949411872559e+11
-6.410414916203470703e-01 1.199971949249923248e+11
-6.459349381212660113e-01 1.199971949092289734e+11
-6.508283846221845081e-01 1.199971948934656067e+11
-6.557218311231034491e-01 1.199971948781949615e+11
-6.606152776240219460e-01 1.199971948629243164e+11
-6.655087241249408869e-01 1.199971948479895630e+11
-6.704021706258593838e-01 1.199971948330548248e+11
-6.752956171267778807e-01 1.199971948185897675e+11
-6.801890636276963775e-01 1.199971948041247101e+11
-6.850825101286153185e-01 1.199971947900841980e+11
-6.899759566295338153e-01 1.199971947760436707e+11
-6.948694031304527563e-01 1.199971947623956451e+11
-6.997628496313712532e-01 1.199971947487476196e+11
-7.046562961322901941e-01 1.199971947355781555e+11
-7.095497426332086910e-01 1.199971947224086914e+11
-7.144431891341276319e-01 1.199971947095407410e+11
-7.193366356350461288e-01 1.199971946966728058e+11
-7.242300821359650698e-01 1.199971946842936096e+11
-7.291235286368835666e-01 1.199971946719144135e+11
-7.340169751378020635e-01 1.199971946598561096e+11
-7.389104216387205604e-01 1.199971946477978210e+11
-7.438038681396395013e-01 1.199971946361491089e+11
-7.486973146405579982e-01 1.199971946245003967e+11
-7.535907611414769391e-01 1.199971946132285614e+11
-7.584842076423954360e-01 1.199971946019567261e+11
-7.633776541433143770e-01 1.199971945909519196e+11
-7.682711006442328738e-01 1.199971945799471130e+11
-7.731645471451518148e-01 1.199971945695037231e+11
-7.780579936460703117e-01 1.199971945590603485e+11
-7.829514401469888085e-01 1.199971945487140656e+11
-7.878448866479077495e-01 1.199971945383677826e+11
-7.927383331488262463e-01 1.199971945285398102e+11
-7.976317796497447432e-01 1.199971945187118378e+11
-8.025252261506636842e-01 1.199971945091809387e+11
-8.074186726515821810e-01 1.199971944996500244e+11
-8.123121191525011220e-01 1.199971944904174500e+11
-8.172055656534196189e-01 1.199971944811848907e+11
-8.220990121543385598e-01 1.199971944722173462e+11
-8.269924586552570567e-01 1.199971944632497864e+11
-8.318859051561759976e-01 1.199971944546708984e+11
-8.367793516570944945e-01 1.199971944460920105e+11
-8.416727981580129914e-01 1.199971944377828064e+11
-8.465662446589314882e-01 1.199971944294736023e+11
-8.514596911598504292e-01 1.199971944214806824e+11
-8.563531376607689261e-01 1.199971944134877472e+11
-8.612465841616878670e-01 1.199971944057451630e+11
-8.661400306626063639e-01 1.199971943980025787e+11
-8.710334771635253048e-01 1.199971943905618286e+11
-8.759269236644438017e-01 1.199971943831210632e+11
-8.808203701653627427e-01 1.199971943759039001e+11
-8.857138166662812395e-01 1.199971943686867523e+11
-8.906072631672001805e-01 1.199971943617872620e+11
-8.955007096681186773e-01 1.199971943548877869e+11
-9.003941561690371742e-01 1.199971943481162262e+11
-9.052876026699556711e-01 1.199971943413446655e+11
-9.101810491708746120e-01 1.199971943349707489e+11
-9.150744956717931089e-01 1.199971943285968323e+11
-9.199679421727120499e-01 1.199971943223721008e+11
-9.248613886736305467e-01 1.199971943161473694e+11
-9.297548351745494877e-01 1.199971943101870575e+11
-9.346482816754679845e-01 1.199971943042267456e+11
-9.395417281763864814e-01 1.199971942984423676e+11
-9.444351746773054224e-01 1.199971942926579895e+11
-9.493286211782239192e-01 1.199971942871146851e+11
-9.542220676791428602e-01 1.199971942815713959e+11
-9.591155141800613571e-01 1.199971942762502441e+11
-9.640089606809798539e-01 1.199971942709290924e+11
-9.689024071818983508e-01 1.199971942657724915e+11
-9.737958536828172917e-01 1.199971942606158905e+11
-9.786893001837357886e-01 1.199971942557174072e+11
-9.835827466846547296e-01 1.199971942508189392e+11
-9.884761931855732264e-01 1.199971942460569000e+11
-9.933696396864921674e-01 1.199971942412948608e+11
-9.982630861874106643e-01 1.199971942367280121e+11
-1.003156532688329605e+00 1.199971942321611633e+11
-1.008049979189248102e+00 1.199971942277610474e+11
-1.012943425690167043e+00 1.199971942233609161e+11
-1.017836872191085540e+00 1.199971942191691589e+11
-1.022730318692004037e+00 1.199971942149773865e+11
-1.027623765192922534e+00 1.199971942109160767e+11
-1.032517211693841475e+00 1.199971942068547668e+11
-1.037410658194759971e+00 1.199971942029610901e+11
-1.042304104695678912e+00 1.199971941990673981e+11
-1.047197551196597409e+00 1.199971941953139038e+11
-1.052090997697516350e+00 1.199971941915604248e+11
-1.056984444198434847e+00 1.199971941879744720e+11
-1.061877890699353788e+00 1.199971941843885193e+11
-1.066771337200272285e+00 1.199971941809282532e+11
-1.071664783701191226e+00 1.199971941774679871e+11
-1.076558230202109723e+00 1.199971941741694336e+11
-1.081451676703028220e+00 1.199971941708708954e+11
-1.086345123203946716e+00 1.199971941676857300e+11
-1.091238569704865657e+00 1.199971941645005646e+11
-1.096132016205784154e+00 1.199971941614369507e+11
-1.101025462706703095e+00 1.199971941583733521e+11
-1.105918909207621592e+00 1.199971941554585876e+11
-1.110812355708540533e+00 1.199971941525438080e+11
-1.115705802209459030e+00 1.199971941497414551e+11
-1.120599248710377971e+00 1.199971941469391174e+11
-1.125492695211296468e+00 1.199971941442615967e+11
-1.130386141712215409e+00 1.199971941415840912e+11
-1.135279588213133906e+00 1.199971941390333252e+11
-1.140173034714052402e+00 1.199971941364825592e+11
-1.145066481214970899e+00 1.199971941340017700e+11
-1.149959927715889840e+00 1.199971941315209808e+11
-1.154853374216808337e+00 1.199971941291532593e+11
-1.159746820717727278e+00 1.199971941267855530e+11
-1.164640267218645775e+00 1.199971941244893036e+11
-1.169533713719564716e+00 1.199971941221930542e+11
-1.174427160220483213e+00 1.199971941200407562e+11
-1.179320606721402154e+00 1.199971941178884583e+11
-1.184214053222320651e+00 1.199971941157912445e+11
-1.189107499723239592e+00 1.199971941136940308e+11
-1.194000946224158088e+00 1.199971941117263794e+11
-1.198894392725076585e+00 1.199971941097587128e+11
-1.203787839225995082e+00 1.199971941078762817e+11
-1.208681285726914023e+00 1.199971941059938507e+11
-1.213574732227832520e+00 1.199971941041712646e+11
-1.218468178728751461e+00 1.199971941023486633e+11
-1.223361625229669958e+00 1.199971941006689911e+11
-1.228255071730588899e+00 1.199971940989893188e+11
-1.233148518231507396e+00 1.199971940972980957e+11
-1.238041964732426337e+00 1.199971940956068726e+11
-1.242935411233344833e+00 1.199971940940756226e+11
-1.247828857734263774e+00 1.199971940925443878e+11
-1.252722304235182271e+00 1.199971940910110779e+11
-1.257615750736100768e+00 1.199971940894777679e+11
-1.262509197237019265e+00 1.199971940880545807e+11
-1.267402643737938206e+00 1.199971940866313934e+11
-1.272296090238856703e+00 1.199971940852688904e+11
-1.277189536739775644e+00 1.199971940839063721e+11
-1.282082983240694141e+00 1.199971940826141205e+11
-1.286976429741613082e+00 1.199971940813218689e+11
-1.291869876242531578e+00 1.199971940801037140e+11
-1.296763322743450519e+00 1.199971940788855591e+11
-1.301656769244369016e+00 1.199971940777351532e+11
-1.306550215745287957e+00 1.199971940765847473e+11
-1.311443662246206454e+00 1.199971940754486694e+11
-1.316337108747124951e+00 1.199971940743125763e+11
-1.321230555248043448e+00 1.199971940732708435e+11
-1.326124001748962389e+00 1.199971940722290955e+11
-1.331017448249880886e+00 1.199971940712287903e+11
-1.335910894750799827e+00 1.199971940702285004e+11
-1.340804341251718323e+00 1.199971940692886047e+11
-1.345697787752637264e+00 1.199971940683487244e+11
-1.350591234253555761e+00 1.199971940674483795e+11
-1.355484680754474702e+00 1.199971940665480347e+11
-1.360378127255393199e+00 1.199971940657198029e+11
-1.365271573756312140e+00 1.199971940648915710e+11
-1.370165020257230637e+00 1.199971940640879822e+11
-1.375058466758149134e+00 1.199971940632843781e+11
-1.379951913259067631e+00 1.199971940625270538e+11
-1.384845359759986572e+00 1.199971940617697296e+11
-1.389738806260905069e+00 1.199971940610713806e+11
-1.394632252761824009e+00 1.199971940603730469e+11
-1.399525699262742506e+00 1.199971940597314758e+11
-1.404419145763661447e+00 1.199971940590899048e+11
-1.409312592264579944e+00 1.199971940584581299e+11
-1.414206038765498885e+00 1.199971940578263702e+11
-1.419099485266417382e+00 1.199971940572553253e+11
-1.423992931767336323e+00 1.199971940566842804e+11
-1.428886378268254820e+00 1.199971940561467133e+11
-1.433779824769173317e+00 1.199971940556091461e+11
-1.438673271270091814e+00 1.199971940551287842e+11
-1.443566717771010754e+00 1.199971940546484375e+11
-1.448460164271929251e+00 1.199971940541931458e+11
-1.453353610772848192e+00 1.199971940537378387e+11
-1.458247057273766689e+00 1.199971940533176270e+11
-1.463140503774685630e+00 1.199971940528974304e+11
-1.468033950275604127e+00 1.199971940525309448e+11
-1.472927396776523068e+00 1.199971940521644592e+11
-1.477820843277441565e+00 1.199971940518258362e+11
-1.482714289778360506e+00 1.199971940514872131e+11
-1.487607736279279003e+00 1.199971940511767578e+11
-1.492501182780197500e+00 1.199971940508663025e+11
-1.497394629281115996e+00 1.199971940506273193e+11
-1.502288075782034937e+00 1.199971940503883514e+11
-1.507181522282953434e+00 1.199971940501636200e+11
-1.512074968783872375e+00 1.199971940499388885e+11
-1.516968415284790872e+00 1.199971940497469177e+11
-1.521861861785709813e+00 1.199971940495549622e+11
-1.526755308286628310e+00 1.199971940494012756e+11
-1.531648754787547251e+00 1.199971940492475891e+11
-1.536542201288465748e+00 1.199971940491206665e+11
-1.541435647789384689e+00 1.199971940489937592e+11
-1.546329094290303185e+00 1.199971940489156189e+11
-1.551222540791221682e+00 1.199971940488374786e+11
-1.556115987292140179e+00 1.199971940487842407e+11
-1.561009433793059120e+00 1.199971940487310028e+11
-1.565902880293977617e+00 1.199971940487144928e+11
-1.570796326794896558e+00 1.199971940486979828e+11
