1.570796326794896558e+00 -5.892764812374620140e+07
1.565902880293977839e+00 -5.885703077685379982e+07
1.561009433793059120e+00 -5.874148644428739697e+07
1.556115987292140623e+00 -5.848628254850083590e+07
1.551222540791221904e+00 -5.818731354822875559e+07
1.546329094290303185e+00 -5.775333269702020288e+07
1.541435647789384467e+00 -5.727784926224582642e+07
1.536542201288465748e+00 -5.667484788238770515e+07
1.531648754787547029e+00 -5.603359005585810542e+07
1.526755308286628532e+00 -5.527479836356299371e+07
1.521861861785709813e+00 -5.448181733353692293e+07
1.516968415284791094e+00 -5.358332032732643187e+07
1.512074968783872375e+00 -5.265532730969604105e+07
1.507181522282953656e+00 -5.163534865205693990e+07
1.502288075782034937e+00 -5.059098205930068344e+07
1.497394629281116440e+00 -4.946912410481639206e+07
1.492501182780197722e+00 -4.832818804375213385e+07
1.487607736279279003e+00 -4.712467937865720689e+07
1.482714289778360284e+00 -4.590740328724310547e+07
1.477820843277441565e+00 -4.464239839366388321e+07
1.472927396776522846e+00 -4.336875994933104515e+07
1.468033950275604349e+00 -4.206172601744595915e+07
1.463140503774685630e+00 -4.075086855367009342e+07
1.458247057273766911e+00 -3.942008213692862540e+07
1.453353610772848192e+00 -3.808984617681520432e+07
1.448460164271929473e+00 -3.675201154453474283e+07
1.443566717771010754e+00 -3.541858854530569911e+07
1.438673271270092258e+00 -3.408857771233368665e+07
1.433779824769173539e+00 -3.276628391211438924e+07
1.428886378268254820e+00 -3.145699102310692519e+07
1.423992931767336101e+00 -3.015815148263726011e+07
1.419099485266417382e+00 -2.888044755011494830e+07
1.414206038765498885e+00 -2.761537558303746581e+07
1.409312592264580166e+00 -2.637814586559510231e+07
1.404419145763661447e+00 -2.515519957159606740e+07
1.399525699262742728e+00 -2.396544519094295055e+07
1.394632252761824009e+00 -2.279114271056262031e+07
1.389738806260905291e+00 -2.165412795873409510e+07
1.384845359759986572e+00 -2.053330339025544003e+07
1.379951913259068075e+00 -1.945273213284232467e+07
1.375058466758149356e+00 -1.838871605023967475e+07
1.370165020257230637e+00 -1.736692309381134808e+07
1.365271573756311918e+00 -1.636173481001660787e+07
1.360378127255393199e+00 -1.539988050503301620e+07
1.355484680754474702e+00 -1.445442078970763087e+07
1.350591234253555983e+00 -1.355268045480162278e+07
1.345697787752637264e+00 -1.266691713562351093e+07
1.340804341251718546e+00 -1.182465892360966653e+07
1.335910894750799827e+00 -1.099779982511758059e+07
1.331017448249881330e+00 -1.021374709387334809e+07
1.326124001748962611e+00 -9.444396870265368372e+06
1.321230555248043892e+00 -8.716772795698123053e+06
1.316337108747125173e+00 -8.003071864662809297e+06
1.311443662246206454e+00 -7.329725712247903459e+06
1.306550215745287735e+00 -6.669470841561736539e+06
1.301656769244369016e+00 -6.047985965522581711e+06
1.296763322743450519e+00 -5.438732955620217137e+06
1.291869876242531801e+00 -4.866517476326445118e+06
1.286976429741613082e+00 -4.305667113842274062e+06
1.282082983240694363e+00 -3.780028746950586792e+06
1.277189536739775644e+00 -3.264897331431920175e+06
1.272296090238857147e+00 -2.783104061900691129e+06
1.267402643737938428e+00 -2.310980409459251910e+06
1.262509197237019709e+00 -1.870308671933216508e+06
1.257615750736100990e+00 -1.438499121735173278e+06
1.252722304235182271e+00 -1.036271147523408523e+06
1.247828857734263552e+00 -6.421343168169527780e+05
1.242935411233344833e+00 -2.757464807863775641e+05
1.238041964732426337e+00 8.328058007690100931e+04
1.233148518231507618e+00 4.163370394875415368e+05
1.228255071730588899e+00 7.427198480017187539e+05
1.223361625229670180e+00 1.044844434627189767e+06
1.218468178728751461e+00 1.340938066010504495e+06
1.213574732227832964e+00 1.614411725867853500e+06
1.208681285726914245e+00 1.882452595092576463e+06
1.203787839225995526e+00 2.129432281108935829e+06
1.198894392725076807e+00 2.371533516663455404e+06
1.194000946224158088e+00 2.594050276681970805e+06
1.189107499723239370e+00 2.812200398862693459e+06
1.184214053222320651e+00 3.012159654134680051e+06
1.179320606721402154e+00 3.208223295677572489e+06
1.174427160220483435e+00 3.387407170423232019e+06
1.169533713719564716e+00 3.563127693261128850e+06
1.164640267218646219e+00 3.723198570513287559e+06
1.159746820717727278e+00 3.880201794989132322e+06
1.154853374216808781e+00 4.022707048256116919e+06
1.149959927715890062e+00 4.162506055014860351e+06
1.145066481214971343e+00 4.288883199156083167e+06
1.140173034714052624e+00 4.412883558430116624e+06
1.135279588213133906e+00 4.524466036921320483e+06
1.130386141712215409e+00 4.633971502630764619e+06
1.125492695211296690e+00 4.731994520802307874e+06
1.120599248710377971e+00 4.828212853423586115e+06
1.115705802209459252e+00 4.913819345380763523e+06
1.110812355708540533e+00 4.997868164806311950e+06
1.105918909207622036e+00 5.072114699843127280e+06
1.101025462706703095e+00 5.145027298123673536e+06
1.096132016205784598e+00 5.208889793352064677e+06
1.091238569704865879e+00 5.271620734637138434e+06
1.086345123203947161e+00 5.326000054245935753e+06
1.081451676703028442e+00 5.379430629307505675e+06
1.076558230202109723e+00 5.425157872515655123e+06
1.071664783701191226e+00 5.470101293961523101e+06
1.066771337200272507e+00 5.507942819880913943e+06
1.061877890699353788e+00 5.545149127218007110e+06
1.056984444198435069e+00 5.575811324516906403e+06
1.052090997697516350e+00 5.605972008479835466e+06
1.047197551196597853e+00 5.630105778701524250e+06
1.042304104695678912e+00 5.653858164182703942e+06
1.037410658194760416e+00 5.672063095278042369e+06
1.032517211693841697e+00 5.689994399124331772e+06
1.027623765192922978e+00 5.702822648918326013e+06
1.022730318692004481e+00 5.715473801113270223e+06
1.017836872191085540e+00 5.723433701693383977e+06
1.012943425690167043e+00 5.731302858553540893e+06
1.008049979189248324e+00 5.734862354323075153e+06
1.003156532688329605e+00 5.738408140487791039e+06
9.982630861874108863e-01 5.737997837989611551e+06
9.933696396864922784e-01 5.737642437610838562e+06
9.884761931855735595e-01 5.733658497367125005e+06
9.835827466846548406e-01 5.729790441792067140e+06
9.786893001837362327e-01 5.722597315828405321e+06
9.737958536828175138e-01 5.715574069686542265e+06
9.689024071818987949e-01 5.705506840669081546e+06
9.640089606809801870e-01 5.695657181417354383e+06
9.591155141800614681e-01 5.683023909958673641e+06
9.542220676791427492e-01 5.670650172448595986e+06
9.493286211782241413e-01 5.655733950169881806e+06
9.444351746773054224e-01 5.641114030372715555e+06
9.395417281763867035e-01 5.624174954192740843e+06
9.346482816754680956e-01 5.607564232004826888e+06
9.297548351745493767e-01 5.588841106772451662e+06
9.248613886736306577e-01 5.570474109289400280e+06
9.199679421727120499e-01 5.550186132900184020e+06
9.150744956717933309e-01 5.530278213731528260e+06
9.101810491708746120e-01 5.508626430661642924e+06
9.052876026699560041e-01 5.487375160221367143e+06
9.003941561690372852e-01 5.464543981973897666e+06
8.955007096681185663e-01 5.442130590479634702e+06
8.906072631671999584e-01 5.418288917876623571e+06
8.857138166662812395e-01 5.394879385327545926e+06
8.808203701653625206e-01 5.370181810287198983e+06
8.759269236644439127e-01 5.345928177807835862e+06
8.710334771635251938e-01 5.320516207524873316e+06
8.661400306626064749e-01 5.295557634638602845e+06
8.612465841616878670e-01 5.269560538268514909e+06
8.563531376607691481e-01 5.244024176379604265e+06
8.514596911598504292e-01 5.217559966506667435e+06
8.465662446589318213e-01 5.191561939070491120e+06
8.416727981580131024e-01 5.164738246183689684e+06
8.367793516570943835e-01 5.138384461121210828e+06
8.318859051561757756e-01 5.111299328133903444e+06
8.269924586552570567e-01 5.084686249405525625e+06
8.220990121543383378e-01 5.057428832982746884e+06
8.172055656534197299e-01 5.030644194231105968e+06
8.123121191525010110e-01 5.003295393391164951e+06
8.074186726515822921e-01 4.976418909275931306e+06
8.025252261506636842e-01 4.949052092589819804e+06
7.976317796497449653e-01 4.922156022421358153e+06
7.927383331488262463e-01 4.894837518101764843e+06
7.878448866479076385e-01 4.867987156951904297e+06
7.829514401469890306e-01 4.840776873912150040e+06
7.780579936460703117e-01 4.814031212664501742e+06
7.731645471451517038e-01 4.786983058691908605e+06
7.682711006442329849e-01 4.760395223458299413e+06
7.633776541433142659e-01 4.733557499022083357e+06
7.584842076423956581e-01 4.707175152689959854e+06
7.535907611414769391e-01 4.680591215842110105e+06
7.486973146405582202e-01 4.654457057699894533e+06
7.438038681396396123e-01 4.628165449563440867e+06
7.389104216387208934e-01 4.602317431272035465e+06
7.340169751378021745e-01 4.576352406066489406e+06
7.291235286368835666e-01 4.550824361547937617e+06
7.242300821359648477e-01 4.525216134135375731e+06
7.193366356350461288e-01 4.500037881779930554e+06
7.144431891341275209e-01 4.474813048312045634e+06
7.095497426332088020e-01 4.450010789237363264e+06
7.046562961322900831e-01 4.425192468710149638e+06
6.997628496313714752e-01 4.400789051413151436e+06
6.948694031304527563e-01 4.376397284153625369e+06
6.899759566295340374e-01 4.352412508797023445e+06
6.850825101286154295e-01 4.328464464232513681e+06
6.801890636276967106e-01 4.304915243578005582e+06
6.752956171267779917e-01 4.281425467655385844e+06
6.704021706258593838e-01 4.258326185497762635e+06
6.655087241249406649e-01 4.235306765383832157e+06
6.606152776240219460e-01 4.212669389178486541e+06
6.557218311231033381e-01 4.190130219595927279e+06
6.508283846221846192e-01 4.167964560696825385e+06
6.459349381212659003e-01 4.145913447280053049e+06
6.410414916203472924e-01 4.124227182172917295e+06
6.361480451194285735e-01 4.102670139788300730e+06
6.312545986185098545e-01 4.081469287847491913e+06
6.263611521175912467e-01 4.060410572733957320e+06
6.214677056166725277e-01 4.039699370538546704e+06
6.165742591157538088e-01 4.019141737063722219e+06
6.116808126148352009e-01 3.998922935623200145e+06
6.067873661139164820e-01 3.978867692324072588e+06
6.018939196129977631e-01 3.959142650552758481e+06
5.970004731120791552e-01 3.939589827761382796e+06
5.921070266111604363e-01 3.920358559820713475e+06
5.872135801102417174e-01 3.901307039905291051e+06
5.823201336093231095e-01 3.882568492445100565e+06
5.774266871084043906e-01 3.864016081947016530e+06
5.725332406074856717e-01 3.845768137159658596e+06
5.676397941065669528e-01 3.827711747005245183e+06
5.627463476056484559e-01 3.809951404808907304e+06
5.578529011047297370e-01 3.792386983825387899e+06
5.529594546038110181e-01 3.775110328549211845e+06
5.480660081028922992e-01 3.758033162125929259e+06
5.431725616019735803e-01 3.741235560501428321e+06
5.382791151010548614e-01 3.724640198683689348e+06
5.333856686001363645e-01 3.708316275117845275e+06
5.284922220992176456e-01 3.692196741221647710e+06
5.235987755982989267e-01 3.676340649423576891e+06
5.187053290973802078e-01 3.660690264583182521e+06
5.138118825964614889e-01 3.645295548365690745e+06
5.089184360955427699e-01 3.630107242573354859e+06
5.040249895946242731e-01 3.615166917255966458e+06
4.991315430937055542e-01 3.600433350335498806e+06
4.942380965927868353e-01 3.585940209957329091e+06
4.893446500918681163e-01 3.571653312242942397e+06
4.844512035909493974e-01 3.557599522633914836e+06
4.795577570900306785e-01 3.543751318472482730e+06
4.746643105891121817e-01 3.530128809704583138e+06
4.697708640881934627e-01 3.516711195652548689e+06
4.648774175872747438e-01 3.503512048854840454e+06
4.599839710863560249e-01 3.490515925958788954e+06
4.550905245854373060e-01 3.477731291686230805e+06
4.501970780845185871e-01 3.465148205524258316e+06
4.453036315836000902e-01 3.452769825895356014e+06
4.404101850826813713e-01 3.440590607115527149e+06
4.355167385817626524e-01 3.428609488321072888e+06
4.306232920808439335e-01 3.416825213223893661e+06
4.257298455799252146e-01 3.405232510396617465e+06
4.208363990790064957e-01 3.393834065069474746e+06
4.159429525780879988e-01 3.382620847337488085e+06
4.110495060771692799e-01 3.371598987854345702e+06
4.061560595762505610e-01 3.360756207273218781e+06
4.012626130753318421e-01 3.350101823936484288e+06
3.963691665744131232e-01 3.339620462508273777e+06
3.914757200734944043e-01 3.329324329173028935e+06
3.865822735725759074e-01 3.319195375816732179e+06
3.816888270716571885e-01 3.309248221193812788e+06
3.767953805707384696e-01 3.299462628770953510e+06
3.719019340698197507e-01 3.289855508175751194e+06
3.670084875689010318e-01 3.280404155425708275e+06
3.621150410679825349e-01 3.271128026342788711e+06
3.572215945670638160e-01 3.262002247811231297e+06
3.523281480661450971e-01 3.253047876945517026e+06
3.474347015652263782e-01 3.244238692164086271e+06
3.425412550643076592e-01 3.235597263373907190e+06
3.376478085633889403e-01 3.227095919250411913e+06
3.327543620624704435e-01 3.218758632768014446e+06
3.278609155615517246e-01 3.210556466971184593e+06
3.229674690606330056e-01 3.202514574766394217e+06
3.180740225597142867e-01 3.194602996822014451e+06
3.131805760587955678e-01 3.186847956890205853e+06
3.082871295578768489e-01 3.179218518271184061e+06
3.033936830569583520e-01 3.171741870460671373e+06
2.985002365560396331e-01 3.164386282139202580e+06
2.936067900551209142e-01 3.157179652182940859e+06
2.887133435542021953e-01 3.150089717367839068e+06
2.838198970532834764e-01 3.143144931551415008e+06
2.789264505523647575e-01 3.136312595083885826e+06
2.740330040514462606e-01 3.129621646208985709e+06
2.691395575505275417e-01 3.123038998006695416e+06
2.642461110496088228e-01 3.116594001898288727e+06
2.593526645486901039e-01 3.110253310491730459e+06
2.544592180477713850e-01 3.104046526708298828e+06
2.495657715468526661e-01 3.097940201806950383e+06
2.446723250459341692e-01 3.091964057657191530e+06
2.397788785450154503e-01 3.086084631844696123e+06
2.348854320440967314e-01 3.080331740059789270e+06
2.299919855431780125e-01 3.074671931686052587e+06
2.250985390422592936e-01 3.069135069076399785e+06
2.202050925413405746e-01 3.063687784015729558e+06
2.153116460404220778e-01 3.058359869769226760e+06
2.104181995395033589e-01 3.053118152656143066e+06
2.055247530385846400e-01 3.047992282045389991e+06
2.006313065376659210e-01 3.042949331471402664e+06
1.957378600367472021e-01 3.038018779994733166e+06
1.908444135358284832e-01 3.033167965438159183e+06
1.859509670349099864e-01 3.028426172032445204e+06
1.810575205339912674e-01 3.023761051351124886e+06
1.761640740330725485e-01 3.019201609665230382e+06
1.712706275321538296e-01 3.014715887269529980e+06
1.663771810312351107e-01 3.010332561161160003e+06
1.614837345303163918e-01 3.006020098590304609e+06
1.565902880293978949e-01 3.001806840842676349e+06
1.516968415284791760e-01 2.997661681811090559e+06
1.468033950275604571e-01 2.993612581769455224e+06
1.419099485266417382e-01 2.989628924362382386e+06
1.370165020257230193e-01 2.985738252062973101e+06
1.321230555248043004e-01 2.981910478502905928e+06
1.272296090238858035e-01 2.978172617626584601e+06
1.223361625229670846e-01 2.974495196949528530e+06
1.174427160220483657e-01 2.970904773519128095e+06
1.125492695211296468e-01 2.967372401466284413e+06
1.076558230202109279e-01 2.963924152998363599e+06
1.027623765192922090e-01 2.960531654176237527e+06
9.786893001837371209e-02 2.957220459441868588e+06
9.297548351745499318e-02 2.953962793136904482e+06
8.808203701653627427e-02 2.950783741313826293e+06
8.318859051561755535e-02 2.947656056398008019e+06
7.829514401469883644e-02 2.944604328567835502e+06
7.340169751378011753e-02 2.941601908964307513e+06
6.850825101286162067e-02 2.938672831224910449e+06
6.361480451194290175e-02 2.935791087133661844e+06
5.872135801102418284e-02 2.932980162094941828e+06
5.382791151010546393e-02 2.930214653297106735e+06
4.893446500918674502e-02 2.927517520467882510e+06
4.404101850826802611e-02 2.924863958209327888e+06
3.914757200734952924e-02 2.922276393693062942e+06
3.425412550643081033e-02 2.919730632243665867e+06
2.936067900551209142e-02 2.917248511178748682e+06
2.446723250459337251e-02 2.914806497859082185e+06
1.957378600367465360e-02 2.912425883745781146e+06
1.468033950275593469e-02 2.910083775086464360e+06
9.786893001837437822e-03 2.907800766916195396e+06
4.893446500918718911e-03 2.905554687002212275e+06
0.000000000000000000e+00 2.903365729224497452e+06
-4.893446500918496866e-03 2.901212129216788802e+06
-9.786893001837437822e-03 2.899113540670878720e+06
-1.468033950275593469e-02 2.897048879696941935e+06
-1.957378600367465360e-02 2.895037148725887761e+06
-2.446723250459315047e-02 2.893058001207537483e+06
-2.936067900551209142e-02 2.891129926030283328e+06
-3.425412550643058829e-02 2.889232992259324994e+06
-3.914757200734952924e-02 2.887385259208641015e+06
-4.404101850826802611e-02 2.885567363072526641e+06
-4.893446500918674502e-02 2.883796845341820735e+06
-5.382791151010524189e-02 2.882054925951974932e+06
-5.872135801102418284e-02 2.880358647503517102e+06
-6.361480451194267971e-02 2.878689766381176654e+06
-6.850825101286162067e-02 2.877064804564126767e+06
-7.340169751378011753e-02 2.875466083916596137e+06
-7.829514401469883644e-02 2.873909637651597150e+06
-8.318859051561733331e-02 2.872378312133479863e+06
-8.808203701653627427e-02 2.870887681126663461e+06
-9.297548351745477113e-02 2.869421129826474935e+06
-9.786893001837371209e-02 2.867993678999739233e+06
-1.027623765192922090e-01 2.866589305029129144e+06
-1.076558230202109279e-01 2.865222587808819488e+06
-1.125492695211294247e-01 2.863877911553523038e+06
-1.174427160220483657e-01 2.862569466996192932e+06
-1.223361625229668626e-01 2.861282143792693038e+06
-1.272296090238858035e-01 2.860029600670000073e+06
-1.321230555248043004e-01 2.858797279590824619e+06
-1.370165020257230193e-01 2.857598427515727933e+06
-1.419099485266415162e-01 2.856418939551312942e+06
-1.468033950275604571e-01 2.855271607002639212e+06
-1.516968415284789540e-01 2.854142820290734991e+06
-1.565902880293978949e-01 2.853044908264409285e+06
-1.614837345303163918e-01 2.851964774425679352e+06
-1.663771810312351107e-01 2.850914284365292639e+06
-1.712706275321536076e-01 2.849880772572654765e+06
-1.761640740330725485e-01 2.848875802068182733e+06
-1.810575205339910454e-01 2.847887044339808170e+06
-1.859509670349099864e-01 2.846925689385667909e+06
-1.908444135358284832e-01 2.845979858006928582e+06
-1.957378600367472021e-01 2.845060353672659490e+06
-2.006313065376656990e-01 2.844155702897100709e+06
-2.055247530385846400e-01 2.843276326455763076e+06
-2.104181995395031368e-01 2.842411118970615789e+06
-2.153116460404220778e-01 2.841570181213562842e+06
-2.202050925413405746e-01 2.840742814736846834e+06
-2.250985390422592936e-01 2.839938732062294148e+06
-2.299919855431777904e-01 2.839147655747892335e+06
-2.348854320440967314e-01 2.838378917207786813e+06
-2.397788785450152282e-01 2.837622578438201454e+06
-2.446723250459341692e-01 2.836887709764939267e+06
-2.495657715468526661e-01 2.836164699494963046e+06
-2.544592180477713850e-01 2.835462258391937241e+06
-2.593526645486898818e-01 2.834771140875744633e+06
-2.642461110496088228e-01 2.834099842914860696e+06
-2.691395575505273197e-01 2.833439311755497009e+06
-2.740330040514462606e-01 2.832797730663875118e+06
-2.789264505523647575e-01 2.832166503094909713e+06
-2.838198970532834764e-01 2.831553463370270561e+06
-2.887133435542019733e-01 2.830950315166402608e+06
-2.936067900551209142e-01 2.830364580994054209e+06
-2.985002365560394111e-01 2.829788286725850776e+06
-3.033936830569583520e-01 2.829228777200153098e+06
-3.082871295578768489e-01 2.828678390862059314e+06
-3.131805760587955678e-01 2.828143683687342331e+06
-3.180740225597140647e-01 2.827617822353784926e+06
-3.229674690606330056e-01 2.827107241873464081e+06
-3.278609155615515025e-01 2.826604940313481726e+06
-3.327543620624704435e-01 2.826117252663088497e+06
-3.376478085633889403e-01 2.825637445603286382e+06
-3.425412550643076592e-01 2.825171865468886681e+06
-3.474347015652261561e-01 2.824713707017515786e+06
-3.523281480661450971e-01 2.824269077303822618e+06
-3.572215945670635939e-01 2.823831654469497968e+06
-3.621150410679825349e-01 2.823407100683231372e+06
-3.670084875689010318e-01 2.822989452073749620e+06
-3.719019340698197507e-01 2.822584141740773804e+06
-3.767953805707382475e-01 2.822185426277917810e+06
-3.816888270716571885e-01 2.821798586483423132e+06
-3.865822735725756853e-01 2.821417980793811847e+06
-3.914757200734944043e-01 2.821048743680036161e+06
-3.963691665744131232e-01 2.820685468652845826e+06
-4.012626130753318421e-01 2.820333036389553454e+06
-4.061560595762503389e-01 2.819986326932170428e+06
-4.110495060771692799e-01 2.819650052219176665e+06
-4.159429525780877768e-01 2.819319218086188659e+06
-4.208363990790064957e-01 2.818998307271102909e+06
-4.257298455799252146e-01 2.818682579564039595e+06
-4.306232920808441555e-01 2.818376445975628681e+06
-4.355167385817626524e-01 2.818075260222519748e+06
-4.404101850826811493e-01 2.817783155679412186e+06
-4.453036315835996461e-01 2.817495788962317165e+06
-4.501970780845185871e-01 2.817217189758474007e+06
-4.550905245854370840e-01 2.816943081560124643e+06
-4.599839710863560249e-01 2.816677326988464221e+06
-4.648774175872745218e-01 2.816415886466727592e+06
-4.697708640881934627e-01 2.816162438608412631e+06
-4.746643105891119596e-01 2.815913096262743697e+06
-4.795577570900309006e-01 2.815671381112487987e+06
-4.844512035909493974e-01 2.815433589214613661e+06
-4.893446500918683384e-01 2.815203123629628681e+06
-4.942380965927868353e-01 2.814976383882062975e+06
-4.991315430937053321e-01 2.814756637909473386e+06
-5.040249895946238290e-01 2.814540454366347753e+06
-5.089184360955427699e-01 2.814330962049108930e+06
-5.138118825964612668e-01 2.814124871478031389e+06
-5.187053290973802078e-01 2.813925173131347634e+06
-5.235987755982987046e-01 2.813728712703282014e+06
-5.284922220992176456e-01 2.813538346083516721e+06
-5.333856686001361425e-01 2.813351067265129648e+06
-5.382791151010550834e-01 2.813169656932055950e+06
-5.431725616019735803e-01 2.812991163375626318e+06
-5.480660081028925212e-01 2.812818283525597304e+06
-5.529594546038110181e-01 2.812648202932279091e+06
-5.578529011047295150e-01 2.812483462355895899e+06
-5.627463476056480118e-01 2.812321368095194921e+06
-5.676397941065669528e-01 2.812164396125704516e+06
-5.725332406074854497e-01 2.812009966674987227e+06
-5.774266871084043906e-01 2.811860433344364166e+06
-5.823201336093228875e-01 2.811713308542806655e+06
-5.872135801102418284e-01 2.811570822856024839e+06
-5.921070266111603253e-01 2.811430657426812686e+06
-5.970004731120792663e-01 2.811294949381546583e+06
-6.018939196129977631e-01 2.811161463874630630e+06
-6.067873661139167041e-01 2.811032215369087178e+06
-6.116808126148352009e-01 2.810905047207027674e+06
-6.165742591157536978e-01 2.810781957800101489e+06
-6.214677056166721947e-01 2.810660871365781873e+06
-6.263611521175911356e-01 2.810543652226028498e+06
-6.312545986185096325e-01 2.810428343776496593e+06
-6.361480451194285735e-01 2.810316740506836679e+06
-6.410414916203470703e-01 2.810206931671047118e+06
-6.459349381212660113e-01 2.810100683441210072e+06
-6.508283846221845081e-01 2.809996158966824412e+06
-6.557218311231034491e-01 2.809894978940567002e+06
-6.606152776240219460e-01 2.809795474242603406e+06
-6.655087241249408869e-01 2.809699168396365829e+06
-6.704021706258593838e-01 2.809604442553102039e+06
-6.752956171267778807e-01 2.809512798168992624e+06
-6.801890636276963775e-01 2.809422630220585037e+06
-6.850825101286153185e-01 2.809335389509393834e+06
-6.899759566295338153e-01 2.809249575690311380e+06
-6.948694031304527563e-01 2.809166576336264610e+06
-6.997628496313712532e-01 2.809084916231955867e+06
-7.046562961322901941e-01 2.809005926274795085e+06
-7.095497426332086910e-01 2.808928232052502222e+06
-7.144431891341276319e-01 2.808853104230067693e+06
-7.193366356350461288e-01 2.808779185607630294e+06
-7.242300821359650698e-01 2.808707668431886472e+06
-7.291235286368835666e-01 2.808637291826168075e+06
-7.340169751378020635e-01 2.808569309680480510e+06
-7.389104216387205604e-01 2.808502443811812438e+06
-7.438038681396395013e-01 2.808437728243976366e+06
-7.486973146405579982e-01 2.808374097738835029e+06
-7.535907611414769391e-01 2.808312604072595015e+06
-7.584842076423954360e-01 2.808252113238296472e+06
-7.633776541433143770e-01 2.808193580257989466e+06
-7.682711006442328738e-01 2.808135988843316678e+06
-7.731645471451518148e-01 2.808080391327091958e+06
-7.780579936460703117e-01 2.808025667603507638e+06
-7.829514401469888085e-01 2.807972781701225322e+06
-7.878448866479077495e-01 2.807920751721661538e+06
-7.927383331488262463e-01 2.807870466150292661e+06
-7.976317796497447432e-01 2.807820981014151592e+06
-8.025252261506636842e-01 2.807773185715493746e+06
-8.074186726515821810e-01 2.807726132556074299e+06
-8.123121191525011220e-01 2.807680717179737054e+06
-8.172055656534196189e-01 2.807636038820306771e+06
-8.220990121543385598e-01 2.807592845073685050e+06
-8.269924586552570567e-01 2.807550369720932096e+06
-8.318859051561759976e-01 2.807509346008115448e+06
-8.367793516570944945e-01 2.807468978402186185e+06
-8.416727981580129914e-01 2.807429985397148877e+06
-8.465662446589314882e-01 2.807391625707552303e+06
-8.514596911598504292e-01 2.807354589876023121e+06
-8.563531376607689261e-01 2.807318149498675019e+06
-8.612465841616878670e-01 2.807282952203845605e+06
-8.661400306626063639e-01 2.807248327119995840e+06
-8.710334771635253048e-01 2.807214884171588346e+06
-8.759269236644438017e-01 2.807181972949258517e+06
-8.808203701653627427e-01 2.807150245163401123e+06
-8.857138166662812395e-01 2.807119021146053448e+06
-8.906072631672001805e-01 2.807088844951833598e+06
-8.955007096681186773e-01 2.807059183137464337e+06
-9.003941561690371742e-01 2.807030544204435311e+06
-9.052876026699556711e-01 2.807002378241500817e+06
-9.101810491708746120e-01 2.806975170539272018e+06
-9.150744956717931089e-01 2.806948415639646351e+06
-9.199679421727120499e-01 2.806922611818431411e+06
-9.248613886736305467e-01 2.806897223102360964e+06
-9.297548351745494877e-01 2.806872733913222793e+06
-9.346482816754679845e-01 2.806848613724320196e+06
-9.395417281763864814e-01 2.806825352746296674e+06
-9.444351746773054224e-01 2.806802477226371877e+06
-9.493286211782239192e-01 2.806780377975183073e+06
-9.542220676791428602e-01 2.806758645634304732e+06
-9.591155141800613571e-01 2.806737699468283914e+06
-9.640089606809798539e-01 2.806717090365035459e+06
-9.689024071818983508e-01 2.806697195027624257e+06
-9.737958536828172917e-01 2.806677600874593947e+06
-9.786893001837357886e-01 2.806658799609423615e+06
-9.835827466846547296e-01 2.806640245983643457e+06
-9.884761931855732264e-01 2.806622330241905991e+06
-9.933696396864921674e-01 2.806604742490525357e+06
-9.982630861874106643e-01 2.806587770897532348e+06
-1.003156532688329605e+00 2.806571051971832756e+06
-1.008049979189248102e+00 2.806554983760059346e+06
-1.012943425690167043e+00 2.806539257608421147e+06
-1.017836872191085540e+00 2.806523836327911820e+06
-1.022730318692004037e+00 2.806508810538313352e+06
-1.027623765192922534e+00 2.806494355571938679e+06
-1.032517211693841475e+00 2.806480115418279544e+06
-1.037410658194759971e+00 2.806466415058854967e+06
-1.042304104695678912e+00 2.806452925510331988e+06
-1.047197551196597409e+00 2.806439894847853109e+06
-1.052090997697516350e+00 2.806427158747230656e+06
-1.056984444198434847e+00 2.806414759321526624e+06
-1.061877890699353788e+00 2.806402630609003827e+06
-1.066771337200272285e+00 2.806390940471607260e+06
-1.071664783701191226e+00 2.806379451905526221e+06
-1.076558230202109723e+00 2.806368352712717839e+06
-1.081451676703028220e+00 2.806357454709588550e+06
-1.086345123203946716e+00 2.806347000503554940e+06
-1.091238569704865657e+00 2.806336650182926096e+06
-1.096132016205784154e+00 2.806326713181767613e+06
-1.101025462706703095e+00 2.806316928787885234e+06
-1.105918909207621592e+00 2.806307504694312345e+06
-1.110812355708540533e+00 2.806298242684890516e+06
-1.115705802209459030e+00 2.806289313769890461e+06
-1.120599248710377971e+00 2.806280561319462024e+06
-1.125492695211296468e+00 2.806272122054234147e+06
-1.130386141712215409e+00 2.806263757567011751e+06
-1.135279588213133906e+00 2.806255879820217378e+06
-1.140173034714052402e+00 2.806248032093274873e+06
-1.145066481214970899e+00 2.806240457747126464e+06
-1.149959927715889840e+00 2.806232946324607357e+06
-1.154853374216808337e+00 2.806225880131992977e+06
-1.159746820717727278e+00 2.806218836156905163e+06
-1.164640267218645775e+00 2.806212064114303328e+06
-1.169533713719564716e+00 2.806205360626646783e+06
-1.174427160220483213e+00 2.806199036853543017e+06
-1.179320606721402154e+00 2.806192725734514184e+06
-1.184214053222320651e+00 2.806186688555525616e+06
-1.189107499723239592e+00 2.806180786069322377e+06
-1.194000946224158088e+00 2.806174996450467035e+06
-1.198894392725076585e+00 2.806169343057176098e+06
-1.203787839225995082e+00 2.806163933177212253e+06
-1.208681285726914023e+00 2.806158603110325523e+06
-1.213574732227832520e+00 2.806153529495899566e+06
-1.218468178728751461e+00 2.806148450392747298e+06
-1.223361625229669958e+00 2.806143626524338033e+06
-1.228255071730588899e+00 2.806138876218500081e+06
-1.233148518231507396e+00 2.806134325336616486e+06
-1.238041964732426337e+00 2.806129913299215492e+06
-1.242935411233344833e+00 2.806125498257680796e+06
-1.247828857734263774e+00 2.806121235392243601e+06
-1.252722304235182271e+00 2.806117185186939314e+06
-1.257615750736100768e+00 2.806113159200414550e+06
-1.262509197237019265e+00 2.806109403422586620e+06
-1.267402643737938206e+00 2.806105617669309024e+06
-1.272296090238856703e+00 2.806102017988354433e+06
-1.277189536739775644e+00 2.806098473210634198e+06
-1.282082983240694141e+00 2.806095089760992210e+06
-1.286976429741613082e+00 2.806091752678846940e+06
-1.291869876242531578e+00 2.806088549692206085e+06
-1.296763322743450519e+00 2.806085401695992798e+06
-1.301656769244369016e+00 2.806082387054254767e+06
-1.306550215745287957e+00 2.806079427646426018e+06
-1.311443662246206454e+00 2.806076594042382203e+06
-1.316337108747124951e+00 2.806073813565922435e+06
-1.321230555248043448e+00 2.806071138381897938e+06
-1.326124001748962389e+00 2.806068498774273321e+06
-1.331017448249880886e+00 2.806066053450470325e+06
-1.335910894750799827e+00 2.806063545795817859e+06
-1.340804341251718323e+00 2.806061208673613146e+06
-1.345697787752637264e+00 2.806058906891081948e+06
-1.350591234253555761e+00 2.806056710025567561e+06
-1.355484680754474702e+00 2.806054557288159151e+06
-1.360378127255393199e+00 2.806052489159716293e+06
-1.365271573756312140e+00 2.806050466237810906e+06
-1.370165020257230637e+00 2.806048541032648645e+06
-1.375058466758149134e+00 2.806046651812581811e+06
-1.379951913259067631e+00 2.806044862160866149e+06
-1.384845359759986572e+00 2.806043110145470593e+06
-1.389738806260905069e+00 2.806041430333459750e+06
-1.394632252761824009e+00 2.806039793844966218e+06
-1.399525699262742506e+00 2.806038236488370225e+06
-1.404419145763661447e+00 2.806036722624693066e+06
-1.409312592264579944e+00 2.806035265666594263e+06
-1.414206038765498885e+00 2.806033836619650014e+06
-1.419099485266417382e+00 2.806032516965341289e+06
-1.423992931767336323e+00 2.806031223209575750e+06
-1.428886378268254820e+00 2.806029985916733276e+06
-1.433779824769173317e+00 2.806028778774243314e+06
-1.438673271270091814e+00 2.806027655182979535e+06
-1.443566717771010754e+00 2.806026556866280269e+06
-1.448460164271929251e+00 2.806025518394443206e+06
-1.453353610772848192e+00 2.806024506230147555e+06
-1.458247057273766689e+00 2.806023573901598342e+06
-1.463140503774685630e+00 2.806022672443844844e+06
-1.468033950275604127e+00 2.806021815559504088e+06
-1.472927396776523068e+00 2.806020980397365987e+06
-1.477820843277441565e+00 2.806020223754582927e+06
-1.482714289778360506e+00 2.806019488078306429e+06
-1.487607736279279003e+00 2.806018813015443273e+06
-1.492501182780197500e+00 2.806018163969287649e+06
-1.497394629281115996e+00 2.806017572851567529e+06
-1.502288075782034937e+00 2.806017005456843879e+06
-1.507181522282953434e+00 2.806016490876669530e+06
-1.512074968783872375e+00 2.806016005963492207e+06
-1.516968415284790872e+00 2.806015574729156680e+06
-1.521861861785709813e+00 2.806015170963690151e+06
-1.526755308286628310e+00 2.806014813723790925e+06
-1.531648754787547251e+00 2.806014479792431463e+06
-1.536542201288465748e+00 2.806014202902120072e+06
-1.541435647789384689e+00 2.806013949866494164e+06
-1.546329094290303185e+00 2.806013751804449596e+06
-1.551222540791221682e+00 2.806013578261695337e+06
-1.556115987292140179e+00 2.806013452605044469e+06
-1.561009433793059120e+00 2.806013350727442652e+06
-1.565902880293977617e+00 2.806013301684177946e+06
-1.570796326794896558e+00 2.806013276638120413e+06
