1.565902880293977839e+00 1.480809992358970703e+03
1.556115987292140623e+00 1.471445239314174842e+03
1.546329094290303185e+00 1.452932756315422012e+03
1.536542201288465748e+00 1.425695684291839598e+03
1.526755308286628532e+00 1.390342417535972345e+03
1.516968415284791094e+00 1.347637546199035569e+03
1.507181522282953656e+00 1.298466969957828269e+03
1.497394629281116440e+00 1.243799848084449877e+03
1.487607736279279003e+00 1.184650064991474210e+03
1.477820843277441565e+00 1.122039626313114240e+03
1.468033950275604349e+00 1.056965939375304970e+03
1.458247057273766911e+00 9.903743525258066711e+02
1.448460164271929473e+00 9.231367256639481411e+02
1.438673271270092258e+00 8.560362282264711666e+02
1.428886378268254820e+00 7.897580969554899184e+02
1.419099485266417382e+00 7.248857316854476949e+02
1.409312592264580166e+00 6.619012911188124235e+02
1.399525699262742728e+00 6.011898455325125497e+02
1.389738806260905291e+00 5.430461423929215243e+02
1.379951913259068075e+00 4.876831081113815003e+02
1.370165020257230637e+00 4.352413235723495859e+02
1.360378127255393199e+00 3.857988451621055219e+02
1.350591234253555983e+00 3.393808871302604757e+02
1.340804341251718546e+00 2.959690123779296300e+02
1.331017448249881330e+00 2.555095954698562366e+02
1.321230555248043892e+00 2.179214214235305747e+02
1.311443662246206454e+00 1.831023596338272057e+02
1.301656769244369016e+00 1.509351097016334506e+02
1.291869876242531801e+00 1.212920578670501754e+02
1.282082983240694363e+00 9.403930761957170148e+01
1.272296090238857147e+00 6.903996727447510295e+01
1.262509197237019709e+00 4.615677938327789320e+01
1.252722304235182271e+00 2.525417929115295479e+01
1.242935411233344833e+00 6.199868467140198014e+00
1.233148518231507396e+00 -1.113401872215271027e+01
1.223361625229670180e+00 -2.687008704900741662e+01
1.213574732227832964e+00 -4.112512763681412054e+01
1.203787839225995526e+00 -5.400978440561295457e+01
1.194000946224157866e+00 -6.562839742927550901e+01
1.184214053222320651e+00 -7.607898131170271938e+01
1.174427160220483435e+00 -8.545330946197508126e+01
1.164640267218646219e+00 -9.383707220640181390e+01
1.154853374216808781e+00 -1.013100945974349969e+02
1.145066481214971343e+00 -1.079465895123481687e+02
1.135279588213133906e+00 -1.138154372225761506e+02
1.125492695211296690e+00 -1.189804779963493360e+02
1.115705802209459030e+00 -1.235008101440429726e+02
1.105918909207622036e+00 -1.274310870340347321e+02
1.096132016205784598e+00 -1.308218090541839729e+02
1.086345123203947161e+00 -1.337196052382469418e+02
1.076558230202109723e+00 -1.361675053196907186e+02
1.066771337200272507e+00 -1.382051963108062580e+02
1.056984444198435069e+00 -1.398692674251556411e+02
1.047197551196597853e+00 -1.411934390590667476e+02
1.037410658194760416e+00 -1.422087780038833671e+02
1.027623765192922978e+00 -1.429438986857414307e+02
1.017836872191085540e+00 -1.434251490352630753e+02
1.008049979189248102e+00 -1.436767852804184145e+02
9.982630861874107753e-01 -1.437211313404083057e+02
9.884761931855734485e-01 -1.435787294620513705e+02
9.786893001837361217e-01 -1.432684773937225486e+02
9.689024071818986839e-01 -1.428077546632766541e+02
9.591155141800613571e-01 -1.422125403438568583e+02
9.493286211782241413e-01 -1.414975213119506918e+02
9.395417281763865924e-01 -1.406761924909591528e+02
9.297548351745493767e-01 -1.397609472019195778e+02
9.199679421727119388e-01 -1.387631639254569791e+02
9.101810491708745010e-01 -1.376932814814567791e+02
9.003941561690372852e-01 -1.365608742891311636e+02
8.906072631671998474e-01 -1.353747157221794453e+02
8.808203701653625206e-01 -1.341428399114608681e+02
8.710334771635250828e-01 -1.328725997430801442e+02
8.612465841616877560e-01 -1.315707164022445852e+02
8.514596911598504292e-01 -1.302433289879798792e+02
8.416727981580131024e-01 -1.288960376739501896e+02
8.318859051561757756e-01 -1.275339453081130898e+02
8.220990121543382267e-01 -1.261616947587966848e+02
8.123121191525008999e-01 -1.247835037475585978e+02
8.025252261506635731e-01 -1.234031979039192208e+02
7.927383331488262463e-01 -1.220242389604568416e+02
7.829514401469889195e-01 -1.206497541186332683e+02
7.731645471451515927e-01 -1.192825606126785232e+02
7.633776541433141549e-01 -1.179251898685455444e+02
7.535907611414769391e-01 -1.165799090721130398e+02
7.438038681396395013e-01 -1.152487419536590352e+02
7.340169751378020635e-01 -1.139334866403579696e+02
7.242300821359647367e-01 -1.126357349158287064e+02
7.144431891341274099e-01 -1.113568873528480481e+02
7.046562961322899721e-01 -1.100981679454803555e+02
6.948694031304527563e-01 -1.088606387120246950e+02
6.850825101286154295e-01 -1.076452128643989568e+02
6.752956171267778807e-01 -1.064526665714263913e+02
6.655087241249405539e-01 -1.052836499711990257e+02
6.557218311231032271e-01 -1.041386991737365832e+02
6.459349381212657892e-01 -1.030182423498153668e+02
6.361480451194285735e-01 -1.019226115811348023e+02
6.263611521175912467e-01 -1.008520513341903637e+02
6.165742591157536978e-01 -9.980672498588562291e+01
6.067873661139164820e-01 -9.878672280864715560e+01
5.970004731120790442e-01 -9.779206730365753231e+01
5.872135801102417174e-01 -9.682271963138579451e+01
5.774266871084043906e-01 -9.587858799724578773e+01
5.676397941065669528e-01 -9.495952973194121682e+01
5.578529011047297370e-01 -9.406535855121612144e+01
5.480660081028922992e-01 -9.319584660215376459e+01
5.382791151010548614e-01 -9.235073148365019335e+01
5.284922220992176456e-01 -9.152971782512663879e+01
5.187053290973802078e-01 -9.073248288764952463e+01
5.089184360955427699e-01 -8.995867821779251017e+01
4.991315430937055542e-01 -8.920793266868591331e+01
4.893446500918681163e-01 -8.847985895519255450e+01
4.795577570900306785e-01 -8.777404986839293599e+01
4.697708640881934627e-01 -8.709008397998807993e+01
4.599839710863560249e-01 -8.642753750724791928e+01
4.501970780845185871e-01 -8.578596711044313849e+01
4.404101850826813713e-01 -8.516492008838653760e+01
4.306232920808439335e-01 -8.456394601049422022e+01
4.208363990790064957e-01 -8.398258539190291572e+01
4.110495060771692799e-01 -8.342037610111238166e+01
4.012626130753318421e-01 -8.287685475835800730e+01
3.914757200734944043e-01 -8.235155778169632868e+01
3.816888270716571885e-01 -8.184402416667938951e+01
3.719019340698197507e-01 -8.135378169851304619e+01
3.621150410679825349e-01 -8.088038799591063821e+01
3.523281480661450971e-01 -8.042338188228607976e+01
3.425412550643076592e-01 -7.998230483303071026e+01
3.327543620624702214e-01 -7.955671700420379011e+01
3.229674690606330056e-01 -7.914617537937165537e+01
3.131805760587955678e-01 -7.875024499902724529e+01
3.033936830569583520e-01 -7.836849682397841832e+01
2.936067900551209142e-01 -7.800050847587586134e+01
2.838198970532834764e-01 -7.764586473073958928e+01
2.740330040514462606e-01 -7.730415784292220849e+01
2.642461110496088228e-01 -7.697498788490293009e+01
2.544592180477713850e-01 -7.665796259937286550e+01
2.446723250459341692e-01 -7.635269744691851201e+01
2.348854320440967314e-01 -7.605881651992795867e+01
2.250985390422592936e-01 -7.577595208492277834e+01
2.153116460404220778e-01 -7.550374474916458212e+01
2.055247530385846400e-01 -7.524184374961852484e+01
1.957378600367472021e-01 -7.498990652475359298e+01
1.859509670349099864e-01 -7.474759905595779230e+01
1.761640740330725485e-01 -7.451459593591690123e+01
1.663771810312351107e-01 -7.429057998008727282e+01
1.565902880293978949e-01 -7.407524248094560448e+01
1.468033950275604571e-01 -7.386828346891402930e+01
1.370165020257230193e-01 -7.366941042900086245e+01
1.272296090238858035e-01 -7.347833970699311124e+01
1.174427160220483657e-01 -7.329479512338637903e+01
1.076558230202109279e-01 -7.311850903759001596e+01
9.786893001837371209e-02 -7.294922150363923663e+01
8.808203701653627427e-02 -7.278668027696609499e+01
7.829514401469883644e-02 -7.263064082384109099e+01
6.850825101286162067e-02 -7.248086558218000164e+01
5.872135801102418284e-02 -7.233712469682694746e+01
4.893446500918674502e-02 -7.219919633903504064e+01
3.914757200734952924e-02 -7.206686402072905651e+01
2.936067900551209142e-02 -7.193991900091170066e+01
1.957378600367465360e-02 -7.181815954790116052e+01
9.786893001837437822e-03 -7.170139033517838811e+01
0.000000000000000000e+00 -7.158942124004363450e+01
-9.786893001837437822e-03 -7.148207231464385814e+01
-1.957378600367465360e-02 -7.137916376667023144e+01
-2.936067900551209142e-02 -7.128052727842329261e+01
-3.914757200734952924e-02 -7.118599715843200215e+01
-4.893446500918674502e-02 -7.109541415615082371e+01
-5.872135801102418284e-02 -7.100862450456621389e+01
-6.850825101286162067e-02 -7.092548079500197389e+01
-7.829514401469883644e-02 -7.084583923311232923e+01
-8.808203701653627427e-02 -7.076956200256347529e+01
-9.786893001837371209e-02 -7.069651607236862390e+01
-1.076558230202109279e-01 -7.062657389192580126e+01
-1.174427160220483657e-01 -7.055961041173935655e+01
-1.272296090238858035e-01 -7.049550695381165610e+01
-1.370165020257230193e-01 -7.043414836835862047e+01
-1.468033950275604571e-01 -7.037542467889785769e+01
-1.565902880293978949e-01 -7.031922895832063602e+01
-1.663771810312351107e-01 -7.026545833606719782e+01
-1.761640740330725485e-01 -7.021401430473328276e+01
-1.859509670349099864e-01 -7.016480201702118791e+01
-1.957378600367472021e-01 -7.011772991170883529e+01
-2.055247530385846400e-01 -7.007270974864958646e+01
-2.153116460404220778e-01 -7.002965672140122422e+01
-2.250985390422592936e-01 -6.998848936986922809e+01
-2.348854320440967314e-01 -6.994912951927183542e+01
-2.446723250459341692e-01 -6.991150266780854849e+01
-2.544592180477713850e-01 -6.987553461828231605e+01
-2.642461110496088228e-01 -6.984115761899946051e+01
-2.740330040514462606e-01 -6.980830478134154760e+01
-2.838198970532834764e-01 -6.977691075744628790e+01
-2.936067900551209142e-01 -6.974691409597397751e+01
-3.033936830569583520e-01 -6.971825642700194692e+01
-3.131805760587955678e-01 -6.969088364458082197e+01
-3.229674690606330056e-01 -6.966473281993864930e+01
-3.327543620624704435e-01 -6.963975771512984636e+01
-3.425412550643076592e-01 -6.961590552577972346e+01
-3.523281480661450971e-01 -6.959313151044845824e+01
-3.621150410679825349e-01 -6.957138631296157882e+01
-3.719019340698197507e-01 -6.955062600278856166e+01
-3.816888270716571885e-01 -6.953080841922759703e+01
-3.914757200734944043e-01 -6.951189327468873103e+01
-4.012626130753318421e-01 -6.949383901243210460e+01
-4.110495060771692799e-01 -6.947661052989961661e+01
-4.208363990790064957e-01 -6.946017046480179147e+01
-4.306232920808441555e-01 -6.944448457355497339e+01
-4.404101850826811493e-01 -6.942951973495483742e+01
-4.501970780845185871e-01 -6.941524418239595207e+01
-4.599839710863560249e-01 -6.940162731456756262e+01
-4.697708640881934627e-01 -6.938864034214019227e+01
-4.795577570900309006e-01 -6.937625505199433462e+01
-4.893446500918683384e-01 -6.936444481525420258e+01
-4.991315430937053321e-01 -6.935318392591476311e+01
-5.089184360955427699e-01 -6.934244806375502890e+01
-5.187053290973802078e-01 -6.933221380319594118e+01
-5.284922220992176456e-01 -6.932245822210312269e+01
-5.382791151010550834e-01 -6.931316002140046351e+01
-5.480660081028925212e-01 -6.930429889345170125e+01
-5.578529011047295150e-01 -6.929585474023819813e+01
-5.676397941065669528e-01 -6.928780873136520313e+01
-5.774266871084043906e-01 -6.928014326457977745e+01
-5.872135801102418284e-01 -6.927284038829803592e+01
-5.970004731120792663e-01 -6.926588385467529463e+01
-6.067873661139167041e-01 -6.925925809831619517e+01
-6.165742591157536978e-01 -6.925294795570374617e+01
-6.263611521175911356e-01 -6.924693881816864405e+01
-6.361480451194285735e-01 -6.924121697959900246e+01
-6.459349381212660113e-01 -6.923576906652449736e+01
-6.557218311231034491e-01 -6.923058260173797862e+01
-6.655087241249408869e-01 -6.922564538917542620e+01
-6.752956171267778807e-01 -6.922094606800079930e+01
-6.850825101286153185e-01 -6.921647347488402602e+01
-6.948694031304527563e-01 -6.921221709108353082e+01
-7.046562961322901941e-01 -6.920816698036193770e+01
-7.144431891341276319e-01 -6.920431348409651662e+01
-7.242300821359650698e-01 -6.920064685440063101e+01
-7.340169751378020635e-01 -6.919715896997452376e+01
-7.438038681396395013e-01 -6.919384181480405971e+01
-7.535907611414769391e-01 -6.919068729038238530e+01
-7.633776541433143770e-01 -6.918768666458129246e+01
-7.731645471451518148e-01 -6.918483297071456661e+01
-7.829514401469888085e-01 -6.918212049579619816e+01
-7.927383331488262463e-01 -6.917954125785827557e+01
-8.025252261506636842e-01 -6.917708931751251100e+01
-8.123121191525011220e-01 -6.917475839881896604e+01
-8.220990121543385598e-01 -6.917254349842070837e+01
-8.318859051561759976e-01 -6.917043853292466338e+01
-8.416727981580129914e-01 -6.916843817138672534e+01
-8.514596911598504292e-01 -6.916653766975403528e+01
-8.612465841616878670e-01 -6.916473188667298189e+01
-8.710334771635253048e-01 -6.916301648387909040e+01
-8.808203701653627427e-01 -6.916138721733094030e+01
-8.906072631672001805e-01 -6.915983995246887162e+01
-9.003941561690371742e-01 -6.915837052850724831e+01
-9.101810491708746120e-01 -6.915697526559830521e+01
-9.199679421727120499e-01 -6.915565007524490682e+01
-9.297548351745494877e-01 -6.915439275541305619e+01
-9.395417281763864814e-01 -6.915319903650284061e+01
-9.493286211782239192e-01 -6.915206574726104805e+01
-9.591155141800613571e-01 -6.915099034690857138e+01
-9.689024071818983508e-01 -6.914996986770631793e+01
-9.786893001837357886e-01 -6.914900112934111576e+01
-9.884761931855732264e-01 -6.914808294181824522e+01
-9.982630861874106643e-01 -6.914721144266128761e+01
-1.008049979189248102e+00 -6.914638546571731581e+01
-1.017836872191085540e+00 -6.914560160646439613e+01
-1.027623765192922534e+00 -6.914485827188488543e+01
-1.037410658194759971e+00 -6.914415393085479877e+01
-1.047197551196597409e+00 -6.914348601121901083e+01
-1.056984444198434847e+00 -6.914285317659376062e+01
-1.066771337200272285e+00 -6.914225200634002988e+01
-1.076558230202109723e+00 -6.914168372459411671e+01
-1.086345123203946716e+00 -6.914114374141692565e+01
-1.096132016205784154e+00 -6.914063579635620727e+01
-1.105918909207621592e+00 -6.914015083541869444e+01
-1.115705802209459030e+00 -6.913969258546829622e+01
-1.125492695211296468e+00 -6.913926003866195913e+01
-1.135279588213133906e+00 -6.913884960651397193e+01
-1.145066481214970899e+00 -6.913846160058976409e+01
-1.154853374216808337e+00 -6.913809415235519396e+01
-1.164640267218645775e+00 -6.913774629669190119e+01
-1.174427160220483213e+00 -6.913741740770339561e+01
-1.184214053222320651e+00 -6.913710688505173607e+01
-1.194000946224158088e+00 -6.913681253528595505e+01
-1.203787839225995082e+00 -6.913653401117326780e+01
-1.213574732227832520e+00 -6.913627113046645434e+01
-1.223361625229669958e+00 -6.913602215604784362e+01
-1.233148518231507396e+00 -6.913578779582975642e+01
-1.242935411233344833e+00 -6.913556643428802317e+01
-1.252722304235182271e+00 -6.913535642137526338e+01
-1.262509197237019265e+00 -6.913515952548979726e+01
-1.272296090238856703e+00 -6.913497461624143625e+01
-1.282082983240694141e+00 -6.913479988317489244e+01
-1.291869876242531578e+00 -6.913463518991470380e+01
-1.301656769244369016e+00 -6.913448006372452426e+01
-1.311443662246206454e+00 -6.913433419551849113e+01
-1.321230555248043448e+00 -6.913419660263062383e+01
-1.331017448249880886e+00 -6.913406816129685240e+01
-1.340804341251718323e+00 -6.913394680233001566e+01
-1.350591234253555761e+00 -6.913383345174788985e+01
-1.360378127255393199e+00 -6.913372720804214566e+01
-1.370165020257230637e+00 -6.913362791290282416e+01
-1.379951913259067631e+00 -6.913353509254454821e+01
-1.389738806260905069e+00 -6.913344874954223940e+01
-1.399525699262742506e+00 -6.913336823005674603e+01
-1.409312592264579944e+00 -6.913329358844757166e+01
-1.419099485266417382e+00 -6.913322429981231210e+01
-1.428886378268254820e+00 -6.913316065120694986e+01
-1.438673271270091814e+00 -6.913310193271637161e+01
-1.448460164271929251e+00 -6.913304813041686714e+01
-1.458247057273766689e+00 -6.913299919061661569e+01
-1.468033950275604127e+00 -6.913295484142304304e+01
-1.477820843277441565e+00 -6.913291486778260264e+01
-1.487607736279279003e+00 -6.913287935037612897e+01
-1.497394629281115996e+00 -6.913284803247449872e+01
-1.507181522282953434e+00 -6.913282088823318361e+01
-1.516968415284790872e+00 -6.913279777059555897e+01
-1.526755308286628310e+00 -6.913277862882613078e+01
-1.536542201288465748e+00 -6.913276329317092461e+01
-1.546329094290303185e+00 -6.913275192613600950e+01
-1.556115987292140179e+00 -6.913274437065123834e+01
-1.565902880293977617e+00 -6.913274058437347946e+01
