1.565902880293977839e+00 2.994327784072268677e+10
1.556115987292140623e+00 2.994365243084447861e+10
1.546329094290303185e+00 2.994439293016442871e+10
1.536542201288465748e+00 2.994548241304537201e+10
1.526755308286628532e+00 2.994689654371560669e+10
1.516968415284791094e+00 2.994860473856908417e+10
1.507181522282953656e+00 2.995057156161873245e+10
1.497394629281116440e+00 2.995275824649366760e+10
1.487607736279279003e+00 2.995512423781738663e+10
1.477820843277441565e+00 2.995762865536452103e+10
1.468033950275604349e+00 2.996023160284203339e+10
1.458247057273766911e+00 2.996289526631601334e+10
1.448460164271929473e+00 2.996558477139048767e+10
1.438673271270092258e+00 2.996826879128798676e+10
1.428886378268254820e+00 2.997091991653882599e+10
1.419099485266417382e+00 2.997351481114962769e+10
1.409312592264580166e+00 2.997603418877229309e+10
1.399525699262742728e+00 2.997846264659574509e+10
1.389738806260905291e+00 2.998078839472132874e+10
1.379951913259068075e+00 2.998300291609259033e+10
1.370165020257230637e+00 2.998510058747415161e+10
1.360378127255393199e+00 2.998707828661056137e+10
1.350591234253555983e+00 2.998893500493183517e+10
1.340804341251718546e+00 2.999067147992192841e+10
1.331017448249881330e+00 2.999228985659825134e+10
1.321230555248043892e+00 2.999379338356010437e+10
1.311443662246206454e+00 2.999518614603169250e+10
1.301656769244369016e+00 2.999647283602898026e+10
1.291869876242531801e+00 2.999765855810236359e+10
1.282082983240694363e+00 2.999874866811226273e+10
1.272296090238857147e+00 2.999974864172606659e+10
1.262509197237019709e+00 3.000066396924171448e+10
1.252722304235182271e+00 3.000150007324539948e+10
1.242935411233344833e+00 3.000226224567835999e+10
1.233148518231507396e+00 3.000295560116593170e+10
1.223361625229670180e+00 3.000358504389900589e+10
1.213574732227832964e+00 3.000415524552251816e+10
1.203787839225995526e+00 3.000467063179327011e+10
1.194000946224157866e+00 3.000513537631421661e+10
1.184214053222320651e+00 3.000555339966951370e+10
1.174427160220483435e+00 3.000592837279552460e+10
1.164640267218646219e+00 3.000626372330530167e+10
1.154853374216808781e+00 3.000656264420094299e+10
1.145066481214971343e+00 3.000682810399753952e+10
1.135279588213133906e+00 3.000706285790594864e+10
1.125492695211296690e+00 3.000726945953689957e+10
1.115705802209459030e+00 3.000745027282280731e+10
1.105918909207622036e+00 3.000760748389840698e+10
1.096132016205784598e+00 3.000774311277921295e+10
1.086345123203947161e+00 3.000785902462657547e+10
1.076558230202109723e+00 3.000795694062983322e+10
1.066771337200272507e+00 3.000803844826947784e+10
1.056984444198435069e+00 3.000810501111405182e+10
1.047197551196597853e+00 3.000815797797940826e+10
1.037410658194760416e+00 3.000819859153720093e+10
1.027623765192922978e+00 3.000822799636447525e+10
1.017836872191085540e+00 3.000824724637845612e+10
1.008049979189248102e+00 3.000825731182826233e+10
9.982630861874107753e-01 3.000825908567066193e+10
9.884761931855734485e-01 3.000825338959552765e+10
9.786893001837361217e-01 3.000824097951279449e+10
9.689024071818986839e-01 3.000822255060357666e+10
9.591155141800613571e-01 3.000819874203079987e+10
9.493286211782241413e-01 3.000817014126952362e+10
9.395417281763865924e-01 3.000813728811668396e+10
9.297548351745493767e-01 3.000810067830512238e+10
9.199679421727119388e-01 3.000806076697406387e+10
9.101810491708745010e-01 3.000801797167630386e+10
9.003941561690372852e-01 3.000797267538861084e+10
8.906072631671998474e-01 3.000792522904593277e+10
8.808203701653625206e-01 3.000787595401350403e+10
8.710334771635250828e-01 3.000782514440676880e+10
8.612465841616877560e-01 3.000777306907313538e+10
8.514596911598504292e-01 3.000771997357656479e+10
8.416727981580131024e-01 3.000766608192400360e+10
8.318859051561757756e-01 3.000761159822937012e+10
8.220990121543382267e-01 3.000755670820739746e+10
8.123121191525008999e-01 3.000750158056694794e+10
8.025252261506635731e-01 3.000744636833320236e+10
7.927383331488262463e-01 3.000739120997546387e+10
7.829514401469889195e-01 3.000733623058179092e+10
7.731645471451515927e-01 3.000728154284155273e+10
7.633776541433141549e-01 3.000722724801178741e+10
7.535907611414769391e-01 3.000717343677993011e+10
7.438038681396395013e-01 3.000712019009519196e+10
7.340169751378020635e-01 3.000706757988265991e+10
7.242300821359647367e-01 3.000701566981367874e+10
7.144431891341274099e-01 3.000696451591115952e+10
7.046562961322899721e-01 3.000691416713486481e+10
6.948694031304527563e-01 3.000686466596552658e+10
6.850825101286154295e-01 3.000681604893162155e+10
6.752956171267778807e-01 3.000676834707990265e+10
6.655087241249405539e-01 3.000672158641589355e+10
6.557218311231032271e-01 3.000667578838399506e+10
6.459349381212657892e-01 3.000663097011103821e+10
6.361480451194285735e-01 3.000658714488029099e+10
6.263611521175912467e-01 3.000654432247041321e+10
6.165742591157536978e-01 3.000650250941648102e+10
6.067873661139164820e-01 3.000646170932939148e+10
5.970004731120790442e-01 3.000642192310919189e+10
5.872135801102417174e-01 3.000638314920230103e+10
5.774266871084043906e-01 3.000634538393693542e+10
5.676397941065669528e-01 3.000630862160632324e+10
5.578529011047297370e-01 3.000627285475909424e+10
5.480660081028922992e-01 3.000623807428113174e+10
5.382791151010548614e-01 3.000620426967639160e+10
5.284922220992176456e-01 3.000617142913005066e+10
5.187053290973802078e-01 3.000613953973255157e+10
5.089184360955427699e-01 3.000610858754575729e+10
4.991315430937055542e-01 3.000607855772379303e+10
4.893446500918681163e-01 3.000604943477525330e+10
4.795577570900306785e-01 3.000602120241178131e+10
4.697708640881934627e-01 3.000599384377624512e+10
4.599839710863560249e-01 3.000596734191733551e+10
4.501970780845185871e-01 3.000594167910146332e+10
4.404101850826813713e-01 3.000591683722058105e+10
4.306232920808439335e-01 3.000589279825746536e+10
4.208363990790064957e-01 3.000586954383272171e+10
4.110495060771692799e-01 3.000584705546109009e+10
4.012626130753318421e-01 3.000582531460737991e+10
3.914757200734944043e-01 3.000580430272831345e+10
3.816888270716571885e-01 3.000578400138371277e+10
3.719019340698197507e-01 3.000576439168498611e+10
3.621150410679825349e-01 3.000574545593688202e+10
3.523281480661450971e-01 3.000572717569233704e+10
3.425412550643076592e-01 3.000570953261036682e+10
3.327543620624702214e-01 3.000569250909721375e+10
3.229674690606330056e-01 3.000567608743222046e+10
3.131805760587955678e-01 3.000566025021700668e+10
3.033936830569583520e-01 3.000564498029000473e+10
2.936067900551209142e-01 3.000563026075608063e+10
2.838198970532834764e-01 3.000561607500627518e+10
2.740330040514462606e-01 3.000560240673076248e+10
2.642461110496088228e-01 3.000558923993244171e+10
2.544592180477713850e-01 3.000557655892102051e+10
2.446723250459341692e-01 3.000556434831492233e+10
2.348854320440967314e-01 3.000555259307784271e+10
2.250985390422592936e-01 3.000554127850044250e+10
2.153116460404220778e-01 3.000553039020701218e+10
2.055247530385846400e-01 3.000551991416703033e+10
1.957378600367472021e-01 3.000550983667803574e+10
1.859509670349099864e-01 3.000550014437928391e+10
1.761640740330725485e-01 3.000549082425448227e+10
1.663771810312351107e-01 3.000548186361624908e+10
1.565902880293978949e-01 3.000547325011628342e+10
1.468033950275604571e-01 3.000546497175580215e+10
1.370165020257230193e-01 3.000545701683420563e+10
1.272296090238858035e-01 3.000544937400532532e+10
1.174427160220483657e-01 3.000544203222198105e+10
1.076558230202109279e-01 3.000543498077854919e+10
9.786893001837371209e-02 3.000542820927719116e+10
8.808203701653627427e-02 3.000542170762812424e+10
7.829514401469883644e-02 3.000541546604999924e+10
6.850825101286162067e-02 3.000540947504033279e+10
5.872135801102418284e-02 3.000540372540491867e+10
4.893446500918674502e-02 3.000539820827060699e+10
3.914757200734952924e-02 3.000539291497787476e+10
2.936067900551209142e-02 3.000538783717708206e+10
1.957378600367465360e-02 3.000538296679896164e+10
9.786893001837437822e-03 3.000537829603045273e+10
0.000000000000000000e+00 3.000537381726664734e+10
-9.786893001837437822e-03 3.000536952330963135e+10
-1.957378600367465360e-02 3.000536540696771240e+10
-2.936067900551209142e-02 3.000536146150818253e+10
-3.914757200734952924e-02 3.000535768030338287e+10
-4.893446500918674502e-02 3.000535405698329163e+10
-5.872135801102418284e-02 3.000535058539722824e+10
-6.850825101286162067e-02 3.000534725964884567e+10
-7.829514401469883644e-02 3.000534407398637009e+10
-8.808203701653627427e-02 3.000534102289714813e+10
-9.786893001837371209e-02 3.000533810105994034e+10
-1.076558230202109279e-01 3.000533530337272263e+10
-1.174427160220483657e-01 3.000533262483351517e+10
-1.272296090238858035e-01 3.000533006069519806e+10
-1.370165020257230193e-01 3.000532760635177994e+10
-1.468033950275604571e-01 3.000532525740420151e+10
-1.565902880293978949e-01 3.000532300957537842e+10
-1.663771810312351107e-01 3.000532085875048828e+10
-1.761640740330725485e-01 3.000531880098923492e+10
-1.859509670349099864e-01 3.000531683249772644e+10
-1.957378600367472021e-01 3.000531494961351395e+10
-2.055247530385846400e-01 3.000531314880699158e+10
-2.153116460404220778e-01 3.000531142668590164e+10
-2.250985390422592936e-01 3.000530977999184036e+10
-2.348854320440967314e-01 3.000530820559781647e+10
-2.446723250459341692e-01 3.000530670052375793e+10
-2.544592180477713850e-01 3.000530526180177689e+10
-2.642461110496088228e-01 3.000530388672180557e+10
-2.740330040514462606e-01 3.000530257260829926e+10
-2.838198970532834764e-01 3.000530131684734344e+10
-2.936067900551209142e-01 3.000530011698088455e+10
-3.033936830569583520e-01 3.000529897067412567e+10
-3.131805760587955678e-01 3.000529787576282883e+10
-3.229674690606330056e-01 3.000529682972984314e+10
-3.327543620624704435e-01 3.000529583072565079e+10
-3.425412550643076592e-01 3.000529487663807678e+10
-3.523281480661450971e-01 3.000529396567746353e+10
-3.621150410679825349e-01 3.000529309586956406e+10
-3.719019340698197507e-01 3.000529226545715714e+10
-3.816888270716571885e-01 3.000529147275381470e+10
-3.914757200734944043e-01 3.000529071614803314e+10
-4.012626130753318421e-01 3.000528999397754288e+10
-4.110495060771692799e-01 3.000528930483824158e+10
-4.208363990790064957e-01 3.000528864723563766e+10
-4.306232920808441555e-01 3.000528801979998779e+10
-4.404101850826811493e-01 3.000528742120644379e+10
-4.501970780845185871e-01 3.000528685018434143e+10
-4.599839710863560249e-01 3.000528630550962830e+10
-4.697708640881934627e-01 3.000528578603073120e+10
-4.795577570900309006e-01 3.000528529061912537e+10
-4.893446500918683384e-01 3.000528481820965576e+10
-4.991315430937053321e-01 3.000528436777408218e+10
-5.089184360955427699e-01 3.000528393833959579e+10
-5.187053290973802078e-01 3.000528352896917343e+10
-5.284922220992176456e-01 3.000528313874592972e+10
-5.382791151010550834e-01 3.000528276681790161e+10
-5.480660081028925212e-01 3.000528241237278366e+10
-5.578529011047295150e-01 3.000528207460665512e+10
-5.676397941065669528e-01 3.000528175276630020e+10
-5.774266871084043906e-01 3.000528144614762878e+10
-5.872135801102418284e-01 3.000528115403257751e+10
-5.970004731120792663e-01 3.000528087577123260e+10
-6.067873661139167041e-01 3.000528061074097824e+10
-6.165742591157536978e-01 3.000528035833527374e+10
-6.263611521175911356e-01 3.000528011796977234e+10
-6.361480451194285735e-01 3.000527988909622955e+10
-6.459349381212660113e-01 3.000527967117970657e+10
-6.557218311231034491e-01 3.000527946372111511e+10
-6.655087241249408869e-01 3.000527926623261261e+10
-6.752956171267778807e-01 3.000527907825976562e+10
-6.850825101286153185e-01 3.000527889935604095e+10
-6.948694031304527563e-01 3.000527872910068893e+10
-7.046562961322901941e-01 3.000527856709626007e+10
-7.144431891341276319e-01 3.000527841295640945e+10
-7.242300821359650698e-01 3.000527826629122162e+10
-7.340169751378020635e-01 3.000527812677584457e+10
-7.438038681396395013e-01 3.000527799408963776e+10
-7.535907611414769391e-01 3.000527786790866089e+10
-7.633776541433143770e-01 3.000527774788362885e+10
-7.731645471451518148e-01 3.000527763373587418e+10
-7.829514401469888085e-01 3.000527752523687744e+10
-7.927383331488262463e-01 3.000527742206735992e+10
-8.025252261506636842e-01 3.000527732398974609e+10
-8.123121191525011220e-01 3.000527723075299835e+10
-8.220990121543385598e-01 3.000527714215698242e+10
-8.318859051561759976e-01 3.000527705795836258e+10
-8.416727981580129914e-01 3.000527697794390106e+10
-8.514596911598504292e-01 3.000527690192383575e+10
-8.612465841616878670e-01 3.000527682969251251e+10
-8.710334771635253048e-01 3.000527676107640076e+10
-8.808203701653627427e-01 3.000527669590573883e+10
-8.906072631672001805e-01 3.000527663401514435e+10
-9.003941561690371742e-01 3.000527657523818588e+10
-9.101810491708746120e-01 3.000527651942766953e+10
-9.199679421727120499e-01 3.000527646642005539e+10
-9.297548351745494877e-01 3.000527641612726212e+10
-9.395417281763864814e-01 3.000527636837850571e+10
-9.493286211782239192e-01 3.000527632304693604e+10
-9.591155141800613571e-01 3.000527628003092194e+10
-9.689024071818983508e-01 3.000527623921175385e+10
-9.786893001837357886e-01 3.000527620046221924e+10
-9.884761931855732264e-01 3.000527616373471832e+10
-9.982630861874106643e-01 3.000527612887475204e+10
-1.008049979189248102e+00 3.000527609583567429e+10
-1.017836872191085540e+00 3.000527606448130417e+10
-1.027623765192922534e+00 3.000527603474792099e+10
-1.037410658194759971e+00 3.000527600657427979e+10
-1.047197551196597409e+00 3.000527597985749435e+10
-1.056984444198434847e+00 3.000527595454410934e+10
-1.066771337200272285e+00 3.000527593049729919e+10
-1.076558230202109723e+00 3.000527590776602936e+10
-1.086345123203946716e+00 3.000527588616670227e+10
-1.096132016205784154e+00 3.000527586584889984e+10
-1.105918909207621592e+00 3.000527584645046234e+10
-1.115705802209459030e+00 3.000527582812046432e+10
-1.125492695211296468e+00 3.000527581081859207e+10
-1.135279588213133906e+00 3.000527579440130615e+10
-1.145066481214970899e+00 3.000527577888106918e+10
-1.154853374216808337e+00 3.000527576418313980e+10
-1.164640267218645775e+00 3.000527575026891327e+10
-1.174427160220483213e+00 3.000527573711335373e+10
-1.184214053222320651e+00 3.000527572469244766e+10
-1.194000946224158088e+00 3.000527571291845703e+10
-1.203787839225995082e+00 3.000527570177749252e+10
-1.213574732227832520e+00 3.000527569126226425e+10
-1.223361625229669958e+00 3.000527568130328751e+10
-1.233148518231507396e+00 3.000527567192887878e+10
-1.242935411233344833e+00 3.000527566307441711e+10
-1.252722304235182271e+00 3.000527565467390060e+10
-1.262509197237019265e+00 3.000527564679806519e+10
-1.272296090238856703e+00 3.000527563940169525e+10
-1.282082983240694141e+00 3.000527563241237259e+10
-1.291869876242531578e+00 3.000527562582464218e+10
-1.301656769244369016e+00 3.000527561961959457e+10
-1.311443662246206454e+00 3.000527561378486633e+10
-1.321230555248043448e+00 3.000527560828115082e+10
-1.331017448249880886e+00 3.000527560314349747e+10
-1.340804341251718323e+00 3.000527559828913879e+10
-1.350591234253555761e+00 3.000527559375511551e+10
-1.360378127255393199e+00 3.000527558950536728e+10
-1.370165020257230637e+00 3.000527558553356171e+10
-1.379951913259067631e+00 3.000527558182074738e+10
-1.389738806260905069e+00 3.000527557836702728e+10
-1.399525699262742506e+00 3.000527557514624786e+10
-1.409312592264579944e+00 3.000527557216058350e+10
-1.419099485266417382e+00 3.000527556938903809e+10
-1.428886378268254820e+00 3.000527556684309387e+10
-1.438673271270091814e+00 3.000527556449435425e+10
-1.448460164271929251e+00 3.000527556234226227e+10
-1.458247057273766689e+00 3.000527556038467026e+10
-1.468033950275604127e+00 3.000527555861070251e+10
-1.477820843277441565e+00 3.000527555701175690e+10
-1.487607736279279003e+00 3.000527555559106064e+10
-1.497394629281115996e+00 3.000527555433834457e+10
-1.507181522282953434e+00 3.000527555325257492e+10
-1.516968415284790872e+00 3.000527555232786942e+10
-1.526755308286628310e+00 3.000527555156219864e+10
-1.536542201288465748e+00 3.000527555094877243e+10
-1.546329094290303185e+00 3.000527555049409103e+10
-1.556115987292140179e+00 3.000527555019187164e+10
-1.565902880293977617e+00 3.000527555004042053e+10
