1.565902880293977839e+00 -1.505588931113749119e-14
1.556115987292140623e+00 -1.492001625960153501e-14
1.546329094290303185e+00 -1.465176895608757771e-14
1.536542201288465748e+00 -1.425796040512300963e-14
1.526755308286628532e+00 -1.374836509480762827e-14
1.516968415284791094e+00 -1.313522886167145156e-14
1.507181522282953656e+00 -1.243268232457560810e-14
1.497394629281116440e+00 -1.165610399531374052e-14
1.487607736279279003e+00 -1.082147911734074697e-14
1.477820843277441565e+00 -9.944795456424216014e-15
1.468033950275604349e+00 -9.041509000712956561e-15
1.458247057273766911e+00 -8.126102314979546045e-15
1.448460164271929473e+00 -7.211747631161240451e-15
1.438673271270092258e+00 -6.310076881023103630e-15
1.428886378268254820e+00 -5.431052850625253566e-15
1.419099485266417382e+00 -4.582929694615397728e-15
1.409312592264580166e+00 -3.772287550245322386e-15
1.399525699262742728e+00 -3.004124488004674526e-15
1.389738806260905291e+00 -2.281989166975466645e-15
1.379951913259068075e+00 -1.608139140039488497e-15
1.370165020257230637e+00 -9.837117896501717800e-16
1.360378127255393199e+00 -4.088974376518908937e-16
1.350591234253555983e+00 1.168932608811940834e-16
1.340804341251718546e+00 5.948732136125246716e-16
1.331017448249881330e+00 1.026737592580874449e-15
1.321230555248043892e+00 1.414539184963210934e-15
1.311443662246206454e+00 1.760580952967868404e-15
1.301656769244369016e+00 2.067325402351132134e-15
1.291869876242531801e+00 2.337319751157736929e-15
1.282082983240694363e+00 2.573135459510571631e-15
1.272296090238857147e+00 2.777320486701653679e-15
1.262509197237019709e+00 2.952362618254638184e-15
1.252722304235182271e+00 3.100662175137757776e-15
1.242935411233344833e+00 3.224512577441324466e-15
1.233148518231507396e+00 3.326087361463441560e-15
1.223361625229670180e+00 3.407432407997294160e-15
1.213574732227832964e+00 3.470462288714355887e-15
1.203787839225995526e+00 3.516959823616253457e-15
1.194000946224157866e+00 3.548578089746349780e-15
1.184214053222320651e+00 3.566844209485681844e-15
1.174427160220483435e+00 3.573164442464404480e-15
1.164640267218646219e+00 3.568830125581347129e-15
1.154853374216808781e+00 3.555024157628067201e-15
1.145066481214971343e+00 3.532827753173218895e-15
1.135279588213133906e+00 3.503227278011341244e-15
1.125492695211296690e+00 3.467121015757271006e-15
1.115705802209459030e+00 3.425325750681237365e-15
1.105918909207622036e+00 3.378583090838627381e-15
1.096132016205784598e+00 3.327565496970947450e-15
1.086345123203947161e+00 3.272881961489004233e-15
1.076558230202109723e+00 3.215083334957214121e-15
1.066771337200272507e+00 3.154667283364984148e-15
1.056984444198435069e+00 3.092082901415184728e-15
1.047197551196597853e+00 3.027734969475890170e-15
1.037410658194760416e+00 2.961987869487233928e-15
1.027623765192922978e+00 2.895169198191997280e-15
1.017836872191085540e+00 2.827573064272344203e-15
1.008049979189248102e+00 2.759463118255207219e-15
9.982630861874107753e-01 2.691075311651934683e-15
9.884761931855734485e-01 2.622620420790572269e-15
9.786893001837361217e-01 2.554286357787581021e-15
9.689024071818986839e-01 2.486240249716960948e-15
9.591155141800613571e-01 2.418630357685022151e-15
9.493286211782241413e-01 2.351587801122814144e-15
9.395417281763865924e-01 2.285228151547113019e-15
9.297548351745493767e-01 2.219652860954607647e-15
9.199679421727119388e-01 2.154950573560785930e-15
9.101810491708745010e-01 2.091198311080481925e-15
9.003941561690372852e-01 2.028462555974932450e-15
8.906072631671998474e-01 1.966800239909652043e-15
8.808203701653625206e-01 1.906259630286527301e-15
8.710334771635250828e-01 1.846881159664429945e-15
8.612465841616877560e-01 1.788698148376060400e-15
8.514596911598504292e-01 1.731737502511158506e-15
8.416727981580131024e-01 1.676020317102706484e-15
8.318859051561757756e-01 1.621562445226588875e-15
8.220990121543382267e-01 1.568375004289790074e-15
8.123121191525008999e-01 1.516464840943963492e-15
8.025252261506635731e-01 1.465834971884373432e-15
7.927383331488262463e-01 1.416484966886719601e-15
7.829514401469889195e-01 1.368411287553646731e-15
7.731645471451515927e-01 1.321607639965670769e-15
7.633776541433141549e-01 1.276065254838510226e-15
7.535907611414769391e-01 1.231773152960837080e-15
7.438038681396395013e-01 1.188718421926420029e-15
7.340169751378020635e-01 1.146886406128332446e-15
7.242300821359647367e-01 1.106260930735583788e-15
7.144431891341274099e-01 1.066824505618458692e-15
7.046562961322899721e-01 1.028558469751128360e-15
6.948694031304527563e-01 9.914431593771562693e-16
6.850825101286154295e-01 9.554580703596707771e-16
6.752956171267778807e-01 9.205819629915748311e-16
6.655087241249405539e-01 8.867929902487207568e-16
6.557218311231032271e-01 8.540688299174059730e-16
6.459349381212657892e-01 8.223867537854130810e-16
6.361480451194285735e-01 7.917237230281839835e-16
6.263611521175912467e-01 7.620564856774792118e-16
6.165742591157536978e-01 7.333616497332532400e-16
6.067873661139164820e-01 7.056157483632136017e-16
5.970004731120790442e-01 6.787952829423000777e-16
5.872135801102417174e-01 6.528767963808881521e-16
5.774266871084043906e-01 6.278369361064587922e-16
5.676397941065669528e-01 6.036524800567067777e-16
5.578529011047297370e-01 5.803003860522397814e-16
5.480660081028922992e-01 5.577578127358907243e-16
5.382791151010548614e-01 5.360021810031050102e-16
5.284922220992176456e-01 5.150111863444900000e-16
5.187053290973802078e-01 4.947628113955354336e-16
5.089184360955427699e-01 4.752353508924241982e-16
4.991315430937055542e-01 4.564074768356398993e-16
4.893446500918681163e-01 4.382581703498687652e-16
4.795577570900306785e-01 4.207668561954884353e-16
4.697708640881934627e-01 4.039132528656143460e-16
4.599839710863560249e-01 3.876775831703589713e-16
4.501970780845185871e-01 3.720404488768238807e-16
4.404101850826813713e-01 3.569827779185054298e-16
4.306232920808439335e-01 3.424860048579757992e-16
4.208363990790064957e-01 3.285319576919645468e-16
4.110495060771692799e-01 3.151028756575491478e-16
4.012626130753318421e-01 3.021814498168268398e-16
3.914757200734944043e-01 2.897507878018647556e-16
3.816888270716571885e-01 2.777944293711732505e-16
3.719019340698197507e-01 2.662962623278990389e-16
3.621150410679825349e-01 2.552407404344524201e-16
3.523281480661450971e-01 2.446126642520427735e-16
3.425412550643076592e-01 2.343972005058157230e-16
3.327543620624702214e-01 2.245799834497014554e-16
3.229674690606330056e-01 2.151470390751436368e-16
3.131805760587955678e-01 2.060847964739358554e-16
3.033936830569583520e-01 1.973800767508824993e-16
2.936067900551209142e-01 1.890200902468441386e-16
2.838198970532834764e-01 1.809924256780415929e-16
2.740330040514462606e-01 1.732850508807983350e-16
2.642461110496088228e-01 1.658863049070067290e-16
2.544592180477713850e-01 1.587848811982211889e-16
2.446723250459341692e-01 1.519698327407828681e-16
2.348854320440967314e-01 1.454305563178791902e-16
2.250985390422592936e-01 1.391567899645312491e-16
2.153116460404220778e-01 1.331385995743045596e-16
2.055247530385846400e-01 1.273663786262539764e-16
1.957378600367472021e-01 1.218308382350484841e-16
1.859509670349099864e-01 1.165229938725229141e-16
1.761640740330725485e-01 1.114341628405731271e-16
1.663771810312351107e-01 1.065559566158857064e-16
1.565902880293978949e-01 1.018802690355022134e-16
1.468033950275604571e-01 9.739927834226432031e-17
1.370165020257230193e-01 9.310542665543377633e-17
1.272296090238858035e-01 8.899142111311237692e-17
1.174427160220483657e-01 8.505022352423577987e-17
1.076558230202109279e-01 8.127504824766924193e-17
9.786893001837371209e-02 7.765934462240869143e-17
8.808203701653627427e-02 7.419679648806212368e-17
7.829514401469883644e-02 7.088132138403092032e-17
6.850825101286162067e-02 6.770704895932452088e-17
5.872135801102418284e-02 6.466832738401882642e-17
4.893446500918674502e-02 6.175971468996291626e-17
3.914757200734952924e-02 5.897595515319084666e-17
2.936067900551209142e-02 5.631200322194633981e-17
1.957378600367465360e-02 5.376299681561259145e-17
9.786893001837437822e-03 5.132424770376592792e-17
0.000000000000000000e+00 4.899124640683488438e-17
-9.786893001837437822e-03 4.675966606205421522e-17
-1.957378600367465360e-02 4.462532805338595639e-17
-2.936067900551209142e-02 4.258422734290197140e-17
-3.914757200734952924e-02 4.063249677755674618e-17
-4.893446500918674502e-02 3.876642770123754342e-17
-5.872135801102418284e-02 3.698245408700530539e-17
-6.850825101286162067e-02 3.527714960661021391e-17
-7.829514401469883644e-02 3.364721373887092117e-17
-8.808203701653627427e-02 3.208948184979815777e-17
-9.786893001837371209e-02 3.060091180870908111e-17
-1.076558230202109279e-01 2.917858774715970701e-17
-1.174427160220483657e-01 2.781969518466734060e-17
-1.272296090238858035e-01 2.652154201172792393e-17
-1.370165020257230193e-01 2.528153477523137733e-17
-1.468033950275604571e-01 2.409719769506667311e-17
-1.565902880293978949e-01 2.296614993715710322e-17
-1.663771810312351107e-01 2.188609288224765535e-17
-1.761640740330725485e-01 2.085483483517140964e-17
-1.859509670349099864e-01 1.987027496420602459e-17
-1.957378600367472021e-01 1.893038959697840000e-17
-2.055247530385846400e-01 1.803323987642422372e-17
-2.153116460404220778e-01 1.717696560984050350e-17
-2.250985390422592936e-01 1.635978841130477389e-17
-2.348854320440967314e-01 1.557999378074863625e-17
-2.446723250459341692e-01 1.483595848100993295e-17
-2.544592180477713850e-01 1.412609731234348251e-17
-2.642461110496088228e-01 1.344892209807270786e-17
-2.740330040514462606e-01 1.280297755908331963e-17
-2.838198970532834764e-01 1.218688806981950791e-17
-2.936067900551209142e-01 1.159932787015252258e-17
-3.033936830569583520e-01 1.103905579384766986e-17
-3.131805760587955678e-01 1.050481128421272571e-17
-3.229674690606330056e-01 9.995436633088330315e-18
-3.327543620624704435e-01 9.509855104938004056e-18
-3.425412550643076592e-01 9.046993119033705704e-18
-3.523281480661450971e-01 8.605809537010070408e-18
-3.621150410679825349e-01 8.185346278696898547e-18
-3.719019340698197507e-01 7.784660832937475376e-18
-3.816888270716571885e-01 7.402864203184436589e-18
-3.914757200734944043e-01 7.039100881828661879e-18
-4.012626130753318421e-01 6.692543322498087209e-18
-4.110495060771692799e-01 6.362417014236596947e-18
-4.208363990790064957e-01 6.047976554044892601e-18
-4.306232920808441555e-01 5.748495824944000074e-18
-4.404101850826811493e-01 5.463293129517948662e-18
-4.501970780845185871e-01 5.191718207687559312e-18
-4.599839710863560249e-01 4.933140986809609703e-18
-4.697708640881934627e-01 4.686961561240228199e-18
-4.795577570900309006e-01 4.452608646835440601e-18
-4.893446500918683384e-01 4.229539483774084596e-18
-4.991315430937053321e-01 4.017227607715849841e-18
-5.089184360955427699e-01 3.815173137439065122e-18
-5.187053290973802078e-01 3.622901447141049463e-18
-5.284922220992176456e-01 3.439953463508630124e-18
-5.382791151010550834e-01 3.265896311000409758e-18
-5.480660081028925212e-01 3.100315929311306604e-18
-5.578529011047295150e-01 2.942812263879358628e-18
-5.676397941065669528e-01 2.793003462155224982e-18
-5.774266871084043906e-01 2.650533155689025059e-18
-5.872135801102418284e-01 2.515051994799045195e-18
-5.970004731120792663e-01 2.386229867270034725e-18
-6.067873661139167041e-01 2.263750746197139631e-18
-6.165742591157536978e-01 2.147315461892998022e-18
-6.263611521175911356e-01 2.036636673266645965e-18
-6.361480451194285735e-01 1.931441766281760537e-18
-6.459349381212660113e-01 1.831465322755766393e-18
-6.557218311231034491e-01 1.736459128465345477e-18
-6.655087241249408869e-01 1.646186650906457263e-18
-6.752956171267778807e-01 1.560419811055890397e-18
-6.850825101286153185e-01 1.478942359975465556e-18
-6.948694031304527563e-01 1.401550342155614122e-18
-7.046562961322901941e-01 1.328042306040070270e-18
-7.144431891341276319e-01 1.258233295929566258e-18
-7.242300821359650698e-01 1.191939872145996361e-18
-7.340169751378020635e-01 1.128990645946182842e-18
-7.438038681396395013e-01 1.069233440686197263e-18
-7.535907611414769391e-01 1.012512579751369312e-18
-7.633776541433143770e-01 9.586707464626750734e-19
-7.731645471451518148e-01 9.075673141707805886e-19
-7.829514401469888085e-01 8.590713996437191728e-19
-7.927383331488262463e-01 8.130539191328862385e-19
-8.025252261506636842e-01 7.693934145516478566e-19
-8.123121191525011220e-01 7.279725517908730030e-19
-8.220990121543385598e-01 6.886861219647972667e-19
-8.318859051561759976e-01 6.514234738871694975e-19
-8.416727981580129914e-01 6.160832172935060397e-19
-8.514596911598504292e-01 5.825734259129387467e-19
-8.612465841616878670e-01 5.507991043687351170e-19
-8.710334771635253048e-01 5.206774788430312816e-19
-8.808203701653627427e-01 4.921276949818402529e-19
-8.906072631672001805e-01 4.650700277427643564e-19
-9.003941561690371742e-01 4.394265390155556561e-19
-9.101810491708746120e-01 4.151270356564577595e-19
-9.199679421727120499e-01 3.921019826784269210e-19
-9.297548351745494877e-01 3.702940428347457007e-19
-9.395417281763864814e-01 3.496336395439966329e-19
-9.493286211782239192e-01 3.300652662949463966e-19
-9.591155141800613571e-01 3.115353448614303574e-19
-9.689024071818983508e-01 2.939857671606970337e-19
-9.786893001837357886e-01 2.773863102419480130e-19
-9.884761931855732264e-01 2.616651124034276602e-19
-9.982630861874106643e-01 2.467835796921338262e-19
-1.008049979189248102e+00 2.327153278307939559e-19
-1.017836872191085540e+00 2.193768615398614586e-19
-1.027623765192922534e+00 2.067759071415387970e-19
-1.037410658194759971e+00 1.948553730942345107e-19
-1.047197551196597409e+00 1.835807011196958259e-19
-1.056984444198434847e+00 1.729153287474330074e-19
-1.066771337200272285e+00 1.628238746004126375e-19
-1.076558230202109723e+00 1.532889349559763446e-19
-1.086345123203946716e+00 1.442691683211724049e-19
-1.096132016205784154e+00 1.357649734528735301e-19
-1.105918909207621592e+00 1.277221126063568158e-19
-1.115705802209459030e+00 1.201227859564423503e-19
-1.125492695211296468e+00 1.129477074099011522e-19
-1.135279588213133906e+00 1.061702077593305027e-19
-1.145066481214970899e+00 9.976639177743574947e-20
-1.154853374216808337e+00 9.373700462701601856e-20
-1.164640267218645775e+00 8.802830333787851605e-20
-1.174427160220483213e+00 8.265785423010530725e-20
-1.184214053222320651e+00 7.758894402940435683e-20
-1.194000946224158088e+00 7.279048895066351490e-20
-1.203787839225995082e+00 6.828002233658453655e-20
-1.213574732227832520e+00 6.403356984272291875e-20
-1.223361625229669958e+00 6.002509330043024221e-20
-1.233148518231507396e+00 5.625620610041972136e-20
-1.242935411233344833e+00 5.269150189020797730e-20
-1.252722304235182271e+00 4.933494346237583402e-20
-1.262509197237019265e+00 4.620298921652469439e-20
-1.272296090238856703e+00 4.324299290375009028e-20
-1.282082983240694141e+00 4.046314865297262443e-20
-1.291869876242531578e+00 3.785057435495836919e-20
-1.301656769244369016e+00 3.539767814689762125e-20
-1.311443662246206454e+00 3.309507183081481278e-20
-1.321230555248043448e+00 3.093504576155374726e-20
-1.331017448249880886e+00 2.891539424672958689e-20
-1.340804341251718323e+00 2.701398020381574806e-20
-1.350591234253555761e+00 2.524179247087118146e-20
-1.360378127255393199e+00 2.358736771832319758e-20
-1.370165020257230637e+00 2.204345107041805071e-20
-1.379951913259067631e+00 2.060392646258909938e-20
-1.389738806260905069e+00 1.926767133146429326e-20
-1.399525699262742506e+00 1.802616348781230879e-20
-1.409312592264579944e+00 1.687545591630914062e-20
-1.419099485266417382e+00 1.581038329314664727e-20
-1.428886378268254820e+00 1.483221673998757576e-20
-1.438673271270091814e+00 1.393361118732287264e-20
-1.448460164271929251e+00 1.311215081091255131e-20
-1.458247057273766689e+00 1.236546466478412871e-20
-1.468033950275604127e+00 1.168850119294061053e-20
-1.477820843277441565e+00 1.108011276430437776e-20
-1.487607736279279003e+00 1.053854324805014818e-20
-1.497394629281115996e+00 1.006193202047563093e-20
-1.507181522282953434e+00 9.649696665133943345e-21
-1.516968415284790872e+00 9.298871973672204961e-21
-1.526755308286628310e+00 9.008447557324657853e-21
-1.536542201288465748e+00 8.777856227020112767e-21
-1.546329094290303185e+00 8.605810633265757117e-21
-1.556115987292140179e+00 8.490955801331245672e-21
-1.565902880293977617e+00 8.433722811637825231e-21
