1.570796326794896558e+00 2.893785284879684448e+07
1.565902880293977839e+00 2.891243492611122131e+07
1.561009433793059120e+00 2.888701700342559814e+07
1.556115987292140623e+00 2.881117772489356995e+07
1.551222540791221904e+00 2.873533844636154175e+07
1.546329094290303185e+00 2.861030477884101868e+07
1.541435647789384467e+00 2.848527111132049561e+07
1.536542201288465748e+00 2.831303417992782593e+07
1.531648754787547029e+00 2.814079724853515625e+07
1.526755308286628532e+00 2.792403570981597900e+07
1.521861861785709813e+00 2.770727417109680176e+07
1.516968415284791094e+00 2.744925468078613281e+07
1.512074968783872375e+00 2.719123519047546387e+07
1.507181522282953656e+00 2.689569663603401184e+07
1.502288075782034937e+00 2.660015808159255981e+07
1.497394629281116440e+00 2.627118680285644531e+07
1.492501182780197722e+00 2.594221552412033081e+07
1.487607736279279003e+00 2.558411878556632996e+07
1.482714289778360284e+00 2.522602204701232910e+07
1.477820843277441565e+00 2.484320616501808167e+07
1.472927396776522846e+00 2.446039028302383423e+07
1.468033950275604349e+00 2.405724884778213501e+07
1.463140503774685630e+00 2.365410741254043579e+07
1.458247057273766911e+00 2.323492335065078735e+07
1.453353610772848192e+00 2.281573928876113892e+07
1.448460164271929473e+00 2.238460354789733887e+07
1.443566717771010754e+00 2.195346780703353882e+07
1.438673271270092258e+00 2.151421539811706543e+07
1.433779824769173539e+00 2.107496298920059204e+07
1.428886378268254820e+00 2.063112646318244934e+07
1.423992931767336101e+00 2.018728993716430664e+07
1.419099485266417382e+00 1.974206921996688843e+07
1.414206038765498885e+00 1.929684850276947021e+07
1.409312592264580166e+00 1.885309512936210632e+07
1.404419145763661447e+00 1.840934175595474243e+07
1.399525699262742728e+00 1.796955565476799011e+07
1.394632252761824009e+00 1.752976955358123779e+07
1.389738806260905291e+00 1.709610587096214294e+07
1.384845359759986572e+00 1.666244218834304810e+07
1.379951913259068075e+00 1.623672583157920837e+07
1.375058466758149356e+00 1.581100947481536865e+07
1.370165020257230637e+00 1.539475554642295837e+07
1.365271573756311918e+00 1.497850161803054810e+07
1.360378127255393199e+00 1.457293941501426697e+07
1.355484680754474702e+00 1.416737721199798584e+07
1.350591234253555983e+00 1.377347655254364014e+07
1.345697787752637264e+00 1.337957589308929443e+07
1.340804341251718546e+00 1.299807425679588318e+07
1.335910894750799827e+00 1.261657262050247192e+07
1.331017448249881330e+00 1.224800217081260681e+07
1.326124001748962611e+00 1.187943172112274170e+07
1.321230555248043892e+00 1.152414538821792603e+07
1.316337108747125173e+00 1.116885905531311035e+07
1.311443662246206454e+00 1.082705520256233215e+07
1.306550215745287735e+00 1.048525134981155396e+07
1.301656769244369016e+00 1.015699658980941772e+07
1.296763322743450519e+00 9.828741829807281494e+06
1.291869876242531801e+00 9.513991919479370117e+06
1.286976429741613082e+00 9.199242009151458740e+06
1.282082983240694363e+00 8.897860542402267456e+06
1.277189536739775644e+00 8.596479075653076172e+06
1.272296090238857147e+00 8.308254232164382935e+06
1.267402643737938428e+00 8.020029388675689697e+06
1.262509197237019709e+00 7.744688666673660278e+06
1.257615750736100990e+00 7.469347944671630859e+06
1.252722304235182271e+00 7.206570895385742188e+06
1.247828857734263552e+00 6.943793846099853516e+06
1.242935411233344833e+00 6.693223178358078003e+06
1.238041964732426337e+00 6.442652510616302490e+06
1.233148518231507618e+00 6.203903615470886230e+06
1.228255071730588899e+00 5.965154720325469971e+06
1.223361625229670180e+00 5.737823684661865234e+06
1.218468178728751461e+00 5.510492648998260498e+06
1.213574732227832964e+00 5.294163002586364746e+06
1.208681285726914245e+00 5.077833356174468994e+06
1.203787839225995526e+00 4.872081836387634277e+06
1.198894392725076807e+00 4.666330316600799561e+06
1.194000946224158088e+00 4.470731477138519287e+06
1.189107499723239370e+00 4.275132637676239014e+06
1.184214053222320651e+00 4.089262689556121826e+06
1.179320606721402154e+00 3.903392741436004639e+06
1.174427160220483435e+00 3.726832678760528564e+06
1.169533713719564716e+00 3.550272616085052490e+06
1.164640267218646219e+00 3.382610699884414673e+06
1.159746820717727278e+00 3.214948783683776855e+06
1.154853374216808781e+00 3.055782435535430908e+06
1.149959927715890062e+00 2.896616087387084961e+06
1.145066481214971343e+00 2.745553453222274780e+06
1.140173034714052624e+00 2.594490819057464600e+06
1.135279588213133906e+00 2.451151819572448730e+06
1.130386141712215409e+00 2.307812820087432861e+06
1.125492695211296690e+00 2.171829996479034424e+06
1.120599248710377971e+00 2.035847172870635986e+06
1.115705802209459252e+00 1.906866194063186646e+06
1.110812355708540533e+00 1.777885215255737305e+06
1.105918909207622036e+00 1.655565184898376465e+06
1.101025462706703095e+00 1.533245154541015625e+06
1.096132016205784598e+00 1.417258803537368774e+06
1.091238569704865879e+00 1.301272452533721924e+06
1.086345123203947161e+00 1.191306078363418579e+06
1.081451676703028442e+00 1.081339704193115234e+06
1.076558230202109723e+00 9.770930911998748779e+05
1.071664783701191226e+00 8.728464782066345215e+05
1.066771337200272507e+00 7.740326654014587402e+05
1.061877890699353788e+00 6.752188525962829590e+05
1.056984444198435069e+00 5.815638756599426270e+05
1.052090997697516350e+00 4.879088987236022949e+05
1.047197551196597853e+00 3.991514428863525391e+05
1.042304104695678912e+00 3.103939870491027832e+05
1.037410658194760416e+00 2.262849928073883057e+05
1.032517211693841697e+00 1.421759985656738281e+05
1.027623765192922978e+00 6.247830159378051758e+04
1.022730318692004481e+00 -1.721939537811279297e+04
1.017836872191085540e+00 -9.273154203605651855e+04
1.012943425690167043e+00 -1.682436886940002441e+05
1.008049979189248324e+00 -2.397849914245605469e+05
1.003156532688329605e+00 -3.113262941551208496e+05
9.982630861874108863e-01 -3.791009109954833984e+05
9.933696396864922784e-01 -4.468755278358459473e+05
9.884761931855735595e-01 -5.110774880199432373e+05
9.835827466846548406e-01 -5.752794482040405273e+05
9.786893001837362327e-01 -6.360931053447723389e+05
9.737958536828175138e-01 -6.969067624855041504e+05
9.689024071818987949e-01 -7.545071886634826660e+05
9.640089606809801870e-01 -8.121076148414611816e+05
9.591155141800614681e-01 -8.666610771503448486e+05
9.542220676791427492e-01 -9.212145394592285156e+05
9.493286211782241413e-01 -9.728788589038848877e+05
9.444351746773054224e-01 -1.024543178348541260e+06
9.395417281763867035e-01 -1.073468185787200928e+06
9.346482816754680956e-01 -1.122393193225860596e+06
9.297548351745493767e-01 -1.168721059549331665e+06
9.248613886736306577e-01 -1.215048925872802734e+06
9.199679421727120499e-01 -1.258914569391250610e+06
9.150744956717933309e-01 -1.302780212909698486e+06
9.101810491708746120e-01 -1.344311630935668945e+06
9.052876026699560041e-01 -1.385843048961639404e+06
9.003941561690372852e-01 -1.425161731382369995e+06
8.955007096681185663e-01 -1.464480413803100586e+06
8.906072631671999584e-01 -1.501701545640945435e+06
8.857138166662812395e-01 -1.538922677478790283e+06
8.808203701653625206e-01 -1.574155522287368774e+06
8.759269236644439127e-01 -1.609388367095947266e+06
8.710334771635251938e-01 -1.642736628597259521e+06
8.661400306626064749e-01 -1.676084890098571777e+06
8.612465841616878670e-01 -1.707646898397445679e+06
8.563531376607691481e-01 -1.739208906696319580e+06
8.514596911598504292e-01 -1.769077919721603394e+06
8.465662446589318213e-01 -1.798946932746887207e+06
8.416727981580131024e-01 -1.827211410150527954e+06
8.367793516570943835e-01 -1.855475887554168701e+06
8.318859051561757756e-01 -1.882219734977722168e+06
8.269924586552570567e-01 -1.908963582401275635e+06
8.220990121543383378e-01 -1.934266359848022461e+06
8.172055656534197299e-01 -1.959569137294769287e+06
8.123121191525010110e-01 -1.983506329813003540e+06
8.074186726515822921e-01 -2.007443522331237793e+06
8.025252261506636842e-01 -2.030086707101821899e+06
7.976317796497449653e-01 -2.052729891872406006e+06
7.927383331488262463e-01 -2.074146917669296265e+06
7.878448866479076385e-01 -2.095563943466186523e+06
7.829514401469890306e-01 -2.115819223657608032e+06
7.780579936460703117e-01 -2.136074503849029541e+06
7.731645471451517038e-01 -2.155229070526123047e+06
7.682711006442329849e-01 -2.174383637203216553e+06
7.633776541433142659e-01 -2.192495397907257080e+06
7.584842076423956581e-01 -2.210607158611297607e+06
7.535907611414769391e-01 -2.227731049114227295e+06
7.486973146405582202e-01 -2.244854939617156982e+06
7.438038681396396123e-01 -2.261042990871429443e+06
7.389104216387208934e-01 -2.277231042125701904e+06
7.340169751378021745e-01 -2.292532665887832642e+06
7.291235286368835666e-01 -2.307834289649963379e+06
7.242300821359648477e-01 -2.322296319355010986e+06
7.193366356350461288e-01 -2.336758349060058594e+06
7.144431891341275209e-01 -2.350425187387466431e+06
7.095497426332088020e-01 -2.364092025714874268e+06
7.046562961322900831e-01 -2.377005791711807251e+06
6.997628496313714752e-01 -2.389919557708740234e+06
6.948694031304527563e-01 -2.402120189044952393e+06
6.899759566295340374e-01 -2.414320820381164551e+06
6.850825101286154295e-01 -2.425846171236038208e+06
6.801890636276967106e-01 -2.437371522090911865e+06
6.752956171267779917e-01 -2.448257517721176147e+06
6.704021706258593838e-01 -2.459143513351440430e+06
6.655087241249406649e-01 -2.469424186258316040e+06
6.606152776240219460e-01 -2.479704859165191650e+06
6.557218311231033381e-01 -2.489412533452987671e+06
6.508283846221846192e-01 -2.499120207740783691e+06
6.459349381212659003e-01 -2.508285432146072388e+06
6.410414916203472924e-01 -2.517450656551361084e+06
6.361480451194285735e-01 -2.526102476886749268e+06
6.312545986185098545e-01 -2.534754297222137451e+06
6.263611521175912467e-01 -2.542920223518371582e+06
6.214677056166725277e-01 -2.551086149814605713e+06
6.165742591157538088e-01 -2.558792275697708130e+06
6.116808126148352009e-01 -2.566498401580810547e+06
6.067873661139164820e-01 -2.573769423013687134e+06
6.018939196129977631e-01 -2.581040444446563721e+06
5.970004731120791552e-01 -2.587899829555511475e+06
5.921070266111604363e-01 -2.594759214664459229e+06
5.872135801102417174e-01 -2.601229139028549194e+06
5.823201336093231095e-01 -2.607699063392639160e+06
5.774266871084043906e-01 -2.613800613552093506e+06
5.725332406074856717e-01 -2.619902163711547852e+06
5.676397941065669528e-01 -2.625655276981353760e+06
5.627463476056484559e-01 -2.631408390251159668e+06
5.578529011047297370e-01 -2.636831981647491455e+06
5.529594546038110181e-01 -2.642255573043823242e+06
5.480660081028922992e-01 -2.647367580234527588e+06
5.431725616019735803e-01 -2.652479587425231934e+06
5.382791151010548614e-01 -2.657296946281433105e+06
5.333856686001363645e-01 -2.662114305137634277e+06
5.284922220992176456e-01 -2.666653156503677368e+06
5.235987755982989267e-01 -2.671192007869720459e+06
5.187053290973802078e-01 -2.675467530878067017e+06
5.138118825964614889e-01 -2.679743053886413574e+06
5.089184360955427699e-01 -2.683769779848098755e+06
5.040249895946242731e-01 -2.687796505809783936e+06
4.991315430937055542e-01 -2.691588045269012451e+06
4.942380965927868353e-01 -2.695379584728240967e+06
4.893446500918681163e-01 -2.698948907709121704e+06
4.844512035909493974e-01 -2.702518230690002441e+06
4.795577570900306785e-01 -2.705877553955078125e+06
4.746643105891121817e-01 -2.709236877220153809e+06
4.697708640881934627e-01 -2.712398097414016724e+06
4.648774175872747438e-01 -2.715559317607879639e+06
4.599839710863560249e-01 -2.718533009630203247e+06
4.550905245854373060e-01 -2.721506701652526855e+06
4.501970780845185871e-01 -2.724303658863067627e+06
4.453036315836000902e-01 -2.727100616073608398e+06
4.404101850826813713e-01 -2.729730488508224487e+06
4.355167385817626524e-01 -2.732360360942840576e+06
4.306232920808439335e-01 -2.734832576206207275e+06
4.257298455799252146e-01 -2.737304791469573975e+06
4.208363990790064957e-01 -2.739628177816390991e+06
4.159429525780879988e-01 -2.741951564163208008e+06
4.110495060771692799e-01 -2.744134488494873047e+06
4.061560595762505610e-01 -2.746317412826538086e+06
4.012626130753318421e-01 -2.748367795339584351e+06
3.963691665744131232e-01 -2.750418177852630615e+06
3.914757200734944043e-01 -2.752343498630523682e+06
3.865822735725759074e-01 -2.754268819408416748e+06
3.816888270716571885e-01 -2.756076224906921387e+06
3.767953805707384696e-01 -2.757883630405426025e+06
3.719019340698197507e-01 -2.759579716016769409e+06
3.670084875689010318e-01 -2.761275801628112793e+06
3.621150410679825349e-01 -2.762867063259124756e+06
3.572215945670638160e-01 -2.764458324890136719e+06
3.523281480661450971e-01 -2.765950659059524536e+06
3.474347015652263782e-01 -2.767442993228912354e+06
3.425412550643076592e-01 -2.768842106834411621e+06
3.376478085633889403e-01 -2.770241220439910889e+06
3.327543620624704435e-01 -2.771552494977951050e+06
3.278609155615517246e-01 -2.772863769515991211e+06
3.229674690606330056e-01 -2.774092259225845337e+06
3.180740225597142867e-01 -2.775320748935699463e+06
3.131805760587955678e-01 -2.776471274730682373e+06
3.082871295578768489e-01 -2.777621800525665283e+06
3.033936830569583520e-01 -2.778698887428283691e+06
2.985002365560396331e-01 -2.779775974330902100e+06
2.936067900551209142e-01 -2.780783904762268066e+06
2.887133435542021953e-01 -2.781791835193634033e+06
2.838198970532834764e-01 -2.782734671926498413e+06
2.789264505523647575e-01 -2.783677508659362793e+06
2.740330040514462606e-01 -2.784559068635940552e+06
2.691395575505275417e-01 -2.785440628612518311e+06
2.642461110496088228e-01 -2.786264533433914185e+06
2.593526645486901039e-01 -2.787088438255310059e+06
2.544592180477713850e-01 -2.787858117122650146e+06
2.495657715468526661e-01 -2.788627795989990234e+06
2.446723250459341692e-01 -2.789346443765640259e+06
2.397788785450154503e-01 -2.790065091541290283e+06
2.348854320440967314e-01 -2.790735775331497192e+06
2.299919855431780125e-01 -2.791406459121704102e+06
2.250985390422592936e-01 -2.792032046548843384e+06
2.202050925413405746e-01 -2.792657633975982666e+06
2.153116460404220778e-01 -2.793240855720520020e+06
2.104181995395033589e-01 -2.793824077465057373e+06
2.055247530385846400e-01 -2.794367484273910522e+06
2.006313065376659210e-01 -2.794910891082763672e+06
1.957378600367472021e-01 -2.795416891571044922e+06
1.908444135358284832e-01 -2.795922892059326172e+06
1.859509670349099864e-01 -2.796393782871246338e+06
1.810575205339912674e-01 -2.796864673683166504e+06
1.761640740330725485e-01 -2.797302600925445557e+06
1.712706275321538296e-01 -2.797740528167724609e+06
1.663771810312351107e-01 -2.798147517507553101e+06
1.614837345303163918e-01 -2.798554506847381592e+06
1.565902880293978949e-01 -2.798932485469818115e+06
1.516968415284791760e-01 -2.799310464092254639e+06
1.468033950275604571e-01 -2.799661215818405151e+06
1.419099485266417382e-01 -2.800011967544555664e+06
1.370165020257230193e-01 -2.800337224460601807e+06
1.321230555248043004e-01 -2.800662481376647949e+06
1.272296090238858035e-01 -2.800963807424545288e+06
1.223361625229670846e-01 -2.801265133472442627e+06
1.174427160220483657e-01 -2.801544066654205322e+06
1.125492695211296468e-01 -2.801822999835968018e+06
1.076558230202109279e-01 -2.802080945077896118e+06
1.027623765192922090e-01 -2.802338890319824219e+06
9.786893001837371209e-02 -2.802577195810317993e+06
9.297548351745499318e-02 -2.802815501300811768e+06
8.808203701653627427e-02 -2.803035442947387695e+06
8.318859051561755535e-02 -2.803255384593963623e+06
7.829514401469883644e-02 -2.803458136920928955e+06
7.340169751378011753e-02 -2.803660889247894287e+06
6.850825101286162067e-02 -2.803847564617156982e+06
6.361480451194290175e-02 -2.804034239986419678e+06
5.872135801102418284e-02 -2.804205892320632935e+06
5.382791151010546393e-02 -2.804377544654846191e+06
4.893446500918674502e-02 -2.804535171972274780e+06
4.404101850826802611e-02 -2.804692799289703369e+06
3.914757200734952924e-02 -2.804837347970962524e+06
3.425412550643081033e-02 -2.804981896652221680e+06
2.936067900551209142e-02 -2.805114194252014160e+06
2.446723250459337251e-02 -2.805246491851806641e+06
1.957378600367465360e-02 -2.805367400861740112e+06
1.468033950275593469e-02 -2.805488309871673584e+06
9.786893001837437822e-03 -2.805598582395553589e+06
4.893446500918718911e-03 -2.805708854919433594e+06
0.000000000000000000e+00 -2.805809241670608521e+06
-4.893446500918496866e-03 -2.805909628421783447e+06
-9.786893001837437822e-03 -2.806000795724868774e+06
-1.468033950275593469e-02 -2.806091963027954102e+06
-1.957378600367465360e-02 -2.806174539178848267e+06
-2.446723250459315047e-02 -2.806257115329742432e+06
-2.936067900551209142e-02 -2.806331730449676514e+06
-3.425412550643058829e-02 -2.806406345569610596e+06
-3.914757200734952924e-02 -2.806473540529251099e+06
-4.404101850826802611e-02 -2.806540735488891602e+06
-4.893446500918674502e-02 -2.806601046316146851e+06
-5.382791151010524189e-02 -2.806661357143402100e+06
-5.872135801102418284e-02 -2.806715277679443359e+06
-6.361480451194267971e-02 -2.806769198215484619e+06
-6.850825101286162067e-02 -2.806817205245971680e+06
-7.340169751378011753e-02 -2.806865212276458740e+06
-7.829514401469883644e-02 -2.806907727237701416e+06
-8.318859051561733331e-02 -2.806950242198944092e+06
-8.808203701653627427e-02 -2.806987691637039185e+06
-9.297548351745477113e-02 -2.807025141075134277e+06
-9.786893001837371209e-02 -2.807057883602142334e+06
-1.027623765192922090e-01 -2.807090626129150391e+06
-1.076558230202109279e-01 -2.807119058090209961e+06
-1.125492695211294247e-01 -2.807147490051269531e+06
-1.174427160220483657e-01 -2.807171906618118286e+06
-1.223361625229668626e-01 -2.807196323184967041e+06
-1.272296090238858035e-01 -2.807217050317764282e+06
-1.321230555248043004e-01 -2.807237777450561523e+06
-1.370165020257230193e-01 -2.807255120729446411e+06
-1.419099485266415162e-01 -2.807272464008331299e+06
-1.468033950275604571e-01 -2.807286684360504150e+06
-1.516968415284789540e-01 -2.807300904712677002e+06
-1.565902880293978949e-01 -2.807312248977661133e+06
-1.614837345303163918e-01 -2.807323593242645264e+06
-1.663771810312351107e-01 -2.807332320291519165e+06
-1.712706275321536076e-01 -2.807341047340393066e+06
-1.761640740330725485e-01 -2.807347371124267578e+06
-1.810575205339910454e-01 -2.807353694908142090e+06
-1.859509670349099864e-01 -2.807357831012725830e+06
-1.908444135358284832e-01 -2.807361967117309570e+06
-1.957378600367472021e-01 -2.807364102457046509e+06
-2.006313065376656990e-01 -2.807366237796783447e+06
-2.055247530385846400e-01 -2.807366555616378784e+06
-2.104181995395031368e-01 -2.807366873435974121e+06
-2.153116460404220778e-01 -2.807365519973754883e+06
-2.202050925413405746e-01 -2.807364166511535645e+06
-2.250985390422592936e-01 -2.807361333637237549e+06
-2.299919855431777904e-01 -2.807358500762939453e+06
-2.348854320440967314e-01 -2.807354310827255249e+06
-2.397788785450152282e-01 -2.807350120891571045e+06
-2.446723250459341692e-01 -2.807344713729858398e+06
-2.495657715468526661e-01 -2.807339306568145752e+06
-2.544592180477713850e-01 -2.807332805782318115e+06
-2.593526645486898818e-01 -2.807326304996490479e+06
-2.642461110496088228e-01 -2.807318836284637451e+06
-2.691395575505273197e-01 -2.807311367572784424e+06
-2.740330040514462606e-01 -2.807303019956588745e+06
-2.789264505523647575e-01 -2.807294672340393066e+06
-2.838198970532834764e-01 -2.807285577270507812e+06
-2.887133435542019733e-01 -2.807276482200622559e+06
-2.936067900551209142e-01 -2.807266697240829468e+06
-2.985002365560394111e-01 -2.807256912281036377e+06
-3.033936830569583520e-01 -2.807246537887573242e+06
-3.082871295578768489e-01 -2.807236163494110107e+06
-3.131805760587955678e-01 -2.807225331443786621e+06
-3.180740225597140647e-01 -2.807214499393463135e+06
-3.229674690606330056e-01 -2.807203209327697754e+06
-3.278609155615515025e-01 -2.807191919261932373e+06
-3.327543620624704435e-01 -2.807180199876785278e+06
-3.376478085633889403e-01 -2.807168480491638184e+06
-3.425412550643076592e-01 -2.807156462774276733e+06
-3.474347015652261561e-01 -2.807144445056915283e+06
-3.523281480661450971e-01 -2.807132218473434448e+06
-3.572215945670635939e-01 -2.807119991889953613e+06
-3.621150410679825349e-01 -2.807107537818908691e+06
-3.670084875689010318e-01 -2.807095083747863770e+06
-3.719019340698197507e-01 -2.807082472936630249e+06
-3.767953805707382475e-01 -2.807069862125396729e+06
-3.816888270716571885e-01 -2.807057150278091431e+06
-3.865822735725756853e-01 -2.807044438430786133e+06
-3.914757200734944043e-01 -2.807031677442550659e+06
-3.963691665744131232e-01 -2.807018916454315186e+06
-4.012626130753318421e-01 -2.807006089605331421e+06
-4.061560595762503389e-01 -2.806993262756347656e+06
-4.110495060771692799e-01 -2.806980468921661377e+06
-4.159429525780877768e-01 -2.806967675086975098e+06
-4.208363990790064957e-01 -2.806954876962661743e+06
-4.257298455799252146e-01 -2.806942078838348389e+06
-4.306232920808441555e-01 -2.806929375890731812e+06
-4.355167385817626524e-01 -2.806916672943115234e+06
-4.404101850826811493e-01 -2.806904024759292603e+06
-4.453036315835996461e-01 -2.806891376575469971e+06
-4.501970780845185871e-01 -2.806878844524383545e+06
-4.550905245854370840e-01 -2.806866312473297119e+06
-4.599839710863560249e-01 -2.806853892164230347e+06
-4.648774175872745218e-01 -2.806841471855163574e+06
-4.697708640881934627e-01 -2.806829213642120361e+06
-4.746643105891119596e-01 -2.806816955429077148e+06
-4.795577570900309006e-01 -2.806804835838317871e+06
-4.844512035909493974e-01 -2.806792716247558594e+06
-4.893446500918683384e-01 -2.806780770544052124e+06
-4.942380965927868353e-01 -2.806768824840545654e+06
-4.991315430937053321e-01 -2.806757063724517822e+06
-5.040249895946238290e-01 -2.806745302608489990e+06
-5.089184360955427699e-01 -2.806733743625640869e+06
-5.138118825964612668e-01 -2.806722184642791748e+06
-5.187053290973802078e-01 -2.806710827695846558e+06
-5.235987755982987046e-01 -2.806699470748901367e+06
-5.284922220992176456e-01 -2.806688308984756470e+06
-5.333856686001361425e-01 -2.806677147220611572e+06
-5.382791151010550834e-01 -2.806666211534500122e+06
-5.431725616019735803e-01 -2.806655275848388672e+06
-5.480660081028925212e-01 -2.806644570093154907e+06
-5.529594546038110181e-01 -2.806633864337921143e+06
-5.578529011047295150e-01 -2.806623376914978027e+06
-5.627463476056480118e-01 -2.806612889492034912e+06
-5.676397941065669528e-01 -2.806602638061523438e+06
-5.725332406074854497e-01 -2.806592386631011963e+06
-5.774266871084043906e-01 -2.806582373390197754e+06
-5.823201336093228875e-01 -2.806572360149383545e+06
-5.872135801102418284e-01 -2.806562560026168823e+06
-5.921070266111603253e-01 -2.806552759902954102e+06
-5.970004731120792663e-01 -2.806543216051101685e+06
-6.018939196129977631e-01 -2.806533672199249268e+06
-6.067873661139167041e-01 -2.806524355016708374e+06
-6.116808126148352009e-01 -2.806515037834167480e+06
-6.165742591157536978e-01 -2.806505968212127686e+06
-6.214677056166721947e-01 -2.806496898590087891e+06
-6.263611521175911356e-01 -2.806488063276290894e+06
-6.312545986185096325e-01 -2.806479227962493896e+06
-6.361480451194285735e-01 -2.806470617870330811e+06
-6.410414916203470703e-01 -2.806462007778167725e+06
-6.459349381212660113e-01 -2.806453645158767700e+06
-6.508283846221845081e-01 -2.806445282539367676e+06
-6.557218311231034491e-01 -2.806437141244888306e+06
-6.606152776240219460e-01 -2.806428999950408936e+06
-6.655087241249408869e-01 -2.806421083808898926e+06
-6.704021706258593838e-01 -2.806413167667388916e+06
-6.752956171267778807e-01 -2.806405489292144775e+06
-6.801890636276963775e-01 -2.806397810916900635e+06
-6.850825101286153185e-01 -2.806390342634201050e+06
-6.899759566295338153e-01 -2.806382874351501465e+06
-6.948694031304527563e-01 -2.806375633129119873e+06
-6.997628496313712532e-01 -2.806368391906738281e+06
-7.046562961322901941e-01 -2.806361371454238892e+06
-7.095497426332086910e-01 -2.806354351001739502e+06
-7.144431891341276319e-01 -2.806347550539016724e+06
-7.193366356350461288e-01 -2.806340750076293945e+06
-7.242300821359650698e-01 -2.806334124647140503e+06
-7.291235286368835666e-01 -2.806327499217987061e+06
-7.340169751378020635e-01 -2.806321112930297852e+06
-7.389104216387205604e-01 -2.806314726642608643e+06
-7.438038681396395013e-01 -2.806308543331146240e+06
-7.486973146405579982e-01 -2.806302360019683838e+06
-7.535907611414769391e-01 -2.806296358947753906e+06
-7.584842076423954360e-01 -2.806290357875823975e+06
-7.633776541433143770e-01 -2.806284548286437988e+06
-7.682711006442328738e-01 -2.806278738697052002e+06
-7.731645471451518148e-01 -2.806273128053665161e+06
-7.780579936460703117e-01 -2.806267517410278320e+06
-7.829514401469888085e-01 -2.806262089462280273e+06
-7.878448866479077495e-01 -2.806256661514282227e+06
-7.927383331488262463e-01 -2.806251406717300415e+06
-7.976317796497447432e-01 -2.806246151920318604e+06
-8.025252261506636842e-01 -2.806241068216323853e+06
-8.074186726515821810e-01 -2.806235984512329102e+06
-8.123121191525011220e-01 -2.806231086748123169e+06
-8.172055656534196189e-01 -2.806226188983917236e+06
-8.220990121543385598e-01 -2.806221449943542480e+06
-8.269924586552570567e-01 -2.806216710903167725e+06
-8.318859051561759976e-01 -2.806212143638610840e+06
-8.367793516570944945e-01 -2.806207576374053955e+06
-8.416727981580129914e-01 -2.806203163440704346e+06
-8.465662446589314882e-01 -2.806198750507354736e+06
-8.514596911598504292e-01 -2.806194491487503052e+06
-8.563531376607689261e-01 -2.806190232467651367e+06
-8.612465841616878670e-01 -2.806186128135681152e+06
-8.661400306626063639e-01 -2.806182023803710938e+06
-8.710334771635253048e-01 -2.806178040319442749e+06
-8.759269236644438017e-01 -2.806174056835174561e+06
-8.808203701653627427e-01 -2.806170250694274902e+06
-8.857138166662812395e-01 -2.806166444553375244e+06
-8.906072631672001805e-01 -2.806162751901626587e+06
-8.955007096681186773e-01 -2.806159059249877930e+06
-9.003941561690371742e-01 -2.806155503318786621e+06
-9.052876026699556711e-01 -2.806151947387695312e+06
-9.101810491708746120e-01 -2.806148528541564941e+06
-9.150744956717931089e-01 -2.806145109695434570e+06
-9.199679421727120499e-01 -2.806141816036224365e+06
-9.248613886736305467e-01 -2.806138522377014160e+06
-9.297548351745494877e-01 -2.806135344661712646e+06
-9.346482816754679845e-01 -2.806132166946411133e+06
-9.395417281763864814e-01 -2.806129117214202881e+06
-9.444351746773054224e-01 -2.806126067481994629e+06
-9.493286211782239192e-01 -2.806123111476898193e+06
-9.542220676791428602e-01 -2.806120155471801758e+06
-9.591155141800613571e-01 -2.806117326236724854e+06
-9.640089606809798539e-01 -2.806114497001647949e+06
-9.689024071818983508e-01 -2.806111780609130859e+06
-9.737958536828172917e-01 -2.806109064216613770e+06
-9.786893001837357886e-01 -2.806106432662963867e+06
-9.835827466846547296e-01 -2.806103801109313965e+06
-9.884761931855732264e-01 -2.806101268074035645e+06
-9.933696396864921674e-01 -2.806098735038757324e+06
-9.982630861874106643e-01 -2.806096314371109009e+06
-1.003156532688329605e+00 -2.806093893703460693e+06
-1.008049979189248102e+00 -2.806091573024749756e+06
-1.012943425690167043e+00 -2.806089252346038818e+06
-1.017836872191085540e+00 -2.806086991189956665e+06
-1.022730318692004037e+00 -2.806084730033874512e+06
-1.027623765192922534e+00 -2.806082587238311768e+06
-1.032517211693841475e+00 -2.806080444442749023e+06
-1.037410658194759971e+00 -2.806078384181976318e+06
-1.042304104695678912e+00 -2.806076323921203613e+06
-1.047197551196597409e+00 -2.806074326070785522e+06
-1.052090997697516350e+00 -2.806072328220367432e+06
-1.056984444198434847e+00 -2.806070426593780518e+06
-1.061877890699353788e+00 -2.806068524967193604e+06
-1.066771337200272285e+00 -2.806066691625595093e+06
-1.071664783701191226e+00 -2.806064858283996582e+06
-1.076558230202109723e+00 -2.806063110023498535e+06
-1.081451676703028220e+00 -2.806061361763000488e+06
-1.086345123203946716e+00 -2.806059669849395752e+06
-1.091238569704865657e+00 -2.806057977935791016e+06
-1.096132016205784154e+00 -2.806056348062515259e+06
-1.101025462706703095e+00 -2.806054718189239502e+06
-1.105918909207621592e+00 -2.806053187547683716e+06
-1.110812355708540533e+00 -2.806051656906127930e+06
-1.115705802209459030e+00 -2.806050148744583130e+06
-1.120599248710377971e+00 -2.806048640583038330e+06
-1.125492695211296468e+00 -2.806047214668273926e+06
-1.130386141712215409e+00 -2.806045788753509521e+06
-1.135279588213133906e+00 -2.806044450693130493e+06
-1.140173034714052402e+00 -2.806043112632751465e+06
-1.145066481214970899e+00 -2.806041788404464722e+06
-1.149959927715889840e+00 -2.806040464176177979e+06
-1.154853374216808337e+00 -2.806039214227676392e+06
-1.159746820717727278e+00 -2.806037964279174805e+06
-1.164640267218645775e+00 -2.806036780984878540e+06
-1.169533713719564716e+00 -2.806035597690582275e+06
-1.174427160220483213e+00 -2.806034430578231812e+06
-1.179320606721402154e+00 -2.806033263465881348e+06
-1.184214053222320651e+00 -2.806032174665451050e+06
-1.189107499723239592e+00 -2.806031085865020752e+06
-1.194000946224158088e+00 -2.806030037919998169e+06
-1.198894392725076585e+00 -2.806028989974975586e+06
-1.203787839225995082e+00 -2.806027978240966797e+06
-1.208681285726914023e+00 -2.806026966506958008e+06
-1.213574732227832520e+00 -2.806025990791320801e+06
-1.218468178728751461e+00 -2.806025015075683594e+06
-1.223361625229669958e+00 -2.806024091192245483e+06
-1.228255071730588899e+00 -2.806023167308807373e+06
-1.233148518231507396e+00 -2.806022296520233154e+06
-1.238041964732426337e+00 -2.806021425731658936e+06
-1.242935411233344833e+00 -2.806020572631835938e+06
-1.247828857734263774e+00 -2.806019719532012939e+06
-1.252722304235182271e+00 -2.806018966560363770e+06
-1.257615750736100768e+00 -2.806018213588714600e+06
-1.262509197237019265e+00 -2.806017417955398560e+06
-1.267402643737938206e+00 -2.806016622322082520e+06
-1.272296090238856703e+00 -2.806015906923294067e+06
-1.277189536739775644e+00 -2.806015191524505615e+06
-1.282082983240694141e+00 -2.806014509822845459e+06
-1.286976429741613082e+00 -2.806013828121185303e+06
-1.291869876242531578e+00 -2.806013175395965576e+06
-1.296763322743450519e+00 -2.806012522670745850e+06
-1.301656769244369016e+00 -2.806011896638870239e+06
-1.306550215745287957e+00 -2.806011270606994629e+06
-1.311443662246206454e+00 -2.806010690063476562e+06
-1.316337108747124951e+00 -2.806010109519958496e+06
-1.321230555248043448e+00 -2.806009530481338501e+06
-1.326124001748962389e+00 -2.806008951442718506e+06
-1.331017448249880886e+00 -2.806008433435440063e+06
-1.335910894750799827e+00 -2.806007915428161621e+06
-1.340804341251718323e+00 -2.806007415699005127e+06
-1.345697787752637264e+00 -2.806006915969848633e+06
-1.350591234253555761e+00 -2.806006445608139038e+06
-1.355484680754474702e+00 -2.806005975246429443e+06
-1.360378127255393199e+00 -2.806005519575119019e+06
-1.365271573756312140e+00 -2.806005063903808594e+06
-1.370165020257230637e+00 -2.806004646486282349e+06
-1.375058466758149134e+00 -2.806004229068756104e+06
-1.379951913259067631e+00 -2.806003832572937012e+06
-1.384845359759986572e+00 -2.806003436077117920e+06
-1.389738806260905069e+00 -2.806003061752319336e+06
-1.394632252761824009e+00 -2.806002687427520752e+06
-1.399525699262742506e+00 -2.806002340442657471e+06
-1.404419145763661447e+00 -2.806001993457794189e+06
-1.409312592264579944e+00 -2.806001661439895630e+06
-1.414206038765498885e+00 -2.806001329421997070e+06
-1.419099485266417382e+00 -2.806001032201766968e+06
-1.423992931767336323e+00 -2.806000734981536865e+06
-1.428886378268254820e+00 -2.806000448495864868e+06
-1.433779824769173317e+00 -2.806000162010192871e+06
-1.438673271270091814e+00 -2.805999907382965088e+06
-1.443566717771010754e+00 -2.805999652755737305e+06
-1.448460164271929251e+00 -2.805999405317306519e+06
-1.453353610772848192e+00 -2.805999157878875732e+06
-1.458247057273766689e+00 -2.805998948566436768e+06
-1.463140503774685630e+00 -2.805998739253997803e+06
-1.468033950275604127e+00 -2.805998535686492920e+06
-1.472927396776523068e+00 -2.805998332118988037e+06
-1.477820843277441565e+00 -2.805998158163070679e+06
-1.482714289778360506e+00 -2.805997984207153320e+06
-1.487607736279279003e+00 -2.805997827888488770e+06
-1.492501182780197500e+00 -2.805997671569824219e+06
-1.497394629281115996e+00 -2.805997533521652222e+06
-1.502288075782034937e+00 -2.805997395473480225e+06
-1.507181522282953434e+00 -2.805997276866912842e+06
-1.512074968783872375e+00 -2.805997158260345459e+06
-1.516968415284790872e+00 -2.805997058948516846e+06
-1.521861861785709813e+00 -2.805996959636688232e+06
-1.526755308286628310e+00 -2.805996873945236206e+06
-1.531648754787547251e+00 -2.805996788253784180e+06
-1.536542201288465748e+00 -2.805996722986221313e+06
-1.541435647789384689e+00 -2.805996657718658447e+06
-1.546329094290303185e+00 -2.805996614341735840e+06
-1.551222540791221682e+00 -2.805996570964813232e+06
-1.556115987292140179e+00 -2.805996543176651001e+06
-1.561009433793059120e+00 -2.805996515388488770e+06
-1.565902880293977617e+00 -2.805996506746292114e+06
-1.570796326794896558e+00 -2.805996498104095459e+06
