1.570796326794896558e+00 -1.302887736913045273e+02
1.563456157043518591e+00 4.342906758422851965e+01
1.556115987292140623e+00 5.798243458511352628e+02
1.548775817540762434e+00 4.551314984191894268e+02
1.541435647789384467e+00 3.192781219182332393e+02
1.534095478038006499e+00 3.528187048138937030e+02
1.526755308286628532e+00 3.635364995348612638e+02
1.519415138535250342e+00 3.575372356714884177e+02
1.512074968783872375e+00 3.429367293317159806e+02
1.504734799032494408e+00 3.405003957359313631e+02
1.497394629281116440e+00 3.320491583417256720e+02
1.490054459529738251e+00 3.255643208607991710e+02
1.482714289778360284e+00 3.152489443468729746e+02
1.475374120026982316e+00 3.076348918378193389e+02
1.468033950275604349e+00 2.972285689038594683e+02
1.460693780524226160e+00 2.884341991729736492e+02
1.453353610772848192e+00 2.775858217300415163e+02
1.446013441021470225e+00 2.681031915479024406e+02
1.438673271270092258e+00 2.570679784612020171e+02
1.431333101518714068e+00 2.471596989278157821e+02
1.423992931767336101e+00 2.360722528615315241e+02
1.416652762015958134e+00 2.259941920895894327e+02
1.409312592264580166e+00 2.150191854080200358e+02
1.401972422513201977e+00 2.049758067731221161e+02
1.394632252761824009e+00 1.942534161600748916e+02
1.387292083010446042e+00 1.844141715899149290e+02
1.379951913259068075e+00 1.740649628779092950e+02
1.372611743507690107e+00 1.645636077283223528e+02
1.365271573756311918e+00 1.546833073875427260e+02
1.357931404004933951e+00 1.456216244433085194e+02
1.350591234253555983e+00 1.362817776702880792e+02
1.343251064502177794e+00 1.277326623494466133e+02
1.335910894750799827e+00 1.189819530677795285e+02
1.328570724999421859e+00 1.109931274004618302e+02
1.321230555248043892e+00 1.028598788238525401e+02
1.313890385496665925e+00 9.545768706588745545e+01
1.306550215745287735e+00 8.795278665211993996e+01
1.299210045993909768e+00 8.114596787974039671e+01
1.291869876242531801e+00 7.426595521443684333e+01
1.284529706491153611e+00 6.804920391998292928e+01
1.277189536739775644e+00 6.177926763585409020e+01
1.269849366988397676e+00 5.613646866200766539e+01
1.262509197237019709e+00 5.045320342610677500e+01
1.255169027485641742e+00 4.536027430318196707e+01
1.247828857734263552e+00 4.023411350631713645e+01
1.240488687982885585e+00 3.566142756474812359e+01
1.233148518231507618e+00 3.105871477254231650e+01
1.225808348480129428e+00 2.697310769042968914e+01
1.218468178728751461e+00 2.285780481669107900e+01
1.211128008977373494e+00 1.922419414800008397e+01
1.203787839225995526e+00 1.555925090637206942e+01
1.196447669474617559e+00 1.234190524317423687e+01
1.189107499723239592e+00 9.090318847656250867e+00
1.181767329971861402e+00 6.253825177256267409e+00
1.174427160220483435e+00 3.379439159393309744e+00
1.167086990469105467e+00 8.894120442708334240e-01
1.159746820717727278e+00 -1.642511723327636508e+00
1.152406650966349311e+00 -3.818931233215332011e+00
1.145066481214971343e+00 -6.041321919250489003e+00
1.137726311463593376e+00 -7.935135990905759940e+00
1.130386141712215409e+00 -9.878869711812335197e+00
1.123045971960837219e+00 -1.151902715606689398e+01
1.115705802209459252e+00 -1.321279481099446507e+01
1.108365632458081285e+00 -1.462609997660318939e+01
1.101025462706703095e+00 -1.609636572469075588e+01
1.093685292955325128e+00 -1.730745946858723983e+01
1.086345123203947161e+00 -1.857848032684326611e+01
1.079004953452569193e+00 -1.960988031056722036e+01
1.071664783701191226e+00 -2.070377139587402127e+01
1.064324613949813259e+00 -2.157595180231729870e+01
1.056984444198435069e+00 -2.251278488464355831e+01
1.049644274447057102e+00 -2.324428031870524336e+01
1.042304104695678912e+00 -2.404220212453206429e+01
1.034963934944300945e+00 -2.464972981465657398e+01
1.027623765192922978e+00 -2.532509082158406599e+01
1.020283595441545010e+00 -2.582367577031453010e+01
1.012943425690167043e+00 -2.639116496658325772e+01
1.005603255938789076e+00 -2.679427676951090831e+01
9.982630861874108863e-01 -2.726705495554606173e+01
9.909229164360329190e-01 -2.758673481292724716e+01
9.835827466846548406e-01 -2.797656818339029883e+01
9.762425769332768732e-01 -2.822355518239339389e+01
9.689024071818987949e-01 -2.854093804270426205e+01
9.615622374305208275e-01 -2.872479172719319607e+01
9.542220676791427492e-01 -2.897906869150797604e+01
9.468818979277647818e-01 -2.910828030827840252e+01
9.395417281763867035e-01 -2.930775495580037671e+01
9.322015584250087361e-01 -2.938985353571573711e+01
9.248613886736306577e-01 -2.954189352264404178e+01
9.175212189222526904e-01 -2.958354153315226398e+01
9.101810491708746120e-01 -2.969467320810953836e+01
9.028408794194966447e-01 -2.970175750528971648e+01
8.955007096681185663e-01 -2.977775137151082063e+01
8.881605399167405990e-01 -2.975546387329101350e+01
8.808203701653625206e-01 -2.980141564483642824e+01
8.734802004139845533e-01 -2.975432643839517866e+01
8.661400306626065859e-01 -2.977472747344970827e+01
8.587998609112286186e-01 -2.970685337829589301e+01
8.514596911598505402e-01 -2.970565651804606588e+01
8.441195214084725729e-01 -2.962052017695108930e+01
8.367793516570944945e-01 -2.960119849395751856e+01
8.294391819057165272e-01 -2.950188291651407724e+01
8.220990121543384488e-01 -2.946748157221476205e+01
8.147588424029604814e-01 -2.935667973887125726e+01
8.074186726515824031e-01 -2.930986375681559153e+01
8.000785029002044357e-01 -2.918992186075846362e+01
7.927383331488263574e-01 -2.913301882629394512e+01
7.853981633974483900e-01 -2.900597620544433752e+01
7.780579936460703117e-01 -2.894101444931030898e+01
7.707178238946922333e-01 -2.880863724975585782e+01
7.633776541433142659e-01 -2.873737891082763340e+01
7.560374843919361876e-01 -2.860119409459431949e+01
7.486973146405582202e-01 -2.852516708475748430e+01
7.413571448891801419e-01 -2.838648716481526790e+01
7.340169751378021745e-01 -2.830701048558553268e+01
7.266768053864240962e-01 -2.816696133066813346e+01
7.193366356350461288e-01 -2.808517170359293758e+01
7.119964658836680504e-01 -2.794471289749145626e+01
7.046562961322900831e-01 -2.786158345591227459e+01
6.973161263809120047e-01 -2.772152975845336798e+01
6.899759566295340374e-01 -2.763789159495035719e+01
6.826357868781559590e-01 -2.749892927958170574e+01
6.752956171267779917e-01 -2.741548785959879808e+01
6.679554473753999133e-01 -2.727818962198893260e+01
6.606152776240219460e-01 -2.719553949178059682e+01
6.532751078726438676e-01 -2.706038124237060671e+01
6.459349381212659003e-01 -2.697901947301228986e+01
6.385947683698878219e-01 -2.684639001973470229e+01
6.312545986185098545e-01 -2.676672950693766140e+01
6.239144288671319982e-01 -2.663694300587971853e+01
6.165742591157538088e-01 -2.655932188924153792e+01
6.092340893643759525e-01 -2.643262598927816143e+01
6.018939196129977631e-01 -2.635731732152303053e+01
5.945537498616199068e-01 -2.623390378824869629e+01
5.872135801102417174e-01 -2.616112448425293024e+01
5.798734103588638611e-01 -2.604113529866536680e+01
5.725332406074856717e-01 -2.597105309371947968e+01
5.651930708561077044e-01 -2.585458744939168341e+01
5.578529011047297370e-01 -2.578732752863566091e+01
5.505127313533517697e-01 -2.567444876556396238e+01
5.431725616019735803e-01 -2.561009940923054984e+01
5.358323918505956129e-01 -2.550083934275309616e+01
5.284922220992176456e-01 -2.543945767822265580e+01
5.211520523478396782e-01 -2.533382087860107390e+01
5.138118825964614889e-01 -2.527543684997558415e+01
5.064717128450835215e-01 -2.517340544789632162e+01
4.991315430937055542e-01 -2.511802598368327111e+01
4.917913733423275868e-01 -2.501956296005249314e+01
4.844512035909493974e-01 -2.496717559560140387e+01
4.771110338395714301e-01 -2.487222827707926598e+01
4.697708640881934627e-01 -2.482280407740275052e+01
4.624306943368154954e-01 -2.473130605850219865e+01
4.550905245854373060e-01 -2.468480271784464364e+01
4.477503548340593387e-01 -2.459667733968098702e+01
4.404101850826813713e-01 -2.455304020792643271e+01
4.330700153313034040e-01 -2.446820134989420481e+01
4.257298455799252146e-01 -2.442736606725057058e+01
4.183896758285472472e-01 -2.434572407913207925e+01
4.110495060771692799e-01 -2.430762411473591911e+01
4.037093363257913126e-01 -2.422907704976399756e+01
3.963691665744131232e-01 -2.419363140385945599e+01
3.890289968230351558e-01 -2.411808038609823157e+01
3.816888270716571885e-01 -2.408521131769816037e+01
3.743486573202792211e-01 -2.401255138015747193e+01
3.670084875689010318e-01 -2.398217326482136968e+01
3.596683178175230644e-01 -2.391229858093262095e+01
3.523281480661450971e-01 -2.388432577870686657e+01
3.449879783147671297e-01 -2.381712910614013623e+01
3.376478085633889403e-01 -2.379147344919840279e+01
3.303076388120109730e-01 -2.372684879455566431e+01
3.229674690606330056e-01 -2.370342232030232310e+01
3.156272993092550383e-01 -2.364126298878987953e+01
3.082871295578768489e-01 -2.361997694600423614e+01
3.009469598064991036e-01 -2.356017793146769179e+01
2.936067900551209142e-01 -2.354094488499959326e+01
2.862666203037429469e-01 -2.348340270385742912e+01
2.789264505523647575e-01 -2.346613640111287680e+01
2.715862808009870122e-01 -2.341074895629882846e+01
2.642461110496088228e-01 -2.339536371663411174e+01
2.569059412982308555e-01 -2.334203231836954728e+01
2.495657715468526661e-01 -2.332844486490885316e+01
2.422256017954749208e-01 -2.327707238108316545e+01
2.348854320440967314e-01 -2.326520130055745028e+01
2.275452622927187640e-01 -2.321569377187093153e+01
2.202050925413405746e-01 -2.320546054407755321e+01
2.128649227899628293e-01 -2.315772549514770162e+01
2.055247530385846400e-01 -2.314905222218830971e+01
1.981845832872066726e-01 -2.310300196685791008e+01
1.908444135358284832e-01 -2.309581564331054082e+01
1.835042437844507379e-01 -2.305136324920653834e+01
1.761640740330725485e-01 -2.304559128824869774e+01
1.688239042816945812e-01 -2.300265514399210076e+01
1.614837345303166138e-01 -2.299822839482625980e+01
1.541435647789386465e-01 -2.295672947107950890e+01
1.468033950275606792e-01 -2.295358236592610268e+01
1.394632252761824898e-01 -2.291344226506551252e+01
1.321230555248045224e-01 -2.291151039352417484e+01
1.247828857734265551e-01 -2.287265713729858163e+01
1.174427160220485877e-01 -2.287188063405354299e+01
1.101025462706703983e-01 -2.283424245249430484e+01
1.027623765192924310e-01 -2.283456259613036821e+01
9.542220676791446365e-02 -2.279807175674437758e+01
8.808203701653649631e-02 -2.279943282089233492e+01
8.074186726515830692e-02 -2.276402500661214745e+01
7.340169751378033958e-02 -2.276637469482422205e+01
6.606152776240237223e-02 -2.273198682200114007e+01
5.872135801102440489e-02 -2.273527402547200538e+01
5.138118825964621550e-02 -2.270184799626668593e+01
4.404101850826824815e-02 -2.270602542190551532e+01
3.670084875689028081e-02 -2.267350318120320907e+01
2.936067900551231347e-02 -2.267852558517456174e+01
2.202050925413412408e-02 -2.264685295817056954e+01
1.468033950275615673e-02 -2.265267702229817814e+01
7.340169751378189389e-03 -2.262180267181396331e+01
2.220446049250313081e-16 -2.262838742090860933e+01
-7.340169751377745300e-03 -2.259826176681518461e+01
-1.468033950275593469e-02 -2.260556942774454825e+01
-2.202050925413390203e-02 -2.257614503784179760e+01
-2.936067900551209142e-02 -2.258413913981119947e+01
-3.670084875688983672e-02 -2.255537080027263031e+01
-4.404101850826802611e-02 -2.256401728871663437e+01
-5.138118825964599345e-02 -2.253586193466186671e+01
-5.872135801102418284e-02 -2.254512875747681022e+01
-6.606152776240192814e-02 -2.251754527257283556e+01
-7.340169751378011753e-02 -2.252740233739217146e+01
-8.074186726515808488e-02 -2.250035200246175648e+01
-8.808203701653627427e-02 -2.251077056884765781e+01
-9.542220676791401957e-02 -2.248421573028564069e+01
-1.027623765192922090e-01 -2.249517016296386984e+01
-1.101025462706701763e-01 -2.246907473526001198e+01
-1.174427160220483657e-01 -2.248053954747518191e+01
-1.247828857734261110e-01 -2.245487013219197436e+01
-1.321230555248043004e-01 -2.246682283630371657e+01
-1.394632252761822677e-01 -2.244154652481079282e+01
-1.468033950275604571e-01 -2.245396565755207874e+01
-1.541435647789382024e-01 -2.242905137964884332e+01
-1.614837345303163918e-01 -2.244191664657593321e+01
-1.688239042816943591e-01 -2.241733501714070798e+01
-1.761640740330725485e-01 -2.243062857259114296e+01
-1.835042437844502938e-01 -2.240635042699178214e+01
-1.908444135358284832e-01 -2.242005493291218698e+01
-1.981845832872064506e-01 -2.239605363210041844e+01
-2.055247530385846400e-01 -2.241015379867553392e+01
-2.128649227899623853e-01 -2.238640261332194115e+01
-2.202050925413405746e-01 -2.240088336283365678e+01
-2.275452622927185420e-01 -2.237735812759399323e+01
-2.348854320440967314e-01 -2.239220750706990160e+01
-2.422256017954744767e-01 -2.236888355585733734e+01
-2.495657715468526661e-01 -2.238408942718506012e+01
-2.569059412982306334e-01 -2.236094364064534545e+01
-2.642461110496088228e-01 -2.237649537938435529e+01
-2.715862808009865681e-01 -2.235350530751546216e+01
-2.789264505523647575e-01 -2.236939353764851646e+01
-2.862666203037427248e-01 -2.234653754730224762e+01
-2.936067900551209142e-01 -2.236275361506144321e+01
-3.009469598064986595e-01 -2.234001112009684320e+01
-3.082871295578768489e-01 -2.235654798990885794e+01
-3.156272993092548163e-01 -2.233389873657226588e+01
-3.229674690606325616e-01 -2.235075028355915805e+01
-3.303076388120107509e-01 -2.232817422027587639e+01
-3.376478085633889403e-01 -2.234533455607096286e+01
-3.449879783147669077e-01 -2.232281337534586640e+01
-3.523281480661446530e-01 -2.234027940953572511e+01
-3.596683178175228424e-01 -2.231779332656860504e+01
-3.670084875689010318e-01 -2.233556098607381202e+01
-3.743486573202789991e-01 -2.231309265467326242e+01
-3.816888270716567444e-01 -2.233115971399943689e+01
-3.890289968230349338e-01 -2.230869085540771835e+01
-3.963691665744131232e-01 -2.232705576019287008e+01
-4.037093363257910905e-01 -2.230456884892781488e+01
-4.110495060771688358e-01 -2.232323124135335135e+01
-4.183896758285470252e-01 -2.230070904591878289e+01
-4.257298455799252146e-01 -2.231966884256998895e+01
-4.330700153313031819e-01 -2.229709420801798103e+01
-4.404101850826811493e-01 -2.231635362955729107e+01
-4.477503548340591166e-01 -2.229370955607096150e+01
-4.550905245854370840e-01 -2.231326996790567918e+01
-4.624306943368154954e-01 -2.229053884124756024e+01
-4.697708640881930187e-01 -2.231040309499104879e+01
-4.771110338395709860e-01 -2.228756819992065275e+01
-4.844512035909493974e-01 -2.230774131622314727e+01
-4.917913733423273648e-01 -2.228478514760335472e+01
-4.991315430937053321e-01 -2.230527087300618660e+01
-5.064717128450832995e-01 -2.228217681630452418e+01
-5.138118825964612668e-01 -2.230298200810750231e+01
-5.211520523478396782e-01 -2.227973184712728028e+01
-5.284922220992172015e-01 -2.230086424738566109e+01
-5.358323918505951688e-01 -2.227743968861897983e+01
-5.431725616019735803e-01 -2.229890508092244161e+01
-5.505127313533515476e-01 -2.227529026947021507e+01
-5.578529011047295150e-01 -2.229709784851074161e+01
-5.651930708561074823e-01 -2.227327379048665179e+01
-5.725332406074854497e-01 -2.229543353322347343e+01
-5.798734103588638611e-01 -2.227138008193969654e+01
-5.872135801102413843e-01 -2.229390322367350308e+01
-5.945537498616193517e-01 -2.226960023701985492e+01
-6.018939196129977631e-01 -2.229249807434081987e+01
-6.092340893643757305e-01 -2.226792765299479271e+01
-6.165742591157536978e-01 -2.229121528574625444e+01
-6.239144288671316652e-01 -2.226635633392334057e+01
-6.312545986185096325e-01 -2.229004552968342523e+01
-6.385947683698880439e-01 -2.226487755330403573e+01
-6.459349381212655672e-01 -2.228898479614258221e+01
-6.532751078726435345e-01 -2.226348457234700717e+01
-6.606152776240219460e-01 -2.228802779337564743e+01
-6.679554473753999133e-01 -2.226216962636311791e+01
-6.752956171267778807e-01 -2.228716659393310451e+01
-6.826357868781558480e-01 -2.226092832310994396e+01
-6.899759566295338153e-01 -2.228639964752197145e+01
-6.973161263809122268e-01 -2.225975581359863398e+01
-7.046562961322897500e-01 -2.228572440388997578e+01
-7.119964658836677174e-01 -2.225864551798502688e+01
-7.193366356350461288e-01 -2.228513110198974445e+01
-7.266768053864240962e-01 -2.225759031626383333e+01
-7.340169751378020635e-01 -2.228462025960286397e+01
-7.413571448891800308e-01 -2.225658852208455230e+01
-7.486973146405579982e-01 -2.228419253387450993e+01
-7.560374843919364096e-01 -2.225563559468587371e+01
-7.633776541433139329e-01 -2.228384001566569239e+01
-7.707178238946919002e-01 -2.225472497762044100e+01
-7.780579936460703117e-01 -2.228356314137776906e+01
-7.853981633974478349e-01 -2.225385388387044117e+01
-7.927383331488262463e-01 -2.228336278254191427e+01
-8.000785029002042137e-01 -2.225301894582112894e+01
-8.074186726515821810e-01 -2.228323371429443611e+01
-8.147588424029601484e-01 -2.225221382522583013e+01
-8.220990121543381157e-01 -2.228317553863525546e+01
-8.294391819057160831e-01 -2.225143644917805830e+01
-8.367793516570944945e-01 -2.228319097849527708e+01
-8.441195214084720178e-01 -2.225068293965657418e+01
-8.514596911598504292e-01 -2.228327725423176986e+01
-8.587998609112283965e-01 -2.224994906590779564e+01
-8.661400306626063639e-01 -2.228343330205281347e+01
-8.734802004139843312e-01 -2.224923010686238811e+01
-8.808203701653622986e-01 -2.228366413269042923e+01
-8.881605399167402659e-01 -2.224852476704915105e+01
-8.955007096681186773e-01 -2.228396966705322413e+01
-9.028408794194962006e-01 -2.224782752634684257e+01
-9.101810491708746120e-01 -2.228435049082438368e+01
-9.175212189222525794e-01 -2.224713627421061446e+01
-9.248613886736305467e-01 -2.228481181640625053e+01
-9.322015584250085141e-01 -2.224644614715576196e+01
-9.395417281763864814e-01 -2.228535449269612911e+01
-9.468818979277644488e-01 -2.224575315907796380e+01
-9.542220676791428602e-01 -2.228598367462158336e+01
-9.615622374305203834e-01 -2.224505318756103733e+01
-9.689024071818983508e-01 -2.228670246683756773e+01
-9.762425769332767622e-01 -2.224434184799194369e+01
-9.835827466846547296e-01 -2.228751795756022247e+01
-9.909229164360326969e-01 -2.224361509602864828e+01
-9.982630861874106643e-01 -2.228843669586181520e+01
-1.005603255938788632e+00 -2.224286745910644214e+01
-1.012943425690167043e+00 -2.228946524225871073e+01
-1.020283595441544566e+00 -2.224209349975586036e+01
-1.027623765192922534e+00 -2.229061427917480387e+01
-1.034963934944300945e+00 -2.224128797353108666e+01
-1.042304104695678912e+00 -2.229189310404459334e+01
-1.049644274447056880e+00 -2.224044379653931003e+01
-1.056984444198434847e+00 -2.229331405639648267e+01
-1.064324613949812814e+00 -2.223955327911377111e+01
-1.071664783701191226e+00 -2.229489047368367594e+01
-1.079004953452568749e+00 -2.223860914611816497e+01
-1.086345123203946716e+00 -2.229664097112020116e+01
-1.093685292955325128e+00 -2.223760126088460254e+01
-1.101025462706703095e+00 -2.229858333765665890e+01
-1.108365632458081063e+00 -2.223651916453043498e+01
-1.115705802209459030e+00 -2.230074075012206691e+01
-1.123045971960836997e+00 -2.223535045420328871e+01
-1.130386141712215409e+00 -2.230313964665730708e+01
-1.137726311463592932e+00 -2.223408120320637948e+01
-1.145066481214970899e+00 -2.230581176732381721e+01
-1.152406650966349311e+00 -2.223269463500976784e+01
-1.159746820717727278e+00 -2.230879481455484736e+01
-1.167086990469105245e+00 -2.223117117538452447e+01
-1.174427160220483213e+00 -2.231213283259073776e+01
-1.181767329971861180e+00 -2.222948742726644156e+01
-1.189107499723239592e+00 -2.231587946929931476e+01
-1.196447669474617115e+00 -2.222761530202229352e+01
-1.203787839225995082e+00 -2.232009876963297756e+01
-1.211128008977373494e+00 -2.222552186279297004e+01
-1.218468178728751461e+00 -2.232486974436442040e+01
-1.225808348480129428e+00 -2.222316600799560504e+01
-1.233148518231507396e+00 -2.233028652852376439e+01
-1.240488687982885363e+00 -2.222049786198934385e+01
-1.247828857734263330e+00 -2.233646977895100960e+01
-1.255169027485641298e+00 -2.221745697733560831e+01
-1.262509197237019265e+00 -2.234356438140869017e+01
-1.269849366988397676e+00 -2.221396603546143211e+01
-1.277189536739775200e+00 -2.235175704549153508e+01
-1.284529706491153611e+00 -2.220992921803792797e+01
-1.291869876242531578e+00 -2.236128284403482880e+01
-1.299210045993909546e+00 -2.220522374852497904e+01
-1.306550215745287513e+00 -2.237244407094319953e+01
-1.313890385496665481e+00 -2.219969198048909931e+01
-1.321230555248043448e+00 -2.238563779093424699e+01
-1.328570724999421859e+00 -2.219312745819091859e+01
-1.335910894750799383e+00 -2.240138774998983351e+01
-1.343251064502177794e+00 -2.218525677642822203e+01
-1.350591234253555761e+00 -2.242039974950154857e+01
-1.357931404004933729e+00 -2.217571130828857662e+01
-1.365271573756311696e+00 -2.244364805882772274e+01
-1.372611743507689663e+00 -2.216397829996745017e+01
-1.379951913259067631e+00 -2.247248021011352392e+01
-1.387292083010446042e+00 -2.214936496632893537e+01
-1.394632252761823565e+00 -2.250891844151814780e+01
-1.401972422513201977e+00 -2.213076190134684040e+01
-1.409312592264579944e+00 -2.255561931076050186e+01
-1.416652762015957912e+00 -2.210695647303263200e+01
-1.423992931767335879e+00 -2.261802617390949877e+01
-1.431333101518713846e+00 -2.207438210957845115e+01
-1.438673271270091814e+00 -2.269938773269653609e+01
-1.446013441021470225e+00 -2.203411697667439739e+01
-1.453353610772847748e+00 -2.282688203252156356e+01
-1.460693780524226160e+00 -2.196075490392048835e+01
-1.468033950275604127e+00 -2.296173185501098857e+01
-1.475374120026982094e+00 -2.192020872904459239e+01
-1.482714289778360062e+00 -2.338683705927531165e+01
-1.490054459529738029e+00 -2.158181387812296492e+01
-1.497394629281115996e+00 -2.322554907455444351e+01
-1.504734799032494408e+00 -2.219749470850626594e+01
-1.512074968783871931e+00 -2.670974098968505928e+01
-1.519415138535250342e+00 -1.822597816797892278e+01
-1.526755308286628310e+00 -1.778611987050374310e+01
-1.534095478038006277e+00 -3.313320298334758007e+01
-1.541435647789384245e+00 -7.068079106597900818e+01
-1.548775817540762212e+00 6.222188726476034049e+01
-1.556115987292140179e+00 1.846371598065694286e+02
-1.563456157043518591e+00 -3.531413434979756403e+02
-1.570796326794896114e+00 -5.274624478347777767e+02
