1.570796326794896558e+00 4.000267914883156095e+02
1.563456157043518591e+00 4.998304291492133871e+02
1.556115987292140623e+00 4.056123598356949174e+02
1.548775817540762434e+00 4.200912261610348537e+02
1.541435647789384467e+00 4.446055454004841181e+02
1.534095478038006499e+00 4.237616959801379153e+02
1.526755308286628532e+00 4.143992793180121907e+02
1.519415138535250342e+00 4.019441408160728884e+02
1.512074968783872375e+00 3.934494883839432191e+02
1.504734799032494408e+00 3.784168197291995739e+02
1.497394629281116440e+00 3.659510058309854799e+02
1.490054459529738251e+00 3.503664649440784729e+02
1.482714289778360284e+00 3.364234408108465573e+02
1.475374120026982316e+00 3.201104383369242896e+02
1.468033950275604349e+00 3.051199603661502806e+02
1.460693780524226160e+00 2.886536333956312319e+02
1.453353610772848192e+00 2.733453529249121630e+02
1.446013441021470225e+00 2.571249085995772248e+02
1.438673271270092258e+00 2.419899568371288012e+02
1.431333101518714068e+00 2.263854528721269617e+02
1.423992931767336101e+00 2.118203652034069648e+02
1.416652762015958134e+00 1.971031857482779799e+02
1.409312592264580166e+00 1.833840773600496163e+02
1.401972422513201977e+00 1.697387087864271678e+02
1.394632252761824009e+00 1.570437232242577466e+02
1.387292083010446042e+00 1.445735595796149653e+02
1.379951913259068075e+00 1.329973938680133472e+02
1.372611743507690107e+00 1.217395752108807585e+02
1.365271573756311918e+00 1.113118342885421583e+02
1.357931404004933951e+00 1.012524020150942903e+02
1.350591234253555983e+00 9.195435242620409610e+01
1.343251064502177794e+00 8.304289043631105471e+01
1.335910894750799827e+00 7.482235896245931883e+01
1.328570724999421859e+00 6.698459267147305241e+01
1.321230555248043892e+00 5.976821364178168494e+01
1.313890385496665925e+00 5.291619659118038044e+01
1.306550215745287735e+00 4.661898666862242635e+01
1.299210045993909768e+00 4.065885007779794336e+01
1.291869876242531801e+00 3.519130877124405998e+01
1.284529706491153611e+00 3.002883643674361025e+01
1.277189536739775644e+00 2.530194240513811366e+01
1.269849366988397676e+00 2.084633864498922762e+01
1.262509197237019709e+00 1.677485360702700845e+01
1.255169027485641742e+00 1.294109446068840974e+01
1.247828857734263552e+00 9.445571152792318514e+00
1.240488687982885585e+00 6.155696282100279859e+00
1.233148518231507618e+00 3.163535843310624873e+00
1.225808348480129428e+00 3.471846062531694921e-01
1.218468178728751461e+00 -2.206973860108480068e+00
1.211128008977373494e+00 -4.612540811088133630e+00
1.203787839225995526e+00 -6.786877653142617817e+00
1.196447669474617559e+00 -8.837086861840536045e+00
1.189107499723239592e+00 -1.068294131382301160e+01
1.181767329971861402e+00 -1.242640991138183004e+01
1.174427160220483435e+00 -1.398878177787633348e+01
1.167086990469105467e+00 -1.546792067082964905e+01
1.159746820717727278e+00 -1.678605090030594837e+01
1.152406650966349311e+00 -1.803770305139655150e+01
1.145066481214971343e+00 -1.914567756711903357e+01
1.137726311463593376e+00 -2.020174887947514719e+01
1.130386141712215409e+00 -2.112908944035211078e+01
1.123045971960837219e+00 -2.201714724577493243e+01
1.115705802209459252e+00 -2.278936815129947391e+01
1.108365632458081285e+00 -2.353319261501592052e+01
1.101025462706703095e+00 -2.417231153596271653e+01
1.093685292955325128e+00 -2.479239389889269063e+01
1.086345123203947161e+00 -2.531739208260560048e+01
1.079004953452569193e+00 -2.583137780849584786e+01
1.071664783701191226e+00 -2.625860861375941724e+01
1.064324613949813259e+00 -2.668168808549025783e+01
1.056984444198435069e+00 -2.702523717465576425e+01
1.049644274447057102e+00 -2.737048573296555887e+01
1.042304104695678912e+00 -2.764248300235558276e+01
1.034963934944300945e+00 -2.792115901027962011e+01
1.027623765192922978e+00 -2.813205333335463720e+01
1.020283595441545010e+00 -2.835385042599471817e+01
1.012943425690167043e+00 -2.851264348134878546e+01
1.005603255938789076e+00 -2.868591227276881384e+01
9.982630861874108863e-01 -2.880036047446712644e+01
9.909229164360329190e-01 -2.893229850575886530e+01
9.835827466846548406e-01 -2.900908867198376484e+01
9.762425769332768732e-01 -2.910590036463730002e+01
9.689024071818987949e-01 -2.915079797319907939e+01
9.615622374305208275e-01 -2.921783434298136228e+01
9.542220676791427492e-01 -2.923581191022569570e+01
9.468818979277647818e-01 -2.927768937096998769e+01
9.395417281763867035e-01 -2.927303620382670957e+01
9.322015584250087361e-01 -2.929373812557566836e+01
9.248613886736306577e-01 -2.927015423877334754e+01
9.175212189222526904e-01 -2.927311821544538262e+01
9.101810491708746120e-01 -2.923379522604033198e+01
9.028408794194966447e-01 -2.922198743907802765e+01
8.955007096681185663e-01 -2.916967752550057114e+01
8.881605399167405990e-01 -2.914565693964078719e+01
8.808203701653625206e-01 -2.908273212238240291e+01
8.734802004139845533e-01 -2.904870568136288611e+01
8.661400306626065859e-01 -2.897720987652116165e+01
8.587998609112286186e-01 -2.893507841980786210e+01
8.514596911598505402e-01 -2.885676971670603308e+01
8.441195214084725729e-01 -2.880817066780168290e+01
8.367793516570944945e-01 -2.872456046338528424e+01
8.294391819057165272e-01 -2.867090124237072857e+01
8.220990121543384488e-01 -2.858328605112869170e+01
8.147588424029604814e-01 -2.852577558271770997e+01
8.074186726515824031e-01 -2.843526583172756972e+01
8.000785029002044357e-01 -2.837493973431237393e+01
7.927383331488263574e-01 -2.828248480181784785e+01
7.853981633974483900e-01 -2.822022739623070109e+01
7.780579936460703117e-01 -2.812663505876113135e+01
7.707178238946922333e-01 -2.806320072275513056e+01
7.633776541433142659e-01 -2.796915676085398417e+01
7.560374843919361876e-01 -2.790518612144538224e+01
7.486973146405582202e-01 -2.781126972583060564e+01
7.413571448891801419e-01 -2.774730420831322419e+01
7.340169751378021745e-01 -2.765400230812000970e+01
7.266768053864240962e-01 -2.759049700832741792e+01
7.193366356350461288e-01 -2.749821626764717308e+01
7.119964658836680504e-01 -2.743555124930024647e+01
7.046562961322900831e-01 -2.734462771352989563e+01
6.973161263809120047e-01 -2.728311913443470971e+01
6.899759566295340374e-01 -2.719382881959401743e+01
6.826357868781559590e-01 -2.713373462443632889e+01
6.752956171267779917e-01 -2.704630067179335740e+01
6.679554473753999133e-01 -2.698783093047997639e+01
6.606152776240219460e-01 -2.690243078279486610e+01
6.532751078726438676e-01 -2.684575249471238223e+01
6.459349381212659003e-01 -2.676252396278633938e+01
6.385947683698878219e-01 -2.670776761426621704e+01
6.312545986185098545e-01 -2.662681488638643756e+01
6.239144288671319982e-01 -2.657407885673432801e+01
6.165742591157538088e-01 -2.649547636812119933e+01
6.092340893643759525e-01 -2.644483186425188137e+01
6.018939196129977631e-01 -2.636862885952558244e+01
5.945537498616199068e-01 -2.632012327195440804e+01
5.872135801102417174e-01 -2.624634724247403383e+01
5.798734103588638611e-01 -2.620000842122484030e+01
5.725332406074856717e-01 -2.612866855943453714e+01
5.651930708561077044e-01 -2.608450671271898003e+01
5.578529011047297370e-01 -2.601559631828462571e+01
5.505127313533517697e-01 -2.597360737381917772e+01
5.431725616019735803e-01 -2.590710651752979743e+01
5.358323918505956129e-01 -2.586727389373585950e+01
5.284922220992176456e-01 -2.580315224116999318e+01
5.211520523478396782e-01 -2.576544859237080232e+01
5.138118825964614889e-01 -2.570366571148177215e+01
5.064717128450835215e-01 -2.566805560274438136e+01
4.991315430937055542e-01 -2.560856325622389917e+01
4.917913733423275868e-01 -2.557500471903882655e+01
4.844512035909493974e-01 -2.551775023149184207e+01
4.771110338395714301e-01 -2.548619396892216571e+01
4.697708640881934627e-01 -2.543111690466934149e+01
4.624306943368154954e-01 -2.540151141151793013e+01
4.550905245854373060e-01 -2.534854968648476259e+01
4.477503548340593387e-01 -2.532083803534457189e+01
4.404101850826813713e-01 -2.526992600937703060e+01
4.330700153313034040e-01 -2.524404914773189290e+01
4.257298455799252146e-01 -2.519511885592322287e+01
4.183896758285472472e-01 -2.517101591771609392e+01
4.110495060771692799e-01 -2.512399825775370132e+01
4.037093363257913126e-01 -2.510160683438699181e+01
3.963691665744131232e-01 -2.505643177870255656e+01
3.890289968230351558e-01 -2.503568893628241554e+01
3.816888270716571885e-01 -2.499228602476778249e+01
3.743486573202792211e-01 -2.497312869111735978e+01
3.670084875689010318e-01 -2.493142776475759348e+01
3.596683178175230644e-01 -2.491379294844158565e+01
3.523281480661450971e-01 -2.487372429010835972e+01
3.449879783147671297e-01 -2.485754958586655405e+01
3.376478085633889403e-01 -2.481904434013013372e+01
3.303076388120109730e-01 -2.480426812949971094e+01
3.229674690606330056e-01 -2.476725851571767478e+01
3.156272993092550383e-01 -2.475382026971238503e+01
3.082871295578768489e-01 -2.471823979589722953e+01
3.009469598064991036e-01 -2.470608027634499493e+01
2.936067900551209142e-01 -2.467186396635558054e+01
2.862666203037429469e-01 -2.466092533522714092e+01
2.789264505523647575e-01 -2.462800981916760179e+01
2.715862808009870122e-01 -2.461823586724216284e+01
2.642461110496088228e-01 -2.458655948460697616e+01
2.569059412982308555e-01 -2.457789567456821800e+01
2.495657715468526661e-01 -2.454739869287948650e+01
2.422256017954749208e-01 -2.453979213374854851e+01
2.348854320440967314e-01 -2.451041652314153296e+01
2.275452622927187640e-01 -2.450381634848555379e+01
2.202050925413405746e-01 -2.447550627253562538e+01
2.128649227899628293e-01 -2.446986321496101979e+01
2.055247530385846400e-01 -2.444256452551854153e+01
1.981845832872066726e-01 -2.443783142015161403e+01
1.908444135358284832e-01 -2.441149207724600600e+01
1.835042437844507379e-01 -2.440762348861481712e+01
1.761640740330725485e-01 -2.438219332730707478e+01
1.688239042816945812e-01 -2.437914578448353708e+01
1.614837345303166138e-01 -2.435457663836922393e+01
1.541435647789386465e-01 -2.435230850883230502e+01
1.468033950275606792e-01 -2.432855410909635552e+01
1.394632252761824898e-01 -2.432702559590396518e+01
1.321230555248045224e-01 -2.430404153739478446e+01
1.247828857734265551e-01 -2.430321469615596186e+01
1.174427160220485877e-01 -2.428095863875670091e+01
1.101025462706703983e-01 -2.428079711367465521e+01
1.027623765192924310e-01 -2.425922783997399890e+01
9.542220676791446365e-02 -2.425969755069610656e+01
8.808203701653649631e-02 -2.423877646540996977e+01
8.074186726515830692e-02 -2.423984444300092278e+01
7.340169751378033958e-02 -2.421953417123938124e+01
6.606152776240237223e-02 -2.422116939761393084e+01
5.872135801102440489e-02 -2.420143427225383093e+01
5.138118825964621550e-02 -2.420360733587835611e+01
4.404101850826824815e-02 -2.418441341570455094e+01
3.670084875689028081e-02 -2.418709630430990387e+01
2.936067900551231347e-02 -2.416841105063604900e+01
2.202050925413412408e-02 -2.417157742305202106e+01
1.468033950275615673e-02 -2.415336993200262938e+01
7.340169751378189389e-03 -2.415699472623879629e+01
2.220446049250313081e-16 -2.413923521259117777e+01
-7.340169751377745300e-03 -2.414329505548052168e+01
-1.468033950275593469e-02 -2.412595541845793790e+01
-2.202050925413390203e-02 -2.413042805544959180e+01
-2.936067900551209142e-02 -2.411348132218923013e+01
-3.670084875688983672e-02 -2.411834592399002730e+01
-4.404101850826802611e-02 -2.410176648526797649e+01
-5.138118825964599345e-02 -2.410700335785417892e+01
-5.872135801102418284e-02 -2.409076672824322429e+01
-6.606152776240192814e-02 -2.409635747684349383e+01
-7.340169751378011753e-02 -2.408044032201253160e+01
-8.074186726515808488e-02 -2.408636769386458099e+01
-8.808203701653627427e-02 -2.407074775645705245e+01
-9.542220676791401957e-02 -2.407699556040677180e+01
-1.027623765192922090e-01 -2.406165153567186721e+01
-1.101025462706701763e-01 -2.406820471705445996e+01
-1.174427160220483657e-01 -2.405311632705369718e+01
-1.247828857734261110e-01 -2.405996083474334313e+01
-1.321230555248043004e-01 -2.404510870855444082e+01
-1.394632252761822677e-01 -2.405223145326610634e+01
-1.468033950275604571e-01 -2.403759713237603179e+01
-1.541435647789382024e-01 -2.404498594622333485e+01
-1.614837345303163918e-01 -2.403055170631131077e+01
-1.688239042816943591e-01 -2.403819535328952384e+01
-1.761640740330725485e-01 -2.402394429520768782e+01
-1.835042437844502938e-01 -2.403183237303380793e+01
-1.908444135358284832e-01 -2.401774828678768969e+01
-1.981845832872064506e-01 -2.402587124957549847e+01
-2.055247530385846400e-01 -2.401193860985339867e+01
-2.128649227899623853e-01 -2.402028772182378091e+01
-2.202050925413405746e-01 -2.400649160999843801e+01
-2.275452622927185420e-01 -2.401505889158692852e+01
-2.348854320440967314e-01 -2.400138505704097369e+01
-2.422256017954744767e-01 -2.401016320569820905e+01
-2.495657715468526661e-01 -2.399659781779413592e+01
-2.569059412982306334e-01 -2.400558032167757716e+01
-2.642461110496088228e-01 -2.399211019009237589e+01
-2.715862808009865681e-01 -2.400129117241101895e+01
-2.789264505523647575e-01 -2.398790347438986004e+01
-2.862666203037427248e-01 -2.399727770898244827e+01
-2.936067900551209142e-01 -2.398396007086672910e+01
-3.009469598064986595e-01 -2.399352303050592639e+01
-3.082871295578768489e-01 -2.398026343095776625e+01
-3.156272993092548163e-01 -2.399001118940784849e+01
-3.229674690606325616e-01 -2.397679817899495092e+01
-3.303076388120107509e-01 -2.398672723570938459e+01
-3.376478085633889403e-01 -2.397354938181137385e+01
-3.449879783147669077e-01 -2.398365711195831196e+01
-3.523281480661446530e-01 -2.397050333245639564e+01
-3.596683178175228424e-01 -2.398078753678936437e+01
-3.670084875689010318e-01 -2.396764715304952631e+01
-3.743486573202789991e-01 -2.397810604334069495e+01
-3.816888270716567444e-01 -2.396496841018542057e+01
-3.890289968230349338e-01 -2.397560100230650804e+01
-3.963691665744131232e-01 -2.396245572687540815e+01
-4.037093363257910905e-01 -2.397326145130925568e+01
-4.110495060771688358e-01 -2.396009829519870848e+01
-4.183896758285470252e-01 -2.397107712987990880e+01
-4.257298455799252146e-01 -2.395788601160369069e+01
-4.330700153313031819e-01 -2.396903835068662048e+01
-4.404101850826811493e-01 -2.395580907545605953e+01
-4.477503548340591166e-01 -2.396713609366086928e+01
-4.550905245854370840e-01 -2.395385877027006316e+01
-4.624306943368154954e-01 -2.396536182465457898e+01
-4.697708640881930187e-01 -2.395202633160673145e+01
-4.771110338395709860e-01 -2.396370761660806892e+01
-4.844512035909493974e-01 -2.395030389703610751e+01
-4.917913733423273648e-01 -2.396216599590167462e+01
-4.991315430937053321e-01 -2.394868408218900058e+01
-5.064717128450832995e-01 -2.396073003025087900e+01
-5.138118825964612668e-01 -2.394715959559867002e+01
-5.211520523478396782e-01 -2.395939312278389366e+01
-5.284922220992172015e-01 -2.394572384189055470e+01
-5.358323918505951688e-01 -2.395814921642345396e+01
-5.431725616019735803e-01 -2.394437052465697491e+01
-5.505127313533515476e-01 -2.395699258814586941e+01
-5.578529011047295150e-01 -2.394309374153502645e+01
-5.651930708561074823e-01 -2.395591781491469874e+01
-5.725332406074854497e-01 -2.394188790521941002e+01
-5.798734103588638611e-01 -2.395492005407070835e+01
-5.872135801102413843e-01 -2.394074766512915176e+01
-5.945537498616193517e-01 -2.395399451264925972e+01
-6.018939196129977631e-01 -2.393966808974088778e+01
-6.092340893643757305e-01 -2.395313692226122626e+01
-6.165742591157536978e-01 -2.393864433653211421e+01
-6.239144288671316652e-01 -2.395234316681089837e+01
-6.312545986185096325e-01 -2.393767198033712162e+01
-6.385947683698880439e-01 -2.395160959254367938e+01
-6.459349381212655672e-01 -2.393674674936473679e+01
-6.532751078726435345e-01 -2.395093255914803265e+01
-6.606152776240219460e-01 -2.393586443669430608e+01
-6.679554473753999133e-01 -2.395030886164847317e+01
-6.752956171267778807e-01 -2.393502131064985861e+01
-6.826357868781558480e-01 -2.394973540006782997e+01
-6.899759566295338153e-01 -2.393421356729948357e+01
-6.973161263809122268e-01 -2.394920939518496539e+01
-7.046562961322897500e-01 -2.393343758294665236e+01
-7.119964658836677174e-01 -2.394872859307795210e+01
-7.193366356350461288e-01 -2.393268935113854567e+01
-7.266768053864240962e-01 -2.394829041720356599e+01
-7.340169751378020635e-01 -2.393196779628749482e+01
-7.413571448891800308e-01 -2.394789237058998310e+01
-7.486973146405579982e-01 -2.393126708217418397e+01
-7.560374843919364096e-01 -2.394753299586616180e+01
-7.633776541433139329e-01 -2.393058462568069089e+01
-7.707178238946919002e-01 -2.394721034008322036e+01
-7.780579936460703117e-01 -2.392991851763945022e+01
-7.853981633974478349e-01 -2.394692154229415593e+01
-7.927383331488262463e-01 -2.392926449017567236e+01
-8.000785029002042137e-01 -2.394666688522094233e+01
-8.074186726515821810e-01 -2.392862052468040801e+01
-8.147588424029601484e-01 -2.394644432857278460e+01
-8.220990121543381157e-01 -2.392798143796979815e+01
-8.294391819057160831e-01 -2.394625253794906428e+01
-8.367793516570944945e-01 -2.392734662333733198e+01
-8.441195214084720178e-01 -2.394609090847238519e+01
-8.514596911598504292e-01 -2.392671186913415227e+01
-8.587998609112283965e-01 -2.394595840072327064e+01
-8.661400306626063639e-01 -2.392607404761510281e+01
-8.734802004139843312e-01 -2.394585466047749733e+01
-8.808203701653622986e-01 -2.392543145011222450e+01
-8.881605399167402659e-01 -2.394577823147593421e+01
-8.955007096681186773e-01 -2.392477602535076286e+01
-9.028408794194962006e-01 -2.394572930045283954e+01
-9.101810491708746120e-01 -2.392410836678060093e+01
-9.175212189222525794e-01 -2.394570758351084550e+01
-9.248613886736305467e-01 -2.392342383013915708e+01
-9.322015584250085141e-01 -2.394571372993505420e+01
-9.395417281763864814e-01 -2.392271761989490031e+01
-9.468818979277644488e-01 -2.394574759991473201e+01
-9.542220676791428602e-01 -2.392198709266892109e+01
-9.615622374305203834e-01 -2.394580942265039170e+01
-9.689024071818983508e-01 -2.392122413487247101e+01
-9.762425769332767622e-01 -2.394589987873593984e+01
-9.835827466846547296e-01 -2.392042802350675501e+01
-9.909229164360326969e-01 -2.394602019616517197e+01
-9.982630861874106643e-01 -2.391958961664574090e+01
-1.005603255938788632e+00 -2.394617177427887000e+01
-1.012943425690167043e+00 -2.391870545235008549e+01
-1.020283595441544566e+00 -2.394635566229348811e+01
-1.027623765192922534e+00 -2.391776614589722527e+01
-1.034963934944300945e+00 -2.394657450277596311e+01
-1.042304104695678912e+00 -2.391676614338372886e+01
-1.049644274447056880e+00 -2.394683068808256365e+01
-1.056984444198434847e+00 -2.391569665317312143e+01
-1.064324613949812814e+00 -2.394712720903484282e+01
-1.071664783701191226e+00 -2.391454786464857918e+01
-1.079004953452568749e+00 -2.394746778104853746e+01
-1.086345123203946716e+00 -2.391330891260725977e+01
-1.093685292955325128e+00 -2.394785677340129482e+01
-1.101025462706703095e+00 -2.391196744182280298e+01
-1.108365632458081063e+00 -2.394829959549891996e+01
-1.115705802209459030e+00 -2.391050832895573208e+01
-1.123045971960836997e+00 -2.394880303646839792e+01
-1.130386141712215409e+00 -2.390891810820129493e+01
-1.137726311463592932e+00 -2.394937446239473644e+01
-1.145066481214970899e+00 -2.390717477939120528e+01
-1.152406650966349311e+00 -2.395002357452119668e+01
-1.159746820717727278e+00 -2.390525744161056920e+01
-1.167086990469105245e+00 -2.395076172027149397e+01
-1.174427160220483213e+00 -2.390313925284388574e+01
-1.181767329971861180e+00 -2.395160294384980659e+01
-1.189107499723239592e+00 -2.390078917896149591e+01
-1.196447669474617115e+00 -2.395256390291756432e+01
-1.203787839225995082e+00 -2.389817009577157236e+01
-1.211128008977373494e+00 -2.395366515710014710e+01
-1.218468178728751461e+00 -2.389523683197256076e+01
-1.225808348480129428e+00 -2.395493203992167253e+01
-1.233148518231507396e+00 -2.389193473992112970e+01
-1.240488687982885363e+00 -2.395639575150611833e+01
-1.247828857734263330e+00 -2.388819629170990666e+01
-1.255169027485641298e+00 -2.395809519460622994e+01
-1.262509197237019265e+00 -2.388393808788834605e+01
-1.269849366988397676e+00 -2.396007922625665643e+01
-1.277189536739775200e+00 -2.387905518629030155e+01
-1.284529706491153611e+00 -2.396240949184023350e+01
-1.291869876242531578e+00 -2.387341482390801062e+01
-1.299210045993909546e+00 -2.396516497124492773e+01
-1.306550215745287513e+00 -2.386684578497533948e+01
-1.313890385496665481e+00 -2.396844783881466157e+01
-1.321230555248043448e+00 -2.385912461503550830e+01
-1.328570724999421859e+00 -2.397239233605359843e+01
-1.335910894750799383e+00 -2.384995717572289564e+01
-1.343251064502177794e+00 -2.397717674706486690e+01
-1.350591234253555761e+00 -2.383894617004026628e+01
-1.357931404004933729e+00 -2.398304255649162897e+01
-1.365271573756311696e+00 -2.382554579493471181e+01
-1.372611743507689663e+00 -2.399032466066609004e+01
-1.379951913259067631e+00 -2.380899662185698418e+01
-1.387292083010446042e+00 -2.399949059065388468e+01
-1.394632252761823565e+00 -2.378818457258086028e+01
-1.401972422513201977e+00 -2.401123951729528372e+01
-1.409312592264579944e+00 -2.376154724199271939e+01
-1.416652762015957912e+00 -2.402653382253131653e+01
-1.423992931767335879e+00 -2.372636472705642063e+01
-1.431333101518713846e+00 -2.404718638621578819e+01
-1.438673271270091814e+00 -2.367958590157206444e+01
-1.446013441021470225e+00 -2.407485621765463790e+01
-1.453353610772847748e+00 -2.361106522879106606e+01
-1.460693780524226160e+00 -2.411741952266445921e+01
-1.468033950275604127e+00 -2.352273897316897333e+01
-1.475374120026982094e+00 -2.416877683124931764e+01
-1.482714289778360062e+00 -2.333770839129784136e+01
-1.490054459529738029e+00 -2.430061296025437301e+01
-1.497394629281115996e+00 -2.322273300016144049e+01
-1.504734799032494408e+00 -2.431677090725371571e+01
-1.512074968783871931e+00 -2.218222125723018934e+01
-1.519415138535250342e+00 -2.526958377973175729e+01
-1.526755308286628310e+00 -2.347701095981099684e+01
-1.534095478038006277e+00 -2.311227051823052747e+01
-1.541435647789384245e+00 -1.010922537563331858e+01
-1.548775817540762212e+00 -4.058777584874749067e+01
-1.556115987292140179e+00 -5.971048568541698387e+01
-1.563456157043518591e+00 3.214086415375123806e+01
-1.570796326794896114e+00 -6.899217825422515205e+01
