1.570796326794896558e+00 -1.199782238602072296e+11
1.567126241919207574e+00 -1.199781702345927124e+11
1.563456157043518591e+00 -1.199780336998847198e+11
1.559786072167829607e+00 -1.199780906288222656e+11
1.556115987292140623e+00 -1.199781502615732880e+11
1.552445902416451418e+00 -1.199782118521690063e+11
1.548775817540762434e+00 -1.199782591284399719e+11
1.545105732665073450e+00 -1.199783552501993561e+11
1.541435647789384467e+00 -1.199784311680857697e+11
1.537765562913695483e+00 -1.199785500997946167e+11
1.534095478038006499e+00 -1.199786470320069122e+11
1.530425393162317516e+00 -1.199787890506441498e+11
1.526755308286628532e+00 -1.199789082450662689e+11
1.523085223410939326e+00 -1.199790715529280396e+11
1.519415138535250342e+00 -1.199792116820112762e+11
1.515745053659561359e+00 -1.199793950149705658e+11
1.512074968783872375e+00 -1.199795550549964447e+11
1.508404883908183391e+00 -1.199797569447657166e+11
1.504734799032494408e+00 -1.199799355784816895e+11
1.501064714156805424e+00 -1.199801545074981537e+11
1.497394629281116440e+00 -1.199803503228648987e+11
1.493724544405427235e+00 -1.199805846933416290e+11
1.490054459529738251e+00 -1.199807961740800476e+11
1.486384374654049267e+00 -1.199810443344883881e+11
1.482714289778360284e+00 -1.199812698966800385e+11
1.479044204902671300e+00 -1.199815301586253662e+11
1.475374120026982316e+00 -1.199817681729317780e+11
1.471704035151293333e+00 -1.199820388318172607e+11
1.468033950275604349e+00 -1.199822876469551239e+11
1.464363865399915365e+00 -1.199825670019136963e+11
1.460693780524226160e+00 -1.199828249660516052e+11
1.457023695648537176e+00 -1.199831113390738831e+11
1.453353610772848192e+00 -1.199833768195558014e+11
1.449683525897159209e+00 -1.199836685724248657e+11
1.446013441021470225e+00 -1.199839399731074219e+11
1.442343356145781241e+00 -1.199842355237082367e+11
1.438673271270092258e+00 -1.199845113014771729e+11
1.435003186394403052e+00 -1.199848091363583832e+11
1.431333101518714068e+00 -1.199850878136342010e+11
1.427663016643025085e+00 -1.199853865002909698e+11
1.423992931767336101e+00 -1.199856666769876099e+11
1.420322846891647117e+00 -1.199859648725220032e+11
1.416652762015958134e+00 -1.199862452347012024e+11
1.412982677140269150e+00 -1.199865416933675690e+11
1.409312592264580166e+00 -1.199868210204838867e+11
1.405642507388891183e+00 -1.199871145981611786e+11
1.401972422513201977e+00 -1.199873917675391541e+11
1.398302337637512993e+00 -1.199876814253162079e+11
1.394632252761824009e+00 -1.199879554159645081e+11
1.390962167886135026e+00 -1.199882402199527588e+11
1.387292083010446042e+00 -1.199885101120872498e+11
1.383621998134757058e+00 -1.199887892331701813e+11
1.379951913259068075e+00 -1.199890542058671265e+11
1.376281828383379091e+00 -1.199893269266237793e+11
1.372611743507690107e+00 -1.199895862711768494e+11
1.368941658632000902e+00 -1.199898519603192444e+11
1.365271573756311918e+00 -1.199901050480512543e+11
1.361601488880622934e+00 -1.199903631853150024e+11
1.357931404004933951e+00 -1.199906094947990112e+11
1.354261319129244967e+00 -1.199908596453861542e+11
1.350591234253555983e+00 -1.199910987361753540e+11
1.346921149377867000e+00 -1.199913405532638092e+11
1.343251064502177794e+00 -1.199915720709219818e+11
1.339580979626488810e+00 -1.199918052872163696e+11
1.335910894750799827e+00 -1.199920289554069366e+11
1.332240809875110843e+00 -1.199922533788841248e+11
1.328570724999421859e+00 -1.199924689934849854e+11
1.324900640123732876e+00 -1.199926845024147034e+11
1.321230555248043892e+00 -1.199928919254392700e+11
1.317560470372354908e+00 -1.199930984578462830e+11
1.313890385496665925e+00 -1.199932976096547089e+11
1.310220300620976719e+00 -1.199934951596716461e+11
1.306550215745287735e+00 -1.199936860156152191e+11
1.302880130869598752e+00 -1.199938746279050751e+11
1.299210045993909768e+00 -1.199940572119946899e+11
1.295539961118220784e+00 -1.199942369737079315e+11
1.291869876242531801e+00 -1.199944113507646179e+11
1.288199791366842817e+00 -1.199945823881632996e+11
1.284529706491153611e+00 -1.199947486619223938e+11
1.280859621615464849e+00 -1.199949111332978210e+11
1.277189536739775644e+00 -1.199950694378822632e+11
1.273519451864086660e+00 -1.199952235306252594e+11
1.269849366988397676e+00 -1.199953740289379272e+11
1.266179282112708693e+00 -1.199955199525600128e+11
1.262509197237019709e+00 -1.199956628291393127e+11
1.258839112361330725e+00 -1.199958008128526764e+11
1.255169027485641742e+00 -1.199959362717913971e+11
1.251498942609952536e+00 -1.199960665598672638e+11
1.247828857734263552e+00 -1.199961948204371338e+11
1.244158772858574569e+00 -1.199963176693348083e+11
1.240488687982885585e+00 -1.199964389628456879e+11
1.236818603107196601e+00 -1.199965546375387268e+11
1.233148518231507618e+00 -1.199966692041635590e+11
1.229478433355818634e+00 -1.199967779754917297e+11
1.225808348480129428e+00 -1.199968860617607880e+11
1.222138263604440667e+00 -1.199969882040301666e+11
1.218468178728751461e+00 -1.199970900601951294e+11
1.214798093853062699e+00 -1.199971858491189117e+11
1.211128008977373494e+00 -1.199972817274745178e+11
1.207457924101684510e+00 -1.199973714381573792e+11
1.203787839225995526e+00 -1.199974615909934235e+11
1.200117754350306543e+00 -1.199975454964988251e+11
1.196447669474617559e+00 -1.199976301747825623e+11
1.192777584598928575e+00 -1.199977085444960938e+11
1.189107499723239592e+00 -1.199977879962556915e+11
1.185437414847550386e+00 -1.199978610948523712e+11
1.181767329971861402e+00 -1.199979355641322021e+11
1.178097245096172418e+00 -1.199980036506185455e+11
1.174427160220483435e+00 -1.199980733765638123e+11
1.170757075344794451e+00 -1.199981367034913788e+11
1.167086990469105467e+00 -1.199982019196530762e+11
1.163416905593416484e+00 -1.199982607323912201e+11
1.159746820717727278e+00 -1.199983216659523926e+11
1.156076735842038294e+00 -1.199983762023367004e+11
1.152406650966349311e+00 -1.199984330737297668e+11
1.148736566090660327e+00 -1.199984835635601349e+11
1.145066481214971343e+00 -1.199985365860654755e+11
1.141396396339282360e+00 -1.199985832508686981e+11
1.137726311463593376e+00 -1.199986326302455902e+11
1.134056226587904170e+00 -1.199986756832031555e+11
1.130386141712215409e+00 -1.199987216177406616e+11
1.126716056836526203e+00 -1.199987612634023743e+11
1.123045971960837219e+00 -1.199988039434992828e+11
1.119375887085148236e+00 -1.199988403780256042e+11
1.115705802209459252e+00 -1.199988799863990631e+11
1.112035717333770268e+00 -1.199989133973642273e+11
1.108365632458081285e+00 -1.199989501090202332e+11
1.104695547582392301e+00 -1.199989806755680237e+11
1.101025462706703095e+00 -1.199990146576781158e+11
1.097355377831014334e+00 -1.199990425507996979e+11
1.093685292955325128e+00 -1.199990739631658936e+11
1.090015208079636366e+00 -1.199990993455548553e+11
1.086345123203947161e+00 -1.199991283404088593e+11
1.082675038328258177e+00 -1.199991513669828949e+11
1.079004953452569193e+00 -1.199991780893320618e+11
1.075334868576880210e+00 -1.199991989072344513e+11
1.071664783701191226e+00 -1.199992234949547729e+11
1.067994698825502020e+00 -1.199992422439319916e+11
1.064324613949813259e+00 -1.199992648280930023e+11
1.060654529074124053e+00 -1.199992816406713257e+11
1.056984444198435069e+00 -1.199993023457550354e+11
1.053314359322746085e+00 -1.199993173470381012e+11
1.049644274447057102e+00 -1.199993362905009613e+11
1.045974189571368118e+00 -1.199993496010733490e+11
1.042304104695678912e+00 -1.199993668967060242e+11
1.038634019819990151e+00 -1.199993786216513977e+11
1.034963934944300945e+00 -1.199993943659501343e+11
1.031293850068612183e+00 -1.199994046313245239e+11
1.027623765192922978e+00 -1.199994189554732666e+11
1.023953680317233994e+00 -1.199994278317675629e+11
1.020283595441545010e+00 -1.199994407715520477e+11
1.016613510565856027e+00 -1.199994483805547638e+11
1.012943425690167043e+00 -1.199994600818450317e+11
1.009273340814477837e+00 -1.199994664962413483e+11
1.005603255938789076e+00 -1.199994770193562317e+11
1.001933171063099870e+00 -1.199994823295645142e+11
9.982630861874108863e-01 -1.199994917583475647e+11
9.945930013117219026e-01 -1.199994960425151672e+11
9.909229164360329190e-01 -1.199995044510525970e+11
9.872528315603439353e-01 -1.199995077838119049e+11
9.835827466846548406e-01 -1.199995152428690033e+11
9.799126618089658569e-01 -1.199995176945154572e+11
9.762425769332768732e-01 -1.199995242708696289e+11
9.725724920575878896e-01 -1.199995259074141235e+11
9.689024071818987949e-01 -1.199995316639483337e+11
9.652323223062098112e-01 -1.199995325470982666e+11
9.615622374305208275e-01 -1.199995375426104126e+11
9.578921525548318439e-01 -1.199995377308019714e+11
9.542220676791427492e-01 -1.199995420209438934e+11
9.505519828034537655e-01 -1.199995415688821259e+11
9.468818979277647818e-01 -1.199995452060463867e+11
9.432118130520757981e-01 -1.199995441648123169e+11
9.395417281763867035e-01 -1.199995471978726196e+11
9.358716433006978308e-01 -1.199995456156275635e+11
9.322015584250087361e-01 -1.199995480906986847e+11
9.285314735493197524e-01 -1.199995460126144714e+11
9.248613886736306577e-01 -1.199995479730905914e+11
9.211913037979417851e-01 -1.199995454412410583e+11
9.175212189222526904e-01 -1.199995469275854797e+11
9.138511340465637067e-01 -1.199995439815133972e+11
9.101810491708746120e-01 -1.199995450318181915e+11
9.065109642951857394e-01 -1.199995417084941559e+11
9.028408794194966447e-01 -1.199995423584609985e+11
8.991707945438076610e-01 -1.199995386923750000e+11
8.955007096681185663e-01 -1.199995389753206787e+11
8.918306247924296937e-01 -1.199995349988921509e+11
8.881605399167405990e-01 -1.199995349462495575e+11
8.844904550410516153e-01 -1.199995306895533295e+11
8.808203701653625206e-01 -1.199995303305277405e+11
8.771502852896736480e-01 -1.199995258218264771e+11
8.734802004139845533e-01 -1.199995251839051514e+11
8.698101155382955696e-01 -1.199995204494015961e+11
8.661400306626065859e-01 -1.199995195581837769e+11
8.624699457869176022e-01 -1.199995146223889465e+11
8.587998609112286186e-01 -1.199995135018163757e+11
8.551297760355395239e-01 -1.199995083875681305e+11
8.514596911598505402e-01 -1.199995070600179138e+11
8.477896062841615565e-01 -1.199995017885174561e+11
8.441195214084725729e-01 -1.199995002748765259e+11
8.404494365327834782e-01 -1.199994948659303284e+11
8.367793516570944945e-01 -1.199994931856730347e+11
8.331092667814055108e-01 -1.199994876576009216e+11
8.294391819057165272e-01 -1.199994858288275757e+11
8.257690970300274325e-01 -1.199994801987237854e+11
8.220990121543384488e-01 -1.199994782384248352e+11
8.184289272786494651e-01 -1.199994725220411835e+11
8.147588424029604814e-01 -1.199994704458996429e+11
8.110887575272713867e-01 -1.199994646579359894e+11
8.074186726515824031e-01 -1.199994624805940857e+11
8.037485877758934194e-01 -1.199994566346496735e+11
8.000785029002044357e-01 -1.199994543697339783e+11
7.964084180245153410e-01 -1.199994484783579407e+11
7.927383331488263574e-01 -1.199994461385327301e+11
7.890682482731373737e-01 -1.199994402133095551e+11
7.853981633974483900e-01 -1.199994378103009338e+11
7.817280785217594063e-01 -1.199994318619676666e+11
7.780579936460703117e-01 -1.199994294066432648e+11
7.743879087703813280e-01 -1.199994234450386963e+11
7.707178238946922333e-01 -1.199994209475076904e+11
7.670477390190033606e-01 -1.199994149817201538e+11
7.633776541433142659e-01 -1.199994124512245178e+11
7.597075692676252823e-01 -1.199994064896582642e+11
7.560374843919361876e-01 -1.199994039348610535e+11
7.523673995162473149e-01 -1.199993979850976410e+11
7.486973146405582202e-01 -1.199993954139828033e+11
7.450272297648692366e-01 -1.199993894830202026e+11
7.413571448891801419e-01 -1.199993869028718872e+11
7.376870600134912692e-01 -1.199993809971638947e+11
7.340169751378021745e-01 -1.199993784147170410e+11
7.303468902621131909e-01 -1.199993725401134186e+11
7.266768053864240962e-01 -1.199993699615601501e+11
7.230067205107352235e-01 -1.199993641233410950e+11
7.193366356350461288e-01 -1.199993615543825989e+11
7.156665507593571451e-01 -1.199993557573999634e+11
7.119964658836680504e-01 -1.199993532032764893e+11
7.083263810079791778e-01 -1.199993474518086548e+11
7.046562961322900831e-01 -1.199993449172030334e+11
7.009862112566010994e-01 -1.199993392153088379e+11
6.973161263809120047e-01 -1.199993367046177826e+11
6.936460415052231321e-01 -1.199993310556527710e+11
6.899759566295340374e-01 -1.199993285727077026e+11
6.863058717538450537e-01 -1.199993229803458557e+11
6.826357868781559590e-01 -1.199993205294630737e+11
6.789657020024670864e-01 -1.199993149954926910e+11
6.752956171267779917e-01 -1.199993125786363831e+11
6.716255322510890080e-01 -1.199993071057834778e+11
6.679554473753999133e-01 -1.199993047264517822e+11
6.642853624997110407e-01 -1.199992993176166992e+11
6.606152776240219460e-01 -1.199992969784783478e+11
6.569451927483329623e-01 -1.199992916351503601e+11
6.532751078726438676e-01 -1.199992893385390320e+11
6.496050229969549950e-01 -1.199992840623648376e+11
6.459349381212659003e-01 -1.199992818103760681e+11
6.422648532455769166e-01 -1.199992766027304382e+11
6.385947683698878219e-01 -1.199992743972085876e+11
6.349246834941989492e-01 -1.199992692592483826e+11
6.312545986185098545e-01 -1.199992671017939148e+11
6.275845137428208709e-01 -1.199992620344823456e+11
6.239144288671319982e-01 -1.199992599265002747e+11
6.202443439914429035e-01 -1.199992549305810089e+11
6.165742591157538088e-01 -1.199992528732987671e+11
6.129041742400648252e-01 -1.199992479493714905e+11
6.092340893643759525e-01 -1.199992459437926636e+11
6.055640044886868578e-01 -1.199992410922828674e+11
6.018939196129977631e-01 -1.199992391393341675e+11
5.982238347373087795e-01 -1.199992343604479980e+11
5.945537498616199068e-01 -1.199992324607715607e+11
5.908836649859308121e-01 -1.199992277546903992e+11
5.872135801102417174e-01 -1.199992259088449402e+11
5.835434952345527337e-01 -1.199992212755789795e+11
5.798734103588638611e-01 -1.199992194840373230e+11
5.762033254831747664e-01 -1.199992149234113159e+11
5.725332406074856717e-01 -1.199992131864559479e+11
5.688631557317966880e-01 -1.199992086982959595e+11
5.651930708561077044e-01 -1.199992070161332092e+11
5.615229859804187207e-01 -1.199992026000648804e+11
5.578529011047297370e-01 -1.199992009727858887e+11
5.541828162290405313e-01 -1.199991966284054260e+11
5.505127313533517697e-01 -1.199991950560193939e+11
5.468426464776627860e-01 -1.199991907828211060e+11
5.431725616019735803e-01 -1.199991892652095642e+11
5.395024767262845966e-01 -1.199991850626291504e+11
5.358323918505956129e-01 -1.199991835996380615e+11
5.321623069749066293e-01 -1.199991794670451660e+11
5.284922220992176456e-01 -1.199991780584342346e+11
5.248221372235284399e-01 -1.199991739951107941e+11
5.211520523478396782e-01 -1.199991726405543213e+11
5.174819674721506946e-01 -1.199991686457301636e+11
5.138118825964614889e-01 -1.199991673448509674e+11
5.101417977207725052e-01 -1.199991634177112885e+11
5.064717128450835215e-01 -1.199991621700707397e+11
5.028016279693945378e-01 -1.199991583097499542e+11
4.991315430937055542e-01 -1.199991571148470154e+11
4.954614582180163485e-01 -1.199991533204883881e+11
4.917913733423275868e-01 -1.199991521778465729e+11
4.881212884666386032e-01 -1.199991484484699402e+11
4.844512035909493974e-01 -1.199991473574631805e+11
4.807811187152604138e-01 -1.199991436921665039e+11
4.771110338395714301e-01 -1.199991426522259979e+11
4.734409489638824464e-01 -1.199991390499833984e+11
4.697708640881934627e-01 -1.199991380604321747e+11
4.661007792125042570e-01 -1.199991345202429810e+11
4.624306943368154954e-01 -1.199991335804362488e+11
4.587606094611265117e-01 -1.199991301012711792e+11
4.550905245854373060e-01 -1.199991292104959259e+11
4.514204397097483223e-01 -1.199991257913073425e+11
4.477503548340593387e-01 -1.199991249488473358e+11
4.440802699583703550e-01 -1.199991215886093750e+11
4.404101850826813713e-01 -1.199991207937126160e+11
4.367401002069921656e-01 -1.199991174913385620e+11
4.330700153313034040e-01 -1.199991167432650452e+11
4.293999304556144203e-01 -1.199991134976773682e+11
4.257298455799252146e-01 -1.199991127956726685e+11
4.220597607042362309e-01 -1.199991096057721558e+11
4.183896758285472472e-01 -1.199991089490099792e+11
4.147195909528582636e-01 -1.199991058137513123e+11
4.110495060771692799e-01 -1.199991052014493866e+11
4.073794212014800742e-01 -1.199991021197233276e+11
4.037093363257913126e-01 -1.199991015510921783e+11
4.000392514501023289e-01 -1.199990985217947998e+11
3.963691665744131232e-01 -1.199990979959855194e+11
3.926990816987243615e-01 -1.199990950181012878e+11
3.890289968230351558e-01 -1.199990945343687286e+11
3.853589119473461722e-01 -1.199990916067513275e+11
3.816888270716571885e-01 -1.199990911642379761e+11
3.780187421959682048e-01 -1.199990882858779144e+11
3.743486573202792211e-01 -1.199990878837969208e+11
3.706785724445902375e-01 -1.199990850535809326e+11
3.670084875689010318e-01 -1.199990846911063538e+11
3.633384026932122701e-01 -1.199990819080024109e+11
3.596683178175230644e-01 -1.199990815843410034e+11
3.559982329418340807e-01 -1.199990788472798615e+11
3.523281480661450971e-01 -1.199990785615782318e+11
3.486580631904561134e-01 -1.199990758695527802e+11
3.449879783147671297e-01 -1.199990756210635376e+11
3.413178934390781460e-01 -1.199990729730115967e+11
3.376478085633889403e-01 -1.199990727608369446e+11
3.339777236877001787e-01 -1.199990701559356995e+11
3.303076388120109730e-01 -1.199990699795443420e+11
3.266375539363219893e-01 -1.199990674165891876e+11
3.229674690606330056e-01 -1.199990672752292328e+11
3.192973841849440220e-01 -1.199990647528201752e+11
3.156272993092550383e-01 -1.199990646445685883e+11
3.119572144335660546e-01 -1.199990621623578796e+11
3.082871295578768489e-01 -1.199990620877412109e+11
3.046170446821880873e-01 -1.199990596446149139e+11
3.009469598064991036e-01 -1.199990596025370178e+11
2.972768749308098979e-01 -1.199990571974911499e+11
2.936067900551209142e-01 -1.199990571871412659e+11
2.899367051794319305e-01 -1.199990548192451477e+11
2.862666203037429469e-01 -1.199990548398549805e+11
2.825965354280539632e-01 -1.199990525081991425e+11
2.789264505523647575e-01 -1.199990525590541077e+11
2.752563656766759959e-01 -1.199990502627088013e+11
2.715862808009870122e-01 -1.199990503430603943e+11
2.679161959252978065e-01 -1.199990480811510468e+11
2.642461110496088228e-01 -1.199990481903023987e+11
2.605760261739198391e-01 -1.199990459619514465e+11
2.569059412982308555e-01 -1.199990460991637268e+11
2.532358564225418718e-01 -1.199990439035262604e+11
2.495657715468526661e-01 -1.199990440681461945e+11
2.458956866711639044e-01 -1.199990419043562012e+11
2.422256017954749208e-01 -1.199990420956753845e+11
2.385555169197857150e-01 -1.199990399629425049e+11
2.348854320440967314e-01 -1.199990401803245697e+11
2.312153471684077477e-01 -1.199990380777859955e+11
2.275452622927187640e-01 -1.199990383205543671e+11
2.238751774170297804e-01 -1.199990362474483795e+11
2.202050925413405746e-01 -1.199990365149186859e+11
2.165350076656518130e-01 -1.199990344704867249e+11
2.128649227899628293e-01 -1.199990347620813141e+11
2.091948379142736236e-01 -1.199990327455269318e+11
2.055247530385846400e-01 -1.199990330606118011e+11
2.018546681628956563e-01 -1.199990310712319031e+11
1.981845832872066726e-01 -1.199990314091946564e+11
1.945144984115176889e-01 -1.199990294462131195e+11
1.908444135358284832e-01 -1.199990298064444275e+11
1.871743286601397216e-01 -1.199990278691652374e+11
1.835042437844507379e-01 -1.199990282510639648e+11
1.798341589087615322e-01 -1.199990263387813110e+11
1.761640740330725485e-01 -1.199990267417816467e+11
1.724939891573835649e-01 -1.199990248538217621e+11
1.688239042816945812e-01 -1.199990252773783569e+11
1.651538194060055975e-01 -1.199990234130558014e+11
1.614837345303166138e-01 -1.199990238566084747e+11
1.578136496546276302e-01 -1.199990220153027802e+11
1.541435647789386465e-01 -1.199990224783302002e+11
1.504734799032494408e-01 -1.199990206593787537e+11
1.468033950275606792e-01 -1.199990211413162994e+11
1.431333101518714734e-01 -1.199990193441530304e+11
1.394632252761824898e-01 -1.199990198445277252e+11
1.357931404004935061e-01 -1.199990180684866180e+11
1.321230555248045224e-01 -1.199990185867758026e+11
1.284529706491155387e-01 -1.199990168312872162e+11
1.247828857734265551e-01 -1.199990173670084991e+11
1.211128008977373494e-01 -1.199990156314822540e+11
1.174427160220485877e-01 -1.199990161841274109e+11
1.137726311463593820e-01 -1.199990144680116119e+11
1.101025462706703983e-01 -1.199990150371428070e+11
1.064324613949814147e-01 -1.199990133398624725e+11
1.027623765192924310e-01 -1.199990139250166779e+11
9.909229164360344733e-02 -1.199990122460333405e+11
9.542220676791446365e-02 -1.199990128467450714e+11
9.175212189222525794e-02 -1.199990111855811462e+11
8.808203701653649631e-02 -1.199990118014367828e+11
8.441195214084729059e-02 -1.199990101575379181e+11
8.074186726515830692e-02 -1.199990107880888519e+11
7.707178238946932325e-02 -1.199990091609749298e+11
7.340169751378033958e-02 -1.199990098058183594e+11
6.973161263809135590e-02 -1.199990081949960480e+11
6.606152776240237223e-02 -1.199990088536950684e+11
6.239144288671316652e-02 -1.199990072586999512e+11
5.872135801102440489e-02 -1.199990079309149933e+11
5.505127313533519917e-02 -1.199990063512556915e+11
5.138118825964621550e-02 -1.199990070365389099e+11
4.771110338395723183e-02 -1.199990054718356934e+11
4.404101850826824815e-02 -1.199990061698778839e+11
4.037093363257926448e-02 -1.199990046196230164e+11
3.670084875689028081e-02 -1.199990053299991608e+11
3.303076388120107509e-02 -1.199990037938284607e+11
2.936067900551231347e-02 -1.199990045162309113e+11
2.569059412982310775e-02 -1.199990029936905670e+11
2.202050925413412408e-02 -1.199990037277319489e+11
1.835042437844514041e-02 -1.199990022184302673e+11
1.468033950275615673e-02 -1.199990029637714233e+11
1.101025462706717306e-02 -1.199990014673131104e+11
7.340169751378189389e-03 -1.199990022236389771e+11
3.670084875688983672e-03 -1.199990007396296387e+11
2.220446049250313081e-16 -1.199990015066205750e+11
-3.670084875688983672e-03 -1.199990000347199097e+11
-7.340169751377745300e-03 -1.199990008120845947e+11
-1.101025462706695102e-02 -1.199989993518421478e+11
-1.468033950275593469e-02 -1.199990001391990204e+11
-1.835042437844514041e-02 -1.199989986904461823e+11
-2.202050925413390203e-02 -1.199989994877981415e+11
-2.569059412982288571e-02 -1.199989980500380554e+11
-2.936067900551209142e-02 -1.199989988563802185e+11
-3.303076388120107509e-02 -1.199989974293486633e+11
-3.670084875688983672e-02 -1.199989982450622101e+11
-4.037093363257904244e-02 -1.199989968284929199e+11
-4.404101850826802611e-02 -1.199989976532484436e+11
-4.771110338395723183e-02 -1.199989962466255951e+11
-5.138118825964599345e-02 -1.199989970799533081e+11
-5.505127313533497713e-02 -1.199989956831162720e+11
-5.872135801102418284e-02 -1.199989965248367157e+11
-6.239144288671316652e-02 -1.199989951374499969e+11
-6.606152776240192814e-02 -1.199989959872956390e+11
-6.973161263809113386e-02 -1.199989946090903015e+11
-7.340169751378011753e-02 -1.199989954668209839e+11
-7.707178238946887916e-02 -1.199989940974890900e+11
-8.074186726515808488e-02 -1.199989949628572998e+11
-8.441195214084706855e-02 -1.199989936021624756e+11
-8.808203701653627427e-02 -1.199989944749579620e+11
-9.175212189222503589e-02 -1.199989931226133270e+11
-9.542220676791401957e-02 -1.199989940025953064e+11
-9.909229164360322528e-02 -1.199989926583579559e+11
-1.027623765192922090e-01 -1.199989935452915955e+11
-1.064324613949809706e-01 -1.199989922089199524e+11
-1.101025462706701763e-01 -1.199989931026347198e+11
-1.137726311463591600e-01 -1.199989917738587646e+11
-1.174427160220483657e-01 -1.199989926741138916e+11
-1.211128008977371273e-01 -1.199989913527472839e+11
-1.247828857734261110e-01 -1.199989922593900299e+11
-1.284529706491153167e-01 -1.199989909451415863e+11
-1.321230555248043004e-01 -1.199989918579411621e+11
-1.357931404004930620e-01 -1.199989905506289215e+11
-1.394632252761822677e-01 -1.199989914693894958e+11
-1.431333101518712514e-01 -1.199989901687923737e+11
-1.468033950275604571e-01 -1.199989910933403778e+11
-1.504734799032492187e-01 -1.199989897992540436e+11
-1.541435647789382024e-01 -1.199989907294387207e+11
-1.578136496546274081e-01 -1.199989894416315613e+11
-1.614837345303163918e-01 -1.199989903772415314e+11
-1.651538194060051534e-01 -1.199989890955607300e+11
-1.688239042816943591e-01 -1.199989900364524078e+11
-1.724939891573833428e-01 -1.199989887606687012e+11
-1.761640740330725485e-01 -1.199989897066624298e+11
-1.798341589087613102e-01 -1.199989884366090546e+11
-1.835042437844502938e-01 -1.199989893875432434e+11
-1.871743286601394995e-01 -1.199989881230323944e+11
-1.908444135358284832e-01 -1.199989890787681580e+11
-1.945144984115172448e-01 -1.199989878196308594e+11
-1.981845832872064506e-01 -1.199989887800493774e+11
-2.018546681628954342e-01 -1.199989875261030426e+11
-2.055247530385846400e-01 -1.199989884909896088e+11
-2.091948379142734016e-01 -1.199989872420983276e+11
-2.128649227899623853e-01 -1.199989882113914795e+11
-2.165350076656515910e-01 -1.199989869673654785e+11
-2.202050925413405746e-01 -1.199989879408656311e+11
-2.238751774170293363e-01 -1.199989867015640106e+11
-2.275452622927185420e-01 -1.199989876791636200e+11
-2.312153471684075257e-01 -1.199989864444300079e+11
-2.348854320440967314e-01 -1.199989874259871674e+11
-2.385555169197854930e-01 -1.199989861957195282e+11
-2.422256017954744767e-01 -1.199989871811343384e+11
-2.458956866711636824e-01 -1.199989859551377563e+11
-2.495657715468526661e-01 -1.199989869442715302e+11
-2.532358564225414277e-01 -1.199989857224361115e+11
-2.569059412982306334e-01 -1.199989867151935120e+11
-2.605760261739196171e-01 -1.199989854973423920e+11
-2.642461110496088228e-01 -1.199989864935704193e+11
-2.679161959252975844e-01 -1.199989852796384277e+11
-2.715862808009865681e-01 -1.199989862792395630e+11
-2.752563656766757738e-01 -1.199989850690629883e+11
-2.789264505523647575e-01 -1.199989860719267883e+11
-2.825965354280535191e-01 -1.199989848653976593e+11
-2.862666203037427248e-01 -1.199989858714449921e+11
-2.899367051794317085e-01 -1.199989846684360352e+11
-2.936067900551209142e-01 -1.199989856775425873e+11
-2.972768749308096758e-01 -1.199989844779621124e+11
-3.009469598064986595e-01 -1.199989854900790253e+11
-3.046170446821878652e-01 -1.199989842937802734e+11
-3.082871295578768489e-01 -1.199989853087574921e+11
-3.119572144335656105e-01 -1.199989841156825714e+11
-3.156272993092548163e-01 -1.199989851334722290e+11
-3.192973841849437999e-01 -1.199989839434658966e+11
-3.229674690606325616e-01 -1.199989849639337616e+11
-3.266375539363217673e-01 -1.199989837769290161e+11
-3.303076388120107509e-01 -1.199989848000158081e+11
-3.339777236876999567e-01 -1.199989836158803558e+11
-3.376478085633889403e-01 -1.199989846414592896e+11
-3.413178934390777020e-01 -1.199989834601302185e+11
-3.449879783147669077e-01 -1.199989844881613464e+11
-3.486580631904558913e-01 -1.199989833095197601e+11
-3.523281480661446530e-01 -1.199989843399025574e+11
-3.559982329418338587e-01 -1.199989831638350525e+11
-3.596683178175228424e-01 -1.199989841964567108e+11
-3.633384026932120481e-01 -1.199989830229065704e+11
-3.670084875689010318e-01 -1.199989840577349701e+11
-3.706785724445897934e-01 -1.199989828868681641e+11
-3.743486573202789991e-01 -1.199989839241846619e+11
-3.780187421959679828e-01 -1.199989827556743011e+11
-3.816888270716567444e-01 -1.199989837946589355e+11
-3.853589119473459501e-01 -1.199989826276667480e+11
-3.890289968230349338e-01 -1.199989836704815979e+11
-3.926990816987241395e-01 -1.199989825062747955e+11
-3.963691665744131232e-01 -1.199989835495661316e+11
-4.000392514501018848e-01 -1.199989823874160614e+11
-4.037093363257910905e-01 -1.199989834323378754e+11
-4.073794212014800742e-01 -1.199989822723840332e+11
-4.110495060771688358e-01 -1.199989833191969757e+11
-4.147195909528580415e-01 -1.199989821612541199e+11
-4.183896758285470252e-01 -1.199989832098450012e+11
-4.220597607042362309e-01 -1.199989820538831482e+11
-4.257298455799252146e-01 -1.199989831042171631e+11
-4.293999304556139762e-01 -1.199989819501485748e+11
-4.330700153313031819e-01 -1.199989830021640472e+11
-4.367401002069919436e-01 -1.199989818498894196e+11
-4.404101850826811493e-01 -1.199989829034807434e+11
-4.440802699583703550e-01 -1.199989817529888611e+11
-4.477503548340591166e-01 -1.199989828081846771e+11
-4.514204397097483223e-01 -1.199989816593388977e+11
-4.550905245854370840e-01 -1.199989827159972839e+11
-4.587606094611262897e-01 -1.199989815688311768e+11
-4.624306943368154954e-01 -1.199989826269445190e+11
-4.661007792125042570e-01 -1.199989814813577423e+11
-4.697708640881930187e-01 -1.199989825409053955e+11
-4.734409489638822244e-01 -1.199989813968783569e+11
-4.771110338395709860e-01 -1.199989824577747498e+11
-4.807811187152601917e-01 -1.199989813152252350e+11
-4.844512035909493974e-01 -1.199989823774429626e+11
-4.881212884666381591e-01 -1.199989812363405304e+11
-4.917913733423273648e-01 -1.199989822998251190e+11
-4.954614582180161264e-01 -1.199989811600871124e+11
-4.991315430937053321e-01 -1.199989822248016663e+11
-5.028016279693945378e-01 -1.199989810863848114e+11
-5.064717128450832995e-01 -1.199989821523178558e+11
-5.101417977207725052e-01 -1.199989810151537170e+11
-5.138118825964612668e-01 -1.199989820822176819e+11
-5.174819674721504725e-01 -1.199989809463230286e+11
-5.211520523478396782e-01 -1.199989820145222168e+11
-5.248221372235284399e-01 -1.199989808798104401e+11
-5.284922220992172015e-01 -1.199989819490914307e+11
-5.321623069749064072e-01 -1.199989808155492554e+11
-5.358323918505951688e-01 -1.199989818858905487e+11
-5.395024767262843746e-01 -1.199989807534871216e+11
-5.431725616019735803e-01 -1.199989818248599701e+11
-5.468426464776623419e-01 -1.199989806935450745e+11
-5.505127313533515476e-01 -1.199989817659013214e+11
-5.541828162290403093e-01 -1.199989806356508636e+11
-5.578529011047295150e-01 -1.199989817089712524e+11
-5.615229859804187207e-01 -1.199989805797087708e+11
-5.651930708561074823e-01 -1.199989816539457397e+11
-5.688631557317962439e-01 -1.199989805256392670e+11
-5.725332406074854497e-01 -1.199989816007603760e+11
-5.762033254831742113e-01 -1.199989804733916931e+11
-5.798734103588638611e-01 -1.199989815493519592e+11
-5.835434952345526227e-01 -1.199989804229163818e+11
-5.872135801102413843e-01 -1.199989814997263031e+11
-5.908836649859305901e-01 -1.199989803741492310e+11
-5.945537498616193517e-01 -1.199989814517647705e+11
-5.982238347373085574e-01 -1.199989803270521088e+11
-6.018939196129977631e-01 -1.199989814054675598e+11
-6.055640044886865248e-01 -1.199989802815623169e+11
-6.092340893643757305e-01 -1.199989813607394409e+11
-6.129041742400644921e-01 -1.199989802376454163e+11
-6.165742591157536978e-01 -1.199989813175162506e+11
-6.202443439914429035e-01 -1.199989801951903992e+11
-6.239144288671316652e-01 -1.199989812758079987e+11
-6.275845137428204268e-01 -1.199989801541678162e+11
-6.312545986185096325e-01 -1.199989812354495239e+11
-6.349246834941983941e-01 -1.199989801145420685e+11
-6.385947683698880439e-01 -1.199989811965256042e+11
-6.422648532455768056e-01 -1.199989800762906952e+11
-6.459349381212655672e-01 -1.199989811589166565e+11
-6.496050229969547729e-01 -1.199989800393642578e+11
-6.532751078726435345e-01 -1.199989811226393738e+11
-6.569451927483327403e-01 -1.199989800036978302e+11
-6.606152776240219460e-01 -1.199989810875713806e+11
-6.642853624997107076e-01 -1.199989799692608948e+11
-6.679554473753999133e-01 -1.199989810537402039e+11
-6.716255322510886749e-01 -1.199989799360093994e+11
-6.752956171267778807e-01 -1.199989810210395966e+11
-6.789657020024670864e-01 -1.199989799039017639e+11
-6.826357868781558480e-01 -1.199989809894934692e+11
-6.863058717538446096e-01 -1.199989798729033508e+11
-6.899759566295338153e-01 -1.199989809590573883e+11
-6.936460415052225770e-01 -1.199989798430301056e+11
-6.973161263809122268e-01 -1.199989809297429810e+11
-7.009862112566009884e-01 -1.199989798142281036e+11
-7.046562961322897500e-01 -1.199989809014750977e+11
-7.083263810079789558e-01 -1.199989797865609436e+11
-7.119964658836677174e-01 -1.199989808744109955e+11
-7.156665507593569231e-01 -1.199989797597163544e+11
-7.193366356350461288e-01 -1.199989808477538147e+11
-7.230067205107348904e-01 -1.199989797343540039e+11
-7.266768053864240962e-01 -1.199989808234558868e+11
-7.303468902621128578e-01 -1.199989797058116760e+11
-7.340169751378020635e-01 -1.199989807910782166e+11
-7.376870600134912692e-01 -1.199989796808697205e+11
-7.413571448891800308e-01 -1.199989807723578949e+11
-7.450272297648687925e-01 -1.199989796595069122e+11
-7.486973146405579982e-01 -1.199989807494837494e+11
-7.523673995162467598e-01 -1.199989796369484558e+11
-7.560374843919364096e-01 -1.199989807273105164e+11
-7.597075692676251712e-01 -1.199989796150532227e+11
-7.633776541433139329e-01 -1.199989807057303772e+11
-7.670477390190031386e-01 -1.199989795938513794e+11
-7.707178238946919002e-01 -1.199989806849473267e+11
-7.743879087703811059e-01 -1.199989795734105835e+11
-7.780579936460703117e-01 -1.199989806648965454e+11
-7.817280785217590733e-01 -1.199989795537079163e+11
-7.853981633974478349e-01 -1.199989806455842285e+11
-7.890682482731370406e-01 -1.199989795346873169e+11
-7.927383331488262463e-01 -1.199989806269160156e+11
-7.964084180245154521e-01 -1.199989795163396301e+11
-8.000785029002042137e-01 -1.199989806089265137e+11
-8.037485877758929753e-01 -1.199989794986094055e+11
-8.074186726515821810e-01 -1.199989805915678558e+11
-8.110887575272709427e-01 -1.199989794815348511e+11
-8.147588424029601484e-01 -1.199989805748142700e+11
-8.184289272786493541e-01 -1.199989794650481262e+11
-8.220990121543381157e-01 -1.199989805586613464e+11
-8.257690970300273214e-01 -1.199989794491112976e+11
-8.294391819057160831e-01 -1.199989805430327454e+11
-8.331092667814052888e-01 -1.199989794337254181e+11
-8.367793516570944945e-01 -1.199989805279454651e+11
-8.404494365327832561e-01 -1.199989794188778381e+11
-8.441195214084720178e-01 -1.199989805133839111e+11
-8.477896062841612235e-01 -1.199989794045496979e+11
-8.514596911598504292e-01 -1.199989804993648682e+11
-8.551297760355396349e-01 -1.199989793907222595e+11
-8.587998609112283965e-01 -1.199989804858133392e+11
-8.624699457869171582e-01 -1.199989793773597412e+11
-8.661400306626063639e-01 -1.199989804727764893e+11
-8.698101155382951255e-01 -1.199989793644243164e+11
-8.734802004139843312e-01 -1.199989804601082153e+11
-8.771502852896735369e-01 -1.199989793519479370e+11
-8.808203701653622986e-01 -1.199989804479221802e+11
-8.844904550410515043e-01 -1.199989793399053955e+11
-8.881605399167402659e-01 -1.199989804361389771e+11
-8.918306247924294716e-01 -1.199989793282681580e+11
-8.955007096681186773e-01 -1.199989804247690125e+11
-8.991707945438074390e-01 -1.199989793170188293e+11
-9.028408794194962006e-01 -1.199989804137601624e+11
-9.065109642951854063e-01 -1.199989793061467896e+11
-9.101810491708746120e-01 -1.199989804031522675e+11
-9.138511340465638177e-01 -1.199989792956757202e+11
-9.175212189222525794e-01 -1.199989803929380188e+11
-9.211913037979413410e-01 -1.199989792855688477e+11
-9.248613886736305467e-01 -1.199989803830775146e+11
-9.285314735493193083e-01 -1.199989792758021545e+11
-9.322015584250085141e-01 -1.199989803735866394e+11
-9.358716433006977198e-01 -1.199989792663866272e+11
-9.395417281763864814e-01 -1.199989803644298706e+11
-9.432118130520756871e-01 -1.199989792573181458e+11
-9.468818979277644488e-01 -1.199989803555789642e+11
-9.505519828034536545e-01 -1.199989792485548706e+11
-9.542220676791428602e-01 -1.199989803470854187e+11
-9.578921525548316218e-01 -1.199989792401028137e+11
-9.615622374305203834e-01 -1.199989803388995056e+11
-9.652323223062095892e-01 -1.199989792319501038e+11
-9.689024071818983508e-01 -1.199989803309690552e+11
-9.725724920575880006e-01 -1.199989792240933228e+11
-9.762425769332767622e-01 -1.199989803233679504e+11
-9.799126618089655238e-01 -1.199989792164859009e+11
-9.835827466846547296e-01 -1.199989803159838562e+11
-9.872528315603434912e-01 -1.199989792091587219e+11
-9.909229164360326969e-01 -1.199989803089117126e+11
-9.945930013117219026e-01 -1.199989792020714417e+11
-9.982630861874106643e-01 -1.199989803020476990e+11
-1.001933171063099870e+00 -1.199989791952351074e+11
-1.005603255938788632e+00 -1.199989802954693604e+11
-1.009273340814477837e+00 -1.199989791886484680e+11
-1.012943425690167043e+00 -1.199989802891311340e+11
-1.016613510565855805e+00 -1.199989791822904510e+11
-1.020283595441544566e+00 -1.199989802830188751e+11
-1.023953680317233772e+00 -1.199989791761700592e+11
-1.027623765192922534e+00 -1.199989802771546173e+11
-1.031293850068611739e+00 -1.199989791702359619e+11
-1.034963934944300945e+00 -1.199989802714507446e+11
-1.038634019819989707e+00 -1.199989791645081177e+11
-1.042304104695678912e+00 -1.199989802659746094e+11
-1.045974189571367674e+00 -1.199989791589757690e+11
-1.049644274447056880e+00 -1.199989802607071838e+11
-1.053314359322746085e+00 -1.199989791536565704e+11
-1.056984444198434847e+00 -1.199989802556517944e+11
-1.060654529074123609e+00 -1.199989791485351410e+11
-1.064324613949812814e+00 -1.199989802508020782e+11
-1.067994698825502020e+00 -1.199989791435820312e+11
-1.071664783701191226e+00 -1.199989802461250000e+11
-1.075334868576879988e+00 -1.199989791387908783e+11
-1.079004953452568749e+00 -1.199989802416404419e+11
-1.082675038328257955e+00 -1.199989791344337921e+11
-1.086345123203946716e+00 -1.199989802376893921e+11
-1.090015208079635922e+00 -1.199989791299868469e+11
-1.093685292955325128e+00 -1.199989802332415466e+11
-1.097355377831013890e+00 -1.199989791256259003e+11
-1.101025462706703095e+00 -1.199989802293937378e+11
-1.104695547582391857e+00 -1.199989791215570221e+11
-1.108365632458081063e+00 -1.199989802255671082e+11
-1.112035717333770268e+00 -1.199989791175984650e+11
-1.115705802209459030e+00 -1.199989802219489441e+11
-1.119375887085147792e+00 -1.199989791137902374e+11
-1.123045971960836997e+00 -1.199989802184586334e+11
-1.126716056836526203e+00 -1.199989791101394043e+11
-1.130386141712215409e+00 -1.199989802151653137e+11
-1.134056226587904170e+00 -1.199989791066140747e+11
-1.137726311463592932e+00 -1.199989802119680328e+11
-1.141396396339282138e+00 -1.199989791032159729e+11
-1.145066481214970899e+00 -1.199989802089684448e+11
-1.148736566090660105e+00 -1.199989790999414062e+11
-1.152406650966349311e+00 -1.199989802060458069e+11
-1.156076735842038072e+00 -1.199989790967857056e+11
-1.159746820717727278e+00 -1.199989802033191528e+11
-1.163416905593416040e+00 -1.199989790937782440e+11
-1.167086990469105245e+00 -1.199989802006912842e+11
-1.170757075344794451e+00 -1.199989790908660583e+11
-1.174427160220483213e+00 -1.199989801982293701e+11
-1.178097245096171974e+00 -1.199989790880907593e+11
-1.181767329971861180e+00 -1.199989801959178772e+11
-1.185437414847550386e+00 -1.199989790854190521e+11
-1.189107499723239592e+00 -1.199989801937025757e+11
-1.192777584598928353e+00 -1.199989790828558960e+11
-1.196447669474617115e+00 -1.199989801916215057e+11
-1.200117754350306321e+00 -1.199989790803799744e+11
-1.203787839225995082e+00 -1.199989801896838837e+11
-1.207457924101684288e+00 -1.199989790780257111e+11
-1.211128008977373494e+00 -1.199989801878676147e+11
-1.214798093853062255e+00 -1.199989790757669067e+11
-1.218468178728751461e+00 -1.199989801862204132e+11
-1.222138263604440223e+00 -1.199989790736190491e+11
-1.225808348480129428e+00 -1.199989801846759186e+11
-1.229478433355818634e+00 -1.199989790715720825e+11
-1.233148518231507396e+00 -1.199989801832791748e+11
-1.236818603107196157e+00 -1.199989790696087952e+11
-1.240488687982885363e+00 -1.199989801820094910e+11
-1.244158772858574569e+00 -1.199989790677256775e+11
-1.247828857734263330e+00 -1.199989801808501740e+11
-1.251498942609952536e+00 -1.199989790659333496e+11
-1.255169027485641298e+00 -1.199989801798439789e+11
-1.258839112361330503e+00 -1.199989790642318573e+11
-1.262509197237019265e+00 -1.199989801789848175e+11
-1.266179282112708471e+00 -1.199989790626150055e+11
-1.269849366988397676e+00 -1.199989801782702637e+11
-1.273519451864086438e+00 -1.199989790610801544e+11
-1.277189536739775200e+00 -1.199989801776749573e+11
-1.280859621615464405e+00 -1.199989790596226501e+11
-1.284529706491153611e+00 -1.199989801772621918e+11
-1.288199791366842817e+00 -1.199989790582450867e+11
-1.291869876242531578e+00 -1.199989801769770203e+11
-1.295539961118220340e+00 -1.199989790569351501e+11
-1.299210045993909546e+00 -1.199989801768679810e+11
-1.302880130869598752e+00 -1.199989790557072449e+11
-1.306550215745287513e+00 -1.199989801769461060e+11
-1.310220300620976719e+00 -1.199989790545443420e+11
-1.313890385496665481e+00 -1.199989801771788330e+11
-1.317560470372354686e+00 -1.199989790534591980e+11
-1.321230555248043448e+00 -1.199989801775963287e+11
-1.324900640123732654e+00 -1.199989790524264832e+11
-1.328570724999421859e+00 -1.199989801782206573e+11
-1.332240809875110621e+00 -1.199989790514516602e+11
-1.335910894750799383e+00 -1.199989801790414886e+11
-1.339580979626488588e+00 -1.199989790505278015e+11
-1.343251064502177794e+00 -1.199989801801152802e+11
-1.346921149377867000e+00 -1.199989790496802063e+11
-1.350591234253555761e+00 -1.199989801814472504e+11
-1.354261319129244523e+00 -1.199989790488832092e+11
-1.357931404004933729e+00 -1.199989801830518799e+11
-1.361601488880622490e+00 -1.199989790481262207e+11
-1.365271573756311696e+00 -1.199989801849614410e+11
-1.368941658632000902e+00 -1.199989790474180298e+11
-1.372611743507689663e+00 -1.199989801872334137e+11
-1.376281828383378869e+00 -1.199989790467441406e+11
-1.379951913259067631e+00 -1.199989801897835541e+11
-1.383621998134756836e+00 -1.199989790460032196e+11
-1.387292083010446042e+00 -1.199989801928377228e+11
-1.390962167886134804e+00 -1.199989790454463196e+11
-1.394632252761823565e+00 -1.199989801963753052e+11
-1.398302337637512771e+00 -1.199989790448164368e+11
-1.401972422513201977e+00 -1.199989802003946991e+11
-1.405642507388891183e+00 -1.199989790440926514e+11
-1.409312592264579944e+00 -1.199989802050119324e+11
-1.412982677140268706e+00 -1.199989790433076172e+11
-1.416652762015957912e+00 -1.199989802105918121e+11
-1.420322846891646673e+00 -1.199989790425534058e+11
-1.423992931767335879e+00 -1.199989802166657257e+11
-1.427663016643025085e+00 -1.199989790415396881e+11
-1.431333101518713846e+00 -1.199989802238430634e+11
-1.435003186394403052e+00 -1.199989790403923035e+11
-1.438673271270091814e+00 -1.199989802322417908e+11
-1.442343356145781019e+00 -1.199989790390187683e+11
-1.446013441021470225e+00 -1.199989802421729126e+11
-1.449683525897158987e+00 -1.199989790372391205e+11
-1.453353610772847748e+00 -1.199989802537644501e+11
-1.457023695648536954e+00 -1.199989790350470581e+11
-1.460693780524226160e+00 -1.199989802678380127e+11
-1.464363865399915365e+00 -1.199989790322400360e+11
-1.468033950275604127e+00 -1.199989802846335754e+11
-1.471704035151292889e+00 -1.199989790284789886e+11
-1.475374120026982094e+00 -1.199989803053108063e+11
-1.479044204902670856e+00 -1.199989790234593353e+11
-1.482714289778360062e+00 -1.199989803308545532e+11
-1.486384374654049267e+00 -1.199989790166615753e+11
-1.490054459529738029e+00 -1.199989803632370148e+11
-1.493724544405426791e+00 -1.199989790072610626e+11
-1.497394629281115996e+00 -1.199989804054113007e+11
-1.501064714156805202e+00 -1.199989789936153870e+11
-1.504734799032494408e+00 -1.199989804605805664e+11
-1.508404883908183169e+00 -1.199989789748232422e+11
-1.512074968783871931e+00 -1.199989805394311218e+11
-1.515745053659561137e+00 -1.199989789423600159e+11
-1.519415138535250342e+00 -1.199989806415079803e+11
-1.523085223410939104e+00 -1.199989789085264130e+11
-1.526755308286628310e+00 -1.199989808428727875e+11
-1.530425393162317071e+00 -1.199989787810574341e+11
-1.534095478038006277e+00 -1.199989809819725342e+11
-1.537765562913695039e+00 -1.199989788519940948e+11
-1.541435647789384245e+00 -1.199989820565652313e+11
-1.545105732665073450e+00 -1.199989776692304688e+11
-1.548775817540762212e+00 -1.199989807180256348e+11
-1.552445902416450974e+00 -1.199989810073200378e+11
-1.556115987292140179e+00 -1.199989952230925903e+11
-1.559786072167829385e+00 -1.199989579338307953e+11
-1.563456157043518591e+00 -1.199989533243482819e+11
-1.567126241919207352e+00 -1.199990887893587341e+11
-1.570796326794896114e+00 -1.199991638347640686e+11
