1.567126241919207574e+00 -5.069610530047441166e-15
1.559786072167829607e+00 -5.023321345659907687e-15
1.552445902416451418e+00 -4.980452277987089942e-15
1.545105732665073450e+00 -4.905330057229251070e-15
1.537765562913695483e+00 -4.807903313190597712e-15
1.530425393162317516e+00 -4.688607854128963324e-15
1.523085223410939326e+00 -4.549727206696945896e-15
1.515745053659561359e+00 -4.393329509486875986e-15
1.508404883908183391e+00 -4.221734250009631297e-15
1.501064714156805424e+00 -4.037341482281317872e-15
1.493724544405427235e+00 -3.842601893899188207e-15
1.486384374654049267e+00 -3.639952501545921896e-15
1.479044204902671300e+00 -3.431766141113546247e-15
1.471704035151293333e+00 -3.220305561949489937e-15
1.464363865399915143e+00 -3.007686024971005117e-15
1.457023695648537176e+00 -2.795846382148522750e-15
1.449683525897159209e+00 -2.586528562935852461e-15
1.442343356145781241e+00 -2.381265206826374134e-15
1.435003186394403052e+00 -2.181374592661213731e-15
1.427663016643025085e+00 -1.987961954783505512e-15
1.420322846891647117e+00 -1.801926166268063510e-15
1.412982677140269150e+00 -1.623970638970681592e-15
1.405642507388890960e+00 -1.454617368432280195e-15
1.398302337637512993e+00 -1.294223190035820766e-15
1.390962167886135026e+00 -1.142997310661960526e-15
1.383621998134757058e+00 -1.001019133619772477e-15
1.376281828383379091e+00 -8.682566715538570325e-16
1.368941658632000902e+00 -7.445831311638680151e-16
1.361601488880622934e+00 -6.297938120519761401e-16
1.354261319129244967e+00 -5.236209600423451081e-16
1.346921149377866778e+00 -4.257475214472320078e-16
1.339580979626488810e+00 -3.358193744962921626e-16
1.332240809875110843e+00 -2.534560743157083737e-16
1.324900640123732876e+00 -1.782601488060181807e-16
1.317560470372354908e+00 -1.098250481333310180e-16
1.310220300620976719e+00 -4.774173790292855084e-17
1.302880130869598752e+00 8.395790594213744631e-18
1.295539961118220784e+00 5.898612633493098902e-17
1.288199791366842595e+00 1.044169469382926757e-16
1.280859621615464627e+00 1.450623553316866053e-16
1.273519451864086660e+00 1.812809050471794722e-16
1.266179282112708471e+00 2.134142159733328539e-16
1.258839112361330503e+00 2.417861068926779698e-16
1.251498942609952536e+00 2.667021209458137436e-16
1.244158772858574569e+00 2.884494155686287294e-16
1.236818603107196601e+00 3.072969052621614041e-16
1.229478433355818412e+00 3.234956134959530960e-16
1.222138263604440445e+00 3.372791973433360467e-16
1.214798093853062477e+00 3.488645907105262036e-16
1.207457924101684510e+00 3.584527337639967962e-16
1.200117754350306543e+00 3.662293930738076090e-16
1.192777584598928353e+00 3.723659274842977412e-16
1.185437414847550386e+00 3.770201886751578337e-16
1.178097245096172418e+00 3.803373181663992953e-16
1.170757075344794451e+00 3.824506007603911348e-16
1.163416905593416484e+00 3.834822681288079866e-16
1.156076735842038294e+00 3.835442481772073478e-16
1.148736566090660327e+00 3.827389625560064348e-16
1.141396396339282138e+00 3.811600107275482328e-16
1.134056226587904170e+00 3.788928232597867604e-16
1.126716056836526203e+00 3.760153446527956859e-16
1.119375887085148236e+00 3.725985847848453257e-16
1.112035717333770268e+00 3.687072097933187774e-16
1.104695547582392079e+00 3.644000270930232668e-16
1.097355377831014112e+00 3.597304866528638107e-16
1.090015208079636144e+00 3.547471354715610505e-16
1.082675038328257955e+00 3.494940136029699867e-16
1.075334868576880210e+00 3.440110365958297712e-16
1.067994698825502242e+00 3.383343767225472738e-16
1.060654529074124053e+00 3.324967413877530352e-16
1.053314359322746085e+00 3.265276960256936370e-16
1.045974189571367896e+00 3.204539539882381023e-16
1.038634019819989929e+00 3.142996043032997633e-16
1.031293850068611739e+00 3.080863338027726374e-16
1.023953680317233772e+00 3.018336626608407978e-16
1.016613510565855805e+00 2.955591372667163984e-16
1.009273340814477837e+00 2.892784617791403541e-16
1.001933171063099870e+00 2.830057180743740817e-16
9.945930013117219026e-01 2.767534950794784485e-16
9.872528315603438243e-01 2.705330101238248639e-16
9.799126618089657459e-01 2.643542255689900126e-16
9.725724920575877785e-01 2.582259872481207460e-16
9.652323223062097002e-01 2.521561097887143050e-16
9.578921525548318439e-01 2.461514663320434556e-16
9.505519828034537655e-01 2.402181033886341915e-16
9.432118130520756871e-01 2.343612599235651921e-16
9.358716433006977198e-01 2.285855197811412909e-16
9.285314735493196414e-01 2.228948060431453681e-16
9.211913037979415630e-01 2.172924513903390001e-16
9.138511340465634847e-01 2.117812941467791140e-16
9.065109642951855173e-01 2.063636833698860830e-16
8.991707945438075500e-01 2.010415515649654621e-16
8.918306247924295826e-01 1.958164300242621781e-16
8.844904550410515043e-01 1.906894994533411008e-16
8.771502852896735369e-01 1.856616186562225061e-16
8.698101155382954586e-01 1.807333980669262638e-16
8.624699457869174912e-01 1.759051488430304834e-16
8.551297760355395239e-01 1.711769520875491138e-16
8.477896062841615565e-01 1.665487094317861771e-16
8.404494365327834782e-01 1.620201132195124363e-16
8.331092667814053998e-01 1.575906820156985326e-16
8.257690970300274325e-01 1.532597962163237861e-16
8.184289272786494651e-01 1.490267189720484709e-16
8.110887575272712757e-01 1.448905625700305558e-16
8.037485877758933084e-01 1.408503578405245259e-16
7.964084180245153410e-01 1.369050333192409712e-16
7.890682482731372627e-01 1.330534268398972791e-16
7.817280785217591843e-01 1.292943198725589910e-16
7.743879087703812170e-01 1.256264250283412430e-16
7.670477390190031386e-01 1.220484059326143599e-16
7.597075692676250602e-01 1.185588686423916114e-16
7.523673995162470929e-01 1.151564012199852859e-16
7.450272297648691255e-01 1.118395406253176574e-16
7.376870600134911582e-01 1.086068018994041395e-16
7.303468902621130798e-01 1.054566767437095084e-16
7.230067205107351125e-01 1.023876476429762470e-16
7.156665507593570341e-01 9.939817927137330165e-17
7.083263810079790668e-01 9.648673607913722636e-17
7.009862112566009884e-01 9.365175601012101404e-17
6.936460415052230211e-01 9.089170822170120444e-17
6.863058717538448317e-01 8.820504490265873027e-17
6.789657020024668643e-01 8.559024951024721280e-17
6.716255322510888970e-01 8.304569660546684926e-17
6.642853624997108186e-01 8.056996911522620698e-17
6.569451927483328513e-01 7.816149524851126315e-17
6.496050229969547729e-01 7.581878239242629459e-17
6.422648532455769166e-01 7.354034707373449305e-17
6.349246834941988382e-01 7.132471676156143900e-17
6.275845137428208709e-01 6.917042926027040639e-17
6.202443439914427925e-01 6.707605458435408756e-17
6.129041742400648252e-01 6.504017147822946438e-17
6.055640044886867468e-01 6.306137561489241839e-17
5.982238347373087795e-01 6.113828814668155215e-17
5.908836649859308121e-01 5.926956712157033722e-17
5.835434952345526227e-01 5.745385868032470824e-17
5.762033254831746554e-01 5.568985574260646530e-17
5.688631557317966880e-01 5.397626305487244605e-17
5.615229859804187207e-01 5.231181217321844997e-17
5.541828162290407533e-01 5.069526184752584139e-17
5.468426464776625640e-01 4.912538408287221765e-17
5.395024767262845966e-01 4.760097237146417194e-17
5.321623069749066293e-01 4.612085581980372588e-17
5.248221372235286619e-01 4.468387770665374766e-17
5.174819674721504725e-01 4.328891515123947102e-17
5.101417977207725052e-01 4.193485711304434817e-17
5.028016279693945378e-01 4.062061720785810348e-17
4.954614582180165705e-01 3.934512974094140316e-17
4.881212884666386032e-01 3.810735807794892070e-17
4.807811187152604138e-01 3.690628624368210082e-17
4.734409489638824464e-01 3.574092727117798484e-17
4.661007792125044791e-01 3.461030304048995145e-17
4.587606094611262897e-01 3.351346730060731974e-17
4.514204397097483223e-01 3.244949469943233544e-17
4.440802699583703550e-01 3.141747899198622442e-17
4.367401002069923877e-01 3.041652749728628107e-17
4.293999304556141983e-01 2.944577811010098613e-17
4.220597607042362309e-01 2.850439010461298872e-17
4.147195909528582636e-01 2.759153999765045678e-17
4.073794212014802962e-01 2.670642278094879359e-17
4.000392514501021068e-01 2.584825501136481728e-17
3.926990816987241395e-01 2.501627594705313909e-17
3.853589119473459501e-01 2.420974610548679821e-17
3.780187421959682048e-01 2.342792589616351900e-17
3.706785724445900154e-01 2.267011428931365552e-17
3.633384026932120481e-01 2.193562098938049274e-17
3.559982329418340807e-01 2.122377259041879459e-17
3.486580631904558913e-01 2.053391320780023550e-17
3.413178934390779240e-01 1.986540864402005395e-17
3.339777236876999567e-01 1.921765822935206480e-17
3.266375539363219893e-01 1.859004680997793469e-17
3.192973841849440220e-01 1.798180133307570063e-17
3.119572144335658326e-01 1.739267407977861449e-17
3.046170446821878652e-01 1.682193963566355588e-17
2.972768749308098979e-01 1.626904847223498395e-17
2.899367051794319305e-01 1.573348556655236472e-17
2.825965354280537412e-01 1.521472893545538775e-17
2.752563656766757738e-01 1.471228386932126832e-17
2.679161959252978065e-01 1.422566949692011291e-17
2.605760261739198391e-01 1.375440295229349024e-17
2.532358564225416497e-01 1.329802598196532320e-17
2.458956866711636824e-01 1.285610024599144104e-17
2.385555169197857150e-01 1.242818881480877249e-17
2.312153471684077477e-01 1.201386852684695309e-17
2.238751774170295583e-01 1.161272387360019515e-17
2.165350076656515910e-01 1.122435630315559283e-17
2.091948379142736236e-01 1.084837687735957340e-17
2.018546681628956563e-01 1.048439888203745184e-17
1.945144984115174669e-01 1.013206694565341485e-17
1.871743286601394995e-01 9.791017779666262137e-18
1.798341589087615322e-01 9.460915056164869462e-18
1.724939891573835649e-01 9.141411439664934620e-18
1.651538194060055975e-01 8.832191465798425654e-18
1.578136496546276302e-01 8.532931721006999551e-18
1.504734799032496628e-01 8.243322347177973979e-18
1.431333101518714734e-01 7.963057455360535718e-18
1.357931404004935061e-01 7.691860421175731731e-18
1.284529706491155387e-01 7.429450854364888938e-18
1.211128008977375714e-01 7.175548446288287017e-18
1.137726311463593820e-01 6.929882253043810753e-18
1.064324613949814147e-01 6.692206602082558935e-18
9.909229164360344733e-02 6.462273402093687002e-18
9.175212189222547998e-02 6.239833135277950019e-18
8.441195214084729059e-02 6.024647632467978585e-18
7.707178238946932325e-02 5.816487040576987370e-18
6.973161263809135590e-02 5.615122247276573855e-18
6.239144288671338856e-02 5.420363239076328633e-18
5.505127313533519917e-02 5.231989339487281594e-18
4.771110338395723183e-02 5.049791303201271643e-18
4.037093363257926448e-02 4.873584296306073120e-18
3.303076388120129714e-02 4.703169474278060822e-18
2.569059412982310775e-02 4.538358932074532063e-18
1.835042437844514041e-02 4.378984846706385662e-18
1.101025462706717306e-02 4.224871001293718068e-18
3.670084875689205717e-03 4.075853155300195882e-18
-3.670084875688761628e-03 3.931758238685177862e-18
-1.101025462706695102e-02 3.792409990223453891e-18
-1.835042437844491836e-02 3.657644928077082306e-18
-2.569059412982310775e-02 3.527563444146385054e-18
-3.303076388120107509e-02 3.401564928920863156e-18
-4.037093363257904244e-02 3.279838757945430942e-18
-4.771110338395700978e-02 3.162163255922389275e-18
-5.505127313533519917e-02 3.048401295086778100e-18
-6.239144288671316652e-02 2.938435100376118311e-18
-6.973161263809113386e-02 2.832140519749862692e-18
-7.707178238946910120e-02 2.729395038449142178e-18
-8.441195214084729059e-02 2.630084787589684070e-18
-9.175212189222525794e-02 2.534099593775756633e-18
-9.909229164360322528e-02 2.441333111400704047e-18
-1.064324613949811926e-01 2.351675307946275184e-18
-1.137726311463593820e-01 2.265022446697832741e-18
-1.211128008977373494e-01 2.181283088314079892e-18
-1.284529706491153167e-01 2.100360239663351566e-18
-1.357931404004932840e-01 2.022161218483098971e-18
-1.431333101518714734e-01 1.946595381950010418e-18
-1.504734799032494408e-01 1.873579603170369783e-18
-1.578136496546274081e-01 1.803029409783422298e-18
-1.651538194060053755e-01 1.734861423251020556e-18
-1.724939891573835649e-01 1.668994492833280457e-18
-1.798341589087615322e-01 1.605358721445088994e-18
-1.871743286601394995e-01 1.543877460245043770e-18
-1.945144984115174669e-01 1.484475689155482294e-18
-2.018546681628956563e-01 1.427099584251685271e-18
-2.091948379142736236e-01 1.371663435634113834e-18
-2.165350076656515910e-01 1.318112426423545419e-18
-2.238751774170295583e-01 1.266381726619402982e-18
-2.312153471684077477e-01 1.216411289330371456e-18
-2.385555169197857150e-01 1.168141304746012031e-18
-2.458956866711636824e-01 1.121522009304082637e-18
-2.532358564225416497e-01 1.076488455975915280e-18
-2.605760261739198391e-01 1.032994885236662791e-18
-2.679161959252978065e-01 9.909841015318204526e-19
-2.752563656766757738e-01 9.504166874009361383e-19
-2.825965354280537412e-01 9.112392108157769152e-19
-2.899367051794319305e-01 8.733956383762172178e-19
-2.972768749308098979e-01 8.368536389051893174e-19
-3.046170446821878652e-01 8.015648238751403235e-19
-3.119572144335658326e-01 7.674911435248371602e-19
-3.192973841849437999e-01 7.345861589693263117e-19
-3.266375539363217673e-01 7.028103889149316405e-19
-3.339777236876999567e-01 6.721243045113140856e-19
-3.413178934390779240e-01 6.424972218406556358e-19
-3.486580631904558913e-01 6.139018043197931604e-19
-3.559982329418338587e-01 5.862880479565900725e-19
-3.633384026932120481e-01 5.596273143081811349e-19
-3.706785724445900154e-01 5.338828188002731715e-19
-3.780187421959679828e-01 5.090412261949542385e-19
-3.853589119473459501e-01 4.850014345260550457e-19
-3.926990816987241395e-01 4.618412428615301724e-19
-4.000392514501021068e-01 4.394767354224197171e-19
-4.073794212014800742e-01 4.178904040686164127e-19
-4.147195909528580415e-01 3.970522941652042891e-19
-4.220597607042362309e-01 3.769391766526726704e-19
-4.293999304556144203e-01 3.575271633599887087e-19
-4.367401002069923877e-01 3.387854853899512273e-19
-4.440802699583703550e-01 3.206976108245619510e-19
-4.514204397097483223e-01 3.032420561453086164e-19
-4.587606094611262897e-01 2.863970810373570090e-19
-4.661007792125042570e-01 2.701418216288008682e-19
-4.734409489638822244e-01 2.544515926755713643e-19
-4.807811187152601917e-01 2.393011295659476033e-19
-4.881212884666381591e-01 2.246826203927749362e-19
-4.954614582180161264e-01 2.105794725624675137e-19
-5.028016279693945378e-01 1.969660834575033598e-19
-5.101417977207725052e-01 1.838209515512141537e-19
-5.174819674721504725e-01 1.711507261806773054e-19
-5.248221372235284399e-01 1.589270090041333293e-19
-5.321623069749064072e-01 1.471271339714836454e-19
-5.395024767262843746e-01 1.357362270829581804e-19
-5.468426464776627860e-01 1.247474700620057424e-19
-5.541828162290407533e-01 1.141329335747686662e-19
-5.615229859804187207e-01 1.038955796528994459e-19
-5.688631557317962439e-01 9.403040329956484547e-20
-5.762033254831746554e-01 8.451238458937161934e-20
-5.835434952345526227e-01 7.532353987254382342e-20
-5.908836649859305901e-01 6.646439551923000913e-20
-5.982238347373085574e-01 5.791037607589508722e-20
-6.055640044886869688e-01 4.966427187257847416e-20
-6.129041742400649362e-01 4.170259028862954315e-20
-6.202443439914424594e-01 3.402836248012031838e-20
-6.275845137428208709e-01 2.662722396927205348e-20
-6.349246834941988382e-01 1.948430352245592066e-20
-6.422648532455768056e-01 1.259334042199243570e-20
-6.496050229969547729e-01 5.949578816178515071e-21
-6.569451927483327403e-01 -4.583628391675754106e-22
-6.642853624997111517e-01 -6.639610786958994272e-21
-6.716255322510891190e-01 -1.260012480680887408e-20
-6.789657020024670864e-01 -1.835001381610592913e-20
-6.863058717538450537e-01 -2.389591249698487955e-20
-6.936460415052230211e-01 -2.924390317957183576e-20
-7.009862112566009884e-01 -3.439631499936003860e-20
-7.083263810079789558e-01 -3.936531699204813231e-20
-7.156665507593569231e-01 -4.416584606794801548e-20
-7.230067205107353345e-01 -4.879995551052685459e-20
-7.303468902621133019e-01 -5.324870084486806005e-20
-7.376870600134908251e-01 -5.758906367205645095e-20
-7.450272297648692366e-01 -6.171857935151577019e-20
-7.523673995162472039e-01 -6.570706410524853445e-20
-7.597075692676251712e-01 -6.955791423010241447e-20
-7.670477390190031386e-01 -7.327404271887769923e-20
-7.743879087703811059e-01 -7.685941557812921682e-20
-7.817280785217590733e-01 -8.031355165314536916e-20
-7.890682482731370406e-01 -8.363931494139178291e-20
-7.964084180245154521e-01 -8.685011908996217234e-20
-8.037485877758934194e-01 -8.994596949171492949e-20
-8.110887575272713867e-01 -9.293072747500605336e-20
-8.184289272786493541e-01 -9.580157512984504290e-20
-8.257690970300273214e-01 -9.857745118284722995e-20
-8.331092667814052888e-01 -1.012501070003929190e-19
-8.404494365327832561e-01 -1.038214957393768915e-19
-8.477896062841612235e-01 -1.062993556116256643e-19
-8.551297760355396349e-01 -1.086912217052341986e-19
-8.624699457869176022e-01 -1.109929353719692815e-19
-8.698101155382955696e-01 -1.132077677650201357e-19
-8.771502852896735369e-01 -1.153466187655129909e-19
-8.844904550410510602e-01 -1.174116623318511393e-19
-8.918306247924294716e-01 -1.194094432695399502e-19
-8.991707945438074390e-01 -1.213253376533370836e-19
-9.065109642951854063e-01 -1.231767853184799362e-19
-9.138511340465633737e-01 -1.249603848732059743e-19
-9.211913037979417851e-01 -1.266830458271335479e-19
-9.285314735493197524e-01 -1.283441837118891594e-19
-9.358716433006977198e-01 -1.299431108817537218e-19
-9.432118130520756871e-01 -1.314825272043286189e-19
-9.505519828034536545e-01 -1.329621038509704742e-19
-9.578921525548316218e-01 -1.343761051190985894e-19
-9.652323223062095892e-01 -1.357461454692178130e-19
-9.725724920575875565e-01 -1.370726122615168144e-19
-9.799126618089659679e-01 -1.383460383807500883e-19
-9.872528315603439353e-01 -1.395651534791499541e-19
-9.945930013117219026e-01 -1.407404912734241430e-19
-1.001933171063099870e+00 -1.418661069185362507e-19
-1.009273340814477837e+00 -1.429601342401605267e-19
-1.016613510565855805e+00 -1.440243884888067734e-19
-1.023953680317233772e+00 -1.450626040422436179e-19
-1.031293850068611739e+00 -1.460527357278843420e-19
-1.038634019819989707e+00 -1.470055395637265634e-19
-1.045974189571367674e+00 -1.479137141925991424e-19
-1.053314359322746085e+00 -1.487868721872017376e-19
-1.060654529074124053e+00 -1.496005376413595407e-19
-1.067994698825502020e+00 -1.503239368323389457e-19
-1.075334868576879988e+00 -1.507595776231587648e-19
-1.082675038328257955e+00 -1.491650166688596434e-19
-1.090015208079635922e+00 -1.539584846677155740e-19
-1.097355377831014334e+00 -1.536984150410128748e-19
-1.104695547582392301e+00 -1.539405681045234175e-19
-1.112035717333770268e+00 -1.543749009233003176e-19
-1.119375887085148236e+00 -1.548769472622322627e-19
-1.126716056836526203e+00 -1.553902283347734271e-19
-1.134056226587904170e+00 -1.558989588929468196e-19
-1.141396396339282138e+00 -1.563985820171225498e-19
-1.148736566090660105e+00 -1.568817036533846194e-19
-1.156076735842038516e+00 -1.573472002018046009e-19
-1.163416905593416484e+00 -1.577908455020310197e-19
-1.170757075344794451e+00 -1.582119931826169154e-19
-1.178097245096172418e+00 -1.586062106071686428e-19
-1.185437414847550386e+00 -1.589687788678793228e-19
-1.192777584598928353e+00 -1.593159293854140638e-19
-1.200117754350306321e+00 -1.596498971136275456e-19
-1.207457924101684288e+00 -1.599555944608296178e-19
-1.214798093853062699e+00 -1.602332138439048202e-19
-1.222138263604440223e+00 -1.604841825793666900e-19
-1.229478433355818634e+00 -1.607148812547186494e-19
-1.236818603107196601e+00 -1.609191702520766643e-19
-1.244158772858574569e+00 -1.611045729064995562e-19
-1.251498942609952536e+00 -1.612660616091387787e-19
-1.258839112361330503e+00 -1.613993242810894639e-19
-1.266179282112708471e+00 -1.615013012929176722e-19
-1.273519451864086438e+00 -1.615752039746449079e-19
-1.280859621615464405e+00 -1.616132203803092983e-19
-1.288199791366842817e+00 -1.616265907729255277e-19
-1.295539961118220784e+00 -1.616081065400215739e-19
-1.302880130869598752e+00 -1.615542660337481835e-19
-1.310220300620976719e+00 -1.614558723940064375e-19
-1.317560470372354686e+00 -1.613152251425746892e-19
-1.324900640123732654e+00 -1.611354175330678294e-19
-1.332240809875110621e+00 -1.609011619668497367e-19
-1.339580979626488588e+00 -1.606101040698059658e-19
-1.346921149377867000e+00 -1.602552488159547975e-19
-1.354261319129244967e+00 -1.598305695982360174e-19
-1.361601488880622934e+00 -1.593240334367177192e-19
-1.368941658632000902e+00 -1.587267796181615745e-19
-1.376281828383378869e+00 -1.580237693040741917e-19
-1.383621998134756836e+00 -1.571884744162518541e-19
-1.390962167886134804e+00 -1.562812141490135094e-19
-1.398302337637512771e+00 -1.551892386868664102e-19
-1.405642507388891183e+00 -1.538741475255846407e-19
-1.412982677140269150e+00 -1.523564698599949638e-19
-1.420322846891647117e+00 -1.505711863645690112e-19
-1.427663016643025085e+00 -1.484781143078491868e-19
-1.435003186394403052e+00 -1.459824241399258207e-19
-1.442343356145781019e+00 -1.430117153916595524e-19
-1.449683525897158987e+00 -1.394376340793717723e-19
-1.457023695648536954e+00 -1.350940624282084986e-19
-1.464363865399915365e+00 -1.297701003640656518e-19
-1.471704035151293333e+00 -1.231638764617083034e-19
-1.479044204902671300e+00 -1.148289531223646099e-19
-1.486384374654049267e+00 -1.041528331172195904e-19
-1.493724544405427235e+00 -9.021837945289738345e-20
-1.501064714156805202e+00 -7.148143781466617459e-20
-1.508404883908183169e+00 -4.587497959147984417e-20
-1.515745053659561137e+00 -8.200900890404014338e-21
-1.523085223410939548e+00 4.435165198740139713e-20
-1.530425393162317516e+00 1.449294815981168057e-19
-1.537765562913695483e+00 2.500092379083250024e-19
-1.545105732665073450e+00 7.678620858603050507e-19
-1.552445902416451418e+00 5.518495104208224442e-19
-1.559786072167829385e+00 8.301556570700300700e-18
-1.567126241919207352e+00 -1.234567684967762044e-17
