1.570796326794896558e+00 -1.628116510467913002e+07
1.567126241919207574e+00 -1.615222941729761474e+07
1.563456157043518591e+00 -1.585147985453289561e+07
1.559786072167829607e+00 -1.584514090914482810e+07
1.556115987292140623e+00 -1.583365494999343343e+07
1.552445902416451418e+00 -1.575769277361404896e+07
1.548775817540762434e+00 -1.564439930993762426e+07
1.545105732665073450e+00 -1.555761994693151489e+07
1.541435647789384467e+00 -1.542300303176014684e+07
1.537765562913695483e+00 -1.530595256411271915e+07
1.534095478038006499e+00 -1.513871072785302810e+07
1.530425393162317516e+00 -1.499564490984157287e+07
1.526755308286628532e+00 -1.480208998369063996e+07
1.523085223410939326e+00 -1.463393575873061828e+07
1.519415138535250342e+00 -1.441607563151981123e+07
1.515745053659561359e+00 -1.422535351911609434e+07
1.512074968783872375e+00 -1.398630211659580655e+07
1.508404883908183391e+00 -1.377559067967907153e+07
1.504734799032494408e+00 -1.351830810050069168e+07
1.501064714156805424e+00 -1.329043146806267649e+07
1.497394629281116440e+00 -1.301799321040712483e+07
1.493724544405427235e+00 -1.277584515853095055e+07
1.490054459529738251e+00 -1.249130966985654086e+07
1.486384374654049267e+00 -1.223779410683579184e+07
1.482714289778360284e+00 -1.194416495191807859e+07
1.479044204902671300e+00 -1.168212420542448014e+07
1.475374120026982316e+00 -1.138229213765529543e+07
1.471704035151293333e+00 -1.111445259205379523e+07
1.468033950275604349e+00 -1.081115075088194758e+07
1.464363865399915365e+00 -1.054007750836112536e+07
1.460693780524226160e+00 -1.023584396227265522e+07
1.457023695648537176e+00 -9.963906308315033093e+06
1.453353610772848192e+00 -9.661055883966268972e+06
1.449683525897159209e+00 -9.390402808399951085e+06
1.446013441021470225e+00 -9.091008392913939431e+06
1.442343356145781241e+00 -8.823553176612628624e+06
1.438673271270092258e+00 -8.529435413032049313e+06
1.435003186394403052e+00 -8.266848698368654586e+06
1.431333101518714068e+00 -7.979573499466465786e+06
1.427663016643025085e+00 -7.723283579886211082e+06
1.423992931767336101e+00 -7.444166422818707302e+06
1.420322846891647117e+00 -7.195365470767822117e+06
1.416652762015958134e+00 -6.925480917061427608e+06
1.412982677140269150e+00 -6.685136022881647572e+06
1.409312592264580166e+00 -6.425331726047685370e+06
1.405642507388891183e+00 -6.194199725550659001e+06
1.401972422513201977e+00 -5.945113485993301496e+06
1.398302337637512993e+00 -5.723757941509301774e+06
1.394632252761824009e+00 -5.485836608205851167e+06
1.390962167886135026e+00 -5.274646949964031577e+06
1.387292083010446042e+00 -5.048167183040944859e+06
1.383621998134757058e+00 -4.847377499050894752e+06
1.379951913259068075e+00 -4.632465084656234831e+06
1.376281828383379091e+00 -4.442175183803274296e+06
1.372611743507690107e+00 -4.238827319137297571e+06
1.368941658632000902e+00 -4.059019314423177857e+06
1.365271573756311918e+00 -3.867121893663256895e+06
1.361601488880622934e+00 -3.697680527810964268e+06
1.357931404004933951e+00 -3.517028099012081046e+06
1.354261319129244967e+00 -3.357756339270512108e+06
1.350591234253555983e+00 -3.188068177828520071e+06
1.346921149377867000e+00 -3.038703091863468289e+06
1.343251064502177794e+00 -2.879638860793073196e+06
1.339580979626488810e+00 -2.739865386825549882e+06
1.335910894750799827e+00 -2.591038769517053384e+06
1.332240809875110843e+00 -2.460502106469762512e+06
1.328570724999421859e+00 -2.321492937556024641e+06
1.324900640123732876e+00 -2.199809374036034103e+06
1.321230555248043892e+00 -2.070174182253784966e+06
1.317560470372354908e+00 -1.956940440316484543e+06
1.313890385496665925e+00 -1.836221451157239964e+06
1.310220300620976719e+00 -1.731022678522923263e+06
1.306550215745287735e+00 -1.618755422816569684e+06
1.302880130869598752e+00 -1.521171897576253628e+06
1.299210045993909768e+00 -1.416891589393091155e+06
1.295539961118220784e+00 -1.326504246483642608e+06
1.291869876242531801e+00 -1.229750962787335040e+06
1.288199791366842817e+00 -1.146145948050917592e+06
1.284529706491153611e+00 -1.056468811709211674e+06
1.280859621615464849e+00 -9.792410631197553594e+05
1.277189536739775644e+00 -8.962015107002481818e+05
1.273519451864086660e+00 -8.249576012056581676e+05
1.269849366988397676e+00 -7.481319193075237563e+05
1.266179282112708693e+00 -6.824921741765688639e+05
1.262509197237019709e+00 -6.114733177128530806e+05
1.258839112361330725e+00 -5.510733797154205386e+05
1.255169027485641742e+00 -4.854722801286503673e+05
1.251498942609952536e+00 -4.299641605581839103e+05
1.247828857734263552e+00 -3.694105115105311852e+05
1.244158772858574569e+00 -3.184632349137892015e+05
1.240488687982885585e+00 -2.626059223811801057e+05
1.236818603107196601e+00 -2.159058178179963725e+05
1.233148518231507618e+00 -1.644130273132084403e+05
1.229478433355818634e+00 -1.216638169304003823e+05
1.225808348480129428e+00 -7.422288476168119814e+04
1.222138263604440667e+00 -3.514545719286685926e+04
1.218468178728751461e+00 8.537482178208942059e+03
1.214798093853062699e+00 4.420539097875051084e+04
1.211128008977373494e+00 8.440590495442773681e+04
1.207457924101684510e+00 1.169102269356035249e+05
1.203787839225995526e+00 1.538862447640317259e+05
1.200117754350306543e+00 1.834571378593558620e+05
1.196447669474617559e+00 2.174496190057198692e+05
1.192777584598928575e+00 2.443021257014992589e+05
1.189107499723239592e+00 2.755358341426579864e+05
1.185437414847550386e+00 2.998705892287827446e+05
1.181767329971861402e+00 3.285549099942233879e+05
1.178097245096172418e+00 3.505588671014107531e+05
1.174427160220483435e+00 3.768886190777037991e+05
1.170757075344794451e+00 3.967357822202622774e+05
1.167086990469105467e+00 4.208920352222186048e+05
1.163416905593416484e+00 4.387441710218946100e+05
1.159746820717727278e+00 4.608950544554835651e+05
1.156076735842038294e+00 4.769024721571529517e+05
1.152406650966349311e+00 4.972039971348559484e+05
1.148736566090660327e+00 5.115062304672293831e+05
1.145066481214971343e+00 5.301030376564001199e+05
1.141396396339282360e+00 5.428295423168073175e+05
1.137726311463593376e+00 5.598556499192197807e+05
1.134056226587904170e+00 5.711264466267682146e+05
1.130386141712215409e+00 5.867059584786898922e+05
1.126716056836526203e+00 5.966323068681902951e+05
1.123045971960837219e+00 6.108801262867004843e+05
1.119375887085148236e+00 6.195651064275095705e+05
1.115705802209459252e+00 6.325875542259801878e+05
1.112035717333770268e+00 6.401266308839282719e+05
1.108365632458081285e+00 6.520220267903435742e+05
1.104695547582392301e+00 6.585035892597590573e+05
1.101025462706703095e+00 6.693628853487274610e+05
1.097355377831014334e+00 6.748687523009240394e+05
1.093685292955325128e+00 6.847760173560404219e+05
1.090015208079636366e+00 6.893819423565914622e+05
1.086345123203947161e+00 6.984148975271838717e+05
1.082675038328258177e+00 7.021909645108927507e+05
1.079004953452569193e+00 7.104214158544531092e+05
1.075334868576880210e+00 7.134324930630654562e+05
1.071664783701191226e+00 7.209268133652483812e+05
1.067994698825502020e+00 7.232329343845697585e+05
1.064324613949813259e+00 7.300524465287944768e+05
1.060654529074124053e+00 7.317091395930459257e+05
1.056984444198435069e+00 7.379104820419047028e+05
1.053314359322746085e+00 7.389691359254491981e+05
1.049644274447057102e+00 7.446046316727729281e+05
1.045974189571368118e+00 7.451128145072982879e+05
1.042304104695678912e+00 7.502308278007846093e+05
1.038634019819990151e+00 7.502325294397429097e+05
1.034963934944300945e+00 7.548776870902385563e+05
1.031293850068612183e+00 7.544136687414560001e+05
1.027623765192922978e+00 7.586272182905445807e+05
1.023953680317233994e+00 7.577350991750046378e+05
1.020283595441545010e+00 7.615550984420187306e+05
1.016613510565856027e+00 7.602698396531643812e+05
1.012943425690167043e+00 7.637315646017647814e+05
1.009273340814477837e+00 7.620853457521264208e+05
1.005603255938789076e+00 7.652211808458592277e+05
1.001933171063099870e+00 7.632439218278208282e+05
9.982630861874108863e-01 7.660838986689839512e+05
9.945930013117219026e-01 7.638032630810167175e+05
9.909229164360329190e-01 7.663750838455085177e+05
9.872528315603439353e-01 7.638166634339034790e+05
9.835827466846548406e-01 7.661458880749773234e+05
9.799126618089658569e-01 7.633333813422340900e+05
9.762425769332768732e-01 7.654436237431582995e+05
9.725724920575878896e-01 7.623989679183090338e+05
9.689024071818987949e-01 7.643120126585955732e+05
9.652323223062098112e-01 7.610555151292111259e+05
9.615622374305208275e-01 7.627914696787556168e+05
9.578921525548318439e-01 7.593419306641283911e+05
9.542220676791427492e-01 7.609193580953150522e+05
9.505519828034537655e-01 7.572941867957159411e+05
9.468818979277647818e-01 7.587302086970135570e+05
9.432118130520757981e-01 7.549455009482000023e+05
9.395417281763867035e-01 7.562558976093356032e+05
9.358716433006978308e-01 7.523265990370616782e+05
9.322015584250087361e-01 7.535259573682610644e+05
9.285314735493197524e-01 7.494658611870204331e+05
9.248613886736306577e-01 7.505675877032231074e+05
9.211913037979417851e-01 7.463894533545325976e+05
9.175212189222526904e-01 7.474059092210110975e+05
9.138511340465637067e-01 7.431215686679272912e+05
9.101810491708746120e-01 7.440641461918277200e+05
9.065109642951857394e-01 7.396845547794523882e+05
9.028408794194966447e-01 7.405637521963156760e+05
8.991707945438076610e-01 7.360990307547557168e+05
8.955007096681185663e-01 7.369245073967005592e+05
8.918306247924296937e-01 7.323839965988886543e+05
8.881605399167405990e-01 7.331646145321518416e+05
8.844904550410516153e-01 7.285569620650975266e+05
8.808203701653625206e-01 7.293008797287985217e+05
8.771502852896736480e-01 7.246340931104049087e+05
8.734802004139845533e-01 7.253488165851575322e+05
8.698101155382955696e-01 7.206303122882848838e+05
8.661400306626065859e-01 7.213227366119881626e+05
8.624699457869176022e-01 7.165593042812491767e+05
8.587998609112286186e-01 7.172356947423068341e+05
8.551297760355395239e-01 7.124336559177273884e+05
8.514596911598505402e-01 7.130998077847815584e+05
8.477896062841615565e-01 7.082649801752796629e+05
8.441195214084725729e-01 7.089261937877065502e+05
8.404494365327834782e-01 7.040639177665559109e+05
8.367793516570944945e-01 7.047249981851080665e+05
8.331092667814055108e-01 6.998402337027433095e+05
8.294391819057165272e-01 7.005055920899020275e+05
8.257690970300274325e-01 6.956028814622464124e+05
8.220990121543384488e-01 6.962765400648090290e+05
8.184289272786494651e-01 6.913600862249804195e+05
8.147588424029604814e-01 6.920457010524773505e+05
8.110887575272713867e-01 6.871193323149207281e+05
8.074186726515824031e-01 6.878202238802417414e+05
8.037485877758934194e-01 6.828874982417711290e+05
8.000785029002044357e-01 6.836066810061438009e+05
7.964084180245153410e-01 6.786708338795132004e+05
7.927383331488263574e-01 6.794110121257975698e+05
7.890682482731373737e-01 6.744750019399193116e+05
7.853981633974483900e-01 6.752386116230150219e+05
7.817280785217594063e-01 6.703051764706936665e+05
7.780579936460703117e-01 6.710944410121431574e+05
7.743879087703813280e-01 6.661660628683632240e+05
7.707178238946922333e-01 6.669829479061726015e+05
7.670477390190033606e-01 6.620618925891011022e+05
7.633776541433142659e-01 6.629081463088158052e+05
7.597075692676252823e-01 6.579964821594579844e+05
7.560374843919361876e-01 6.588736806536740623e+05
7.523673995162473149e-01 6.539732836756785400e+05
7.486973146405582202e-01 6.548828029210891109e+05
7.450272297648692366e-01 6.499953743982170708e+05
7.413571448891801419e-01 6.509384199030895252e+05
7.376870600134912692e-01 6.460654924286394380e+05
7.340169751378021745e-01 6.470431083864446264e+05
7.303468902621131909e-01 6.421860702953073196e+05
7.266768053864240962e-01 6.431991695146124111e+05
7.230067205107352235e-01 6.383592683586123167e+05
7.193366356350461288e-01 6.394086221472055186e+05
7.156665507593571451e-01 6.345869802070690785e+05
7.119964658836680504e-01 6.356732475406487938e+05
7.083263810079791778e-01 6.308708424473153427e+05
7.046562961322900831e-01 6.319945468523912132e+05
7.009862112566010994e-01 6.272122647054297850e+05
6.973161263809120047e-01 6.283738451457599876e+05
6.936460415052231321e-01 6.236124601237106835e+05
6.899759566295340374e-01 6.248122443132558838e+05
6.863058717538450537e-01 6.200724640064743580e+05
6.826357868781559590e-01 6.213107170198761160e+05
6.789657020024670864e-01 6.165930691488620359e+05
6.752956171267779917e-01 6.178698794361595064e+05
6.716255322510890080e-01 6.131749874435996171e+05
6.679554473753999133e-01 6.144905941744609736e+05
6.642853624997110407e-01 6.098187399729634635e+05
6.606152776240219460e-01 6.111730215816437267e+05
6.569451927483329623e-01 6.065246439977734117e+05
6.532751078726438676e-01 6.079176214008483803e+05
6.496050229969549950e-01 6.032929850739950780e+05
6.459349381212659003e-01 6.047245332367055817e+05
6.422648532455769166e-01 6.001238913737293333e+05
6.385947683698878219e-01 6.015938608719429467e+05
6.349246834941989492e-01 5.970173763501050416e+05
6.312545986185098545e-01 5.985255583848445676e+05
6.275845137428208709e-01 5.939733520360337570e+05
6.239144288671319982e-01 5.955194952798469458e+05
6.202443439914429035e-01 5.909916405101001728e+05
6.165742591157538088e-01 5.925754610249132384e+05
6.129041742400648252e-01 5.880719851656372193e+05
6.092340893643759525e-01 5.896931465721065179e+05
6.055640044886868578e-01 5.852140351208203938e+05
6.018939196129977631e-01 5.868721742603643797e+05
5.982238347373087795e-01 5.824173941360379104e+05
5.945537498616199068e-01 5.841121453918752959e+05
5.908836649859308121e-01 5.796816092474394245e+05
5.872135801102417174e-01 5.814125435075006681e+05
5.835434952345527337e-01 5.770061376426446950e+05
5.798734103588638611e-01 5.787728219925471349e+05
5.762033254831747664e-01 5.743903979741680669e+05
5.725332406074856717e-01 5.761923634329352062e+05
5.688631557317966880e-01 5.718337530309027061e+05
5.651930708561077044e-01 5.736705231713957619e+05
5.615229859804187207e-01 5.693355439247308532e+05
5.578529011047297370e-01 5.712066299564900110e+05
5.541828162290405313e-01 5.668950667147587519e+05
5.505127313533517697e-01 5.687999559126878157e+05
5.468426464776627860e-01 5.645115685951269697e+05
5.431725616019735803e-01 5.664497317484297091e+05
5.395024767262845966e-01 5.621842700796975987e+05
5.358323918505956129e-01 5.641551790112794843e+05
5.321623069749066293e-01 5.599123810025670100e+05
5.284922220992176456e-01 5.619154903512310702e+05
5.248221372235284399e-01 5.576950802638488822e+05
5.211520523478396782e-01 5.597298517969039967e+05
5.174819674721506946e-01 5.555315274289983790e+05
5.138118825964614889e-01 5.575974010794144124e+05
5.101417977207725052e-01 5.534208712187173078e+05
5.064717128450835215e-01 5.555172922595642740e+05
5.028016279693945378e-01 5.513622330379982013e+05
4.991315430937055542e-01 5.534886309724050807e+05
4.954614582180163485e-01 5.493547214221927570e+05
4.917913733423275868e-01 5.515105334312432678e+05
4.881212884666386032e-01 5.473974469954269007e+05
4.844512035909493974e-01 5.495821055467687547e+05
4.807811187152604138e-01 5.454895041152958293e+05
4.771110338395714301e-01 5.477024478024069685e+05
4.734409489638824464e-01 5.436300026108573657e+05
4.697708640881934627e-01 5.458706680725117913e+05
4.661007792125042570e-01 5.418180266970265657e+05
4.624306943368154954e-01 5.440858447718899697e+05
4.587606094611265117e-01 5.400526630498723825e+05
4.550905245854373060e-01 5.423470839454174275e+05
4.514204397097483223e-01 5.383330084990896285e+05
4.477503548340593387e-01 5.406534679668241879e+05
4.440802699583703550e-01 5.366581477621982340e+05
4.404101850826813713e-01 5.390040858978622127e+05
4.367401002069921656e-01 5.350271564548301976e+05
4.330700153313034040e-01 5.373980190036554122e+05
4.293999304556144203e-01 5.334391319192246301e+05
4.257298455799252146e-01 5.358343744808656629e+05
4.220597607042362309e-01 5.318931827886331594e+05
4.183896758285472472e-01 5.343122694156075595e+05
4.147195909528582636e-01 5.303884102272687014e+05
4.110495060771692799e-01 5.328308016507506836e+05
4.073794212014800742e-01 5.289239240472018719e+05
4.037093363257913126e-01 5.313890886695091613e+05
4.000392514501023289e-01 5.274988453786678147e+05
3.963691665744131232e-01 5.299862727950151311e+05
3.926990816987243615e-01 5.261123191762631759e+05
3.890289968230351558e-01 5.286214896845264593e+05
3.853589119473461722e-01 5.247634800135031110e+05
3.816888270716571885e-01 5.272938762103102636e+05
3.780187421959682048e-01 5.234514564512353390e+05
3.743486573202792211e-01 5.260025819666737225e+05
3.706785724445902375e-01 5.221754155932976282e+05
3.670084875689010318e-01 5.247467726589257363e+05
3.633384026932122701e-01 5.209345264022191404e+05
3.596683178175230644e-01 5.235256312375001144e+05
3.559982329418340807e-01 5.197279597952556796e+05
3.523281480661450971e-01 5.223383236267960747e+05
3.486580631904561134e-01 5.185549120299097267e+05
3.449879783147671297e-01 5.211840744003399741e+05
3.413178934390781460e-01 5.174145947516140295e+05
3.376478085633889403e-01 5.200621073962715454e+05
3.339777236877001787e-01 5.163063137869484490e+05
3.303076388120109730e-01 5.189717534227753640e+05
3.266375539363219893e-01 5.152289596041253535e+05
3.229674690606330056e-01 5.179116243081302964e+05
3.192973841849440220e-01 5.141818855973401805e+05
3.156272993092550383e-01 5.168816859819278470e+05
3.119572144335660546e-01 5.131646906596297049e+05
3.082871295578768489e-01 5.158809857686568284e+05
3.046170446821880873e-01 5.121763799719570670e+05
3.009469598064991036e-01 5.149088374882273492e+05
2.972768749308098979e-01 5.112162594484053552e+05
2.936067900551209142e-01 5.139644048658710672e+05
2.899367051794319305e-01 5.102835901307922904e+05
2.862666203037429469e-01 5.130470451449378743e+05
2.825965354280539632e-01 5.093776875668905559e+05
2.789264505523647575e-01 5.121560363057170762e+05
2.752563656766759959e-01 5.084978696049584541e+05
2.715862808009870122e-01 5.112907380512012169e+05
2.679161959252978065e-01 5.076434717309714179e+05
2.642461110496088228e-01 5.104504676600570092e+05
2.605760261739198391e-01 5.068138170815218473e+05
2.569059412982308555e-01 5.096345545142192277e+05
2.532358564225418718e-01 5.060082619601103361e+05
2.495657715468526661e-01 5.088423831933645415e+05
2.458956866711639044e-01 5.052261964560943889e+05
2.422256017954749208e-01 5.080733653834205470e+05
2.385555169197857150e-01 5.044670134067692561e+05
2.348854320440967314e-01 5.073268551796892425e+05
2.312153471684077477e-01 5.037300972384979832e+05
2.275452622927187640e-01 5.066022834169114940e+05
2.238751774170297804e-01 5.030148502066780347e+05
2.202050925413405746e-01 5.058990306177968741e+05
2.165350076656518130e-01 5.023206939130745013e+05
2.128649227899628293e-01 5.052165540156351635e+05
2.091948379142736236e-01 5.016470590212079114e+05
2.055247530385846400e-01 5.045542647707744618e+05
2.018546681628956563e-01 5.009933831838908372e+05
1.981845832872066726e-01 5.039116257940679207e+05
1.945144984115176889e-01 5.003591220417506993e+05
1.908444135358284832e-01 5.032880947559364140e+05
1.871743286601397216e-01 4.997437509053479880e+05
1.835042437844507379e-01 5.026831591186969308e+05
1.798341589087615322e-01 4.991467584535165224e+05
1.761640740330725485e-01 5.020963074950031587e+05
1.724939891573835649e-01 4.985676312620798126e+05
1.688239042816945812e-01 5.015270395629515406e+05
1.651538194060055975e-01 4.980058921011786442e+05
1.614837345303166138e-01 5.009748913821142633e+05
1.578136496546276302e-01 4.974610502205214580e+05
1.541435647789386465e-01 5.004393548036246793e+05
1.504734799032494408e-01 4.969326240059874835e+05
1.468033950275606792e-01 4.999199710237502586e+05
1.431333101518714734e-01 4.964201478795311414e+05
1.394632252761824898e-01 4.994162760446434258e+05
1.357931404004935061e-01 4.959231957891257480e+05
1.321230555248045224e-01 4.989278754045800306e+05
1.284529706491155387e-01 4.954413304119811510e+05
1.247828857734265551e-01 4.984543001025570557e+05
1.211128008977373494e-01 4.949741061737953569e+05
1.174427160220485877e-01 4.979951223852746189e+05
1.137726311463593820e-01 4.945211064992909669e+05
1.101025462706703983e-01 4.975499474074951722e+05
1.064324613949814147e-01 4.940819448831698974e+05
1.027623765192924310e-01 4.971183936396663776e+05
9.909229164360344733e-02 4.936562421777992859e+05
9.542220676791446365e-02 4.967000765212390688e+05
9.175212189222525794e-02 4.932435981705952436e+05
8.808203701653649631e-02 4.962945922094293055e+05
8.441195214084729059e-02 4.928436245168477180e+05
8.074186726515830692e-02 4.959015726487437496e+05
7.707178238946932325e-02 4.924559465828945395e+05
7.340169751378033958e-02 4.955206328286986682e+05
6.973161263809135590e-02 4.920802116998260608e+05
6.606152776240237223e-02 4.951514543172205449e+05
6.239144288671316652e-02 4.917161019593952224e+05
5.872135801102440489e-02 4.947937191149069695e+05
5.505127313533519917e-02 4.913632758359329891e+05
5.138118825964621550e-02 4.944470606930462527e+05
4.771110338395723183e-02 4.910213789874615613e+05
4.404101850826824815e-02 4.941111415488554630e+05
4.037093363257926448e-02 4.906900955117303529e+05
3.670084875689028081e-02 4.937856759532364085e+05
3.303076388120107509e-02 4.903691091655325145e+05
2.936067900551231347e-02 4.934703041629915824e+05
2.569059412982310775e-02 4.900581009765428607e+05
2.202050925413412408e-02 4.931647693688694853e+05
1.835042437844514041e-02 4.897568030599086778e+05
1.468033950275615673e-02 4.928687736745545408e+05
1.101025462706717306e-02 4.894649170924531063e+05
7.340169751378189389e-03 4.925820294366929447e+05
3.670084875688983672e-03 4.891821879889703705e+05
2.220446049250313081e-16 4.923043103864297736e+05
-3.670084875688983672e-03 4.889082987493284163e+05
-7.340169751377745300e-03 4.920351993253946421e+05
-1.101025462706695102e-02 4.886430302307849051e+05
-1.468033950275593469e-02 4.917746666321126395e+05
-1.835042437844514041e-02 4.883860861394932144e+05
-2.202050925413390203e-02 4.915220803690450848e+05
-2.569059412982288571e-02 4.881373126117460779e+05
-2.936067900551209142e-02 4.912780501413123566e+05
-3.303076388120107509e-02 4.878963866128827794e+05
-3.670084875688983672e-02 4.910412384258104139e+05
-4.037093363257904244e-02 4.876630072691404494e+05
-4.404101850826802611e-02 4.908120690146220732e+05
-4.771110338395723183e-02 4.874370505986139178e+05
-5.138118825964599345e-02 4.905901058274683892e+05
-5.505127313533497713e-02 4.872182260381149827e+05
-5.872135801102418284e-02 4.903751836863011704e+05
-6.239144288671316652e-02 4.870063581302055391e+05
-6.606152776240192814e-02 4.901670971579567995e+05
-6.973161263809113386e-02 4.868012257002815604e+05
-7.340169751378011753e-02 4.899656271285266848e+05
-7.707178238946887916e-02 4.866026197371123126e+05
-8.074186726515808488e-02 4.897705737960172701e+05
-8.441195214084706855e-02 4.864103431144661154e+05
-8.808203701653627427e-02 4.895817339299176238e+05
-9.175212189222503589e-02 4.862242050633299514e+05
-9.542220676791401957e-02 4.893989349475894705e+05
-9.909229164360322528e-02 4.860440200246314052e+05
-1.027623765192922090e-01 4.892219807463175384e+05
-1.064324613949809706e-01 4.858695974781116238e+05
-1.101025462706701763e-01 4.890506782433973276e+05
-1.137726311463591600e-01 4.857007555075944983e+05
-1.174427160220483657e-01 4.888848719570689136e+05
-1.211128008977371273e-01 4.855373357112756930e+05
-1.247828857734261110e-01 4.887243922383891186e+05
-1.284529706491153167e-01 4.853791707006557845e+05
-1.321230555248043004e-01 4.885690765120227588e+05
-1.357931404004930620e-01 4.852260959568572580e+05
-1.394632252761822677e-01 4.884187543322027777e+05
-1.431333101518712514e-01 4.850779477916955948e+05
-1.468033950275604571e-01 4.882732799121532589e+05
-1.504734799032492187e-01 4.849345816111979657e+05
-1.541435647789382024e-01 4.881325009941231110e+05
-1.578136496546274081e-01 4.847958485843722592e+05
-1.614837345303163918e-01 4.879962702430660138e+05
-1.651538194060051534e-01 4.846615928795415093e+05
-1.688239042816943591e-01 4.878644373808147502e+05
-1.724939891573833428e-01 4.845316773528390913e+05
-1.761640740330725485e-01 4.877368699275701656e+05
-1.798341589087613102e-01 4.844059727178734029e+05
-1.835042437844502938e-01 4.876134374395319610e+05
-1.871743286601394995e-01 4.842843401051239925e+05
-1.908444135358284832e-01 4.874940055963181658e+05
-1.945144984115172448e-01 4.841666536470594583e+05
-1.981845832872064506e-01 4.873784579123857548e+05
-2.018546681628954342e-01 4.840528035170246731e+05
-2.055247530385846400e-01 4.872666718821289251e+05
-2.091948379142734016e-01 4.839426574701893260e+05
-2.128649227899623853e-01 4.871585163357139099e+05
-2.165350076656515910e-01 4.838360912140428554e+05
-2.202050925413405746e-01 4.870538837959332741e+05
-2.238751774170293363e-01 4.837329977224929025e+05
-2.275452622927185420e-01 4.869526577273968724e+05
-2.312153471684075257e-01 4.836332700929375715e+05
-2.348854320440967314e-01 4.868547399587610271e+05
-2.385555169197854930e-01 4.835368005222718348e+05
-2.422256017954744767e-01 4.867600285013328539e+05
-2.458956866711636824e-01 4.834434883014771040e+05
-2.495657715468526661e-01 4.866684126087456243e+05
-2.532358564225414277e-01 4.833532376899436349e+05
-2.569059412982306334e-01 4.865797937870343449e+05
-2.605760261739196171e-01 4.832659337511967169e+05
-2.642461110496088228e-01 4.864940757822802989e+05
-2.679161959252975844e-01 4.831814954940375173e+05
-2.715862808009865681e-01 4.864111784061574726e+05
-2.752563656766757738e-01 4.830998473514785292e+05
-2.789264505523647575e-01 4.863310206692073843e+05
-2.825965354280535191e-01 4.830208813243664918e+05
-2.862666203037427248e-01 4.862534822516423301e+05
-2.899367051794317085e-01 4.829445010745240143e+05
-2.936067900551209142e-01 4.861784948567821411e+05
-2.972768749308096758e-01 4.828706457157521509e+05
-3.009469598064986595e-01 4.861059839147311868e+05
-3.046170446821878652e-01 4.827992238785713562e+05
-3.082871295578768489e-01 4.860358648739563650e+05
-3.119572144335656105e-01 4.827301587295598583e+05
-3.156272993092548163e-01 4.859680569864615100e+05
-3.192973841849437999e-01 4.826633776607378386e+05
-3.229674690606325616e-01 4.859024941332921153e+05
-3.266375539363217673e-01 4.825987927554092021e+05
-3.303076388120107509e-01 4.858390767581958789e+05
-3.339777236876999567e-01 4.825363468272656901e+05
-3.376478085633889403e-01 4.857777743579675443e+05
-3.413178934390777020e-01 4.824759801340283593e+05
-3.449879783147669077e-01 4.857185097265942604e+05
-3.486580631904558913e-01 4.824176241713032941e+05
-3.523281480661446530e-01 4.856612151096739108e+05
-3.559982329418338587e-01 4.823611951707272674e+05
-3.596683178175228424e-01 4.856057999551040120e+05
-3.633384026932120481e-01 4.823066468637374928e+05
-3.670084875689010318e-01 4.855522688586993027e+05
-3.706785724445897934e-01 4.822538661835205858e+05
-3.743486573202789991e-01 4.855003273475387250e+05
-3.780187421959679828e-01 4.822029102591806441e+05
-3.816888270716567444e-01 4.854506473276249599e+05
-3.853589119473459501e-01 4.821537285585958743e+05
-3.890289968230349338e-01 4.854020268921097741e+05
-3.926990816987241395e-01 4.821060125175825087e+05
-3.963691665744131232e-01 4.853552384535123128e+05
-4.000392514501018848e-01 4.820599223390917759e+05
-4.037093363257910905e-01 4.853099873653780669e+05
-4.073794212014800742e-01 4.820153821498445468e+05
-4.110495060771688358e-01 4.852662539332044544e+05
-4.147195909528580415e-01 4.819723339750876767e+05
-4.183896758285470252e-01 4.852239866121620871e+05
-4.220597607042362309e-01 4.819307276209164993e+05
-4.257298455799252146e-01 4.851831315462402999e+05
-4.293999304556139762e-01 4.818905183196690632e+05
-4.330700153313031819e-01 4.851436484192733187e+05
-4.367401002069919436e-01 4.818516456796056591e+05
-4.404101850826811493e-01 4.851054708105830359e+05
-4.440802699583703550e-01 4.818140824601653730e+05
-4.477503548340591166e-01 4.850685886915451265e+05
-4.514204397097483223e-01 4.817777943183084135e+05
-4.550905245854370840e-01 4.850329562478380976e+05
-4.587606094611262897e-01 4.817427345804675715e+05
-4.624306943368154954e-01 4.849985279072003323e+05
-4.661007792125042570e-01 4.817088566710531013e+05
-4.697708640881930187e-01 4.849652621096906369e+05
-4.734409489638822244e-01 4.816761167074300465e+05
-4.771110338395709860e-01 4.849330978394090198e+05
-4.807811187152601917e-01 4.816444664921601070e+05
-4.844512035909493974e-01 4.849020007558724610e+05
-4.881212884666381591e-01 4.816138702404265059e+05
-4.917913733423273648e-01 4.848719555337548372e+05
-4.954614582180161264e-01 4.815843138743437594e+05
-4.991315430937053321e-01 4.848429199356711470e+05
-5.028016279693945378e-01 4.815557474769352120e+05
-5.064717128450832995e-01 4.848148475036603631e+05
-5.101417977207725052e-01 4.815281372948514763e+05
-5.138118825964612668e-01 4.847877305556120118e+05
-5.174819674721504725e-01 4.815014726755914744e+05
-5.211520523478396782e-01 4.847615326800183393e+05
-5.248221372235284399e-01 4.814757182348914794e+05
-5.284922220992172015e-01 4.847362327840120997e+05
-5.321623069749064072e-01 4.814508340108417906e+05
-5.358323918505951688e-01 4.847117768094044877e+05
-5.395024767262843746e-01 4.814267829742298345e+05
-5.431725616019735803e-01 4.846881331509351148e+05
-5.468426464776623419e-01 4.814035358668879489e+05
-5.505127313533515476e-01 4.846652850026725791e+05
-5.541828162290403093e-01 4.813810593805852113e+05
-5.578529011047295150e-01 4.846431803697742289e+05
-5.615229859804187207e-01 4.813593489460260607e+05
-5.651930708561074823e-01 4.846218575422149152e+05
-5.688631557317962439e-01 4.813384077774657635e+05
-5.725332406074854497e-01 4.846012763966370258e+05
-5.762033254831742113e-01 4.813181818633733783e+05
-5.798734103588638611e-01 4.845813872710378491e+05
-5.835434952345526227e-01 4.812986326592754340e+05
-5.872135801102413843e-01 4.845621624778436380e+05
-5.908836649859305901e-01 4.812797461547461571e+05
-5.945537498616193517e-01 4.845435877214808716e+05
-5.982238347373085574e-01 4.812615017819546047e+05
-6.018939196129977631e-01 4.845256385511460248e+05
-6.055640044886865248e-01 4.812438789372412721e+05
-6.092340893643757305e-01 4.845083035286582308e+05
-6.129041742400644921e-01 4.812268455740412464e+05
-6.165742591157536978e-01 4.844915393978796201e+05
-6.202443439914429035e-01 4.812103975634066737e+05
-6.239144288671316652e-01 4.844753611752295983e+05
-6.275845137428204268e-01 4.811945187846485060e+05
-6.312545986185096325e-01 4.844597304350713966e+05
-6.349246834941983941e-01 4.811791745456813369e+05
-6.385947683698880439e-01 4.844446275705824373e+05
-6.422648532455768056e-01 4.811643563353280770e+05
-6.459349381212655672e-01 4.844300353715614183e+05
-6.496050229969547729e-01 4.811500483658165904e+05
-6.532751078726435345e-01 4.844159500920742285e+05
-6.569451927483327403e-01 4.811362169404748129e+05
-6.606152776240219460e-01 4.844023162922278862e+05
-6.642853624997107076e-01 4.811228644054308534e+05
-6.679554473753999133e-01 4.843891678222301416e+05
-6.716255322510886749e-01 4.811099787632859079e+05
-6.752956171267778807e-01 4.843764613643402699e+05
-6.789657020024670864e-01 4.810975263844399597e+05
-6.826357868781558480e-01 4.843641881195381866e+05
-6.863058717538446096e-01 4.810854994466474163e+05
-6.899759566295338153e-01 4.843523301270848606e+05
-6.936460415052225770e-01 4.810738987088048598e+05
-6.973161263809122268e-01 4.843408906528217485e+05
-7.009862112566009884e-01 4.810626963868895546e+05
-7.046562961322897500e-01 4.843298345655812882e+05
-7.083263810079789558e-01 4.810518686029277742e+05
-7.119964658836677174e-01 4.843191390687789535e+05
-7.156665507593569231e-01 4.810414056638620095e+05
-7.193366356350461288e-01 4.843088008271112340e+05
-7.230067205107348904e-01 4.810312693456628476e+05
-7.266768053864240962e-01 4.842987745651664445e+05
-7.303468902621128578e-01 4.810214325150817167e+05
-7.340169751378020635e-01 4.842889677403280511e+05
-7.376870600134912692e-01 4.810120508461404825e+05
-7.413571448891800308e-01 4.842798110607670387e+05
-7.450272297648687925e-01 4.810029905207909178e+05
-7.486973146405579982e-01 4.842708280363845406e+05
-7.523673995162467598e-01 4.809942334313202882e+05
-7.560374843919364096e-01 4.842621717617079266e+05
-7.597075692676251712e-01 4.809857801112886518e+05
-7.633776541433139329e-01 4.842537892641054932e+05
-7.670477390190031386e-01 4.809776096521808649e+05
-7.707178238946919002e-01 4.842456854586717091e+05
-7.743879087703811059e-01 4.809697102598240599e+05
-7.780579936460703117e-01 4.842378505472294637e+05
-7.817280785217590733e-01 4.809620891221511411e+05
-7.853981633974478349e-01 4.842302908310823259e+05
-7.890682482731370406e-01 4.809547346724394592e+05
-7.927383331488262463e-01 4.842229834271221189e+05
-7.964084180245154521e-01 4.809476319725478534e+05
-8.000785029002042137e-01 4.842159226676664548e+05
-8.037485877758929753e-01 4.809407723156025750e+05
-8.074186726515821810e-01 4.842090849651674507e+05
-8.110887575272709427e-01 4.809341507343298872e+05
-8.147588424029601484e-01 4.842025024491266231e+05
-8.184289272786493541e-01 4.809277629646105925e+05
-8.220990121543381157e-01 4.841961299846415641e+05
-8.257690970300273214e-01 4.809215958405277343e+05
-8.294391819057160831e-01 4.841899743622303940e+05
-8.331092667814052888e-01 4.809156453840513714e+05
-8.367793516570944945e-01 4.841840285696670180e+05
-8.404494365327832561e-01 4.809099084548897808e+05
-8.441195214084720178e-01 4.841782950694476021e+05
-8.477896062841612235e-01 4.809043664310040185e+05
-8.514596911598504292e-01 4.841727345093026524e+05
-8.551297760355396349e-01 4.808990142604953726e+05
-8.587998609112283965e-01 4.841673764868490398e+05
-8.624699457869171582e-01 4.808938601164101856e+05
-8.661400306626063639e-01 4.841621917980250437e+05
-8.698101155382951255e-01 4.808888977081641788e+05
-8.734802004139843312e-01 4.841572049496900290e+05
-8.771502852896735369e-01 4.808841102348510758e+05
-8.808203701653622986e-01 4.841523726937958272e+05
-8.844904550410515043e-01 4.808794798450320959e+05
-8.881605399167402659e-01 4.841476855150508927e+05
-8.918306247924294716e-01 4.808750111343289027e+05
-8.955007096681186773e-01 4.841431675464738510e+05
-8.991707945438074390e-01 4.808707006144578336e+05
-9.028408794194962006e-01 4.841387850574007025e+05
-9.065109642951854063e-01 4.808665327740523499e+05
-9.101810491708746120e-01 4.841345469383291202e+05
-9.138511340465638177e-01 4.808624971985092852e+05
-9.175212189222525794e-01 4.841304203172397683e+05
-9.211913037979413410e-01 4.808585902539559174e+05
-9.248613886736305467e-01 4.841264216374280513e+05
-9.285314735493193083e-01 4.808548137481714366e+05
-9.322015584250085141e-01 4.841225419516428956e+05
-9.358716433006977198e-01 4.808511734113403945e+05
-9.395417281763864814e-01 4.841188029716587625e+05
-9.432118130520756871e-01 4.808476690657347790e+05
-9.468818979277644488e-01 4.841151930404141895e+05
-9.505519828034536545e-01 4.808443020663489006e+05
-9.542220676791428602e-01 4.841117137866269914e+05
-9.578921525548316218e-01 4.808410706667858176e+05
-9.615622374305203834e-01 4.841083557597588515e+05
-9.652323223062095892e-01 4.808379524119433481e+05
-9.689024071818983508e-01 4.841050861041522585e+05
-9.725724920575880006e-01 4.808349349205188337e+05
-9.762425769332767622e-01 4.841019175775288022e+05
-9.799126618089655238e-01 4.808320326535104541e+05
-9.835827466846547296e-01 4.840988669161818689e+05
-9.872528315603434912e-01 4.808292512419184204e+05
-9.909229164360326969e-01 4.840959164719502442e+05
-9.945930013117219026e-01 4.808265807527501602e+05
-9.982630861874106643e-01 4.840930735536864959e+05
-1.001933171063099870e+00 4.808240167346750968e+05
-1.005603255938788632e+00 4.840903129363146145e+05
-1.009273340814477837e+00 4.808215313661611872e+05
-1.012943425690167043e+00 4.840876082438575104e+05
-1.016613510565855805e+00 4.808191149993350846e+05
-1.020283595441544566e+00 4.840849632261428051e+05
-1.023953680317233772e+00 4.808167759824431851e+05
-1.027623765192922534e+00 4.840824066843097098e+05
-1.031293850068611739e+00 4.808145488908056286e+05
-1.034963934944300945e+00 4.840799506194433779e+05
-1.038634019819989707e+00 4.808124304671927239e+05
-1.042304104695678912e+00 4.840775918744650553e+05
-1.045974189571367674e+00 4.808104286818114342e+05
-1.049644274447056880e+00 4.840753464357022312e+05
-1.053314359322746085e+00 4.808085470227645128e+05
-1.056984444198434847e+00 4.840731922108720755e+05
-1.060654529074123609e+00 4.808068988956558751e+05
-1.064324613949812814e+00 4.840714325273931609e+05
-1.067994698825502020e+00 4.808054567186943023e+05
-1.071664783701191226e+00 4.840696295136537519e+05
-1.075334868576879988e+00 4.808054287344578770e+05
-1.079004953452568749e+00 4.840715865433891886e+05
-1.082675038328257955e+00 4.808031168152801692e+05
-1.086345123203946716e+00 4.840615167861358495e+05
-1.090015208079635922e+00 4.808001861084987759e+05
-1.093685292955325128e+00 4.840607842440242530e+05
-1.097355377831013890e+00 4.807967855569504318e+05
-1.101025462706703095e+00 4.840586307811135193e+05
-1.104695547582391857e+00 4.807953808089881204e+05
-1.108365632458081063e+00 4.840579848871033755e+05
-1.112035717333770268e+00 4.807945388844344416e+05
-1.115705802209459030e+00 4.840563039685725817e+05
-1.119375887085147792e+00 4.807933936838697409e+05
-1.123045971960836997e+00 4.840547214247552329e+05
-1.126716056836526203e+00 4.807922665269570425e+05
-1.130386141712215409e+00 4.840530608268245123e+05
-1.134056226587904170e+00 4.807911337121745455e+05
-1.137726311463592932e+00 4.840513965245063300e+05
-1.141396396339282138e+00 4.807900188948829891e+05
-1.145066481214970899e+00 4.840497203555440065e+05
-1.148736566090660105e+00 4.807889307733410969e+05
-1.152406650966349311e+00 4.840480525110748131e+05
-1.156076735842038072e+00 4.807878825881663943e+05
-1.159746820717727278e+00 4.840463930049808114e+05
-1.163416905593416040e+00 4.807868834181911661e+05
-1.167086990469105245e+00 4.840447492621787824e+05
-1.170757075344794451e+00 4.807859389533434296e+05
-1.174427160220483213e+00 4.840431331456538755e+05
-1.178097245096171974e+00 4.807850609233486466e+05
-1.181767329971861180e+00 4.840415406939242384e+05
-1.185437414847550386e+00 4.807842534426490311e+05
-1.189107499723239592e+00 4.840399731398755684e+05
-1.192777584598928353e+00 4.807834846159868757e+05
-1.196447669474617115e+00 4.840383765228712582e+05
-1.200117754350306321e+00 4.807827497668361757e+05
-1.203787839225995082e+00 4.840367772697419859e+05
-1.207457924101684288e+00 4.807820853939535446e+05
-1.211128008977373494e+00 4.840352146030627773e+05
-1.214798093853062255e+00 4.807815040274459752e+05
-1.218468178728751461e+00 4.840336653071497567e+05
-1.222138263604440223e+00 4.807809895720185596e+05
-1.225808348480129428e+00 4.840321090382701368e+05
-1.229478433355818634e+00 4.807805337329008034e+05
-1.233148518231507396e+00 4.840305481489588856e+05
-1.236818603107196157e+00 4.807801347036093939e+05
-1.240488687982885363e+00 4.840289548576536472e+05
-1.244158772858574569e+00 4.807797883823330048e+05
-1.247828857734263330e+00 4.840273341243994073e+05
-1.251498942609952536e+00 4.807795055886798073e+05
-1.255169027485641298e+00 4.840256956826919341e+05
-1.258839112361330503e+00 4.807792980196835124e+05
-1.262509197237019265e+00 4.840240313461392070e+05
-1.266179282112708471e+00 4.807791649990839651e+05
-1.269849366988397676e+00 4.840223314399038209e+05
-1.273519451864086438e+00 4.807791223776435945e+05
-1.277189536739775200e+00 4.840206093537503621e+05
-1.280859621615464405e+00 4.807791643396600848e+05
-1.284529706491153611e+00 4.840188264315125998e+05
-1.288199791366842817e+00 4.807792864469905617e+05
-1.291869876242531578e+00 4.840169779694221797e+05
-1.295539961118220340e+00 4.807794917371523334e+05
-1.299210045993909546e+00 4.840150525593778002e+05
-1.302880130869598752e+00 4.807797946393073071e+05
-1.306550215745287513e+00 4.840130489313665894e+05
-1.310220300620976719e+00 4.807802194965807721e+05
-1.313890385496665481e+00 4.840109732210739749e+05
-1.317560470372354686e+00 4.807807597882584087e+05
-1.321230555248043448e+00 4.840087626224176493e+05
-1.324900640123732654e+00 4.807814132592729875e+05
-1.328570724999421859e+00 4.840064294553003856e+05
-1.332240809875110621e+00 4.807822086204137304e+05
-1.335910894750799383e+00 4.840039506203937344e+05
-1.339580979626488588e+00 4.807831568272279692e+05
-1.343251064502177794e+00 4.840013086090347497e+05
-1.346921149377867000e+00 4.807842803613659344e+05
-1.350591234253555761e+00 4.839984722342164023e+05
-1.354261319129244523e+00 4.807855973277685116e+05
-1.357931404004933729e+00 4.839954179287279840e+05
-1.361601488880622490e+00 4.807871405937094241e+05
-1.365271573756311696e+00 4.839921236411292339e+05
-1.368941658632000902e+00 4.807889279655772261e+05
-1.372611743507689663e+00 4.839884977831491269e+05
-1.376281828383378869e+00 4.807910321864195867e+05
-1.379951913259067631e+00 4.839845352241722285e+05
-1.383621998134756836e+00 4.807932805550416233e+05
-1.387292083010446042e+00 4.839799830284086056e+05
-1.390962167886134804e+00 4.807959000403915998e+05
-1.394632252761823565e+00 4.839750274751686957e+05
-1.398302337637512771e+00 4.807989901204680791e+05
-1.401972422513201977e+00 4.839695419452034403e+05
-1.405642507388891183e+00 4.808026297603321727e+05
-1.409312592264579944e+00 4.839633466899499181e+05
-1.412982677140268706e+00 4.808068311430836329e+05
-1.416652762015957912e+00 4.839562817206224427e+05
-1.420322846891646673e+00 4.808116911747480044e+05
-1.423992931767335879e+00 4.839481786748599261e+05
-1.427663016643025085e+00 4.808173877555330982e+05
-1.431333101518713846e+00 4.839388006105818204e+05
-1.435003186394403052e+00 4.808240739298683475e+05
-1.438673271270091814e+00 4.839278864320440916e+05
-1.442343356145781019e+00 4.808319706696904032e+05
-1.446013441021470225e+00 4.839149478320359485e+05
-1.449683525897158987e+00 4.808413418988769408e+05
-1.453353610772847748e+00 4.838995818820829736e+05
-1.457023695648536954e+00 4.808526258332218276e+05
-1.460693780524226160e+00 4.838809832847387879e+05
-1.464363865399915365e+00 4.808662724527005921e+05
-1.468033950275604127e+00 4.838582264833129593e+05
-1.471704035151292889e+00 4.808830359580102377e+05
-1.475374120026982094e+00 4.838299621128517902e+05
-1.479044204902670856e+00 4.809039006550480844e+05
-1.482714289778360062e+00 4.837941963548992062e+05
-1.486384374654049267e+00 4.809303045041087898e+05
-1.490054459529738029e+00 4.837480529681963963e+05
-1.493724544405426791e+00 4.809642439695930807e+05
-1.497394629281115996e+00 4.836867206312311464e+05
-1.501064714156805202e+00 4.810095994154966320e+05
-1.504734799032494408e+00 4.836045367336370400e+05
-1.508404883908183169e+00 4.810692511393704917e+05
-1.512074968783871931e+00 4.834832128034693305e+05
-1.515745053659561137e+00 4.811613197023876710e+05
-1.519415138535250342e+00 4.833263674608961446e+05
-1.523085223410939104e+00 4.812650104090421810e+05
-1.526755308286628310e+00 4.829923684574871440e+05
-1.530425393162317071e+00 4.815605900788223371e+05
-1.534095478038006277e+00 4.827989354407083010e+05
-1.537765562913695039e+00 4.815039579574126983e+05
-1.541435647789384245e+00 4.808594344505524496e+05
-1.545105732665073450e+00 4.838584718421408325e+05
-1.548775817540762212e+00 4.835719910049476894e+05
-1.552445902416450974e+00 4.778041682139558252e+05
-1.556115987292140179e+00 4.564950310101446812e+05
-1.559786072167829385e+00 5.216783349473379785e+05
-1.563456157043518591e+00 5.363719105997091392e+05
-1.567126241919207352e+00 2.792867386372716282e+05
-1.570796326794896114e+00 1.477174267317716149e+05
