1.567865736632965801e+00 1.325251411810278706e+07
1.562004556309104286e+00 1.283519910463535413e+07
1.556143375985242772e+00 1.252564709271074086e+07
1.550282195661381035e+00 1.255140351572283171e+07
1.544421015337519520e+00 1.246707617355388775e+07
1.538559835013658006e+00 1.236436602029302344e+07
1.532698654689796491e+00 1.223083187866912782e+07
1.526837474365934977e+00 1.207407194954614341e+07
1.520976294042073240e+00 1.189516401378007233e+07
1.515115113718211726e+00 1.169601347833045945e+07
1.509253933394350211e+00 1.147801315676534548e+07
1.503392753070488697e+00 1.124256904885539785e+07
1.497531572746627182e+00 1.099105278955534659e+07
1.491670392422765667e+00 1.072484829860388860e+07
1.485809212098903931e+00 1.044535055800471269e+07
1.479948031775042416e+00 1.015396518676738068e+07
1.474086851451180902e+00 9.852101828625369817e+06
1.468225671127319387e+00 9.541165997059406713e+06
1.462364490803457873e+00 9.222550061195967719e+06
1.456503310479596358e+00 8.897624421506443992e+06
1.450642130155734622e+00 8.567728867829939350e+06
1.444780949831873107e+00 8.234164194422598928e+06
1.438919769508011592e+00 7.898185103798203170e+06
1.433058589184150078e+00 7.560993682737019844e+06
1.427197408860288563e+00 7.223733608400031924e+06
1.421336228536426827e+00 6.887486601342443377e+06
1.415475048212565312e+00 6.553264972122360021e+06
1.409613867888703798e+00 6.222016082965869457e+06
1.403752687564842283e+00 5.894612722860865295e+06
1.397891507240980769e+00 5.571856697721849196e+06
1.392030326917119254e+00 5.254477169363584369e+06
1.386169146593257517e+00 4.943131181846966036e+06
1.380307966269396003e+00 4.638404585587013513e+06
1.374446785945534488e+00 4.340814013933812268e+06
1.368585605621672974e+00 4.050808661674102768e+06
1.362724425297811459e+00 3.768772821317458525e+06
1.356863244973949723e+00 3.495028859507137910e+06
1.351002064650088208e+00 3.229840273139267229e+06
1.345140884326226693e+00 2.973414887602043338e+06
1.339279704002365179e+00 2.725908518885267898e+06
1.333418523678503664e+00 2.487428377341944259e+06
1.327557343354642150e+00 2.258036723511462566e+06
1.321696163030780635e+00 2.037754394711586181e+06
1.315834982706918899e+00 1.826564455359344603e+06
1.309973802383057384e+00 1.624415689617964672e+06
1.304112622059195870e+00 1.431225883320909925e+06
1.298251441735334133e+00 1.246885173179378035e+06
1.292390261411472618e+00 1.071259151888251770e+06
1.286529081087611104e+00 9.041919068755739136e+05
1.280667900763749589e+00 7.455087545975989196e+05
1.274806720439888075e+00 5.950189637598472182e+05
1.268945540116026560e+00 4.525181918267917936e+05
1.263084359792165046e+00 3.177908001781982603e+05
1.257223179468303531e+00 1.906119447228616336e+05
1.251361999144441794e+00 7.074963772356907430e+04
1.245500818820580280e+00 -4.203354964745951293e+04
1.239639638496718765e+00 -1.479788566589022521e+05
1.233778458172857251e+00 -2.473298266503573686e+05
1.227917277848995514e+00 -3.403309950548188644e+05
1.222056097525134000e+00 -4.272266937670906191e+05
1.216194917201272485e+00 -5.082599894686684711e+05
1.210333736877410971e+00 -5.836717813065779628e+05
1.204472556553549456e+00 -6.536999637345036026e+05
1.198611376229687941e+00 -7.185787648510100553e+05
1.192750195905826427e+00 -7.785380523481313139e+05
1.186889015581964912e+00 -8.338028863897770643e+05
1.181027835258103176e+00 -8.845930924978337716e+05
1.175166654934241661e+00 -9.311228495011427440e+05
1.169305474610380147e+00 -9.736004397202425171e+05
1.163444294286518410e+00 -1.012228027748777648e+06
1.157583113962656896e+00 -1.047201437713998370e+06
1.151721933638795381e+00 -1.078710115314856637e+06
1.145860753314933866e+00 -1.106936833859167062e+06
1.139999572991072352e+00 -1.132059562743012793e+06
1.134138392667210837e+00 -1.154242799014953431e+06
1.128277212343349323e+00 -1.173657323148009134e+06
1.122416032019487586e+00 -1.190456389927880373e+06
1.116554851695625850e+00 -1.204791113325085258e+06
1.110693671371764557e+00 -1.216805882159846835e+06
1.104832491047903043e+00 -1.226638918022991158e+06
1.098971310724041306e+00 -1.234422412658036686e+06
1.093110130400179791e+00 -1.240282723658510018e+06
1.087248950076318277e+00 -1.244340542438642122e+06
1.081387769752456762e+00 -1.246711041296560783e+06
1.075526589428595248e+00 -1.247503996775420615e+06
1.069665409104733733e+00 -1.246823931279379176e+06
1.063804228780872219e+00 -1.244770354593082797e+06
1.057943048457010704e+00 -1.241437855441674590e+06
1.052081868133149190e+00 -1.236916294269730104e+06
1.046220687809287453e+00 -1.231291105484629050e+06
1.040359507485425716e+00 -1.224643378925511846e+06
1.034498327161564202e+00 -1.217050011646027677e+06
1.028637146837702687e+00 -1.208583894929023460e+06
1.022775966513841173e+00 -1.199314008998059668e+06
1.016914786189979658e+00 -1.189305659236597363e+06
1.011053605866118144e+00 -1.178620659424102399e+06
1.005192425542256629e+00 -1.167317418405879056e+06
9.993312452183950034e-01 -1.155451191834541969e+06
9.934700648945334889e-01 -1.143074061215608614e+06
9.876088845706718633e-01 -1.130235219958163565e+06
9.817477042468102377e-01 -1.116980975094473455e+06
9.758865239229486122e-01 -1.103355099973953562e+06
9.700253435990872086e-01 -1.089398676575238816e+06
9.641641632752255830e-01 -1.075150470449286280e+06
9.583029829513641795e-01 -1.060646860923337983e+06
9.524418026275024429e-01 -1.045922064229420852e+06
9.465806223036409284e-01 -1.031008180242176866e+06
9.407194419797793028e-01 -1.015935326381026767e+06
9.348582616559177882e-01 -1.000731756661045598e+06
9.289970813320563847e-01 -9.854239221512102522e+05
9.231359010081946481e-01 -9.700365688983080909e+05
9.172747206843331336e-01 -9.545928410316393711e+05
9.114135403604716190e-01 -9.391143260264241835e+05
9.055523600366101045e-01 -9.236211953439551871e+05
8.996911797127485899e-01 -9.081322218802708667e+05
8.938299993888869643e-01 -8.926648561698527774e+05
8.879688190650253388e-01 -8.772353766153642209e+05
8.821076387411638242e-01 -8.618588736265479820e+05
8.762464584173023097e-01 -8.465493908313249703e+05
8.703852780934407951e-01 -8.313199614693183685e+05
8.645240977695792806e-01 -8.161829477880056947e+05
8.586629174457176550e-01 -8.011469910433712648e+05
8.528017371218561404e-01 -7.862295222082831897e+05
8.469405567979945149e-01 -7.714282787394780898e+05
8.410793764741331113e-01 -7.567593107094413135e+05
8.352181961502713747e-01 -7.422290605497371871e+05
8.293570158264098602e-01 -7.278445767240131972e+05
8.234958355025482346e-01 -7.136122434143410064e+05
8.176346551786867201e-01 -6.995378803397433367e+05
8.117734748548253165e-01 -6.856267481326198904e+05
8.059122945309635799e-01 -6.718834790724348277e+05
8.000511142071021764e-01 -6.583122869435489411e+05
7.941899338832404398e-01 -6.449168148880727822e+05
7.883287535593791473e-01 -6.317002462915187934e+05
7.824675732355174107e-01 -6.186654214715566486e+05
7.766063929116558961e-01 -6.058147304201992229e+05
7.707452125877944926e-01 -5.931501686937636696e+05
7.648840322639328670e-01 -5.806734482509540394e+05
7.590228519400712415e-01 -5.683859284798420267e+05
7.531616716162097269e-01 -5.562886596024981700e+05
7.473004912923481013e-01 -5.443823607321620220e+05
7.414393109684865868e-01 -5.326674978501348523e+05
7.355781306446249612e-01 -5.211443305609239032e+05
7.297169503207634467e-01 -5.098128119603114901e+05
7.238557699969019321e-01 -4.986727400119465310e+05
7.179945896730403065e-01 -4.877236868158701109e+05
7.121334093491787920e-01 -4.769650174086756306e+05
7.062722290253171664e-01 -4.663959482142437482e+05
7.004110487014557629e-01 -4.560155655533881509e+05
6.945498683775940263e-01 -4.458227177966216695e+05
6.886886880537326228e-01 -4.358162125338147162e+05
6.828275077298712192e-01 -4.259946761071087094e+05
6.769663274060093716e-01 -4.163566483208835707e+05
6.711051470821479681e-01 -4.069004940966668073e+05
6.652439667582863425e-01 -3.976245899803336360e+05
6.593827864344249390e-01 -3.885271155044452753e+05
6.535216061105634244e-01 -3.796062511013917974e+05
6.476604257867016878e-01 -3.708600702104299562e+05
6.417992454628401733e-01 -3.622865815404239693e+05
6.359380651389786587e-01 -3.538837287892015302e+05
6.300768848151171442e-01 -3.456494109170931624e+05
6.242157044912556296e-01 -3.375814582721269107e+05
6.183545241673938930e-01 -3.296777066429855768e+05
6.124933438435323785e-01 -3.219359072823862080e+05
6.066321635196708639e-01 -3.143538276805430651e+05
6.007709831958092384e-01 -3.069291844364736462e+05
5.949098028719477238e-01 -2.996596769722398021e+05
5.890486225480860982e-01 -2.925429789215949713e+05
5.831874422242245837e-01 -2.855767993101024767e+05
5.773262619003630691e-01 -2.787586760389513802e+05
5.714650815765015546e-01 -2.720862208751391736e+05
5.656039012526399290e-01 -2.655572059128347901e+05
5.597427209287784144e-01 -2.591693496549958363e+05
5.538815406049168999e-01 -2.529201715285101964e+05
5.480203602810553853e-01 -2.468073391649141849e+05
5.421591799571938708e-01 -2.408285035192195792e+05
5.362979996333319122e-01 -2.349813335863308748e+05
5.304368193094706196e-01 -2.292634810778149986e+05
5.245756389856091051e-01 -2.236726779300559429e+05
5.187144586617475905e-01 -2.182065999708696909e+05
5.128532783378860760e-01 -2.128629601214411086e+05
5.069920980140243394e-01 -2.076395178334697848e+05
5.011309176901628248e-01 -2.025339789450092940e+05
4.952697373663013103e-01 -1.975441621071607515e+05
4.894085570424397957e-01 -1.926678599263483775e+05
4.835473767185782812e-01 -1.879028747598176706e+05
4.776861963947165446e-01 -1.832470374336542445e+05
4.718250160708550300e-01 -1.786982208734931191e+05
4.659638357469937375e-01 -1.742543084133360244e+05
4.601026554231317789e-01 -1.699132175813337089e+05
4.542414750992704864e-01 -1.656729233020913089e+05
4.483802947754087498e-01 -1.615313603337533423e+05
4.425191144515474573e-01 -1.574865119688127015e+05
4.366579341276859427e-01 -1.535364190013104235e+05
4.307967538038242061e-01 -1.496791150882868096e+05
4.249355734799626916e-01 -1.459126778776626452e+05
4.190743931561011770e-01 -1.422352199157458090e+05
4.132132128322396625e-01 -1.386448654988376948e+05
4.073520325083781479e-01 -1.351398022992752667e+05
4.014908521845164113e-01 -1.317182098986424971e+05
3.956296718606548968e-01 -1.283782863229419017e+05
3.897684915367933822e-01 -1.251182900086768495e+05
3.839073112129318677e-01 -1.219365096980754315e+05
3.780461308890703531e-01 -1.188312461057645123e+05
3.721849505652086165e-01 -1.158008284456786787e+05
3.663237702413471020e-01 -1.128436191304127278e+05
3.604625899174855874e-01 -1.099580275116776756e+05
3.546014095936240729e-01 -1.071424548826813552e+05
3.487402292697623363e-01 -1.043953625908377144e+05
3.428790489459008217e-01 -1.017152128268760425e+05
3.370178686220395292e-01 -9.910051596084705670e+04
3.311566882981777926e-01 -9.654980501777867903e+04
3.252955079743162781e-01 -9.406164167988838744e+04
3.194343276504547635e-01 -9.163462378490663832e+04
3.135731473265932490e-01 -8.926734412404344766e+04
3.077119670027317344e-01 -8.695847989413495816e+04
3.018507866788699978e-01 -8.470665542686580739e+04
2.959896063550084833e-01 -8.251048275474586990e+04
2.901284260311469687e-01 -8.036909073391447600e+04
2.842672457072854542e-01 -7.828065402150026057e+04
2.784060653834239396e-01 -7.624420804342326301e+04
2.725448850595622030e-01 -7.425854446350045328e+04
2.666837047357006885e-01 -7.232246971651869535e+04
2.608225244118391739e-01 -7.043482669980498031e+04
2.549613440879776594e-01 -6.859447413234879787e+04
2.491001637641161448e-01 -6.680030924093995418e+04
2.432389834402544082e-01 -6.505123398495882429e+04
2.373778031163928937e-01 -6.334620368829840299e+04
2.315166227925316011e-01 -6.168415988976481458e+04
2.256554424686698646e-01 -6.006409888296049030e+04
2.197942621448083500e-01 -5.848501187375405425e+04
2.139330818209466134e-01 -5.694591839401667676e+04
2.080719014970853209e-01 -5.544586564854119933e+04
2.022107211732238063e-01 -5.398390255312220688e+04
1.963495408493620697e-01 -5.255913151010376168e+04
1.904883605255005552e-01 -5.117064011830000527e+04
1.846271802016388186e-01 -4.981756673591992876e+04
1.787659998777775261e-01 -4.849906498843664303e+04
1.729048195539160115e-01 -4.721427641702403344e+04
1.670436392300542749e-01 -4.596237766572608962e+04
1.611824589061927604e-01 -4.474257713348676043e+04
1.553212785823312458e-01 -4.355410289004129299e+04
1.494600982584697313e-01 -4.239618230229418987e+04
1.435989179346082167e-01 -4.126806622839090414e+04
1.377377376107464801e-01 -4.016902777194965893e+04
1.318765572868849656e-01 -3.909833123696736584e+04
1.260153769630234510e-01 -3.805529212168140657e+04
1.201541966391619365e-01 -3.703923025664249872e+04
1.142930163153004219e-01 -3.604947532591842901e+04
1.084318359914386853e-01 -3.508538583284495689e+04
1.025706556675771708e-01 -3.414633205278003879e+04
9.670947534371565624e-02 -3.323165822932111041e+04
9.084829501985414169e-02 -3.234078680565594550e+04
8.498711469599262713e-02 -3.147310743334525250e+04
7.912593437213089054e-02 -3.062804254925861460e+04
7.326475404826959803e-02 -2.980503845894410915e+04
6.740357372440786143e-02 -2.900353968413190523e+04
6.154239340054634688e-02 -2.822299604529119097e+04
5.568121307668461029e-02 -2.746288319024653902e+04
4.982003275282331778e-02 -2.672268493154397220e+04
4.395885242896180323e-02 -2.600190904367842813e+04
3.809767210510006663e-02 -2.530004989441127327e+04
3.223649178123855208e-02 -2.461664766367426637e+04
2.637531145737703753e-02 -2.395123050242124737e+04
2.051413113351552298e-02 -2.330327050437004073e+04
1.465295080965400842e-02 -2.267248803044084707e+04
8.791770485792271828e-03 -2.205844104478945883e+04
2.930590161930757276e-03 -2.146042333257522478e+04
-2.930590161930757276e-03 -2.087825147638437920e+04
-8.791770485792049783e-03 -2.031149216610969961e+04
-1.465295080965378638e-02 -1.975974538953440060e+04
-2.051413113351552298e-02 -1.922263220442726379e+04
-2.637531145737703753e-02 -1.869977815216453382e+04
-3.223649178123833003e-02 -1.819081768856452618e+04
-3.809767210510006663e-02 -1.769537991667160895e+04
-4.395885242896180323e-02 -1.721312018181686290e+04
-4.982003275282309573e-02 -1.674371257327853527e+04
-5.568121307668461029e-02 -1.628681996828250885e+04
-6.154239340054634688e-02 -1.584209478496638076e+04
-6.740357372440763939e-02 -1.540925033377366344e+04
-7.326475404826937599e-02 -1.498798517113034359e+04
-7.912593437213089054e-02 -1.457798578586779877e+04
-8.498711469599262713e-02 -1.417893837543186237e+04
-9.084829501985391964e-02 -1.379057315629803816e+04
-9.670947534371565624e-02 -1.341263574697284093e+04
-1.025706556675771708e-01 -1.304484125981190482e+04
-1.084318359914386853e-01 -1.268690785634253371e+04
-1.142930163153001999e-01 -1.233861647395504588e+04
-1.201541966391619365e-01 -1.199968817127005423e+04
-1.260153769630232290e-01 -1.166986708925813036e+04
-1.318765572868849656e-01 -1.134894915454101647e+04
-1.377377376107464801e-01 -1.103667004577126863e+04
-1.435989179346082167e-01 -1.073280382113294036e+04
-1.494600982584695092e-01 -1.043716660230759589e+04
-1.553212785823312458e-01 -1.014951179812075679e+04
-1.611824589061927604e-01 -9.869619981080788421e+03
-1.670436392300540529e-01 -9.597301640452644278e+03
-1.729048195539157895e-01 -9.332373606811905120e+03
-1.787659998777775261e-01 -9.074611562327419961e+03
-1.846271802016390406e-01 -8.823832688442362269e+03
-1.904883605255003332e-01 -8.579869442786468426e+03
-1.963495408493620697e-01 -8.342519250189334343e+03
-2.022107211732238063e-01 -8.111630790283739771e+03
-2.080719014970850989e-01 -7.887023000450008112e+03
-2.139330818209466134e-01 -7.668502555548655437e+03
-2.197942621448083500e-01 -7.455945364769188927e+03
-2.256554424686696425e-01 -7.249183068004840607e+03
-2.315166227925313791e-01 -7.048064796695578480e+03
-2.373778031163928937e-01 -6.852439055007264869e+03
-2.432389834402546303e-01 -6.662156236068536600e+03
-2.491001637641159228e-01 -6.477081108313163895e+03
-2.549613440879776594e-01 -6.297055673835968264e+03
-2.608225244118391739e-01 -6.121963196621643874e+03
-2.666837047357004664e-01 -5.951931778644602673e+03
-2.725448850595622030e-01 -5.786180855239513221e+03
-2.784060653834239396e-01 -5.625089513494759558e+03
-2.842672457072852321e-01 -5.468413627632780845e+03
-2.901284260311469687e-01 -5.316019283036563138e+03
-2.959896063550084833e-01 -5.167814548934103186e+03
-3.018507866788702199e-01 -5.023698605831451459e+03
-3.077119670027315124e-01 -4.883574663909340416e+03
-3.135731473265932490e-01 -4.747315212130402870e+03
-3.194343276504547635e-01 -4.614789230207277797e+03
-3.252955079743160560e-01 -4.485951466846568110e+03
-3.311566882981777926e-01 -4.360650451590427110e+03
-3.370178686220395292e-01 -4.238794989414086558e+03
-3.428790489459008217e-01 -4.120282293239074534e+03
-3.487402292697623363e-01 -4.005062520081840375e+03
-3.546014095936240729e-01 -3.893024380476123952e+03
-3.604625899174858095e-01 -3.784087432719793924e+03
-3.663237702413471020e-01 -3.678197285390966954e+03
-3.721849505652086165e-01 -3.575235465073998967e+03
-3.780461308890703531e-01 -3.475109987974082742e+03
-3.839073112129316456e-01 -3.377766653294323532e+03
-3.897684915367933822e-01 -3.283136476529903575e+03
-3.956296718606548968e-01 -3.191133784298600858e+03
-4.014908521845161893e-01 -3.101680778224921141e+03
-4.073520325083779259e-01 -3.014718663478335202e+03
-4.132132128322396625e-01 -2.930187714207646877e+03
-4.190743931561011770e-01 -2.848011434678664955e+03
-4.249355734799624695e-01 -2.768127887207101594e+03
-4.307967538038242061e-01 -2.690464798025939672e+03
-4.366579341276857207e-01 -2.614963295626716899e+03
-4.425191144515472352e-01 -2.541590273777088441e+03
-4.483802947754087498e-01 -2.470274893529536257e+03
-4.542414750992707084e-01 -2.400955317533003381e+03
-4.601026554231317789e-01 -2.333577232134170117e+03
-4.659638357469932934e-01 -2.268071129332538021e+03
-4.718250160708552521e-01 -2.204393433637666021e+03
-4.776861963947167666e-01 -2.142509143929803486e+03
-4.835473767185782812e-01 -2.082363321936495140e+03
-4.894085570424397957e-01 -2.023919817008501468e+03
-4.952697373663013103e-01 -1.967095681968046392e+03
-5.011309176901628248e-01 -1.911865831411655108e+03
-5.069920980140243394e-01 -1.858184288454786383e+03
-5.128532783378858539e-01 -1.806031194594355611e+03
-5.187144586617473685e-01 -1.755329637683274996e+03
-5.245756389856088830e-01 -1.706054655581029238e+03
-5.304368193094708417e-01 -1.658199369534085236e+03
-5.362979996333323562e-01 -1.611723517787338096e+03
-5.421591799571934267e-01 -1.566897316989376122e+03
-5.480203602810553853e-01 -1.522406720316611199e+03
-5.538815406049168999e-01 -1.481976469473272573e+03
-5.597427209287784144e-01 -1.439928211212529277e+03
-5.656039012526399290e-01 -1.399680027512677270e+03
-5.714650815765014435e-01 -1.360493173703720458e+03
-5.773262619003629581e-01 -1.322418919763905933e+03
-5.831874422242244727e-01 -1.285431345860193233e+03
-5.890486225480859872e-01 -1.249525368050652560e+03
-5.949098028719479458e-01 -1.214678439546119080e+03
-6.007709831958090163e-01 -1.180839496796382036e+03
-6.066321635196709749e-01 -1.147951396766250582e+03
-6.124933438435324895e-01 -1.115963048918953291e+03
-6.183545241673940041e-01 -1.084882068110537602e+03
-6.242157044912555186e-01 -1.054713974277478655e+03
-6.300768848151170332e-01 -1.025437484186610845e+03
-6.359380651389785477e-01 -9.970360618370004886e+02
-6.417992454628400623e-01 -9.694774871082693153e+02
-6.476604257867015768e-01 -9.426842305512659550e+02
-6.535216061105635355e-01 -9.166455403248326093e+02
-6.593827864344246059e-01 -8.913466205579534289e+02
-6.652439667582865646e-01 -8.667857252442095159e+02
-6.711051470821480791e-01 -8.429328245360443361e+02
-6.769663274060091496e-01 -8.197869717540088459e+02
-6.828275077298711082e-01 -7.973070636393445056e+02
-6.886886880537326228e-01 -7.754929699729279946e+02
-6.945498683775941373e-01 -7.543284036332124742e+02
-7.004110487014556519e-01 -7.337970507089639796e+02
-7.062722290253171664e-01 -7.138570656403496741e+02
-7.121334093491791251e-01 -6.944990440678525374e+02
-7.179945896730401955e-01 -6.757085577272423507e+02
-7.238557699969017101e-01 -6.574721459103325287e+02
-7.297169503207636687e-01 -6.397846757048982909e+02
-7.355781306446247392e-01 -6.226215500163939396e+02
-7.414393109684866978e-01 -6.059454815674807833e+02
-7.473004912923482124e-01 -5.897491474539860974e+02
-7.531616716162097269e-01 -5.740355223592159746e+02
-7.590228519400712415e-01 -5.588095497628996782e+02
-7.648840322639327560e-01 -5.440362105582971708e+02
-7.707452125877942706e-01 -5.296983325473943296e+02
-7.766063929116557851e-01 -5.158079709683233887e+02
-7.824675732355172997e-01 -5.023405409854217396e+02
-7.883287535593792583e-01 -4.892731560845500098e+02
-7.941899338832403288e-01 -4.766157422177398075e+02
-8.000511142071022874e-01 -4.643882010815623289e+02
-8.059122945309638020e-01 -4.525145363932565488e+02
-8.117734748548253165e-01 -4.409959805325083835e+02
-8.176346551786868311e-01 -4.298487258931031647e+02
-8.234958355025483456e-01 -4.189000282996580609e+02
-8.293570158264098602e-01 -4.082882221820073028e+02
-8.352181961502713747e-01 -3.981389874699334541e+02
-8.410793764741328893e-01 -3.884567350403203818e+02
-8.469405567979948479e-01 -3.788816099083041991e+02
-8.528017371218559184e-01 -3.696636792562494520e+02
-8.586629174457174329e-01 -3.607463535970073281e+02
-8.645240977695793916e-01 -3.521265720029750810e+02
-8.703852780934409061e-01 -3.437891697426002793e+02
-8.762464584173024207e-01 -3.357302738382040843e+02
-8.821076387411639352e-01 -3.279523818632060284e+02
-8.879688190650254498e-01 -3.204180671051672107e+02
-8.938299993888869643e-01 -3.131312290264359035e+02
-8.996911797127484789e-01 -3.061208385398595055e+02
-9.055523600366099934e-01 -2.993512060174753060e+02
-9.114135403604715080e-01 -2.928304503256395037e+02
-9.172747206843330225e-01 -2.865329171686307745e+02
-9.231359010081949812e-01 -2.804812634177606014e+02
-9.289970813320564957e-01 -2.746387235462607350e+02
-9.348582616559175662e-01 -2.690190063751551861e+02
-9.407194419797795248e-01 -2.636086202719479843e+02
-9.465806223036410394e-01 -2.584031880108204859e+02
-9.524418026275025539e-01 -2.533906697683123639e+02
-9.583029829513640685e-01 -2.485837836973041703e+02
-9.641641632752255830e-01 -2.439640744861180792e+02
-9.700253435990870976e-01 -2.395526840792254006e+02
-9.758865239229486122e-01 -2.353538168920313183e+02
-9.817477042468105708e-01 -2.313076013454628992e+02
-9.876088845706720853e-01 -2.274676562557506259e+02
-9.934700648945331558e-01 -2.237933701851779915e+02
-9.993312452183951144e-01 -2.203029912934571257e+02
-1.005192425542256629e+00 -2.169767398114163370e+02
-1.011053605866118144e+00 -2.138103530894595679e+02
-1.016914786189979658e+00 -2.108252158701207009e+02
-1.022775966513841173e+00 -2.080038293484731184e+02
-1.028637146837702687e+00 -2.053562718144185055e+02
-1.034498327161564202e+00 -2.028748850021702310e+02
-1.040359507485425716e+00 -2.005548271294646838e+02
-1.046220687809287675e+00 -1.984027179299046111e+02
-1.052081868133148745e+00 -1.964040056900084892e+02
-1.057943048457010704e+00 -1.945701760114297940e+02
-1.063804228780872219e+00 -1.928959814225490845e+02
-1.069665409104733289e+00 -1.913811994772895559e+02
-1.075526589428595248e+00 -1.900212135644269438e+02
-1.081387769752456762e+00 -1.888322152712025854e+02
-1.087248950076318277e+00 -1.877897910137871804e+02
-1.093110130400179791e+00 -1.869278839360194979e+02
-1.098971310724041306e+00 -1.862275392149058462e+02
-1.104832491047903265e+00 -1.856725256673562399e+02
-1.110693671371764335e+00 -1.854948302635202708e+02
-1.116554851695625850e+00 -1.852375361708000128e+02
-1.122416032019487808e+00 -1.851619374584497564e+02
-1.128277212343348879e+00 -1.852798266042118485e+02
-1.134138392667210837e+00 -1.856008480880773277e+02
-1.139999572991072352e+00 -1.861134005479198095e+02
-1.145860753314933866e+00 -1.868215258856816945e+02
-1.151721933638795381e+00 -1.877250891229396075e+02
-1.157583113962656896e+00 -1.888135560206501395e+02
-1.163444294286518410e+00 -1.901078026623090409e+02
-1.169305474610379925e+00 -1.915997568179082009e+02
-1.175166654934241439e+00 -1.933058302242880018e+02
-1.181027835258103398e+00 -1.952591451547104953e+02
-1.186889015581964468e+00 -1.974188501352982712e+02
-1.192750195905826427e+00 -1.998434565004881733e+02
-1.198611376229687941e+00 -2.025143075655578286e+02
-1.204472556553549456e+00 -2.054504908555245493e+02
-1.210333736877410971e+00 -2.086630779992992757e+02
-1.216194917201272485e+00 -2.121838960593413503e+02
-1.222056097525134000e+00 -2.160000430879572377e+02
-1.227917277848995514e+00 -2.201483079200497741e+02
-1.233778458172857029e+00 -2.246361325230318471e+02
-1.239639638496718987e+00 -2.294846236794492143e+02
-1.245500818820580058e+00 -2.347351422575447941e+02
-1.251361999144441572e+00 -2.403957261706818826e+02
-1.257223179468303531e+00 -2.465056255948893522e+02
-1.263084359792165046e+00 -2.530856015172139450e+02
-1.268945540116026560e+00 -2.601626421052314981e+02
-1.274806720439888075e+00 -2.678060048034276406e+02
-1.280667900763749589e+00 -2.760322705595535808e+02
-1.286529081087611104e+00 -2.848759089350714930e+02
-1.292390261411472618e+00 -2.944106456876288576e+02
-1.298251441735334133e+00 -3.046731586005298595e+02
-1.304112622059195647e+00 -3.157479845431917056e+02
-1.309973802383057162e+00 -3.276938997512352216e+02
-1.315834982706919121e+00 -3.405881820962531492e+02
-1.321696163030780635e+00 -3.545313707815021189e+02
-1.327557343354641706e+00 -3.696254884198224318e+02
-1.333418523678503664e+00 -3.859638653201527632e+02
-1.339279704002365179e+00 -4.037263162753988581e+02
-1.345140884326226693e+00 -4.230280201247551304e+02
-1.351002064650088208e+00 -4.440176823728488671e+02
-1.356863244973949723e+00 -4.669217677148208168e+02
-1.362724425297811237e+00 -4.919531890317321086e+02
-1.368585605621672752e+00 -5.193585840491577983e+02
-1.374446785945534266e+00 -5.494580853451316216e+02
-1.380307966269396225e+00 -5.825879634410375729e+02
-1.386169146593257295e+00 -6.191187084590983432e+02
-1.392030326917119254e+00 -6.595557634739725472e+02
-1.397891507240980769e+00 -7.043576186512473214e+02
-1.403752687564842283e+00 -7.543717202930165513e+02
-1.409613867888703798e+00 -8.102700605268237268e+02
-1.415475048212565312e+00 -8.730310925000558200e+02
-1.421336228536426827e+00 -9.438112410299800104e+02
-1.427197408860288341e+00 -1.023967283553662128e+03
-1.433058589184149856e+00 -1.115238065728808579e+03
-1.438919769508011814e+00 -1.219733260730921756e+03
-1.444780949831872885e+00 -1.340087839920763145e+03
-1.450642130155734844e+00 -1.479645984223332562e+03
-1.456503310479596358e+00 -1.642635371084938015e+03
-1.462364490803457429e+00 -1.834676848813005563e+03
-1.468225671127319387e+00 -2.062833657330173082e+03
-1.474086851451180902e+00 -2.336727240295380398e+03
-1.479948031775042416e+00 -2.669266160768022019e+03
-1.485809212098903931e+00 -3.078176731835646933e+03
-1.491670392422765445e+00 -3.588225815210642395e+03
-1.497531572746627404e+00 -4.235188668426826553e+03
-1.503392753070488475e+00 -5.071356059881771216e+03
-1.509253933394349989e+00 -6.177379508109790549e+03
-1.515115113718211948e+00 -7.674102398839202579e+03
-1.520976294042073018e+00 -9.781681412214034935e+03
-1.526837474365934977e+00 -1.278438643963698087e+04
-1.532698654689796491e+00 -1.756835556588148029e+04
-1.538559835013658006e+00 -2.429219384457510751e+04
-1.544421015337519520e+00 -3.974708813426892448e+04
-1.550282195661381035e+00 -5.079971162541997910e+04
-1.556143375985242550e+00 -1.486118031035822933e+05
-1.562004556309104064e+00 1.127438066123690514e+05
-1.567865736632965579e+00 5.059240973058572272e+05
