1.567865736632965801e+00 4.074274697322845782e+02
1.562004556309104286e+00 3.882420520067215080e+02
1.556143375985242772e+00 3.905283660665035086e+02
1.550282195661381035e+00 3.863425810717582749e+02
1.544421015337519520e+00 3.823493060817241940e+02
1.538559835013658006e+00 3.771852915500163590e+02
1.532698654689796491e+00 3.711851875289917189e+02
1.526837474365934977e+00 3.643252418606281253e+02
1.520976294042073240e+00 3.566823495608329608e+02
1.515115113718211726e+00 3.483180838113307800e+02
1.509253933394350211e+00 3.393042653463839997e+02
1.503392753070488697e+00 3.297145088092327114e+02
1.497531572746627182e+00 3.196246079363346553e+02
1.491670392422765667e+00 3.091108682970047994e+02
1.485809212098903931e+00 2.982491059811591754e+02
1.479948031775042416e+00 2.871136160756111053e+02
1.474086851451180902e+00 2.757762978114128600e+02
1.468225671127319387e+00 2.643058953032016802e+02
1.462364490803457873e+00 2.527673692433357360e+02
1.456503310479596358e+00 2.412213981773853675e+02
1.450642130155734622e+00 2.297240055771827656e+02
1.444780949831873107e+00 2.183263054768562768e+02
1.438919769508011592e+00 2.070743602462768536e+02
1.433058589184150078e+00 1.960091366397381023e+02
1.427197408860288563e+00 1.851665516977786581e+02
1.421336228536426827e+00 1.745775932552814709e+02
1.415475048212565312e+00 1.642685017079830345e+02
1.409613867888703798e+00 1.542610050273895581e+02
1.403752687564842283e+00 1.445725903828144396e+02
1.397891507240980769e+00 1.352168034915447095e+02
1.392030326917119254e+00 1.262035659959315979e+02
1.386169146593257517e+00 1.175395020720005022e+02
1.380307966269396003e+00 1.092282663701534347e+02
1.374446785945534488e+00 1.012708674139022662e+02
1.368585605621672974e+00 9.366598180222511871e+01
1.362724425297811459e+00 8.641025452222824299e+01
1.356863244973949723e+00 7.949858227772710961e+01
1.351002064650088208e+00 7.292437915372848067e+01
1.345140884326226693e+00 6.667982138361929856e+01
1.339279704002365179e+00 6.075607211227416826e+01
1.333418523678503664e+00 5.514348487458229187e+01
1.327557343354642150e+00 4.983178687467574974e+01
1.321696163030780635e+00 4.481024205598831145e+01
1.315834982706918899e+00 4.006779521689414736e+01
1.309973802383057384e+00 3.559319858298301398e+01
1.304112622059195870e+00 3.137512113046646789e+01
1.298251441735334355e+00 2.740224288253784124e+01
1.292390261411472618e+00 2.366333484282493771e+01
1.286529081087611104e+00 2.014732617955207772e+01
1.280667900763749589e+00 1.684335998497009257e+01
1.274806720439888075e+00 1.374083810186386145e+01
1.268945540116026560e+00 1.082945769863128760e+01
1.263084359792165046e+00 8.099239152050019541e+00
1.257223179468303531e+00 5.540547420597077277e+00
1.251361999144441794e+00 3.144106440830230831e+00
1.245500818820580058e+00 9.010091130256651093e-01
1.239639638496718765e+00 -1.197277823638916106e+00
1.233778458172857251e+00 -3.158912051868438375e+00
1.227917277848995514e+00 -4.991677958106994772e+00
1.222056097525134000e+00 -6.702990854549407906e+00
1.216194917201272485e+00 -8.299903806734084455e+00
1.210333736877410971e+00 -9.789116250276565623e+00
1.204472556553549456e+00 -1.117698325042724328e+01
1.198611376229687941e+00 -1.246952684421539459e+01
1.192750195905826427e+00 -1.367244746890068363e+01
1.186889015581964912e+00 -1.479113640346526992e+01
1.181027835258103176e+00 -1.583068807983398507e+01
1.175166654934241661e+00 -1.679591275153159913e+01
1.169305474610380147e+00 -1.769134957981109935e+01
1.163444294286518410e+00 -1.852127913937568238e+01
1.157583113962656896e+00 -1.928973610796928639e+01
1.151721933638795381e+00 -2.000052104725837765e+01
1.145860753314933866e+00 -2.065721604690551771e+01
1.139999572991072352e+00 -2.126319120430946441e+01
1.134138392667210837e+00 -2.182159435381889523e+01
1.128277212343349323e+00 -2.233543177437782035e+01
1.122416032019487586e+00 -2.280750389275550560e+01
1.116554851695626072e+00 -2.324044556527137573e+01
1.110693671371764557e+00 -2.363673507647514427e+01
1.104832491047903043e+00 -2.399870193486214021e+01
1.098971310724041306e+00 -2.432853516497612034e+01
1.093110130400179791e+00 -2.462829171524047567e+01
1.087248950076318277e+00 -2.489990414743423486e+01
1.081387769752456762e+00 -2.514518791556358224e+01
1.075526589428595248e+00 -2.536584820604324264e+01
1.069665409104733733e+00 -2.556348711814880659e+01
1.063804228780872219e+00 -2.573960923738479778e+01
1.057943048457010704e+00 -2.589562764511108384e+01
1.052081868133149190e+00 -2.603286946744917785e+01
1.046220687809287453e+00 -2.615258126850128306e+01
1.040359507485425716e+00 -2.625593379917144787e+01
1.034498327161564202e+00 -2.634402645683288569e+01
1.028637146837702687e+00 -2.641789187827110652e+01
1.022775966513841173e+00 -2.647849987144470418e+01
1.016914786189979658e+00 -2.652676115574836757e+01
1.011053605866118144e+00 -2.656353112854957743e+01
1.005192425542256629e+00 -2.658961304945945869e+01
9.993312452183950034e-01 -2.660576150407791118e+01
9.934700648945334889e-01 -2.661268512067794489e+01
9.876088845706719743e-01 -2.661104921669960177e+01
9.817477042468102377e-01 -2.660147867879868144e+01
9.758865239229486122e-01 -2.658456035375595050e+01
9.700253435990872086e-01 -2.656084550833702096e+01
9.641641632752256941e-01 -2.653085160083770688e+01
9.583029829513641795e-01 -2.649506439061164897e+01
9.524418026275025539e-01 -2.645394005222320644e+01
9.465806223036410394e-01 -2.640790698957443183e+01
9.407194419797793028e-01 -2.635736745953559534e+01
9.348582616559178993e-01 -2.630269878616333301e+01
9.289970813320562737e-01 -2.624425524106025875e+01
9.231359010081946481e-01 -2.618236915197372738e+01
9.172747206843331336e-01 -2.611735256295204266e+01
9.114135403604715080e-01 -2.604949792532920938e+01
9.055523600366101045e-01 -2.597907965316772660e+01
8.996911797127485899e-01 -2.590635515842437542e+01
8.938299993888869643e-01 -2.583156575431823754e+01
8.879688190650253388e-01 -2.575493734703063708e+01
8.821076387411639352e-01 -2.567668185644149759e+01
8.762464584173023097e-01 -2.559699757609367055e+01
8.703852780934407951e-01 -2.551607030987739577e+01
8.645240977695792806e-01 -2.543407412424087966e+01
8.586629174457176550e-01 -2.535117184233665455e+01
8.528017371218561404e-01 -2.526751443009376530e+01
8.469405567979945149e-01 -2.518324552803038685e+01
8.410793764741330003e-01 -2.509849712266922239e+01
8.352181961502712637e-01 -2.501339340224266294e+01
8.293570158264099712e-01 -2.492805000724792563e+01
8.234958355025482346e-01 -2.484257452721595882e+01
8.176346551786867201e-01 -2.475706758422851550e+01
8.117734748548252055e-01 -2.467162264242172398e+01
8.059122945309635799e-01 -2.458632656402587813e+01
8.000511142071021764e-01 -2.450126002292633132e+01
7.941899338832405508e-01 -2.441649800643920898e+01
7.883287535593791473e-01 -2.433211002006530776e+01
7.824675732355174107e-01 -2.424816024503707723e+01
7.766063929116558961e-01 -2.416470792922973487e+01
7.707452125877944926e-01 -2.408180787172317494e+01
7.648840322639327560e-01 -2.399951073799132928e+01
7.590228519400712415e-01 -2.391786280412674159e+01
7.531616716162097269e-01 -2.383690671691894281e+01
7.473004912923481013e-01 -2.375668152379989451e+01
7.414393109684866978e-01 -2.367722261042595377e+01
7.355781306446249612e-01 -2.359856241664886412e+01
7.297169503207634467e-01 -2.352073017044067527e+01
7.238557699969019321e-01 -2.344375242414473703e+01
7.179945896730401955e-01 -2.336765301508903647e+01
7.121334093491787920e-01 -2.329245335907936010e+01
7.062722290253171664e-01 -2.321817236642837656e+01
7.004110487014556519e-01 -2.314482681722640933e+01
6.945498683775940263e-01 -2.307243144245148514e+01
6.886886880537326228e-01 -2.300099884233474512e+01
6.828275077298711082e-01 -2.293053985738754363e+01
6.769663274060093716e-01 -2.286106378893852309e+01
6.711051470821480791e-01 -2.279257810559272812e+01
6.652439667582863425e-01 -2.272508882741928105e+01
6.593827864344249390e-01 -2.265860059061050436e+01
6.535216061105633134e-01 -2.259311677150726183e+01
6.476604257867016878e-01 -2.252863940982818391e+01
6.417992454628401733e-01 -2.246516929159164278e+01
6.359380651389785477e-01 -2.240270616445540952e+01
6.300768848151170332e-01 -2.234124884219169971e+01
6.242157044912556296e-01 -2.228079520306587114e+01
6.183545241673938930e-01 -2.222134209718704412e+01
6.124933438435323785e-01 -2.216288575220108115e+01
6.066321635196707529e-01 -2.210542147960662973e+01
6.007709831958092384e-01 -2.204894400391578557e+01
5.949098028719477238e-01 -2.199344727697372903e+01
5.890486225480862092e-01 -2.193892485666275505e+01
5.831874422242245837e-01 -2.188536962022781651e+01
5.773262619003630691e-01 -2.183277345066070652e+01
5.714650815765015546e-01 -2.178112905349731676e+01
5.656039012526399290e-01 -2.173042672414779730e+01
5.597427209287784144e-01 -2.168065827379226462e+01
5.538815406049168999e-01 -2.163181450862884603e+01
5.480203602810553853e-01 -2.158388535671234010e+01
5.421591799571938708e-01 -2.153686085634231873e+01
5.362979996333319122e-01 -2.149073092417716779e+01
5.304368193094706196e-01 -2.144548499364853100e+01
5.245756389856091051e-01 -2.140111248712539549e+01
5.187144586617475905e-01 -2.135760247979164106e+01
5.128532783378860760e-01 -2.131494386758804538e+01
5.069920980140241173e-01 -2.127312541923522815e+01
5.011309176901628248e-01 -2.123213593182563486e+01
4.952697373663013103e-01 -2.119196397733688286e+01
4.894085570424397957e-01 -2.115259809050559525e+01
4.835473767185782812e-01 -2.111402655277252194e+01
4.776861963947165446e-01 -2.107623792104720906e+01
4.718250160708550300e-01 -2.103922042140960613e+01
4.659638357469937375e-01 -2.100296219015121935e+01
4.601026554231320009e-01 -2.096745139369964406e+01
4.542414750992704864e-01 -2.093267665257453913e+01
4.483802947754087498e-01 -2.089862615661620993e+01
4.425191144515474573e-01 -2.086528824191093179e+01
4.366579341276857207e-01 -2.083265097951889544e+01
4.307967538038242061e-01 -2.080070276951789765e+01
4.249355734799626916e-01 -2.076943210229873671e+01
4.190743931561011770e-01 -2.073882774066924739e+01
4.132132128322396625e-01 -2.070887818098068323e+01
4.073520325083781479e-01 -2.067957202363013991e+01
4.014908521845164113e-01 -2.065089784154892172e+01
3.956296718606548968e-01 -2.062284459695815642e+01
3.897684915367933822e-01 -2.059540107855796620e+01
3.839073112129318677e-01 -2.056855624117851278e+01
3.780461308890703531e-01 -2.054229916615486218e+01
3.721849505652086165e-01 -2.051661911706924712e+01
3.663237702413471020e-01 -2.049150528430938678e+01
3.604625899174855874e-01 -2.046694715518951568e+01
3.546014095936240729e-01 -2.044293421258926458e+01
3.487402292697625583e-01 -2.041945625195502956e+01
3.428790489459008217e-01 -2.039650283789634599e+01
3.370178686220395292e-01 -2.037406400256156758e+01
3.311566882981777926e-01 -2.035212970943451083e+01
3.252955079743162781e-01 -2.033069015450477579e+01
3.194343276504547635e-01 -2.030973556814193515e+01
3.135731473265932490e-01 -2.028925642485618752e+01
3.077119670027317344e-01 -2.026924326434135537e+01
3.018507866788699978e-01 -2.024968808097839457e+01
2.959896063550084833e-01 -2.023057820272445539e+01
2.901284260311469687e-01 -2.021190522594451977e+01
2.842672457072854542e-01 -2.019366419091225140e+01
2.784060653834239396e-01 -2.017584328427314944e+01
2.725448850595622030e-01 -2.015843438973427126e+01
2.666837047357006885e-01 -2.014142913904190380e+01
2.608225244118391739e-01 -2.012481891479492546e+01
2.549613440879776594e-01 -2.010859531402588019e+01
2.491001637641161448e-01 -2.009275036749839671e+01
2.432389834402544082e-01 -2.007727629418373283e+01
2.373778031163928937e-01 -2.006216509947776672e+01
2.315166227925316011e-01 -2.004740899348258765e+01
2.256554424686698646e-01 -2.003300063652992336e+01
2.197942621448083500e-01 -2.001893252868652340e+01
2.139330818209466134e-01 -2.000519705328941100e+01
2.080719014970853209e-01 -1.999178723845481898e+01
2.022107211732238063e-01 -1.997869595770835360e+01
1.963495408493620697e-01 -1.996591627860068741e+01
1.904883605255005552e-01 -1.995344155602455416e+01
1.846271802016388186e-01 -1.994126513810157775e+01
1.787659998777775261e-01 -1.992938022227287931e+01
1.729048195539160115e-01 -1.991778048477172547e+01
1.670436392300542749e-01 -1.990645958323478482e+01
1.611824589061927604e-01 -1.989541134066582018e+01
1.553212785823312458e-01 -1.988462960824966430e+01
1.494600982584697313e-01 -1.987410834612846955e+01
1.435989179346082167e-01 -1.986384178762435582e+01
1.377377376107464801e-01 -1.985382430005073928e+01
1.318765572868849656e-01 -1.984405053038597089e+01
1.260153769630234510e-01 -1.983451467599869034e+01
1.201541966391619365e-01 -1.982521113238334465e+01
1.142930163153004219e-01 -1.981613472084999117e+01
1.084318359914386853e-01 -1.980728040766716447e+01
1.025706556675771708e-01 -1.979864290599823207e+01
9.670947534371565624e-02 -1.979021739692688087e+01
9.084829501985414169e-02 -1.978199906663894225e+01
8.498711469599262713e-02 -1.977398300623893945e+01
7.912593437213089054e-02 -1.976616436014175804e+01
7.326475404826959803e-02 -1.975853883404732159e+01
6.740357372440786143e-02 -1.975110205736160296e+01
6.154239340054634688e-02 -1.974384937052726841e+01
5.568121307668461029e-02 -1.973677636761665255e+01
4.982003275282331778e-02 -1.972987916812896714e+01
4.395885242896180323e-02 -1.972315355978011908e+01
3.809767210510006663e-02 -1.971659538149833679e+01
3.223649178123855208e-02 -1.971020089526176378e+01
2.637531145737703753e-02 -1.970396605143546864e+01
2.051413113351552298e-02 -1.969788691892624044e+01
1.465295080965400842e-02 -1.969196032714843625e+01
8.791770485792271828e-03 -1.968618193988799803e+01
2.930590161930757276e-03 -1.968054891314507060e+01
-2.930590161930757276e-03 -1.967505706768036333e+01
-8.791770485792049783e-03 -1.966970366783142055e+01
-1.465295080965378638e-02 -1.966448520913124298e+01
-2.051413113351552298e-02 -1.965939840097427549e+01
-2.637531145737703753e-02 -1.965444001817703423e+01
-3.223649178123833003e-02 -1.964960700516700598e+01
-3.809767210510006663e-02 -1.964489634032249654e+01
-4.395885242896180323e-02 -1.964030508961677768e+01
-4.982003275282309573e-02 -1.963583044352531459e+01
-5.568121307668461029e-02 -1.963146949543953212e+01
-6.154239340054634688e-02 -1.962721949267387345e+01
-6.740357372440763939e-02 -1.962307762999534688e+01
-7.326475404826937599e-02 -1.961904135179520026e+01
-7.912593437213089054e-02 -1.961510812697410699e+01
-8.498711469599262713e-02 -1.961127543797493544e+01
-9.084829501985391964e-02 -1.960754073381423623e+01
-9.670947534371565624e-02 -1.960390166501998976e+01
-1.025706556675771708e-01 -1.960035580821037726e+01
-1.084318359914386853e-01 -1.959690090084076175e+01
-1.142930163153001999e-01 -1.959353472690582620e+01
-1.201541966391619365e-01 -1.959025522470474101e+01
-1.260153769630232290e-01 -1.958706012897491178e+01
-1.318765572868849656e-01 -1.958394738655090350e+01
-1.377377376107464801e-01 -1.958091482014656393e+01
-1.435989179346082167e-01 -1.957796045928001050e+01
-1.494600982584695092e-01 -1.957508242540359689e+01
-1.553212785823312458e-01 -1.957227885103225873e+01
-1.611824589061927604e-01 -1.956954780421257212e+01
-1.670436392300540529e-01 -1.956688760309219433e+01
-1.729048195539157895e-01 -1.956429631829261950e+01
-1.787659998777775261e-01 -1.956177236380577966e+01
-1.846271802016390406e-01 -1.955931403245925893e+01
-1.904883605255003332e-01 -1.955691957492828337e+01
-1.963495408493620697e-01 -1.955458741087913310e+01
-2.022107211732238063e-01 -1.955231600236892220e+01
-2.080719014970850989e-01 -1.955010385055541988e+01
-2.139330818209466134e-01 -1.954794943642616190e+01
-2.197942621448083500e-01 -1.954585131859779423e+01
-2.256554424686696425e-01 -1.954380810770988219e+01
-2.315166227925313791e-01 -1.954181830859184288e+01
-2.373778031163928937e-01 -1.953988060808181615e+01
-2.432389834402546303e-01 -1.953799354729652293e+01
-2.491001637641159228e-01 -1.953615596418380562e+01
-2.549613440879776594e-01 -1.953436632652282867e+01
-2.608225244118391739e-01 -1.953262402205467652e+01
-2.666837047357004664e-01 -1.953092300281524984e+01
-2.725448850595622030e-01 -1.952927410016059895e+01
-2.784060653834239396e-01 -1.952766778392791736e+01
-2.842672457072852321e-01 -1.952610186271667558e+01
-2.901284260311469687e-01 -1.952457740550041265e+01
-2.959896063550084833e-01 -1.952309294447898580e+01
-3.018507866788702199e-01 -1.952164771203994675e+01
-3.077119670027315124e-01 -1.952024066410064407e+01
-3.135731473265932490e-01 -1.951887081055641104e+01
-3.194343276504547635e-01 -1.951753725252151384e+01
-3.252955079743160560e-01 -1.951623904652595698e+01
-3.311566882981777926e-01 -1.951497520580291933e+01
-3.370178686220395292e-01 -1.951374492578506548e+01
-3.428790489459008217e-01 -1.951254735012054553e+01
-3.487402292697623363e-01 -1.951138156967162729e+01
-3.546014095936240729e-01 -1.951024675159454347e+01
-3.604625899174858095e-01 -1.950914211864471071e+01
-3.663237702413471020e-01 -1.950806690273284616e+01
-3.721849505652086165e-01 -1.950702030048370617e+01
-3.780461308890703531e-01 -1.950600159378051757e+01
-3.839073112129316456e-01 -1.950501004199981736e+01
-3.897684915367933822e-01 -1.950404496417045408e+01
-3.956296718606548968e-01 -1.950310570607184957e+01
-4.014908521845161893e-01 -1.950219153380394133e+01
-4.073520325083779259e-01 -1.950130180163383287e+01
-4.132132128322396625e-01 -1.950043590750694378e+01
-4.190743931561011770e-01 -1.949959322276115259e+01
-4.249355734799626916e-01 -1.949877304320335369e+01
-4.307967538038242061e-01 -1.949797483067512616e+01
-4.366579341276857207e-01 -1.949719803438186361e+01
-4.425191144515472352e-01 -1.949644205269813568e+01
-4.483802947754087498e-01 -1.949570653338432535e+01
-4.542414750992707084e-01 -1.949499073033333119e+01
-4.601026554231317789e-01 -1.949429411091805164e+01
-4.659638357469932934e-01 -1.949361619963645964e+01
-4.718250160708552521e-01 -1.949295645866394011e+01
-4.776861963947167666e-01 -1.949231449708938513e+01
-4.835473767185782812e-01 -1.949168995571136520e+01
-4.894085570424397957e-01 -1.949108223886489455e+01
-4.952697373663013103e-01 -1.949049087963103943e+01
-5.011309176901628248e-01 -1.948991539416313046e+01
-5.069920980140243394e-01 -1.948935553803443810e+01
-5.128532783378858539e-01 -1.948881089777946585e+01
-5.187144586617473685e-01 -1.948828092470168727e+01
-5.245756389856088830e-01 -1.948776531229018971e+01
-5.304368193094708417e-01 -1.948726361842155441e+01
-5.362979996333323562e-01 -1.948677539982795892e+01
-5.421591799571934267e-01 -1.948630084552765140e+01
-5.480203602810553853e-01 -1.948583802137374832e+01
-5.538815406049168999e-01 -1.948538843364715589e+01
-5.597427209287784144e-01 -1.948495101113319450e+01
-5.656039012526399290e-01 -1.948452543168068019e+01
-5.714650815765014435e-01 -1.948411128873825149e+01
-5.773262619003629581e-01 -1.948370848507881092e+01
-5.831874422242244727e-01 -1.948331684937477348e+01
-5.890486225480859872e-01 -1.948293583893775960e+01
-5.949098028719479458e-01 -1.948256515569686798e+01
-6.007709831958090163e-01 -1.948220454053878825e+01
-6.066321635196709749e-01 -1.948185385012626725e+01
-6.124933438435324895e-01 -1.948151270999908746e+01
-6.183545241673940041e-01 -1.948118070921897882e+01
-6.242157044912555186e-01 -1.948085762791633613e+01
-6.300768848151170332e-01 -1.948054334444999824e+01
-6.359380651389785477e-01 -1.948023754129409468e+01
-6.417992454628400623e-01 -1.947994016380310001e+01
-6.476604257867015768e-01 -1.947965096926689199e+01
-6.535216061105635355e-01 -1.947936975030899021e+01
-6.593827864344246059e-01 -1.947909610595703711e+01
-6.652439667582865646e-01 -1.947882997040748521e+01
-6.711051470821480791e-01 -1.947857100629806482e+01
-6.769663274060091496e-01 -1.947831906738281305e+01
-6.828275077298711082e-01 -1.947807405986786122e+01
-6.886886880537326228e-01 -1.947783573503494381e+01
-6.945498683775941373e-01 -1.947760400948524762e+01
-7.004110487014556519e-01 -1.947737871160506984e+01
-7.062722290253171664e-01 -1.947715940699577075e+01
-7.121334093491791251e-01 -1.947694602394103924e+01
-7.179945896730401955e-01 -1.947673847718239060e+01
-7.238557699969017101e-01 -1.947653674821853542e+01
-7.297169503207636687e-01 -1.947634048070907653e+01
-7.355781306446247392e-01 -1.947614964675903337e+01
-7.414393109684866978e-01 -1.947596402511596736e+01
-7.473004912923482124e-01 -1.947578336338996863e+01
-7.531616716162097269e-01 -1.947560767412185712e+01
-7.590228519400712415e-01 -1.947543680515289566e+01
-7.648840322639327560e-01 -1.947527058920860199e+01
-7.707452125877942706e-01 -1.947510889878273233e+01
-7.766063929116557851e-01 -1.947495154461860523e+01
-7.824675732355172997e-01 -1.947479857120513813e+01
-7.883287535593792583e-01 -1.947464978370666699e+01
-7.941899338832403288e-01 -1.947450521678924673e+01
-8.000511142071022874e-01 -1.947436455898284891e+01
-8.059122945309638020e-01 -1.947422773032187848e+01
-8.117734748548253165e-01 -1.947409441995620938e+01
-8.176346551786868311e-01 -1.947396474733352889e+01
-8.234958355025483456e-01 -1.947383721675872792e+01
-8.293570158264098602e-01 -1.947371444153786157e+01
-8.352181961502713747e-01 -1.947359185228347656e+01
-8.410793764741328893e-01 -1.947347611598968342e+01
-8.469405567979948479e-01 -1.947336357126235740e+01
-8.528017371218559184e-01 -1.947325384583473351e+01
-8.586629174457174329e-01 -1.947314696874618534e+01
-8.645240977695793916e-01 -1.947304296746254337e+01
-8.703852780934409061e-01 -1.947294170322418339e+01
-8.762464584173024207e-01 -1.947284315662383847e+01
-8.821076387411639352e-01 -1.947274714527129902e+01
-8.879688190650254498e-01 -1.947265357975959787e+01
-8.938299993888869643e-01 -1.947256262063979904e+01
-8.996911797127484789e-01 -1.947247423839569080e+01
-9.055523600366099934e-01 -1.947238815126419098e+01
-9.114135403604715080e-01 -1.947230415916443036e+01
-9.172747206843330225e-01 -1.947222238092422586e+01
-9.231359010081949812e-01 -1.947214278712272773e+01
-9.289970813320564957e-01 -1.947206531853676026e+01
-9.348582616559175662e-01 -1.947198984804153454e+01
-9.407194419797795248e-01 -1.947191637821197574e+01
-9.465806223036410394e-01 -1.947184480638503956e+01
-9.524418026275025539e-01 -1.947177507624626003e+01
-9.583029829513640685e-01 -1.947170704345703030e+01
-9.641641632752255830e-01 -1.947164073448180943e+01
-9.700253435990870976e-01 -1.947157613792419539e+01
-9.758865239229486122e-01 -1.947151313037872455e+01
-9.817477042468105708e-01 -1.947145160794257990e+01
-9.876088845706720853e-01 -1.947139167914390256e+01
-9.934700648945331558e-01 -1.947133331217765928e+01
-9.993312452183951144e-01 -1.947127631263732894e+01
-1.005192425542256629e+00 -1.947122070641517766e+01
-1.011053605866118144e+00 -1.947116647558212321e+01
-1.016914786189979658e+00 -1.947111357741355775e+01
-1.022775966513841173e+00 -1.947106190948486315e+01
-1.028637146837702687e+00 -1.947101143498421294e+01
-1.034498327161564202e+00 -1.947096206965446541e+01
-1.040359507485425716e+00 -1.947091380815506056e+01
-1.046220687809287675e+00 -1.947086663503646875e+01
-1.052081868133148745e+00 -1.947082053985595707e+01
-1.057943048457010704e+00 -1.947077546100616274e+01
-1.063804228780872219e+00 -1.947073141646385253e+01
-1.069665409104733289e+00 -1.947068835310935953e+01
-1.075526589428595248e+00 -1.947064625744819466e+01
-1.081387769752456762e+00 -1.947060496273040897e+01
-1.087248950076318277e+00 -1.947056441636085466e+01
-1.093110130400179791e+00 -1.947052462615966917e+01
-1.098971310724041306e+00 -1.947048550753593332e+01
-1.104832491047903265e+00 -1.947044673166274720e+01
-1.110693671371764335e+00 -1.947040901994705209e+01
-1.116554851695625850e+00 -1.947037129535675248e+01
-1.122416032019487808e+00 -1.947033200564384714e+01
-1.128277212343348879e+00 -1.947029509711265405e+01
-1.134138392667210837e+00 -1.947025884180068900e+01
-1.139999572991072352e+00 -1.947022308855056849e+01
-1.145860753314933866e+00 -1.947018777122497823e+01
-1.151721933638795381e+00 -1.947015282788276735e+01
-1.157583113962656896e+00 -1.947011819586753845e+01
-1.163444294286518410e+00 -1.947008390626906760e+01
-1.169305474610379925e+00 -1.947004987225532702e+01
-1.175166654934241439e+00 -1.947001599903106595e+01
-1.181027835258103398e+00 -1.946998236384391845e+01
-1.186889015581964468e+00 -1.946994878916740390e+01
-1.192750195905826427e+00 -1.946991530990601049e+01
-1.198611376229687941e+00 -1.946988187875747656e+01
-1.204472556553549456e+00 -1.946984835672378011e+01
-1.210333736877410971e+00 -1.946981466627120838e+01
-1.216194917201272485e+00 -1.946978078937530654e+01
-1.222056097525134000e+00 -1.946974660911560306e+01
-1.227917277848995514e+00 -1.946971225094795344e+01
-1.233778458172857029e+00 -1.946967760882377618e+01
-1.239639638496718987e+00 -1.946964256801605231e+01
-1.245500818820580058e+00 -1.946960697002410967e+01
-1.251361999144441572e+00 -1.946957067642211925e+01
-1.257223179468303531e+00 -1.946953366541862707e+01
-1.263084359792165046e+00 -1.946949596338271959e+01
-1.268945540116026560e+00 -1.946945744976997617e+01
-1.274806720439888075e+00 -1.946941787581443606e+01
-1.280667900763749589e+00 -1.946937723116874253e+01
-1.286529081087611104e+00 -1.946933524789810477e+01
-1.292390261411472618e+00 -1.946929174757003622e+01
-1.298251441735334133e+00 -1.946924682621955327e+01
-1.304112622059195647e+00 -1.946920024881362821e+01
-1.309973802383057162e+00 -1.946915171675681933e+01
-1.315834982706919121e+00 -1.946910112318992958e+01
-1.321696163030780635e+00 -1.946904820761680455e+01
-1.327557343354641706e+00 -1.946899249563217182e+01
-1.333418523678503664e+00 -1.946893245835304498e+01
-1.339279704002365179e+00 -1.946886736006736740e+01
-1.345140884326226693e+00 -1.946879830946922496e+01
-1.351002064650088208e+00 -1.946872756676673788e+01
-1.356863244973949723e+00 -1.946865554428100253e+01
-1.362724425297811237e+00 -1.946857755327224737e+01
-1.368585605621672752e+00 -1.946849209132194147e+01
-1.374446785945534266e+00 -1.946839957857131509e+01
-1.380307966269396225e+00 -1.946829943170547494e+01
-1.386169146593257295e+00 -1.946819087977409524e+01
-1.392030326917119254e+00 -1.946807205166816601e+01
-1.397891507240980769e+00 -1.946794242506026862e+01
-1.403752687564842283e+00 -1.946779948663711934e+01
-1.409613867888703798e+00 -1.946764212660789894e+01
-1.415475048212565312e+00 -1.946746731405258046e+01
-1.421336228536426827e+00 -1.946727249951362992e+01
-1.427197408860288341e+00 -1.946705410676002046e+01
-1.433058589184149856e+00 -1.946680819439887955e+01
-1.438919769508011814e+00 -1.946652960171699576e+01
-1.444780949831872885e+00 -1.946621175937652737e+01
-1.450642130155734844e+00 -1.946584674420356720e+01
-1.456503310479596358e+00 -1.946542436766624817e+01
-1.462364490803457429e+00 -1.946493173680305233e+01
-1.468225671127319387e+00 -1.946435194239616351e+01
-1.474086851451180902e+00 -1.946366239767074546e+01
-1.479948031775042416e+00 -1.946283352465629335e+01
-1.485809212098903931e+00 -1.946182428932189978e+01
-1.491670392422765445e+00 -1.946057846145630066e+01
-1.497531572746627404e+00 -1.945901363568306408e+01
-1.503392753070488475e+00 -1.945701603941917313e+01
-1.509253933394349989e+00 -1.945438786158561584e+01
-1.515115113718211948e+00 -1.945091898660659879e+01
-1.520976294042073018e+00 -1.944586585936546186e+01
-1.526837474365934977e+00 -1.943953294320106551e+01
-1.532698654689796491e+00 -1.942602155098914807e+01
-1.538559835013658006e+00 -1.942003959159850979e+01
-1.544421015337519520e+00 -1.934190780696868828e+01
-1.550282195661381035e+00 -1.947838228840828023e+01
-1.556143375985242550e+00 -1.842414299736022798e+01
-1.562004556309104064e+00 -2.282331750278472882e+01
-1.567865736632965579e+00 -4.670939281225205519e+00
