1.567865736632965801e+00 9.555570868455966949e+09
1.562004556309104286e+00 9.556338285164989471e+09
1.556143375985242772e+00 9.556246832602598190e+09
1.550282195661381035e+00 9.556414264002388000e+09
1.544421015337519520e+00 9.556573995001989365e+09
1.538559835013658006e+00 9.556780555583257675e+09
1.532698654689796491e+00 9.557020559744098663e+09
1.526837474365934977e+00 9.557294957570833206e+09
1.520976294042073240e+00 9.557600673262825012e+09
1.515115113718211726e+00 9.557935243892805099e+09
1.509253933394350211e+00 9.558295796631402969e+09
1.503392753070488697e+00 9.558679386892889023e+09
1.497531572746627182e+00 9.559082982927804947e+09
1.491670392422765667e+00 9.559503532513378143e+09
1.485809212098903931e+00 9.559938003006011963e+09
1.479948031775042416e+00 9.560383422602233887e+09
1.474086851451180902e+00 9.560836915332801819e+09
1.468225671127319387e+00 9.561295731433130264e+09
1.462364490803457873e+00 9.561757272475524902e+09
1.456503310479596358e+00 9.562219111318162918e+09
1.450642130155734622e+00 9.562679007022171021e+09
1.444780949831873107e+00 9.563134915026184082e+09
1.438919769508011592e+00 9.563584992835407257e+09
1.433058589184150078e+00 9.564027601779668808e+09
1.427197408860288563e+00 9.564461305177347183e+09
1.421336228536426827e+00 9.564884863515047073e+09
1.415475048212565312e+00 9.565297227176939011e+09
1.409613867888703798e+00 9.565697527044162750e+09
1.403752687564842283e+00 9.566085063629945755e+09
1.397891507240980769e+00 9.566459295105596542e+09
1.392030326917119254e+00 9.566819824605421066e+09
1.386169146593257517e+00 9.567166387162378311e+09
1.380307966269396003e+00 9.567498836590452194e+09
1.374446785945534488e+00 9.567817132548702240e+09
1.368585605621672974e+00 9.568121327973169327e+09
1.362724425297811459e+00 9.568411557064369202e+09
1.356863244973949723e+00 9.568688023954149246e+09
1.351002064650088208e+00 9.568950992079109192e+09
1.345140884326226693e+00 9.569200774389913559e+09
1.339279704002365179e+00 9.569437724360767365e+09
1.333418523678503664e+00 9.569662227850275040e+09
1.327557343354642150e+00 9.569874695770271301e+09
1.321696163030780635e+00 9.570075557563018799e+09
1.315834982706918899e+00 9.570265255436582565e+09
1.309973802383057384e+00 9.570444239301939011e+09
1.304112622059195870e+00 9.570612962400039673e+09
1.298251441735334355e+00 9.570771877529956818e+09
1.292390261411472618e+00 9.570921433851545334e+09
1.286529081087611104e+00 9.571062074198076248e+09
1.280667900763749589e+00 9.571194232845859528e+09
1.274806720439888075e+00 9.571318333721183777e+09
1.268945540116026560e+00 9.571434788937313080e+09
1.263084359792165046e+00 9.571543997679176331e+09
1.257223179468303531e+00 9.571646345348434448e+09
1.251361999144441794e+00 9.571742202987625122e+09
1.245500818820580058e+00 9.571831926880737305e+09
1.239639638496718765e+00 9.571915858358203888e+09
1.233778458172857251e+00 9.571994323727333069e+09
1.227917277848995514e+00 9.572067634363582611e+09
1.222056097525134000e+00 9.572136086879440308e+09
1.216194917201272485e+00 9.572199963397527695e+09
1.210333736877410971e+00 9.572259531895269394e+09
1.204472556553549456e+00 9.572315046575275421e+09
1.198611376229687941e+00 9.572366748319026947e+09
1.192750195905826427e+00 9.572414865144014359e+09
1.186889015581964912e+00 9.572459612701396942e+09
1.181027835258103176e+00 9.572501194768451691e+09
1.175166654934241661e+00 9.572539803755319595e+09
1.169305474610380147e+00 9.572575621228450775e+09
1.163444294286518410e+00 9.572608818410833359e+09
1.157583113962656896e+00 9.572639556689577103e+09
1.151721933638795381e+00 9.572667988087148666e+09
1.145860753314933866e+00 9.572694255887134552e+09
1.139999572991072352e+00 9.572718494893430710e+09
1.134138392667210837e+00 9.572740831019411087e+09
1.128277212343349323e+00 9.572761384516233444e+09
1.122416032019487586e+00 9.572780267400968552e+09
1.116554851695626072e+00 9.572797585067869186e+09
1.110693671371764557e+00 9.572813436648317337e+09
1.104832491047903043e+00 9.572827915322652817e+09
1.098971310724041306e+00 9.572841108651857376e+09
1.093110130400179791e+00 9.572853098913867950e+09
1.087248950076318277e+00 9.572863963411155701e+09
1.081387769752456762e+00 9.572873774761880875e+09
1.075526589428595248e+00 9.572882601173500061e+09
1.069665409104733733e+00 9.572890506729984283e+09
1.063804228780872219e+00 9.572897551614753723e+09
1.057943048457010704e+00 9.572903792351062775e+09
1.052081868133149190e+00 9.572909282023956299e+09
1.046220687809287453e+00 9.572914070495998383e+09
1.040359507485425716e+00 9.572918204597225189e+09
1.034498327161564202e+00 9.572921728303531647e+09
1.028637146837702687e+00 9.572924682920389175e+09
1.022775966513841173e+00 9.572927107240116119e+09
1.016914786189979658e+00 9.572929037691488266e+09
1.011053605866118144e+00 9.572930508490400314e+09
1.005192425542256629e+00 9.572931551767236710e+09
9.993312452183950034e-01 9.572932197705421448e+09
9.934700648945334889e-01 9.572932474650085449e+09
9.876088845706719743e-01 9.572932409213926315e+09
9.817477042468102377e-01 9.572932026392410278e+09
9.758865239229486122e-01 9.572931349659408569e+09
9.700253435990872086e-01 9.572930401065591812e+09
9.641641632752256941e-01 9.572929201309291840e+09
9.583029829513641795e-01 9.572927769820882797e+09
9.524418026275025539e-01 9.572926124847347260e+09
9.465806223036410394e-01 9.572924283524841309e+09
9.407194419797793028e-01 9.572922261943639755e+09
9.348582616559178993e-01 9.572920075196704865e+09
9.289970813320562737e-01 9.572917737454900742e+09
9.231359010081946481e-01 9.572915262011337280e+09
9.172747206843331336e-01 9.572912661347776413e+09
9.114135403604715080e-01 9.572909947162271500e+09
9.055523600366101045e-01 9.572907130431385040e+09
8.996911797127485899e-01 9.572904221451595306e+09
8.938299993888869643e-01 9.572901229875431061e+09
8.879688190650253388e-01 9.572898164739139557e+09
8.821076387411639352e-01 9.572895034519515991e+09
8.762464584173023097e-01 9.572891847148302078e+09
8.703852780934407951e-01 9.572888610057653427e+09
8.645240977695792806e-01 9.572885330210227966e+09
8.586629174457176550e-01 9.572882014118951797e+09
8.528017371218561404e-01 9.572878667822462082e+09
8.469405567979945149e-01 9.572875297066379547e+09
8.410793764741330003e-01 9.572871907130165100e+09
8.352181961502712637e-01 9.572868502981348038e+09
8.293570158264099712e-01 9.572865089245548248e+09
8.234958355025482346e-01 9.572861670226346970e+09
8.176346551786867201e-01 9.572858249948627472e+09
8.117734748548252055e-01 9.572854832150955200e+09
8.059122945309635799e-01 9.572851420307819366e+09
8.000511142071021764e-01 9.572848017646175385e+09
7.941899338832405508e-01 9.572844627165515900e+09
7.883287535593791473e-01 9.572841251646060944e+09
7.824675732355174107e-01 9.572837893655059814e+09
7.766063929116558961e-01 9.572834555562427521e+09
7.707452125877944926e-01 9.572831239560127258e+09
7.648840322639327560e-01 9.572827947674777985e+09
7.590228519400712415e-01 9.572824681757423401e+09
7.531616716162097269e-01 9.572821443513935089e+09
7.473004912923481013e-01 9.572818234506210327e+09
7.414393109684866978e-01 9.572815056149675369e+09
7.355781306446249612e-01 9.572811909741924286e+09
7.297169503207634467e-01 9.572808796452075958e+09
7.238557699969019321e-01 9.572805717342224121e+09
7.179945896730401955e-01 9.572802673365861893e+09
7.121334093491787920e-01 9.572799665379621506e+09
7.062722290253171664e-01 9.572796694139915466e+09
7.004110487014556519e-01 9.572793760317947388e+09
6.945498683775940263e-01 9.572790864502956390e+09
6.886886880537326228e-01 9.572788007198951721e+09
6.828275077298711082e-01 9.572785188839553833e+09
6.769663274060093716e-01 9.572782409796815872e+09
6.711051470821480791e-01 9.572779670369482040e+09
6.652439667582863425e-01 9.572776970798355103e+09
6.593827864344249390e-01 9.572774311268882751e+09
6.535216061105633134e-01 9.572771691916118622e+09
6.476604257867016878e-01 9.572769112821651459e+09
6.417992454628401733e-01 9.572766574016921997e+09
6.359380651389785477e-01 9.572764075491836548e+09
6.300768848151170332e-01 9.572761617198945999e+09
6.242157044912556296e-01 9.572759199053380966e+09
6.183545241673938930e-01 9.572756820929145813e+09
6.124933438435323785e-01 9.572754482675346375e+09
6.066321635196707529e-01 9.572752184104442596e+09
6.007709831958092384e-01 9.572749925005414963e+09
5.949098028719477238e-01 9.572747705136337280e+09
5.890486225480862092e-01 9.572745524239524841e+09
5.831874422242245837e-01 9.572743382030067444e+09
5.773262619003630691e-01 9.572741278183284760e+09
5.714650815765015546e-01 9.572739212407398224e+09
5.656039012526399290e-01 9.572737184314224243e+09
5.597427209287784144e-01 9.572735193576210022e+09
5.538815406049168999e-01 9.572733239825603485e+09
5.480203602810553853e-01 9.572731322659526825e+09
5.421591799571938708e-01 9.572729441679512024e+09
5.362979996333319122e-01 9.572727596482225418e+09
5.304368193094706196e-01 9.572725786645004272e+09
5.245756389856091051e-01 9.572724011744743347e+09
5.187144586617475905e-01 9.572722271344449997e+09
5.128532783378860760e-01 9.572720564999961853e+09
5.069920980140241173e-01 9.572718892262027740e+09
5.011309176901628248e-01 9.572717252682531357e+09
4.952697373663013103e-01 9.572715645804351807e+09
4.894085570424397957e-01 9.572714071168878555e+09
4.835473767185782812e-01 9.572712528307369232e+09
4.776861963947165446e-01 9.572711016762100220e+09
4.718250160708550300e-01 9.572709536062114716e+09
4.659638357469937375e-01 9.572708085732864380e+09
4.601026554231320009e-01 9.572706665301006317e+09
4.542414750992704864e-01 9.572705274311361313e+09
4.483802947754087498e-01 9.572703912291522980e+09
4.425191144515474573e-01 9.572702578774934769e+09
4.366579341276857207e-01 9.572701273284439087e+09
4.307967538038242061e-01 9.572699995356039047e+09
4.249355734799626916e-01 9.572698744529350281e+09
4.190743931561011770e-01 9.572697520354885101e+09
4.132132128322396625e-01 9.572696322372497559e+09
4.073520325083781479e-01 9.572695150126203537e+09
4.014908521845164113e-01 9.572694003158920288e+09
3.956296718606548968e-01 9.572692881029136658e+09
3.897684915367933822e-01 9.572691783288400650e+09
3.839073112129318677e-01 9.572690709494905472e+09
3.780461308890703531e-01 9.572689659211904526e+09
3.721849505652086165e-01 9.572688632009941101e+09
3.663237702413471020e-01 9.572687627456630707e+09
3.604625899174855874e-01 9.572686645131465912e+09
3.546014095936240729e-01 9.572685684613761902e+09
3.487402292697625583e-01 9.572684745495336533e+09
3.428790489459008217e-01 9.572683827358774185e+09
3.370178686220395292e-01 9.572682929805360794e+09
3.311566882981777926e-01 9.572682052433635712e+09
3.252955079743162781e-01 9.572681194851438522e+09
3.194343276504547635e-01 9.572680356667984009e+09
3.135731473265932490e-01 9.572679537502252579e+09
3.077119670027317344e-01 9.572678736975831985e+09
3.018507866788699978e-01 9.572677954768497467e+09
2.959896063550084833e-01 9.572677190373367310e+09
2.901284260311469687e-01 9.572676443454296112e+09
2.842672457072854542e-01 9.572675713812894821e+09
2.784060653834239396e-01 9.572675000976629257e+09
2.725448850595622030e-01 9.572674304620847702e+09
2.666837047357006885e-01 9.572673624410820007e+09
2.608225244118391739e-01 9.572672960001850128e+09
2.549613440879776594e-01 9.572672311057819366e+09
2.491001637641161448e-01 9.572671677259958267e+09
2.432389834402544082e-01 9.572671058297025681e+09
2.373778031163928937e-01 9.572670453849237442e+09
2.315166227925316011e-01 9.572669863604997635e+09
2.256554424686698646e-01 9.572669287270719528e+09
2.197942621448083500e-01 9.572668724546405792e+09
2.139330818209466134e-01 9.572668175127389908e+09
2.080719014970853209e-01 9.572667638734796524e+09
2.022107211732238063e-01 9.572667115083566666e+09
1.963495408493620697e-01 9.572666603896402359e+09
1.904883605255005552e-01 9.572666104907499313e+09
1.846271802016388186e-01 9.572665617850782394e+09
1.787659998777775261e-01 9.572665142454149246e+09
1.729048195539160115e-01 9.572664678464649200e+09
1.670436392300542749e-01 9.572664225628587723e+09
1.611824589061927604e-01 9.572663783698884964e+09
1.553212785823312458e-01 9.572663352429588318e+09
1.494600982584697313e-01 9.572662931579103470e+09
1.435989179346082167e-01 9.572662520916763306e+09
1.377377376107464801e-01 9.572662120217260361e+09
1.318765572868849656e-01 9.572661729266473770e+09
1.260153769630234510e-01 9.572661347832298279e+09
1.201541966391619365e-01 9.572660975690553665e+09
1.142930163153004219e-01 9.572660612634092331e+09
1.084318359914386853e-01 9.572660258461565018e+09
1.025706556675771708e-01 9.572659912961498260e+09
9.670947534371565624e-02 9.572659575941135406e+09
9.084829501985414169e-02 9.572659247207923889e+09
8.498711469599262713e-02 9.572658926565507889e+09
7.912593437213089054e-02 9.572658613819664001e+09
7.326475404826959803e-02 9.572658308798620224e+09
6.740357372440786143e-02 9.572658011327552795e+09
6.154239340054634688e-02 9.572657721220079422e+09
5.568121307668461029e-02 9.572657438299962997e+09
4.982003275282331778e-02 9.572657162411983490e+09
4.395885242896180323e-02 9.572656893387649536e+09
3.809767210510006663e-02 9.572656631060518265e+09
3.223649178123855208e-02 9.572656375281068802e+09
2.637531145737703753e-02 9.572656125887315750e+09
2.051413113351552298e-02 9.572655882722015381e+09
1.465295080965400842e-02 9.572655645658344269e+09
8.791770485792271828e-03 9.572655414522853851e+09
2.930590161930757276e-03 9.572655189201784134e+09
-2.930590161930757276e-03 9.572654969527965546e+09
-8.791770485792049783e-03 9.572654755391971588e+09
-1.465295080965378638e-02 9.572654546653623581e+09
-2.051413113351552298e-02 9.572654343181297302e+09
-2.637531145737703753e-02 9.572654144845985413e+09
-3.223649178123833003e-02 9.572653951525465012e+09
-3.809767210510006663e-02 9.572653763098871231e+09
-4.395885242896180323e-02 9.572653579448843002e+09
-4.982003275282309573e-02 9.572653400462999344e+09
-5.568121307668461029e-02 9.572653226025075912e+09
-6.154239340054634688e-02 9.572653056024965286e+09
-6.740357372440763939e-02 9.572652890350458145e+09
-7.326475404826937599e-02 9.572652728899330139e+09
-7.912593437213089054e-02 9.572652571570337296e+09
-8.498711469599262713e-02 9.572652418262777328e+09
-9.084829501985391964e-02 9.572652268874610901e+09
-9.670947534371565624e-02 9.572652123311859131e+09
-1.025706556675771708e-01 9.572651981477586746e+09
-1.084318359914386853e-01 9.572651843281291962e+09
-1.142930163153001999e-01 9.572651708634334564e+09
-1.201541966391619365e-01 9.572651577454246521e+09
-1.260153769630232290e-01 9.572651449650417328e+09
-1.318765572868849656e-01 9.572651325140720367e+09
-1.377377376107464801e-01 9.572651203838064194e+09
-1.435989179346082167e-01 9.572651085663629532e+09
-1.494600982584695092e-01 9.572650970542274475e+09
-1.553212785823312458e-01 9.572650858399299622e+09
-1.611824589061927604e-01 9.572650749157426834e+09
-1.670436392300540529e-01 9.572650642749382019e+09
-1.729048195539157895e-01 9.572650539097990036e+09
-1.787659998777775261e-01 9.572650438139810562e+09
-1.846271802016390406e-01 9.572650339806556702e+09
-1.904883605255003332e-01 9.572650244028255463e+09
-1.963495408493620697e-01 9.572650150741693497e+09
-2.022107211732238063e-01 9.572650059885353088e+09
-2.080719014970850989e-01 9.572649971399280548e+09
-2.139330818209466134e-01 9.572649885222715378e+09
-2.197942621448083500e-01 9.572649801298002243e+09
-2.256554424686696425e-01 9.572649719569566727e+09
-2.315166227925313791e-01 9.572649639977602005e+09
-2.373778031163928937e-01 9.572649562469581604e+09
-2.432389834402546303e-01 9.572649486987150192e+09
-2.491001637641159228e-01 9.572649413483825684e+09
-2.549613440879776594e-01 9.572649341898319244e+09
-2.608225244118391739e-01 9.572649272206140518e+09
-2.666837047357004664e-01 9.572649204165370941e+09
-2.725448850595622030e-01 9.572649138209264755e+09
-2.784060653834239396e-01 9.572649073956615448e+09
-2.842672457072852321e-01 9.572649011319766998e+09
-2.901284260311469687e-01 9.572648950341478348e+09
-2.959896063550084833e-01 9.572648890963037491e+09
-3.018507866788702199e-01 9.572648833153739929e+09
-3.077119670027315124e-01 9.572648776871822357e+09
-3.135731473265932490e-01 9.572648722077680588e+09
-3.194343276504547635e-01 9.572648668735359192e+09
-3.252955079743160560e-01 9.572648616807119370e+09
-3.311566882981777926e-01 9.572648566253490448e+09
-3.370178686220395292e-01 9.572648517042289734e+09
-3.428790489459008217e-01 9.572648469139263153e+09
-3.487402292697623363e-01 9.572648422508045197e+09
-3.546014095936240729e-01 9.572648377115322113e+09
-3.604625899174858095e-01 9.572648332930004120e+09
-3.663237702413471020e-01 9.572648289921367645e+09
-3.721849505652086165e-01 9.572648248057277679e+09
-3.780461308890703531e-01 9.572648207309009552e+09
-3.839073112129316456e-01 9.572648167646938324e+09
-3.897684915367933822e-01 9.572648129043825150e+09
-3.956296718606548968e-01 9.572648091473501205e+09
-4.014908521845161893e-01 9.572648054906610489e+09
-4.073520325083779259e-01 9.572648019317323685e+09
-4.132132128322396625e-01 9.572647984681558609e+09
-4.190743931561011770e-01 9.572647950974168777e+09
-4.249355734799626916e-01 9.572647918166986465e+09
-4.307967538038242061e-01 9.572647886238485336e+09
-4.366579341276857207e-01 9.572647855166633606e+09
-4.425191144515472352e-01 9.572647824927366257e+09
-4.483802947754087498e-01 9.572647795506593704e+09
-4.542414750992707084e-01 9.572647766874471664e+09
-4.601026554231317789e-01 9.572647739009695053e+09
-4.659638357469932934e-01 9.572647711893243790e+09
-4.718250160708552521e-01 9.572647685503604889e+09
-4.776861963947167666e-01 9.572647659825141907e+09
-4.835473767185782812e-01 9.572647634843486786e+09
-4.894085570424397957e-01 9.572647610534812927e+09
-4.952697373663013103e-01 9.572647586880443573e+09
-5.011309176901628248e-01 9.572647563861024857e+09
-5.069920980140243394e-01 9.572647541466779709e+09
-5.128532783378858539e-01 9.572647519681169510e+09
-5.187144586617473685e-01 9.572647498482246399e+09
-5.245756389856088830e-01 9.572647477857749939e+09
-5.304368193094708417e-01 9.572647457789995193e+09
-5.362979996333323562e-01 9.572647438261251450e+09
-5.421591799571934267e-01 9.572647419279079437e+09
-5.480203602810553853e-01 9.572647400766113281e+09
-5.538815406049168999e-01 9.572647382782604218e+09
-5.597427209287784144e-01 9.572647365285703659e+09
-5.656039012526399290e-01 9.572647348262525558e+09
-5.714650815765014435e-01 9.572647331696807861e+09
-5.773262619003629581e-01 9.572647315584661484e+09
-5.831874422242244727e-01 9.572647299919233322e+09
-5.890486225480859872e-01 9.572647284678815842e+09
-5.949098028719479458e-01 9.572647269851486206e+09
-6.007709831958090163e-01 9.572647255426879883e+09
-6.066321635196709749e-01 9.572647241399263382e+09
-6.124933438435324895e-01 9.572647227753658295e+09
-6.183545241673940041e-01 9.572647214473627090e+09
-6.242157044912555186e-01 9.572647201550374985e+09
-6.300768848151170332e-01 9.572647188979036331e+09
-6.359380651389785477e-01 9.572647176746910095e+09
-6.417992454628400623e-01 9.572647164851810455e+09
-6.476604257867015768e-01 9.572647153284029007e+09
-6.535216061105635355e-01 9.572647142035270691e+09
-6.593827864344246059e-01 9.572647131089496613e+09
-6.652439667582865646e-01 9.572647120444074631e+09
-6.711051470821480791e-01 9.572647110085510254e+09
-6.769663274060091496e-01 9.572647100007953644e+09
-6.828275077298711082e-01 9.572647090207653046e+09
-6.886886880537326228e-01 9.572647080674659729e+09
-6.945498683775941373e-01 9.572647071405637741e+09
-7.004110487014556519e-01 9.572647062393722534e+09
-7.062722290253171664e-01 9.572647053621538162e+09
-7.121334093491791251e-01 9.572647045086215973e+09
-7.179945896730401955e-01 9.572647036784345627e+09
-7.238557699969017101e-01 9.572647028715187073e+09
-7.297169503207636687e-01 9.572647020864486694e+09
-7.355781306446247392e-01 9.572647013231128693e+09
-7.414393109684866978e-01 9.572647005806262970e+09
-7.473004912923482124e-01 9.572646998579793930e+09
-7.531616716162097269e-01 9.572646991552223206e+09
-7.590228519400712415e-01 9.572646984717464447e+09
-7.648840322639327560e-01 9.572646978068826675e+09
-7.707452125877942706e-01 9.572646971601209641e+09
-7.766063929116557851e-01 9.572646965307043076e+09
-7.824675732355172997e-01 9.572646959188106537e+09
-7.883287535593792583e-01 9.572646953236606598e+09
-7.941899338832403288e-01 9.572646947453929901e+09
-8.000511142071022874e-01 9.572646941827617645e+09
-8.059122945309638020e-01 9.572646936354471207e+09
-8.117734748548253165e-01 9.572646931022056580e+09
-8.176346551786868311e-01 9.572646925835151672e+09
-8.234958355025483456e-01 9.572646920733928680e+09
-8.293570158264098602e-01 9.572646915822919846e+09
-8.352181961502713747e-01 9.572646910919349670e+09
-8.410793764741328893e-01 9.572646906289897919e+09
-8.469405567979948479e-01 9.572646901788108826e+09
-8.528017371218559184e-01 9.572646897399091721e+09
-8.586629174457174329e-01 9.572646893124008179e+09
-8.645240977695793916e-01 9.572646888963956833e+09
-8.703852780934409061e-01 9.572646884913387299e+09
-8.762464584173024207e-01 9.572646880971523285e+09
-8.821076387411639352e-01 9.572646877131069183e+09
-8.879688190650254498e-01 9.572646873388448715e+09
-8.938299993888869643e-01 9.572646869750083923e+09
-8.996911797127484789e-01 9.572646866214794159e+09
-9.055523600366099934e-01 9.572646862771308899e+09
-9.114135403604715080e-01 9.572646859411624908e+09
-9.172747206843330225e-01 9.572646856140495300e+09
-9.231359010081949812e-01 9.572646852956743240e+09
-9.289970813320564957e-01 9.572646849857999802e+09
-9.348582616559175662e-01 9.572646846839179993e+09
-9.407194419797795248e-01 9.572646843900386810e+09
-9.465806223036410394e-01 9.572646841037513733e+09
-9.524418026275025539e-01 9.572646838248308182e+09
-9.583029829513640685e-01 9.572646835526996613e+09
-9.641641632752255830e-01 9.572646832874637604e+09
-9.700253435990870976e-01 9.572646830290775299e+09
-9.758865239229486122e-01 9.572646827770473480e+09
-9.817477042468105708e-01 9.572646825309576035e+09
-9.876088845706720853e-01 9.572646822912424088e+09
-9.934700648945331558e-01 9.572646820577745438e+09
-9.993312452183951144e-01 9.572646818297763824e+09
-1.005192425542256629e+00 9.572646816073514938e+09
-1.011053605866118144e+00 9.572646813904281616e+09
-1.016914786189979658e+00 9.572646811788354874e+09
-1.022775966513841173e+00 9.572646809721637726e+09
-1.028637146837702687e+00 9.572646807702657700e+09
-1.034498327161564202e+00 9.572646805728044510e+09
-1.040359507485425716e+00 9.572646803797584534e+09
-1.046220687809287675e+00 9.572646801910659790e+09
-1.052081868133148745e+00 9.572646800066852570e+09
-1.057943048457010704e+00 9.572646798263698578e+09
-1.063804228780872219e+00 9.572646796501916885e+09
-1.069665409104733289e+00 9.572646794779382706e+09
-1.075526589428595248e+00 9.572646793095556259e+09
-1.081387769752456762e+00 9.572646791443767548e+09
-1.087248950076318277e+00 9.572646789821912766e+09
-1.093110130400179791e+00 9.572646788230304718e+09
-1.098971310724041306e+00 9.572646786665559769e+09
-1.104832491047903265e+00 9.572646785114524841e+09
-1.110693671371764335e+00 9.572646783606056213e+09
-1.116554851695625850e+00 9.572646782097072601e+09
-1.122416032019487808e+00 9.572646780525484085e+09
-1.128277212343348879e+00 9.572646779049142838e+09
-1.134138392667210837e+00 9.572646777598930359e+09
-1.139999572991072352e+00 9.572646776168800354e+09
-1.145860753314933866e+00 9.572646774756107330e+09
-1.151721933638795381e+00 9.572646773358373642e+09
-1.157583113962656896e+00 9.572646771973093033e+09
-1.163444294286518410e+00 9.572646770601509094e+09
-1.169305474610379925e+00 9.572646769240148544e+09
-1.175166654934241439e+00 9.572646767885219574e+09
-1.181027835258103398e+00 9.572646766539812088e+09
-1.186889015581964468e+00 9.572646765196825027e+09
-1.192750195905826427e+00 9.572646763857654572e+09
-1.198611376229687941e+00 9.572646762520408630e+09
-1.204472556553549456e+00 9.572646761179527283e+09
-1.210333736877410971e+00 9.572646759831909180e+09
-1.216194917201272485e+00 9.572646758476833344e+09
-1.222056097525134000e+00 9.572646757109622955e+09
-1.227917277848995514e+00 9.572646755735296249e+09
-1.233778458172857029e+00 9.572646754349611282e+09
-1.239639638496718987e+00 9.572646752947978973e+09
-1.245500818820580058e+00 9.572646751524059296e+09
-1.251361999144441572e+00 9.572646750072315216e+09
-1.257223179468303531e+00 9.572646748591875076e+09
-1.263084359792165046e+00 9.572646747083793640e+09
-1.268945540116026560e+00 9.572646745543249130e+09
-1.274806720439888075e+00 9.572646743960290909e+09
-1.280667900763749589e+00 9.572646742334505081e+09
-1.286529081087611104e+00 9.572646740655174255e+09
-1.292390261411472618e+00 9.572646738915161133e+09
-1.298251441735334133e+00 9.572646737118307114e+09
-1.304112622059195647e+00 9.572646735255210876e+09
-1.309973802383057162e+00 9.572646733313928604e+09
-1.315834982706919121e+00 9.572646731290185928e+09
-1.321696163030780635e+00 9.572646729173563004e+09
-1.327557343354641706e+00 9.572646726945083618e+09
-1.333418523678503664e+00 9.572646724543592453e+09
-1.339279704002365179e+00 9.572646721939661026e+09
-1.345140884326226693e+00 9.572646719177637100e+09
-1.351002064650088208e+00 9.572646716347929001e+09
-1.356863244973949723e+00 9.572646713467029572e+09
-1.362724425297811237e+00 9.572646710347389221e+09
-1.368585605621672752e+00 9.572646706928911209e+09
-1.374446785945534266e+00 9.572646703228401184e+09
-1.380307966269396225e+00 9.572646699222526550e+09
-1.386169146593257295e+00 9.572646694880449295e+09
-1.392030326917119254e+00 9.572646690127325058e+09
-1.397891507240980769e+00 9.572646684942260742e+09
-1.403752687564842283e+00 9.572646679224723816e+09
-1.409613867888703798e+00 9.572646672930322647e+09
-1.415475048212565312e+00 9.572646665937820435e+09
-1.421336228536426827e+00 9.572646658145238876e+09
-1.427197408860288341e+00 9.572646649409528732e+09
-1.433058589184149856e+00 9.572646639573034286e+09
-1.438919769508011814e+00 9.572646628429327011e+09
-1.444780949831872885e+00 9.572646615715633392e+09
-1.450642130155734844e+00 9.572646601115026474e+09
-1.456503310479596358e+00 9.572646584219964981e+09
-1.462364490803457429e+00 9.572646564514730453e+09
-1.468225671127319387e+00 9.572646541322954178e+09
-1.474086851451180902e+00 9.572646513741165161e+09
-1.479948031775042416e+00 9.572646480586244583e+09
-1.485809212098903931e+00 9.572646440216831207e+09
-1.491670392422765445e+00 9.572646390383716583e+09
-1.497531572746627404e+00 9.572646327790685654e+09
-1.503392753070488475e+00 9.572646247886835098e+09
-1.509253933394349989e+00 9.572646142759721756e+09
-1.515115113718211948e+00 9.572646004004722595e+09
-1.520976294042073018e+00 9.572645801879632950e+09
-1.526837474365934977e+00 9.572645548562986374e+09
-1.532698654689796491e+00 9.572645008107297897e+09
-1.538559835013658006e+00 9.572644768828922272e+09
-1.544421015337519520e+00 9.572641643557537079e+09
-1.550282195661381035e+00 9.572647102536794662e+09
-1.556143375985242550e+00 9.572604932965152740e+09
-1.562004556309104064e+00 9.572780899945369720e+09
-1.567865736632965579e+00 9.572054804816507339e+09
