1.570796326794896558e+00 3.353584311021980966e+02
1.567865736632965801e+00 4.320656969018685913e+02
1.564935146471035043e+00 3.900555875151792975e+02
1.562004556309104286e+00 3.742842444102103627e+02
1.559073966147173529e+00 4.025178241319435983e+02
1.556143375985242772e+00 3.855717528908876943e+02
1.553212785823311792e+00 3.884416403614746969e+02
1.550282195661381035e+00 3.820508595878694678e+02
1.547351605499450278e+00 3.843472535901994434e+02
1.544421015337519520e+00 3.788913986493478774e+02
1.541490425175588763e+00 3.786428108463849185e+02
1.538559835013658006e+00 3.740348944349503881e+02
1.535629244851727249e+00 3.727827753011657137e+02
1.532698654689796491e+00 3.682727214909741633e+02
1.529768064527865734e+00 3.661278563351741582e+02
1.526837474365934977e+00 3.615780446974356437e+02
1.523906884204004220e+00 3.587729361732917823e+02
1.520976294042073240e+00 3.540730689221951479e+02
1.518045703880142483e+00 3.507136060524458117e+02
1.515115113718211726e+00 3.458292003625443272e+02
1.512184523556280968e+00 3.420061091735860259e+02
1.509253933394350211e+00 3.369266300499904787e+02
1.506323343232419454e+00 3.327095168779164283e+02
1.503392753070488697e+00 3.274426616329605508e+02
1.500462162908557939e+00 3.228921358789548890e+02
1.497531572746627182e+00 3.174553133852409132e+02
1.494600982584696425e+00 3.126252604605604688e+02
1.491670392422765667e+00 3.070420081216989843e+02
1.488739802260834910e+00 3.019817960657438789e+02
1.485809212098903931e+00 2.962791047206164308e+02
1.482878621936973174e+00 2.910344625101816973e+02
1.479948031775042416e+00 2.852410806873090223e+02
1.477017441613111659e+00 2.798545977514648371e+02
1.474086851451180902e+00 2.739998090146341951e+02
1.471156261289250144e+00 2.685111422487082677e+02
1.468225671127319387e+00 2.626238865845039072e+02
1.465295080965388630e+00 2.570698372766305511e+02
1.462364490803457873e+00 2.511780643826739379e+02
1.459433900641527115e+00 2.455925914407683877e+02
1.456503310479596358e+00 2.397227853898820911e+02
1.453572720317665379e+00 2.341369949368950074e+02
1.450642130155734622e+00 2.283138351978525975e+02
1.447711539993803864e+00 2.227559784079752774e+02
1.444780949831873107e+00 2.170021051159102399e+02
1.441850359669942350e+00 2.114975920344995757e+02
1.438919769508011592e+00 2.058334575160177451e+02
1.435989179346080835e+00 2.004048940879306429e+02
1.433058589184150078e+00 1.948486890656212722e+02
1.430127999022219321e+00 1.895159439464002560e+02
1.427197408860288563e+00 1.840835785191532636e+02
1.424266818698357806e+00 1.788638734872681937e+02
1.421336228536426827e+00 1.735690078642977880e+02
1.418405638374496069e+00 1.684770305597374715e+02
1.415475048212565312e+00 1.633311438507394371e+02
1.412544458050634555e+00 1.583791837518787702e+02
1.409613867888703798e+00 1.533916702194277946e+02
1.406683277726773040e+00 1.485897661972429660e+02
1.403752687564842283e+00 1.437680585675856832e+02
1.400822097402911526e+00 1.391241596201486175e+02
1.397891507240980769e+00 1.344738634802926072e+02
1.394960917079050011e+00 1.299939964256981000e+02
1.392030326917119254e+00 1.255190375639711249e+02
1.389099736755188275e+00 1.212074782726291744e+02
1.386169146593257517e+00 1.169102550396796971e+02
1.383238556431326760e+00 1.127696995396548090e+02
1.380307966269396003e+00 1.086512367974086004e+02
1.377377376107465246e+00 1.046829697350222546e+02
1.374446785945534488e+00 1.007430710646073919e+02
1.371516195783603731e+00 9.694712897344722080e+01
1.368585605621672974e+00 9.318452490873134764e+01
1.365655015459742216e+00 8.955985272111715290e+01
1.362724425297811459e+00 8.597234225439703437e+01
1.359793835135880702e+00 8.251694076163391856e+01
1.356863244973949723e+00 7.910152526338910661e+01
1.353932654812018965e+00 7.581258957999008885e+01
1.351002064650088208e+00 7.256559773486046083e+01
1.348071474488157451e+00 6.943964520833709742e+01
1.345140884326226693e+00 6.635684861308720883e+01
1.342210294164295936e+00 6.338983648790794945e+01
1.339279704002365179e+00 6.046655508854098571e+01
1.336349113840434422e+00 5.765398709252135490e+01
1.333418523678503664e+00 5.488518497625847203e+01
1.330487933516572907e+00 5.222220773612898626e+01
1.327557343354642150e+00 4.960257884043328858e+01
1.324626753192711170e+00 4.708406788261233800e+01
1.321696163030780635e+00 4.460811227917807997e+01
1.318765572868849656e+00 4.222874829188104684e+01
1.315834982706918899e+00 3.989083953871534760e+01
1.312904392544988141e+00 3.764517528863972018e+01
1.309973802383057384e+00 3.543961915603691892e+01
1.307043212221126627e+00 3.332213789831171624e+01
1.304112622059195870e+00 3.124322316916938291e+01
1.301182031897265112e+00 2.924838900664668984e+01
1.298251441735334355e+00 2.729043097518247052e+01
1.295320851573403598e+00 2.541273175797739725e+01
1.292390261411472618e+00 2.357010906200491718e+01
1.289459671249542083e+00 2.180409277170614146e+01
1.286529081087611104e+00 2.007127795433882156e+01
1.283598490925680347e+00 1.841158292211163783e+01
1.280667900763749589e+00 1.678316795240020198e+01
1.277737310601818832e+00 1.522454773372147763e+01
1.274806720439888075e+00 1.369526405684534076e+01
1.271876130277957317e+00 1.223260728584367030e+01
1.268945540116026560e+00 1.079734228183279932e+01
1.266014949954095803e+00 9.425688724168320931e+00
1.263084359792165046e+00 8.079497906811358376e+00
1.260153769630234066e+00 6.794050501274318421e+00
1.257223179468303531e+00 5.532166566600015045e+00
1.254292589306372552e+00 4.328300210146578841e+00
1.251361999144441794e+00 3.146139124282608890e+00
1.248431408982511037e+00 2.019406684705866262e+00
1.245500818820580280e+00 9.125715195180559292e-01
1.242570228658649523e+00 -1.412925863271783100e-01
1.239639638496718765e+00 -1.177010079511579432e+00
1.236709048334788008e+00 -2.162088029777223586e+00
1.233778458172857251e+00 -3.130707496231820652e+00
1.230847868010926494e+00 -4.050898508556046274e+00
1.227917277848995514e+00 -4.956252548448409456e+00
1.224986687687064979e+00 -5.815274158468584531e+00
1.222056097525134000e+00 -6.661011283655900783e+00
1.219125507363203242e+00 -7.462402193465968558e+00
1.216194917201272485e+00 -8.251990557431083673e+00
1.213264327039341728e+00 -8.999114441616271165e+00
1.210333736877410971e+00 -9.735846363367043566e+00
1.207403146715480213e+00 -1.043189612115561893e+01
1.204472556553549456e+00 -1.111889318865971710e+01
1.201541966391618699e+00 -1.176689611399409507e+01
1.198611376229687941e+00 -1.240711505253800340e+01
1.195680786067756962e+00 -1.300993834862106091e+01
1.192750195905826427e+00 -1.360617692193898343e+01
1.189819605743895448e+00 -1.416653345540276199e+01
1.186889015581964912e+00 -1.472143673190494439e+01
1.183958425420033933e+00 -1.524189123966009873e+01
1.181027835258103176e+00 -1.575795787469259501e+01
1.178097245096172418e+00 -1.624093291576278020e+01
1.175166654934241661e+00 -1.672052163457038532e+01
1.172236064772310904e+00 -1.716830401716346444e+01
1.169305474610380147e+00 -1.761364005391606113e+01
1.166374884448449389e+00 -1.802838711824849227e+01
1.163444294286518410e+00 -1.844156832004794921e+01
1.160513704124587875e+00 -1.882531366161579101e+01
1.157583113962656896e+00 -1.920831777923600470e+01
1.154652523800726138e+00 -1.956297873715598712e+01
1.151721933638795381e+00 -1.991766620325461901e+01
1.148791343476864624e+00 -2.024504544535543360e+01
1.145860753314933866e+00 -2.057317697058062933e+01
1.142930163153003109e+00 -2.087498304008224892e+01
1.139999572991072352e+00 -2.117820170933355328e+01
1.137068982829141373e+00 -2.145601682366348939e+01
1.134138392667210837e+00 -2.173586509991928750e+01
1.131207802505280080e+00 -2.199120169426637261e+01
1.128277212343349323e+00 -2.224915848919286887e+01
1.125346622181418343e+00 -2.248343868417201463e+01
1.122416032019487586e+00 -2.272087090627067951e+01
1.119485441857556829e+00 -2.293542131942436413e+01
1.116554851695626072e+00 -2.315362037580765175e+01
1.113624261533695314e+00 -2.334969202151745904e+01
1.110693671371764557e+00 -2.354987174705027542e+01
1.107763081209833800e+00 -2.372864055042572673e+01
1.104832491047903043e+00 -2.391194192680164221e+01
1.101901900885972285e+00 -2.407451312234361041e+01
1.098971310724041306e+00 -2.424200834876572230e+01
1.096040720562110771e+00 -2.438942045892266819e+01
1.093110130400179791e+00 -2.454211710385379419e+01
1.090179540238249034e+00 -2.467534591266387167e+01
1.087248950076318277e+00 -2.481419059918548697e+01
1.084318359914387520e+00 -2.493415284204134252e+01
1.081387769752456762e+00 -2.506003484437227868e+01
1.078457179590526005e+00 -2.516759158086587078e+01
1.075526589428595248e+00 -2.528134643303476636e+01
1.072595999266664490e+00 -2.537730653676790737e+01
1.069665409104733733e+00 -2.547971919878402502e+01
1.066734818942802754e+00 -2.556484250058646168e+01
1.063804228780872219e+00 -2.565665015714710151e+01
1.060873638618941239e+00 -2.573165013475084351e+01
1.057943048457010704e+00 -2.581354532718118122e+01
1.055012458295079725e+00 -2.587909213497387384e+01
1.052081868133149190e+00 -2.595172535323294127e+01
1.049151277971218210e+00 -2.600844836009068217e+01
1.046220687809287453e+00 -2.607243068059929314e+01
1.043290097647356696e+00 -2.612092103515723451e+01
1.040359507485425938e+00 -2.617682635066880081e+01
1.037428917323495181e+00 -2.621763909583924956e+01
1.034498327161564202e+00 -2.626600654876424912e+01
1.031567736999633667e+00 -2.629966298647221379e+01
1.028637146837702687e+00 -2.634099900340243394e+01
1.025706556675772152e+00 -2.636798876008693071e+01
1.022775966513841173e+00 -2.640276899032905789e+01
1.019845376351910415e+00 -2.642355178536336879e+01
1.016914786189979658e+00 -2.645222302562857664e+01
1.013984196028048901e+00 -2.646723057025164749e+01
1.011053605866118144e+00 -2.649021254088204103e+01
1.008123015704187386e+00 -2.649985029092258060e+01
1.005192425542256629e+00 -2.651753725804663020e+01
1.002261835380325650e+00 -2.652218602130946223e+01
9.993312452183951144e-01 -2.653494833691596355e+01
9.964006550564642462e-01 -2.653496568407287981e+01
9.934700648945334889e-01 -2.654315125312584200e+01
9.905394747326026206e-01 -2.653887296776539628e+01
9.876088845706719743e-01 -2.654280850941601599e+01
9.846782944087412170e-01 -2.653454980955300968e+01
9.817477042468103487e-01 -2.653454228019762340e+01
9.788171140848795915e-01 -2.652259923241932427e+01
9.758865239229487232e-01 -2.651893695945719642e+01
9.729559337610180769e-01 -2.650358762512505706e+01
9.700253435990873196e-01 -2.649654146619980466e+01
9.670947534371564513e-01 -2.647804684334553116e+01
9.641641632752256941e-01 -2.646787117100097220e+01
9.612335731132949368e-01 -2.644647625840086391e+01
9.583029829513641795e-01 -2.643340989506802430e+01
9.553723927894334222e-01 -2.640934470925252242e+01
9.524418026275025539e-01 -2.639361203301110237e+01
9.495112124655717967e-01 -2.636709252102340173e+01
9.465806223036410394e-01 -2.634890428529489981e+01
9.436500321417102821e-01 -2.632013323268901317e+01
9.407194419797794138e-01 -2.629968731969152529e+01
9.377888518178486565e-01 -2.626885499942118329e+01
9.348582616559178993e-01 -2.624633717389359333e+01
9.319276714939871420e-01 -2.621362208993045328e+01
9.289970813320563847e-01 -2.618920670314113153e+01
9.260664911701255164e-01 -2.615477633949740977e+01
9.231359010081947591e-01 -2.612862715628427068e+01
9.202053108462641129e-01 -2.609263869113216927e+01
9.172747206843332446e-01 -2.606490939581832222e+01
9.143441305224024873e-01 -2.602751022922708302e+01
9.114135403604716190e-01 -2.599834494977295307e+01
9.084829501985409728e-01 -2.595967323968253737e+01
9.055523600366102155e-01 -2.592920729414960235e+01
9.026217698746793472e-01 -2.588939268499341395e+01
8.996911797127485899e-01 -2.585775304234500283e+01
8.967605895508178326e-01 -2.581691705183752461e+01
8.938299993888870754e-01 -2.578422266340288616e+01
8.908994092269563181e-01 -2.574247903258310544e+01
8.879688190650254498e-01 -2.570884149923806561e+01
8.850382289030946925e-01 -2.566629687176933317e+01
8.821076387411639352e-01 -2.563182075689282868e+01
8.791770485792331780e-01 -2.558857495490616074e+01
8.762464584173024207e-01 -2.555335823039558818e+01
8.733158682553715524e-01 -2.550950467422103074e+01
8.703852780934407951e-01 -2.547363927299131348e+01
8.674546879315100378e-01 -2.542926560687076432e+01
8.645240977695792806e-01 -2.539283750482388058e+01
8.615935076076485233e-01 -2.534802598908489912e+01
8.586629174457176550e-01 -2.531111496010908368e+01
8.557323272837870087e-01 -2.526594070763051292e+01
8.528017371218561404e-01 -2.522862316004996330e+01
8.498711469599253832e-01 -2.518315844601479370e+01
8.469405567979946259e-01 -2.514550430373718370e+01
8.440099666360638686e-01 -2.509981618917344193e+01
8.410793764741331113e-01 -2.506189097967835622e+01
8.381487863122022430e-01 -2.501604137969092534e+01
8.352181961502714858e-01 -2.497790677776252721e+01
8.322876059883407285e-01 -2.493195388109371535e+01
8.293570158264099712e-01 -2.489366720384801468e+01
8.264264256644792139e-01 -2.484766508750562863e+01
8.234958355025483456e-01 -2.480927978691429203e+01
8.205652453406175884e-01 -2.476327888814268974e+01
8.176346551786868311e-01 -2.472484488678216508e+01
8.147040650167560738e-01 -2.467889213115790525e+01
8.117734748548253165e-01 -2.464045589372185319e+01
8.088428846928944482e-01 -2.459459489178745528e+01
8.059122945309636910e-01 -2.455619961455446543e+01
8.029817043690330447e-01 -2.451047078058456563e+01
8.000511142071021764e-01 -2.447215672943366727e+01
7.971205240451714191e-01 -2.442659767187132758e+01
7.941899338832405508e-01 -2.438840209111759094e+01
7.912593437213099046e-01 -2.434304761053888200e+01
7.883287535593791473e-01 -2.430500520831975919e+01
7.853981633974482790e-01 -2.425988754557159766e+01
7.824675732355174107e-01 -2.422203028841959593e+01
7.795369830735867644e-01 -2.417717907247477171e+01
7.766063929116560072e-01 -2.413953666895455541e+01
7.736758027497251389e-01 -2.409497934194450863e+01
7.707452125877944926e-01 -2.405757916620721204e+01
7.678146224258636243e-01 -2.401334096148751485e+01
7.648840322639328670e-01 -2.397620839230991763e+01
7.619534421020019987e-01 -2.393231255234390176e+01
7.590228519400713525e-01 -2.389547086056217751e+01
7.560922617781404842e-01 -2.385193860233033192e+01
7.531616716162097269e-01 -2.381540923282033972e+01
7.502310814542790807e-01 -2.377226007402838803e+01
7.473004912923482124e-01 -2.373606260230040377e+01
7.443699011304173441e-01 -2.369331423435236417e+01
7.414393109684866978e-01 -2.365746653998918347e+01
7.385087208065558295e-01 -2.361513507368348641e+01
7.355781306446250722e-01 -2.357965354628071708e+01
7.326475404826942039e-01 -2.353775353800982373e+01
7.297169503207635577e-01 -2.350265304851098946e+01
7.267863601588326894e-01 -2.346119771153935218e+01
7.238557699969019321e-01 -2.342649167629514650e+01
7.209251798349712859e-01 -2.338549280210138193e+01
7.179945896730404176e-01 -2.335119343753453691e+01
7.150639995111095493e-01 -2.331066167673619205e+01
7.121334093491789030e-01 -2.327677983861831024e+01
7.092028191872481457e-01 -2.323672452223384255e+01
7.062722290253172774e-01 -2.320327002735573174e+01
7.033416388633864091e-01 -2.316369944838323391e+01
7.004110487014557629e-01 -2.313068091729620690e+01
6.974804585395250056e-01 -2.309160234839143655e+01
6.945498683775941373e-01 -2.305902739011393621e+01
6.916192782156634911e-01 -2.302044697040642163e+01
6.886886880537326228e-01 -2.298832222642786860e+01
6.857580978918018655e-01 -2.295024528050046442e+01
6.828275077298712192e-01 -2.291857648731135200e+01
6.798969175679403509e-01 -2.288100747953814817e+01
6.769663274060094826e-01 -2.284979957999531308e+01
6.740357372440787254e-01 -2.281274216278210432e+01
6.711051470821480791e-01 -2.278199918600343921e+01
6.681745569202172108e-01 -2.274545618941379388e+01
6.652439667582863425e-01 -2.271518151477948777e+01
6.623133765963556963e-01 -2.267915514627633300e+01
6.593827864344249390e-01 -2.264935141667067953e+01
6.564521962724940707e-01 -2.261384318568306284e+01
6.535216061105634244e-01 -2.258451239999585880e+01
6.505910159486325561e-01 -2.254952321018798145e+01
6.476604257867017989e-01 -2.252066670319959840e+01
6.447298356247709306e-01 -2.248619676345359508e+01
6.417992454628402843e-01 -2.245781534951649405e+01
6.388686553009094160e-01 -2.242386442193967255e+01
6.359380651389786587e-01 -2.239595826160119785e+01
6.330074749770479015e-01 -2.236252551581666381e+01
6.300768848151171442e-01 -2.233509443402996553e+01
6.271462946531862759e-01 -2.230217871901412963e+01
6.242157044912556296e-01 -2.227522192972616111e+01
6.212851143293247613e-01 -2.224282148579344565e+01
6.183545241673940041e-01 -2.221633783858299438e+01
6.154239340054631358e-01 -2.218445061648196770e+01
6.124933438435324895e-01 -2.215843851433701062e+01
6.095627536816016212e-01 -2.212706201014236385e+01
6.066321635196708639e-01 -2.210151952589847113e+01
6.037015733577402177e-01 -2.207065093651857879e+01
6.007709831958093494e-01 -2.204557573528304815e+01
5.978403930338784811e-01 -2.201521187487574949e+01
5.949098028719478348e-01 -2.199060140724169443e+01
5.919792127100170775e-01 -2.196073889612803853e+01
5.890486225480862092e-01 -2.193659007071842026e+01
5.861180323861553410e-01 -2.190722491872850597e+01
5.831874422242246947e-01 -2.188353525432036051e+01
5.802568520622939374e-01 -2.185466474390548086e+01
5.773262619003630691e-01 -2.183142919790719461e+01
5.743956717384324229e-01 -2.180304524503131702e+01
5.714650815765015546e-01 -2.178026200845676641e+01
5.685344914145706863e-01 -2.175236575104750614e+01
5.656039012526399290e-01 -2.173002865822177299e+01
5.626733110907091717e-01 -2.170261103258442503e+01
5.597427209287784144e-01 -2.168071818868155631e+01
5.568121307668476572e-01 -2.165377652001516040e+01
5.538815406049168999e-01 -2.163232251141923967e+01
5.509509504429861426e-01 -2.160585104032509207e+01
5.480203602810553853e-01 -2.158483152285400664e+01
5.450897701191246281e-01 -2.155882523909395232e+01
5.421591799571938708e-01 -2.153823555306926352e+01
5.392285897952628915e-01 -2.151268913445478503e+01
5.362979996333321342e-01 -2.149252457533923888e+01
5.333674094714015990e-01 -2.146743265547783253e+01
5.304368193094706196e-01 -2.144768832339628162e+01
5.275062291475398624e-01 -2.142304540418278691e+01
5.245756389856091051e-01 -2.140371632079487441e+01
5.216450488236783478e-01 -2.137951678657596943e+01
5.187144586617475905e-01 -2.136059783586611971e+01
5.157838684998168333e-01 -2.133683597944446220e+01
5.128532783378860760e-01 -2.131832195370609995e+01
5.099226881759553187e-01 -2.129499199788823915e+01
5.069920980140243394e-01 -2.127687762549791728e+01
5.040615078520938042e-01 -2.125397373271609069e+01
5.011309176901628248e-01 -2.123625374542701039e+01
4.982003275282320676e-01 -2.121377008992537938e+01
4.952697373663013103e-01 -2.119643911750897658e+01
4.923391472043705530e-01 -2.117436976935532300e+01
4.894085570424397957e-01 -2.115742240122786555e+01
4.864779668805090385e-01 -2.113576139985483948e+01
4.835473767185782812e-01 -2.111919213071768908e+01
4.806167865566475239e-01 -2.109793350444870796e+01
4.776861963947165446e-01 -2.108173689056775046e+01
4.747556062327860094e-01 -2.106087466099178584e+01
4.718250160708550300e-01 -2.104504512652023962e+01
4.688944259089242728e-01 -2.102457319063092100e+01
4.659638357469937375e-01 -2.100910512440914246e+01
4.630332455850627582e-01 -2.098901740439937313e+01
4.601026554231320009e-01 -2.097390529313304697e+01
4.571720652612012437e-01 -2.095419582073859388e+01
4.542414750992704864e-01 -2.093943420211953210e+01
4.513108849373397291e-01 -2.092009703068962523e+01
4.483802947754087498e-01 -2.090568040729167620e+01
4.454497046134782146e-01 -2.088670953281857479e+01
4.425191144515474573e-01 -2.087263220760886284e+01
4.395885242896164780e-01 -2.085402151287578576e+01
4.366579341276859427e-01 -2.084027792636485898e+01
4.337273439657549634e-01 -2.082202141304226117e+01
4.307967538038242061e-01 -2.080860607601874435e+01
4.278661636418936709e-01 -2.079069784268986254e+01
4.249355734799626916e-01 -2.077760535438414635e+01
4.220049833180319343e-01 -2.076003955189399619e+01
4.190743931561011770e-01 -2.074726451488752588e+01
4.161438029941704198e-01 -2.073003536369288824e+01
4.132132128322396625e-01 -2.071757229590657090e+01
4.102826226703086832e-01 -2.070067387729780606e+01
4.073520325083781479e-01 -2.068851737016554182e+01
4.044214423464473906e-01 -2.067194388500835700e+01
4.014908521845164113e-01 -2.066008853110788479e+01
3.985602620225858761e-01 -2.064383419632186190e+01
3.956296718606548968e-01 -2.063227478318061614e+01
3.926990816987241395e-01 -2.061633393181899976e+01
3.897684915367933822e-01 -2.060506510266274205e+01
3.868379013748626249e-01 -2.058943203568465563e+01
3.839073112129318677e-01 -2.057844851101430095e+01
3.809767210510008884e-01 -2.056311757514384908e+01
3.780461308890703531e-01 -2.055241423862010564e+01
3.751155407271395958e-01 -2.053737995254871507e+01
3.721849505652086165e-01 -2.052695162811356155e+01
3.692543604032780813e-01 -2.051220846197309200e+01
3.663237702413471020e-01 -2.050205008442846477e+01
3.633931800794163447e-01 -2.048759258813655038e+01
3.604625899174855874e-01 -2.047769910839789276e+01
3.575319997555548301e-01 -2.046352189159888368e+01
3.546014095936240729e-01 -2.045388837109912217e+01
3.516708194316933156e-01 -2.043998620029547197e+01
3.487402292697625583e-01 -2.043060770185989483e+01
3.458096391078318010e-01 -2.041697521691077100e+01
3.428790489459008217e-01 -2.040784686476636622e+01
3.399484587839702865e-01 -2.039447890326527002e+01
3.370178686220395292e-01 -2.038559588943572365e+01
3.340872784601085499e-01 -2.037248731114642908e+01
3.311566882981777926e-01 -2.036384495217282975e+01
3.282260981362470353e-01 -2.035099073659977265e+01
3.252955079743162781e-01 -2.034258427654136270e+01
3.223649178123855208e-01 -2.032997936111100756e+01
3.194343276504547635e-01 -2.032180422255528640e+01
3.165037374885240062e-01 -2.030944369985407150e+01
3.135731473265932490e-01 -2.030149534663379640e+01
3.106425571646622696e-01 -2.028937436870186772e+01
3.077119670027317344e-01 -2.028164845635430069e+01
3.047813768408007551e-01 -2.026976240895535497e+01
3.018507866788699978e-01 -2.026225568993581305e+01
2.989201965169392405e-01 -2.025060075556682904e+01
2.959896063550084833e-01 -2.024330351962541030e+01
2.930590161930777260e-01 -2.023187106947300506e+01
2.901284260311469687e-01 -2.022478466681607756e+01
2.871978358692162114e-01 -2.021357465441198897e+01
2.842672457072854542e-01 -2.020669413333451914e+01
2.813366555453544748e-01 -2.019570019236858371e+01
2.784060653834239396e-01 -2.018902009194889757e+01
2.754754752214929603e-01 -2.017823765846921802e+01
2.725448850595622030e-01 -2.017175431732747271e+01
2.696142948976316678e-01 -2.016117935240676218e+01
2.666837047357006885e-01 -2.015488864231348742e+01
2.637531145737699312e-01 -2.014451669038563608e+01
2.608225244118391739e-01 -2.013841456722133216e+01
2.578919342499084166e-01 -2.012824131344479994e+01
2.549613440879776594e-01 -2.012232379168798246e+01
2.520307539260466800e-01 -2.011234499945322796e+01
2.491001637641161448e-01 -2.010660840444586839e+01
2.461695736021853875e-01 -2.009682009304149730e+01
2.432389834402544082e-01 -2.009126061454984580e+01
2.403083932783238730e-01 -2.008165873387165945e+01
2.373778031163928937e-01 -2.007627257902722562e+01
2.344472129544621364e-01 -2.006685306539517200e+01
2.315166227925316011e-01 -2.006163663430984911e+01
2.285860326306006218e-01 -2.005239565690408909e+01
2.256554424686698646e-01 -2.004734538791906573e+01
2.227248523067391073e-01 -2.003827910391882483e+01
2.197942621448083500e-01 -2.003339145999380477e+01
2.168636719828775927e-01 -2.002449598894615690e+01
2.139330818209466134e-01 -2.001976739665685656e+01
2.110024916590160782e-01 -2.001103899501610073e+01
2.080719014970853209e-01 -2.000646614824766090e+01
2.051413113351543416e-01 -1.999790122253440217e+01
2.022107211732238063e-01 -1.999348074674441023e+01
1.992801310112928270e-01 -1.998507567049164635e+01
1.963495408493620697e-01 -1.998080429618072529e+01
1.934189506874313125e-01 -1.997255557924500735e+01
1.904883605255005552e-01 -1.996843022851451721e+01
1.875577703635697979e-01 -1.996033449642144220e+01
1.846271802016388186e-01 -1.995635189416996624e+01
1.816965900397082834e-01 -1.994840562230498193e+01
1.787659998777775261e-01 -1.994456267481787393e+01
1.758354097158465468e-01 -1.993676257056985079e+01
1.729048195539160115e-01 -1.993305620696969882e+01
1.699742293919850322e-01 -1.992539892761419296e+01
1.670436392300542749e-01 -1.992182623232969263e+01
1.641130490681235177e-01 -1.991430863023638764e+01
1.611824589061927604e-01 -1.991086663650902722e+01
1.582518687442620031e-01 -1.990348547660930123e+01
1.553212785823312458e-01 -1.990017129554222919e+01
1.523906884204004886e-01 -1.989292345394737183e+01
1.494600982584697313e-01 -1.988973426856050253e+01
1.465295080965387520e-01 -1.988261671918381879e+01
1.435989179346082167e-01 -1.987954981243444053e+01
1.406683277726774595e-01 -1.987255958499200048e+01
1.377377376107464801e-01 -1.986961241713639836e+01
1.348071474488157229e-01 -1.986274677287975976e+01
1.318765572868849656e-01 -1.985991662731383300e+01
1.289459671249542083e-01 -1.985317255076620668e+01
1.260153769630234510e-01 -1.985045682734028105e+01
1.230847868010926938e-01 -1.984383146609920701e+01
1.201541966391619365e-01 -1.984122745738132565e+01
1.172236064772311792e-01 -1.983471798159523303e+01
1.142930163153004219e-01 -1.983222331440330777e+01
1.113624261533696647e-01 -1.982582704090080838e+01
1.084318359914386853e-01 -1.982343940721116837e+01
1.055012458295079281e-01 -1.981715378814315187e+01
1.025706556675771708e-01 -1.981487061084845536e+01
9.964006550564641351e-02 -1.980869288555594920e+01
9.670947534371565624e-02 -1.980651204820528477e+01
9.377888518178489896e-02 -1.980043983287914600e+01
9.084829501985414169e-02 -1.979835895293118853e+01
8.791770485792338441e-02 -1.979238966205515027e+01
8.498711469599262713e-02 -1.979040643287300583e+01
8.205652453406186986e-02 -1.978453747098201276e+01
7.912593437213089054e-02 -1.978264980611630364e+01
7.619534421020013326e-02 -1.977687892375174528e+01
7.326475404826959803e-02 -1.977508471062077433e+01
7.033416388633861871e-02 -1.976940956075911160e+01
6.740357372440786143e-02 -1.976770679920924678e+01
6.447298356247710416e-02 -1.976212512739815708e+01
6.154239340054634688e-02 -1.976051151712160703e+01
5.861180323861558961e-02 -1.975502084432802974e+01
5.568121307668461029e-02 -1.975349450700576170e+01
5.275062291475407505e-02 -1.974809269508608267e+01
4.982003275282331778e-02 -1.974665181921823276e+01
4.688944259089233846e-02 -1.974133681163138476e+01
4.395885242896180323e-02 -1.973997934537029764e+01
4.102826226703082391e-02 -1.973474884478160618e+01
3.809767210510006663e-02 -1.973347303504244721e+01
3.516708194316953140e-02 -1.972832514492996481e+01
3.223649178123855208e-02 -1.972712904639136511e+01
2.930590161930779480e-02 -1.972206156679098754e+01
2.637531145737703753e-02 -1.972094339683573949e+01
2.344472129544628025e-02 -1.971595430982120334e+01
2.051413113351552298e-02 -1.971491224579534318e+01
1.758354097158454366e-02 -1.970999964400158433e+01
1.465295080965400842e-02 -1.970903218844334859e+01
1.172236064772325115e-02 -1.970419434425147287e+01
8.791770485792271828e-03 -1.970330018244522563e+01
5.861180323861736596e-03 -1.969853455010744270e+01
2.930590161930757276e-03 -1.969771116800151844e+01
0.000000000000000000e+00 -1.969301631436067623e+01
-2.930590161930757276e-03 -1.969226264195414444e+01
-5.861180323861736596e-03 -1.968763699917005638e+01
-8.791770485792049783e-03 -1.968695149600301519e+01
-1.172236064772302910e-02 -1.968239313197229023e+01
-1.465295080965378638e-02 -1.968177422605047511e+01
-1.758354097158454366e-02 -1.967728133283952019e+01
-2.051413113351552298e-02 -1.967672756924534028e+01
-2.344472129544628025e-02 -1.967229846707923713e+01
-2.637531145737703753e-02 -1.967180834847773951e+01
-2.930590161930757276e-02 -1.966744132394733668e+01
-3.223649178123833003e-02 -1.966701351700140066e+01
-3.516708194316930935e-02 -1.966270700240826841e+01
-3.809767210510006663e-02 -1.966234009205264144e+01
-4.102826226703082391e-02 -1.965809245349538514e+01
-4.395885242896180323e-02 -1.965778516520923702e+01
-4.688944259089256050e-02 -1.965359489080062971e+01
-4.982003275282309573e-02 -1.965334591131457387e+01
-5.275062291475385301e-02 -1.964921144127820796e+01
-5.568121307668461029e-02 -1.964901949991478602e+01
-5.861180323861558961e-02 -1.964493932442977808e+01
-6.154239340054634688e-02 -1.964480313923548493e+01
-6.447298356247710416e-02 -1.964077578003182722e+01
-6.740357372440763939e-02 -1.964069415025851484e+01
-7.033416388633839667e-02 -1.963671813362841689e+01
-7.326475404826937599e-02 -1.963668991267618935e+01
-7.619534421020013326e-02 -1.963276387790427080e+01
-7.912593437213089054e-02 -1.963278793043805237e+01
-8.205652453406186986e-02 -1.962891052563348282e+01
-8.498711469599262713e-02 -1.962898571446586971e+01
-8.791770485792316236e-02 -1.962515554632402370e+01
-9.084829501985391964e-02 -1.962528075732444677e+01
-9.377888518178489896e-02 -1.962149647337103175e+01
-9.670947534371565624e-02 -1.962167069611362535e+01
-9.964006550564641351e-02 -1.961793101842610199e+01
-1.025706556675771708e-01 -1.961815315157360473e+01
-1.055012458295081501e-01 -1.961445679926580610e+01
-1.084318359914386853e-01 -1.961472587689544511e+01
-1.113624261533694426e-01 -1.961107160325326859e+01
-1.142930163153001999e-01 -1.961138669428591541e+01
-1.172236064772311792e-01 -1.960777333347886753e+01
-1.201541966391619365e-01 -1.960813346126401413e+01
-1.230847868010926938e-01 -1.960455981542417092e+01
-1.260153769630232290e-01 -1.960496407061589963e+01
-1.289459671249539863e-01 -1.960142894462740770e+01
-1.318765572868849656e-01 -1.960187638287805001e+01
-1.348071474488157229e-01 -1.959837859596075660e+01
-1.377377376107464801e-01 -1.959886831566375420e+01
-1.406683277726774595e-01 -1.959540671406750434e+01
-1.435989179346082167e-01 -1.959593786411291916e+01
-1.465295080965387520e-01 -1.959251135169294145e+01
-1.494600982584695092e-01 -1.959308317534926758e+01
-1.523906884204002665e-01 -1.958969073437137354e+01
-1.553212785823312458e-01 -1.959030238525475198e+01
-1.582518687442620031e-01 -1.958694290990679576e+01
-1.611824589061927604e-01 -1.958759365013568754e+01
-1.641130490681237397e-01 -1.958426613725460896e+01
-1.670436392300540529e-01 -1.958495517463019908e+01
-1.699742293919850322e-01 -1.958165858754594169e+01
-1.729048195539157895e-01 -1.958238517735989248e+01
-1.758354097158465468e-01 -1.957911853344268494e+01
-1.787659998777775261e-01 -1.957988199323954959e+01
-1.816965900397082834e-01 -1.957664432127830523e+01
-1.846271802016390406e-01 -1.957744395111430791e+01
-1.875577703635695759e-01 -1.957423427390883575e+01
-1.904883605255003332e-01 -1.957506935329190156e+01
-1.934189506874313125e-01 -1.957188669797913505e+01
-1.963495408493620697e-01 -1.957275660695098907e+01
-1.992801310112928270e-01 -1.956960006370140803e+01
-2.022107211732238063e-01 -1.957050418114821255e+01
-2.051413113351541195e-01 -1.956737287221204369e+01
-2.080719014970850989e-01 -1.956831059396913020e+01
-2.110024916590158561e-01 -1.956520361097956950e+01
-2.139330818209466134e-01 -1.956617434672207523e+01
-2.168636719828775927e-01 -1.956309085622508093e+01
-2.197942621448083500e-01 -1.956409402170066159e+01
-2.227248523067391073e-01 -1.956103313170616076e+01
-2.256554424686696425e-01 -1.956206819274185449e+01
-2.285860326306003998e-01 -1.955902905457557495e+01
-2.315166227925313791e-01 -1.956009544214353468e+01
-2.344472129544621364e-01 -1.955707722585518482e+01
-2.373778031163928937e-01 -1.955817437632553890e+01
-2.403083932783238730e-01 -1.955517624028311374e+01
-2.432389834402546303e-01 -1.955630368505331518e+01
-2.461695736021851655e-01 -1.955332486596002539e+01
-2.491001637641159228e-01 -1.955448203101644822e+01
-2.520307539260466800e-01 -1.955152154312549584e+01
-2.549613440879776594e-01 -1.955270823352646303e+01
-2.578919342499084166e-01 -1.954976589266514253e+01
-2.608225244118391739e-01 -1.955098078159218744e+01
-2.637531145737697091e-01 -1.954805406254495281e+01
-2.666837047357004664e-01 -1.954929494530124146e+01
-2.696142948976314457e-01 -1.954638343406734080e+01
-2.725448850595622030e-01 -1.954765998251657422e+01
-2.754754752214929603e-01 -1.954476938661755270e+01
-2.784060653834239396e-01 -1.954606908983971181e+01
-2.813366555453546969e-01 -1.954319055134229188e+01
-2.842672457072852321e-01 -1.954451765317075029e+01
-2.871978358692159894e-01 -1.954165310764907204e+01
-2.901284260311469687e-01 -1.954300711433896609e+01
-2.930590161930777260e-01 -1.954015586934904647e+01
-2.959896063550084833e-01 -1.954153637944177646e+01
-2.989201965169392405e-01 -1.953869786263627617e+01
-3.018507866788702199e-01 -1.954010460259617687e+01
-3.047813768408007551e-01 -1.953727815606452722e+01
-3.077119670027315124e-01 -1.953871078872858646e+01
-3.106425571646622696e-01 -1.953589575412738100e+01
-3.135731473265932490e-01 -1.953735394861559982e+01
-3.165037374885240062e-01 -1.953454966834746642e+01
-3.194343276504547635e-01 -1.953603317740830292e+01
-3.223649178123852987e-01 -1.953323902262850353e+01
-3.252955079743160560e-01 -1.953474755794787754e+01
-3.282260981362470353e-01 -1.953196286117938030e+01
-3.311566882981777926e-01 -1.953349611347160675e+01
-3.340872784601085499e-01 -1.953072023556497783e+01
-3.370178686220395292e-01 -1.953227801211595605e+01
-3.399484587839702865e-01 -1.952951042326021636e+01
-3.428790489459008217e-01 -1.953109244458021010e+01
-3.458096391078315790e-01 -1.952833245708865917e+01
-3.487402292697623363e-01 -1.952993848556564771e+01
-3.516708194316933156e-01 -1.952718552595218071e+01
-3.546014095936240729e-01 -1.952881533952193038e+01
-3.575319997555548301e-01 -1.952606877236620520e+01
-3.604625899174858095e-01 -1.952772221079951720e+01
-3.633931800794161227e-01 -1.952498149959390261e+01
-3.663237702413471020e-01 -1.952665831522553574e+01
-3.692543604032778592e-01 -1.952392286591147652e+01
-3.721849505652086165e-01 -1.952562289904063419e+01
-3.751155407271395958e-01 -1.952289214809538365e+01
-3.780461308890703531e-01 -1.952461524338598409e+01
-3.809767210510008884e-01 -1.952188859856368452e+01
-3.839073112129316456e-01 -1.952363462741730871e+01
-3.868379013748624029e-01 -1.952091154858676703e+01
-3.897684915367933822e-01 -1.952268035856439710e+01
-3.926990816987241395e-01 -1.951996028393633154e+01
-3.956296718606548968e-01 -1.952175176583324756e+01
-3.985602620225858761e-01 -1.951903413449089442e+01
-4.014908521845161893e-01 -1.952084816378425103e+01
-4.044214423464471686e-01 -1.951813243326601111e+01
-4.073520325083779259e-01 -1.951996890363940551e+01
-4.102826226703086832e-01 -1.951725452805455419e+01
-4.132132128322396625e-01 -1.951911336471940217e+01
-4.161438029941704198e-01 -1.951639983830637703e+01
-4.190743931561011770e-01 -1.951828091012463062e+01
-4.220049833180317123e-01 -1.951556766033504786e+01
-4.249355734799624695e-01 -1.951747091449464477e+01
-4.278661636418934489e-01 -1.951475741585421986e+01
-4.307967538038242061e-01 -1.951668279079402879e+01
-4.337273439657551855e-01 -1.951396852602464094e+01
-4.366579341276857207e-01 -1.951591601524761543e+01
-4.395885242896167000e-01 -1.951320042487688866e+01
-4.425191144515472352e-01 -1.951517003516170945e+01
-4.454497046134782146e-01 -1.951245268131338761e+01
-4.483802947754087498e-01 -1.951444434598242239e+01
-4.513108849373397291e-01 -1.951172470895090427e+01
-4.542414750992707084e-01 -1.951373835437545168e+01
-4.571720652612012437e-01 -1.951101587763510992e+01
-4.601026554231317789e-01 -1.951305152873662507e+01
-4.630332455850627582e-01 -1.951032566957896819e+01
-4.659638357469932934e-01 -1.951238331589847519e+01
-4.688944259089242728e-01 -1.950965357532096789e+01
-4.718250160708552521e-01 -1.951173327206384300e+01
-4.747556062327857873e-01 -1.950899913670670927e+01
-4.776861963947167666e-01 -1.951110098772776880e+01
-4.806167865566473019e-01 -1.950836201133929038e+01
-4.835473767185782812e-01 -1.951048602749650840e+01
-4.864779668805088164e-01 -1.950774170999535784e+01
-4.894085570424397957e-01 -1.950988790301842002e+01
-4.923391472043707751e-01 -1.950713766633058555e+01
-4.952697373663013103e-01 -1.950930610990736014e+01
-4.982003275282322896e-01 -1.950654942903362254e+01
-5.011309176901628248e-01 -1.950874021196138486e+01
-5.040615078520933601e-01 -1.950597664068803994e+01
-5.069920980140243394e-01 -1.950818989606275622e+01
-5.099226881759553187e-01 -1.950541897634926869e+01
-5.128532783378858539e-01 -1.950765479344532238e+01
-5.157838684998168333e-01 -1.950487594546417114e+01
-5.187144586617473685e-01 -1.950713439416473349e+01
-5.216450488236783478e-01 -1.950434710149076523e+01
-5.245756389856088830e-01 -1.950662831005088549e+01
-5.275062291475398624e-01 -1.950383209173848087e+01
-5.304368193094708417e-01 -1.950613620371145274e+01
-5.333674094714013769e-01 -1.950333052825312663e+01
-5.362979996333323562e-01 -1.950565760087824074e+01
-5.392285897952628915e-01 -1.950284194490465950e+01
-5.421591799571934267e-01 -1.950519247253399513e+01
-5.450897701191244060e-01 -1.950236681399445970e+01
-5.480203602810553853e-01 -1.950473987987286151e+01
-5.509509504429859206e-01 -1.950190244907796000e+01
-5.538815406049168999e-01 -1.950429954720346615e+01
-5.568121307668478792e-01 -1.950145082394845275e+01
-5.597427209287784144e-01 -1.950387182398425878e+01
-5.626733110907089497e-01 -1.950101103927389090e+01
-5.656039012526399290e-01 -1.950345598389512247e+01
-5.685344914145709083e-01 -1.950058257776627002e+01
-5.714650815765014435e-01 -1.950305168737909156e+01
-5.743956717384324229e-01 -1.950016518123309694e+01
-5.773262619003629581e-01 -1.950265876617316607e+01
-5.802568520622939374e-01 -1.949975871189815635e+01
-5.831874422242244727e-01 -1.950227702620810533e+01
-5.861180323861554520e-01 -1.949936284255368690e+01
-5.890486225480859872e-01 -1.950190601806885482e+01
-5.919792127100169665e-01 -1.949897704174914992e+01
-5.949098028719479458e-01 -1.950154540520421165e+01
-5.978403930338784811e-01 -1.949860113894992608e+01
-6.007709831958090163e-01 -1.950119498497910442e+01
-6.037015733577399956e-01 -1.949823489244846897e+01
-6.066321635196709749e-01 -1.950085449927022907e+01
-6.095627536816015102e-01 -1.949787799144805689e+01
-6.124933438435324895e-01 -1.950052361977056137e+01
-6.154239340054634688e-01 -1.949753012281351161e+01
-6.183545241673940041e-01 -1.950020204552365044e+01
-6.212851143293245393e-01 -1.949719090699599278e+01
-6.242157044912555186e-01 -1.949988949777686642e+01
-6.271462946531864979e-01 -1.949686018016505429e+01
-6.300768848151170332e-01 -1.949958581768928667e+01
-6.330074749770480125e-01 -1.949653774210188928e+01
-6.359380651389785477e-01 -1.949929076447106269e+01
-6.388686553009090829e-01 -1.949622333575321775e+01
-6.417992454628400623e-01 -1.949900420189248607e+01
-6.447298356247710416e-01 -1.949591691361215950e+01
-6.476604257867015768e-01 -1.949872599574449694e+01
-6.505910159486325561e-01 -1.949561818220143650e+01
-6.535216061105635355e-01 -1.949845585738756881e+01
-6.564521962724940707e-01 -1.949532678310446698e+01
-6.593827864344246059e-01 -1.949819349690411485e+01
-6.623133765963555852e-01 -1.949504259871271117e+01
-6.652439667582865646e-01 -1.949793871890055641e+01
-6.681745569202170998e-01 -1.949476528668610342e+01
-6.711051470821480791e-01 -1.949769127775465805e+01
-6.740357372440790584e-01 -1.949449468339177471e+01
-6.769663274060091496e-01 -1.949745105517454036e+01
-6.798969175679401289e-01 -1.949423066142333383e+01
-6.828275077298711082e-01 -1.949721787112365590e+01
-6.857580978918016434e-01 -1.949397296563187254e+01
-6.886886880537326228e-01 -1.949699157385009229e+01
-6.916192782156636021e-01 -1.949372149136854659e+01
-6.945498683775941373e-01 -1.949677207293853343e+01
-6.974804585395246725e-01 -1.949347614536148754e+01
-7.004110487014556519e-01 -1.949655910550811200e+01
-7.033416388633866312e-01 -1.949323649025123828e+01
-7.062722290253171664e-01 -1.949635237824052325e+01
-7.092028191872481457e-01 -1.949300231435401898e+01
-7.121334093491791251e-01 -1.949615177909911523e+01
-7.150639995111092162e-01 -1.949277357979756786e+01
-7.179945896730401955e-01 -1.949595721693552974e+01
-7.209251798349711748e-01 -1.949255018625873959e+01
-7.238557699969017101e-01 -1.949576864416256328e+01
-7.267863601588326894e-01 -1.949233192542366666e+01
-7.297169503207636687e-01 -1.949558580902714411e+01
-7.326475404826942039e-01 -1.949211861072397767e+01
-7.355781306446247392e-01 -1.949540862373429917e+01
-7.385087208065557185e-01 -1.949191012637902887e+01
-7.414393109684866978e-01 -1.949523685746159885e+01
-7.443699011304172330e-01 -1.949170616204566997e+01
-7.473004912923482124e-01 -1.949507038074853327e+01
-7.502310814542791917e-01 -1.949150665006924399e+01
-7.531616716162097269e-01 -1.949490907442113397e+01
-7.560922617781402622e-01 -1.949131144265560067e+01
-7.590228519400712415e-01 -1.949475285187086371e+01
-7.619534421020017767e-01 -1.949112044046628966e+01
-7.648840322639327560e-01 -1.949460157263652249e+01
-7.678146224258637353e-01 -1.949093341296470072e+01
-7.707452125877942706e-01 -1.949445508355275081e+01
-7.736758027497248058e-01 -1.949075022759330622e+01
-7.766063929116557851e-01 -1.949431326976001344e+01
-7.795369830735867644e-01 -1.949057078664785436e+01
-7.824675732355172997e-01 -1.949417610828164626e+01
-7.853981633974482790e-01 -1.949039498614651222e+01
-7.883287535593792583e-01 -1.949404349122123747e+01
-7.912593437213097936e-01 -1.949022278977347611e+01
-7.941899338832403288e-01 -1.949391537179711520e+01
-7.971205240451713081e-01 -1.949005397078133228e+01
-8.000511142071022874e-01 -1.949379154300702410e+01
-8.029817043690328227e-01 -1.948988830934971617e+01
-8.059122945309638020e-01 -1.949367186593795864e+01
-8.088428846928947813e-01 -1.948972571128493314e+01
-8.117734748548253165e-01 -1.949355608610130020e+01
-8.147040650167558518e-01 -1.948956573854648155e+01
-8.176346551786868311e-01 -1.949344430733872713e+01
-8.205652453406173663e-01 -1.948940864783615012e+01
-8.234958355025483456e-01 -1.949333538934974897e+01
-8.264264256644793250e-01 -1.948925287607391255e+01
-8.293570158264098602e-01 -1.949322626293963978e+01
-8.322876059883403954e-01 -1.948910063453147856e+01
-8.352181961502713747e-01 -1.949312927882861501e+01
-8.381487863122023541e-01 -1.948894908409448590e+01
-8.410793764741328893e-01 -1.949303147306732598e+01
-8.440099666360638686e-01 -1.948880275235867288e+01
-8.469405567979948479e-01 -1.949293877961702037e+01
-8.498711469599253832e-01 -1.948865860601429745e+01
-8.528017371218559184e-01 -1.949284954596769026e+01
-8.557323272837868977e-01 -1.948851625858882386e+01
-8.586629174457174329e-01 -1.949276364772844516e+01
-8.615935076076484123e-01 -1.948837593410681635e+01
-8.645240977695793916e-01 -1.949268109254155590e+01
-8.674546879315099268e-01 -1.948823739272736333e+01
-8.703852780934409061e-01 -1.949260182093779292e+01
-8.733158682553714414e-01 -1.948810069988611815e+01
-8.762464584173024207e-01 -1.949252576807970883e+01
-8.791770485792329559e-01 -1.948796557168261501e+01
-8.821076387411639352e-01 -1.949245280365436983e+01
-8.850382289030949146e-01 -1.948783190423435485e+01
-8.879688190650254498e-01 -1.949238292590606392e+01
-8.908994092269559850e-01 -1.948769962806852263e+01
-8.938299993888869643e-01 -1.949231620197587844e+01
-8.967605895508174996e-01 -1.948756890835342048e+01
-8.996911797127484789e-01 -1.949225265218925074e+01
-9.026217698746794582e-01 -1.948743948574594143e+01
-9.055523600366099934e-01 -1.949219204364871416e+01
-9.084829501985409728e-01 -1.948731105792221285e+01
-9.114135403604715080e-01 -1.949213424198089939e+01
-9.143441305224024873e-01 -1.948718353050390206e+01
-9.172747206843330225e-01 -1.949207930168235237e+01
-9.202053108462640019e-01 -1.948705692830593605e+01
-9.231359010081949812e-01 -1.949202727316190220e+01
-9.260664911701255164e-01 -1.948693121500591730e+01
-9.289970813320564957e-01 -1.949197811255307045e+01
-9.319276714939870310e-01 -1.948680618238140383e+01
-9.348582616559175662e-01 -1.949193173933544188e+01
-9.377888518178485455e-01 -1.948668173088353939e+01
-9.407194419797795248e-01 -1.949188814482660348e+01
-9.436500321417100601e-01 -1.948655776657297167e+01
-9.465806223036410394e-01 -1.949184730610749128e+01
-9.495112124655720187e-01 -1.948643417307596337e+01
-9.524418026275025539e-01 -1.949180913417893635e+01
-9.553723927894330892e-01 -1.948631075318025196e+01
-9.583029829513640685e-01 -1.949177358369574975e+01
-9.612335731132950478e-01 -1.948618742127828796e+01
-9.641641632752255830e-01 -1.949174070311374507e+01
-9.670947534371565624e-01 -1.948606410622567608e+01
-9.700253435990870976e-01 -1.949171048265340289e+01
-9.729559337610180769e-01 -1.948594070440331194e+01
-9.758865239229486122e-01 -1.949168284529223527e+01
-9.788171140848795915e-01 -1.948581696459746837e+01
-9.817477042468105708e-01 -1.949165777473104555e+01
-9.846782944087411060e-01 -1.948569288247123055e+01
-9.876088845706720853e-01 -1.949163538889916580e+01
-9.905394747326026206e-01 -1.948556842639110087e+01
-9.934700648945331558e-01 -1.949161565954179309e+01
-9.964006550564641351e-01 -1.948544334890810248e+01
-9.993312452183951144e-01 -1.949159856160472160e+01
-1.002261835380325650e+00 -1.948531751899023234e+01
-1.005192425542256629e+00 -1.949158407783919245e+01
-1.008123015704187608e+00 -1.948519083746105807e+01
-1.011053605866118144e+00 -1.949157223278527695e+01
-1.013984196028048679e+00 -1.948506319082164850e+01
-1.016914786189979658e+00 -1.949156306608152889e+01
-1.019845376351910637e+00 -1.948493442299436751e+01
-1.022775966513841173e+00 -1.949155654839600871e+01
-1.025706556675772152e+00 -1.948480430242525685e+01
-1.028637146837702687e+00 -1.949155267137206238e+01
-1.031567736999633222e+00 -1.948467272497166292e+01
-1.034498327161564202e+00 -1.949155145975126047e+01
-1.037428917323495181e+00 -1.948453949740511604e+01
-1.040359507485425716e+00 -1.949155292779359883e+01
-1.043290097647356696e+00 -1.948440446333544074e+01
-1.046220687809287675e+00 -1.949155718094059253e+01
-1.049151277971218210e+00 -1.948426754868760469e+01
-1.052081868133148745e+00 -1.949156423878453026e+01
-1.055012458295079725e+00 -1.948412852585380861e+01
-1.057943048457010704e+00 -1.949157416329059345e+01
-1.060873638618941239e+00 -1.948398723279619915e+01
-1.063804228780872219e+00 -1.949158701806443261e+01
-1.066734818942803198e+00 -1.948384353036878736e+01
-1.069665409104733289e+00 -1.949160286750588256e+01
-1.072595999266664268e+00 -1.948369723648487906e+01
-1.075526589428595248e+00 -1.949162175072155634e+01
-1.078457179590525783e+00 -1.948354801309357143e+01
-1.081387769752456762e+00 -1.949164366989069208e+01
-1.084318359914387742e+00 -1.948339563235079552e+01
-1.087248950076318277e+00 -1.949166864601462379e+01
-1.090179540238248812e+00 -1.948323981584692532e+01
-1.093110130400179791e+00 -1.949169681221838957e+01
-1.096040720562110771e+00 -1.948308052607242757e+01
-1.098971310724041306e+00 -1.949172801664746046e+01
-1.101901900885972285e+00 -1.948291685611158996e+01
-1.104832491047903265e+00 -1.949176276312810074e+01
-1.107763081209833356e+00 -1.948274966656854090e+01
-1.110693671371764335e+00 -1.949180034977792175e+01
-1.113624261533695314e+00 -1.948257860129203323e+01
-1.116554851695625850e+00 -1.949184238310900597e+01
-1.119485441857556829e+00 -1.948239903782872062e+01
-1.122416032019487808e+00 -1.949188497879922011e+01
-1.125346622181418343e+00 -1.948221565667664734e+01
-1.128277212343348879e+00 -1.949193320571866650e+01
-1.131207802505279858e+00 -1.948202806021976485e+01
-1.134138392667210837e+00 -1.949198578159971973e+01
-1.137068982829141373e+00 -1.948183473470883342e+01
-1.139999572991072352e+00 -1.949204247009635438e+01
-1.142930163153003331e+00 -1.948163530712572111e+01
-1.145860753314933866e+00 -1.949210345301908731e+01
-1.148791343476864402e+00 -1.948142937530170471e+01
-1.151721933638795381e+00 -1.949216886602914656e+01
-1.154652523800725916e+00 -1.948121646872805357e+01
-1.157583113962656896e+00 -1.949223892620019782e+01
-1.160513704124587875e+00 -1.948099619083194156e+01
-1.163444294286518410e+00 -1.949231384336752626e+01
-1.166374884448448945e+00 -1.948076801580844020e+01
-1.169305474610379925e+00 -1.949239382425778899e+01
-1.172236064772310904e+00 -1.948053140046470233e+01
-1.175166654934241439e+00 -1.949247914159957418e+01
-1.178097245096172418e+00 -1.948028580023328615e+01
-1.181027835258103398e+00 -1.949257004402199911e+01
-1.183958425420033933e+00 -1.948003061911864719e+01
-1.186889015581964468e+00 -1.949266679596671636e+01
-1.189819605743895448e+00 -1.947976517067016999e+01
-1.192750195905826427e+00 -1.949276976595006516e+01
-1.195680786067756962e+00 -1.947948883659703156e+01
-1.198611376229687941e+00 -1.949287922995117839e+01
-1.201541966391618921e+00 -1.947920073162228149e+01
-1.204472556553549456e+00 -1.949299553498527615e+01
-1.207403146715479991e+00 -1.947890006340673708e+01
-1.210333736877410971e+00 -1.949311907085439444e+01
-1.213264327039341506e+00 -1.947858594663773246e+01
-1.216194917201272485e+00 -1.949325024288572195e+01
-1.219125507363203464e+00 -1.947825741896630802e+01
-1.222056097525134000e+00 -1.949338958313134640e+01
-1.224986687687064535e+00 -1.947791351415661865e+01
-1.227917277848995514e+00 -1.949353766699954349e+01
-1.230847868010926494e+00 -1.947755319606110547e+01
-1.233778458172857029e+00 -1.949369507061339135e+01
-1.236709048334788008e+00 -1.947717518949362159e+01
-1.239639638496718987e+00 -1.949386237766760743e+01
-1.242570228658649523e+00 -1.947677816672246820e+01
-1.245500818820580058e+00 -1.949404016433094000e+01
-1.248431408982511037e+00 -1.947636051648730060e+01
-1.251361999144441572e+00 -1.949422911533796920e+01
-1.254292589306372552e+00 -1.947592073480415920e+01
-1.257223179468303531e+00 -1.949443010265060039e+01
-1.260153769630234066e+00 -1.947545717901112639e+01
-1.263084359792165046e+00 -1.949464414068257057e+01
-1.266014949954095581e+00 -1.947496805518784413e+01
-1.268945540116026560e+00 -1.949487215158877973e+01
-1.271876130277957095e+00 -1.947445112636041031e+01
-1.274806720439888075e+00 -1.949511513766828230e+01
-1.277737310601819054e+00 -1.947390414591474794e+01
-1.280667900763749589e+00 -1.949537431029597556e+01
-1.283598490925680125e+00 -1.947332459570920449e+01
-1.286529081087611104e+00 -1.949565090455828198e+01
-1.289459671249541639e+00 -1.947270956092530980e+01
-1.292390261411472618e+00 -1.949594637429144939e+01
-1.295320851573403598e+00 -1.947205609549865102e+01
-1.298251441735334133e+00 -1.949626246387572337e+01
-1.301182031897265112e+00 -1.947136092247650296e+01
-1.304112622059195647e+00 -1.949660097851095131e+01
-1.307043212221126627e+00 -1.947062013233273348e+01
-1.309973802383057162e+00 -1.949696385145610833e+01
-1.312904392544988141e+00 -1.946982949199308877e+01
-1.315834982706919121e+00 -1.949735334477473003e+01
-1.318765572868849656e+00 -1.946898432625808439e+01
-1.321696163030780635e+00 -1.949777194559597859e+01
-1.324626753192711170e+00 -1.946807920258292413e+01
-1.327557343354641706e+00 -1.949822216462213476e+01
-1.330487933516572685e+00 -1.946710767597615543e+01
-1.333418523678503664e+00 -1.949870621037440444e+01
-1.336349113840434200e+00 -1.946606146847181762e+01
-1.339279704002365179e+00 -1.949922715148136732e+01
-1.342210294164295714e+00 -1.946493497804994632e+01
-1.345140884326226693e+00 -1.949979041676055047e+01
-1.348071474488157229e+00 -1.946371910691221174e+01
-1.351002064650088208e+00 -1.950040294953222286e+01
-1.353932654812019187e+00 -1.946240964287866859e+01
-1.356863244973949723e+00 -1.950107005105840230e+01
-1.359793835135880702e+00 -1.946098952726542919e+01
-1.362724425297811237e+00 -1.950179600906536947e+01
-1.365655015459742216e+00 -1.945944883903806755e+01
-1.368585605621672752e+00 -1.950258574029755465e+01
-1.371516195783603731e+00 -1.945776782118230486e+01
-1.374446785945534266e+00 -1.950344718991284410e+01
-1.377377376107465246e+00 -1.945593312571708466e+01
-1.380307966269396225e+00 -1.950439061352345149e+01
-1.383238556431326760e+00 -1.945392462409697032e+01
-1.386169146593257295e+00 -1.950542662931968607e+01
-1.389099736755188275e+00 -1.945171988610473335e+01
-1.392030326917119254e+00 -1.950656713282940302e+01
-1.394960917079049789e+00 -1.944929171591661188e+01
-1.397891507240980769e+00 -1.950782621865951683e+01
-1.400822097402911304e+00 -1.944660793395809151e+01
-1.403752687564842283e+00 -1.950922164300064310e+01
-1.406683277726772818e+00 -1.944363378811301857e+01
-1.409613867888703798e+00 -1.951077336323244893e+01
-1.412544458050634777e+00 -1.944032305274370742e+01
-1.415475048212565312e+00 -1.951250471540621945e+01
-1.418405638374496291e+00 -1.943662302183627588e+01
-1.421336228536426827e+00 -1.951444470607904691e+01
-1.424266818698357362e+00 -1.943247211492343496e+01
-1.427197408860288341e+00 -1.951662836850618277e+01
-1.430127999022219321e+00 -1.942779122957625404e+01
-1.433058589184149856e+00 -1.951909729413565842e+01
-1.435989179346080835e+00 -1.942248692938494870e+01
-1.438919769508011814e+00 -1.952190373708596738e+01
-1.441850359669942350e+00 -1.941644258352268437e+01
-1.444780949831872885e+00 -1.952511175880369265e+01
-1.447711539993803864e+00 -1.940951421597569748e+01
-1.450642130155734844e+00 -1.952880149268286303e+01
-1.453572720317665379e+00 -1.940151978225215146e+01
-1.456503310479596358e+00 -1.953307364031566706e+01
-1.459433900641527337e+00 -1.939222767566840844e+01
-1.462364490803457429e+00 -1.953805776419663331e+01
-1.465295080965388408e+00 -1.938134256613406592e+01
-1.468225671127319387e+00 -1.954392102952320798e+01
-1.471156261289249922e+00 -1.936847565165176732e+01
-1.474086851451180902e+00 -1.955088227265172662e+01
-1.477017441613111881e+00 -1.935311538050268965e+01
-1.479948031775042416e+00 -1.955923336844156424e+01
-1.482878621936972952e+00 -1.933457221654281000e+01
-1.485809212098903931e+00 -1.956937053562743145e+01
-1.488739802260834910e+00 -1.931189953765460032e+01
-1.491670392422765445e+00 -1.958184160094845794e+01
-1.494600982584696425e+00 -1.928377554507578040e+01
-1.497531572746627404e+00 -1.959741940327386800e+01
-1.500462162908557495e+00 -1.924828807249908635e+01
-1.503392753070488475e+00 -1.961723894325122686e+01
-1.506323343232419454e+00 -1.920265748888017399e+01
-1.509253933394349989e+00 -1.964294981955388764e+01
-1.512184523556280968e+00 -1.914245483402619286e+01
-1.515115113718211948e+00 -1.967731059073706135e+01
-1.518045703880142483e+00 -1.906133077852306457e+01
-1.520976294042073018e+00 -1.972401216266777979e+01
-1.523906884204003997e+00 -1.894591465305971667e+01
-1.526837474365934977e+00 -1.979246801845069825e+01
-1.529768064527865512e+00 -1.878343555848686819e+01
-1.532698654689796491e+00 -1.988732428237205241e+01
-1.535629244851727471e+00 -1.850499334310267230e+01
-1.538559835013658006e+00 -2.006932893665240059e+01
-1.541490425175588541e+00 -1.814694172417788920e+01
-1.544421015337519520e+00 -2.025630361995048645e+01
-1.547351605499450056e+00 -1.701711101963042339e+01
-1.550282195661381035e+00 -2.119306117742818429e+01
-1.553212785823312014e+00 -1.652847191549933115e+01
-1.556143375985242550e+00 -2.077823844214497484e+01
-1.559073966147173085e+00 -5.034251659564819015e+00
-1.562004556309104064e+00 -3.417672612647493224e+01
-1.564935146471035043e+00 -1.909004394333506127e+01
-1.567865736632965579e+00 2.264967552993688926e+01
-1.570796326794896558e+00 -7.443010696246963676e+01
