1.570796326794896558e+00 -3.844494902862545103e+06
1.567865736632965801e+00 -1.010832836291618459e+07
1.564935146471035043e+00 -1.082346681551544182e+07
1.562004556309104286e+00 -9.722947861360061914e+06
1.559073966147173529e+00 -1.038262582027276047e+07
1.556143375985242772e+00 -9.804852337847586721e+06
1.553212785823311792e+00 -1.001971720388813689e+07
1.550282195661381035e+00 -9.758959265146877617e+06
1.547351605499450278e+00 -9.845688317443024367e+06
1.544421015337519520e+00 -9.653619480047037825e+06
1.541490425175588763e+00 -9.669841328166596591e+06
1.538559835013658006e+00 -9.510115118621980771e+06
1.535629244851727249e+00 -9.484620800183350220e+06
1.532698654689796491e+00 -9.334727885292101651e+06
1.529768064527865734e+00 -9.279442516576506197e+06
1.526837474365934977e+00 -9.131698727601611987e+06
1.523906884204004220e+00 -9.053743063170507550e+06
1.520976294042073240e+00 -8.903972935588499531e+06
1.518045703880142483e+00 -8.807818983260380104e+06
1.515115113718211726e+00 -8.654263697425339371e+06
1.512184523556280968e+00 -8.543160991628015414e+06
1.509253933394350211e+00 -8.385162639361581765e+06
1.506323343232419454e+00 -8.261658925156003796e+06
1.503392753070488697e+00 -8.099239384100902826e+06
1.500462162908557939e+00 -7.965473022683808580e+06
1.497531572746627182e+00 -7.799045311526250094e+06
1.494600982584696425e+00 -7.656888383130036294e+06
1.491670392422765667e+00 -7.487103560025216080e+06
1.488739802260834910e+00 -7.338240348236655816e+06
1.485809212098903931e+00 -7.165886855732213706e+06
1.482878621936973174e+00 -7.011855328615481034e+06
1.479948031775042416e+00 -6.837793267711915076e+06
1.477017441613111659e+00 -6.680007162289482541e+06
1.474086851451180902e+00 -6.505122388327047229e+06
1.471156261289250144e+00 -6.344882493200799450e+06
1.468225671127319387e+00 -6.170053915618484840e+06
1.465295080965388630e+00 -6.008553592289409600e+06
1.462364490803457873e+00 -5.834629509625746869e+06
1.459433900641527115e+00 -5.672957425044120289e+06
1.456503310479596358e+00 -5.500738472038744017e+06
1.453572720317665379e+00 -5.339880142949334346e+06
1.450642130155734622e+00 -5.170107232655713335e+06
1.447711539993803864e+00 -5.010946440328697674e+06
1.444780949831873107e+00 -4.844292647771917284e+06
1.441850359669942350e+00 -4.687613263641314581e+06
1.438919769508011592e+00 -4.524678895698442124e+06
1.435989179346080835e+00 -4.371167371371359564e+06
1.433058589184150078e+00 -4.212477587761090137e+06
1.430127999022219321e+00 -4.062726200274354778e+06
1.427197408860288563e+00 -3.908730702512021642e+06
1.424266818698357806e+00 -3.763241620564163662e+06
1.421336228536426827e+00 -3.614316039803326596e+06
1.418405638374496069e+00 -3.473505991778897122e+06
1.415475048212565312e+00 -3.329954529996467754e+06
1.412544458050634555e+00 -3.194160132619533688e+06
1.409613867888703798e+00 -3.056219220636869315e+06
1.406683277726773040e+00 -2.925702689064851962e+06
1.403752687564842283e+00 -2.793545471034856513e+06
1.400822097402911526e+00 -2.668500600293671247e+06
1.397891507240980769e+00 -2.542241795770368539e+06
1.394960917079050011e+00 -2.422800154657526407e+06
1.392030326917119254e+00 -2.302501310516741127e+06
1.389099736755188275e+00 -2.188738449191354215e+06
1.386169146593257517e+00 -2.074413312402480515e+06
1.383238556431326760e+00 -1.966354884930593893e+06
1.380307966269396003e+00 -1.857974780179441907e+06
1.377377376107465246e+00 -1.755602502622686094e+06
1.374446785945534488e+00 -1.653101613140037050e+06
1.371516195783603731e+00 -1.556358986827577464e+06
1.368585605621672974e+00 -1.459639436065838672e+06
1.365655015459742216e+00 -1.368437160388168180e+06
1.362724425297811459e+00 -1.277373835869906703e+06
1.359793835135880702e+00 -1.191594870309924940e+06
1.356863244973949723e+00 -1.106039938821409130e+06
1.353932654812018965e+00 -1.025544199926725356e+06
1.351002064650088208e+00 -9.453312924370004330e+05
1.348071474488157451e+00 -8.699599576915259240e+05
1.345140884326226693e+00 -7.949079837226092350e+05
1.342210294164295936e+00 -7.244873885565190576e+05
1.339279704002365179e+00 -6.544040044289929792e+05
1.336349113840434422e+00 -5.887491564353606664e+05
1.333418523678503664e+00 -5.234338592880879296e+05
1.330487933516572907e+00 -4.623515571861507487e+05
1.327557343354642150e+00 -4.015984347302484093e+05
1.324626753192711170e+00 -3.448900297893359675e+05
1.321696163030780635e+00 -2.884901585953852627e+05
1.318765572868849656e+00 -2.359539520469247655e+05
1.315834982706918899e+00 -1.836975002748270927e+05
1.312904392544988141e+00 -1.351308286263320770e+05
1.309973802383057384e+00 -8.680884561126786866e+04
1.307043212221126627e+00 -4.200985759130665247e+04
1.304112622059195870e+00 2.584211649269298505e+03
1.301182031897265112e+00 4.381505822505982360e+04
1.298251441735334355e+00 8.488409230272752757e+04
1.295320851573403598e+00 1.227427738100299612e+05
1.292390261411472618e+00 1.604849432217669091e+05
1.289459671249542083e+00 1.951628564065559185e+05
1.286529081087611104e+00 2.297707711227332184e+05
1.283598490925680347e+00 2.614538944333049003e+05
1.280667900763749589e+00 2.931139551358243916e+05
1.277737310601818832e+00 3.219822257970361970e+05
1.274806720439888075e+00 3.508741121539269807e+05
1.271876130277957317e+00 3.771009222758386750e+05
1.268945540116026560e+00 4.033972390366916079e+05
1.266014949954095803e+00 4.271490979436888592e+05
1.263084359792165046e+00 4.510151208443042706e+05
1.260153769630234066e+00 4.724514072721229168e+05
1.257223179468303531e+00 4.940449504997017793e+05
1.254292589306372552e+00 5.133177905984458630e+05
1.251361999144441794e+00 5.327891560558241326e+05
1.248431408982511037e+00 5.500433756617134204e+05
1.245500818820580280e+00 5.675353666179043939e+05
1.242570228658649523e+00 5.829085152003922267e+05
1.239639638496718765e+00 5.985565293122287840e+05
1.236709048334788008e+00 6.121789617073151749e+05
1.233778458172857251e+00 6.261111128382619936e+05
1.230847868010926494e+00 6.381061258039941313e+05
1.227917277848995514e+00 6.504434260191115318e+05
1.224986687687064979e+00 6.609274290393415140e+05
1.222056097525134000e+00 6.717839902291995240e+05
1.219125507363203242e+00 6.808667028039677534e+05
1.216194917201272485e+00 6.903499706112828571e+05
1.213264327039341728e+00 6.981346592274010181e+05
1.210333736877410971e+00 7.063456574233062565e+05
1.207403146715480213e+00 7.129293690607235767e+05
1.204472556553549456e+00 7.199629594930883031e+05
1.201541966391618699e+00 7.254367842386637349e+05
1.198611376229687941e+00 7.313819372958621243e+05
1.195680786067756962e+00 7.358312646546261385e+05
1.192750195905826427e+00 7.407713378665025812e+05
1.189819605743895448e+00 7.442761294842134230e+05
1.186889015581964912e+00 7.482891370654113125e+05
1.183958425420033933e+00 7.509241938967278693e+05
1.181027835258103176e+00 7.540830779307259945e+05
1.178097245096172418e+00 7.559182982062310912e+05
1.175166654934241661e+00 7.582912003425535513e+05
1.172236064772310904e+00 7.593918490302944556e+05
1.169305474610380147e+00 7.610423720490890555e+05
1.166374884448449389e+00 7.614693361710773315e+05
1.163444294286518410e+00 7.624568003876174334e+05
1.160513704124587875e+00 7.622668301948928274e+05
1.157583113962656896e+00 7.626465201844684780e+05
1.154652523800726138e+00 7.618924837860347470e+05
1.151721933638795381e+00 7.617158904509535059e+05
1.148791343476864624e+00 7.604469681559591554e+05
1.145860753314933866e+00 7.597619959687085357e+05
1.142930163153003109e+00 7.580240055525149219e+05
1.139999572991072352e+00 7.568754893859748263e+05
1.137068982829141373e+00 7.547108310225800378e+05
1.134138392667210837e+00 7.531395510943040717e+05
1.131207802505280080e+00 7.505878038896792568e+05
1.128277212343349323e+00 7.486328217480643652e+05
1.125346622181418343e+00 7.457307756085551810e+05
1.122416032019487586e+00 7.434276544611834688e+05
1.119485441857556829e+00 7.402092609560119454e+05
1.116554851695626072e+00 7.375911682320192922e+05
1.113624261533695314e+00 7.340879790810870472e+05
1.110693671371764557e+00 7.311856769048135029e+05
1.107763081209833800e+00 7.274269378422456793e+05
1.104832491047903043e+00 7.242689400408368092e+05
1.101901900885972285e+00 7.202817350060704630e+05
1.098971310724041306e+00 7.168944601529664360e+05
1.096040720562110771e+00 7.127038606492560357e+05
1.093110130400179791e+00 7.091117755168592557e+05
1.090179540238249034e+00 7.047409769396204501e+05
1.087248950076318277e+00 7.009667239637405146e+05
1.084318359914387520e+00 6.964371732412299607e+05
1.081387769752456762e+00 6.925016944929531310e+05
1.078457179590526005e+00 6.878332051111820620e+05
1.075526589428595248e+00 6.837558683179634390e+05
1.072595999266664490e+00 6.789667415873147547e+05
1.069665409104733733e+00 6.747654408742033411e+05
1.066734818942802754e+00 6.698725657525446732e+05
1.063804228780872219e+00 6.655638259591767564e+05
1.060873638618941239e+00 6.605827790075324010e+05
1.057943048457010704e+00 6.561818476634176914e+05
1.055012458295079725e+00 6.511269809337968472e+05
1.052081868133149190e+00 6.466479242471748730e+05
1.049151277971218210e+00 6.415324591045000125e+05
1.046220687809287453e+00 6.369882399581391364e+05
1.043290097647356696e+00 6.318243421737514436e+05
1.040359507485425938e+00 6.272269026402453892e+05
1.037428917323495181e+00 6.220257602930946741e+05
1.034498327161564202e+00 6.173860876119835302e+05
1.031567736999633667e+00 6.121579743221910903e+05
1.028637146837702687e+00 6.074861746057614218e+05
1.025706556675772152e+00 6.022405244795022300e+05
1.022775966513841173e+00 5.975458816841829102e+05
1.019845376351910415e+00 5.922913414805502398e+05
1.016914786189979658e+00 5.875823785549188033e+05
1.013984196028048901e+00 5.823268678036020137e+05
1.011053605866118144e+00 5.776113986715883948e+05
1.008123015704187386e+00 5.723621607159803389e+05
1.005192425542256629e+00 5.676473434014152735e+05
1.002261835380325650e+00 5.624109979324017186e+05
9.993312452183951144e-01 5.577033823947353521e+05
9.964006550564642462e-01 5.524859681190856500e+05
9.934700648945334889e-01 5.477915377317902166e+05
9.905394747326026206e-01 5.425985531679585110e+05
9.876088845706719743e-01 5.379227651562870014e+05
9.846782944087412170e-01 5.327592074840704445e+05
9.817477042468103487e-01 5.281070330264685908e+05
9.788171140848795915e-01 5.229774378319504904e+05
9.758865239229487232e-01 5.183533991477336967e+05
9.729559337610180769e-01 5.132618780087158084e+05
9.700253435990873196e-01 5.086700793955034460e+05
9.670947534371564513e-01 5.036203422251298325e+05
9.641641632752256941e-01 4.990644971550779883e+05
9.612335731132949368e-01 4.940598824748039478e+05
9.583029829513641795e-01 4.895433449802171672e+05
9.553723927894334222e-01 4.845868545863240724e+05
9.524418026275025539e-01 4.801126464641648345e+05
9.495112124655717967e-01 4.752069649121548282e+05
9.465806223036410394e-01 4.707778029737831093e+05
9.436500321417102821e-01 4.659253283603162272e+05
9.407194419797794138e-01 4.615436405792778241e+05
9.377888518178486565e-01 4.567464965073253261e+05
9.348582616559178993e-01 4.524144462679368444e+05
9.319276714939871420e-01 4.476745056911266292e+05
9.289970813320563847e-01 4.433940118282880285e+05
9.260664911701255164e-01 4.387129188912733225e+05
9.231359010081947591e-01 4.344856737507435610e+05
9.202053108462641129e-01 4.298648573326554615e+05
9.172747206843332446e-01 4.256923449391613249e+05
9.143441305224024873e-01 4.211330376945715980e+05
9.114135403604716190e-01 4.170165460108444095e+05
9.084829501985409728e-01 4.125197971016661031e+05
9.055523600366102155e-01 4.084604353423602879e+05
9.026217698746793472e-01 4.040271270381244249e+05
8.996911797127485899e-01 4.000258429479032056e+05
8.967605895508178326e-01 3.956567049433189677e+05
8.938299993888870754e-01 3.917142891089974437e+05
8.908994092269563181e-01 3.874099035792702343e+05
8.879688190650254498e-01 3.835270054244464263e+05
8.850382289030946925e-01 3.792878235046751215e+05
8.821076387411639352e-01 3.754649643763815402e+05
8.791770485792331780e-01 3.712913177636810578e+05
8.762464584173024207e-01 3.675288961921250448e+05
8.733158682553715524e-01 3.634210013540097862e+05
8.703852780934407951e-01 3.597193071578863310e+05
8.674546879315100378e-01 3.556772823661300936e+05
8.645240977695792806e-01 3.520365159865096211e+05
8.615935076076485233e-01 3.480604130592057481e+05
8.586629174457176550e-01 3.444806353475531796e+05
8.557323272837870087e-01 3.405703286957904929e+05
8.528017371218561404e-01 3.370515991903727991e+05
8.498711469599253832e-01 3.332069830267700600e+05
8.469405567979946259e-01 3.297491971107131103e+05
8.440099666360638686e-01 3.259700523032108904e+05
8.410793764741331113e-01 3.225730703115756623e+05
8.381487863122022430e-01 3.188591127002469148e+05
8.352181961502714858e-01 3.155227316987105296e+05
8.322876059883407285e-01 3.118736189075578004e+05
8.293570158264099712e-01 3.085975663046147092e+05
8.264264256644792139e-01 3.050128961378043750e+05
8.234958355025483456e-01 3.017968437504577450e+05
8.205652453406175884e-01 2.982761674359003082e+05
8.176346551786868311e-01 2.951197447288913536e+05
8.147040650167560738e-01 2.916625718513333122e+05
8.117734748548253165e-01 2.885653530009782407e+05
8.088428846928944482e-01 2.851711435706893099e+05
8.059122945309636910e-01 2.821326672592019895e+05
8.029817043690330447e-01 2.788008486782378750e+05
8.000511142071021764e-01 2.758206124226071988e+05
7.971205240451714191e-01 2.725505759105189354e+05
7.941899338832405508e-01 2.696280429244718398e+05
7.912593437213099046e-01 2.664191539454259910e+05
7.883287535593791473e-01 2.635537587161124102e+05
7.853981633974482790e-01 2.604053530656372313e+05
7.824675732355174107e-01 2.575964988852852548e+05
7.795369830735867644e-01 2.545078863532206160e+05
7.766063929116560072e-01 2.517549506437016244e+05
7.736758027497251389e-01 2.487254179945893411e+05
7.707452125877944926e-01 2.460277631799106603e+05
7.678146224258636243e-01 2.430565872059360845e+05
7.648840322639328670e-01 2.404135500933959265e+05
7.619534421020019987e-01 2.374999821493193158e+05
7.590228519400713525e-01 2.349108847371445736e+05
7.560922617781404842e-01 2.320541646669649635e+05
7.531616716162097269e-01 2.295183156378700223e+05
7.502310814542790807e-01 2.267176750374965195e+05
7.473004912923482124e-01 2.242343647971461469e+05
7.443699011304173441e-01 2.214890187079935276e+05
7.414393109684866978e-01 2.190575290738772892e+05
7.385087208065558295e-01 2.163666885620610847e+05
7.355781306446250722e-01 2.139862928996433620e+05
7.326475404826942039e-01 2.113491580025004805e+05
7.297169503207635577e-01 2.090191187491996097e+05
7.267863601588326894e-01 2.064348855969867145e+05
7.238557699969019321e-01 2.041544619782037335e+05
7.209251798349712859e-01 2.016223248014379060e+05
7.179945896730404176e-01 1.993907693910513190e+05
7.150639995111095493e-01 1.969099181314042071e+05
7.121334093491789030e-01 1.947264807644879329e+05
7.092028191872481457e-01 1.922961042669079616e+05
7.062722290253172774e-01 1.901600311831710278e+05
7.033416388633864091e-01 1.877793147356589616e+05
7.004110487014557629e-01 1.856898504811608873e+05
6.974804585395250056e-01 1.833579847139532794e+05
6.945498683775941373e-01 1.813143754581325047e+05
6.916192782156634911e-01 1.790305477451112529e+05
6.886886880537326228e-01 1.770320354496913205e+05
6.857580978918018655e-01 1.747954350763171387e+05
6.828275077298712192e-01 1.728412683678644244e+05
6.798969175679403509e-01 1.706510930760480114e+05
6.769663274060094826e-01 1.687405201210680825e+05
6.740357372440787254e-01 1.665959664592730114e+05
6.711051470821480791e-01 1.647282375824470655e+05
6.681745569202172108e-01 1.626285079131820239e+05
6.652439667582863425e-01 1.608028787778843835e+05
6.623133765963556963e-01 1.587471818878329941e+05
6.593827864344249390e-01 1.569629100734875537e+05
6.564521962724940707e-01 1.549504582038635272e+05
6.535216061105634244e-01 1.532068089831016550e+05
6.505910159486325561e-01 1.512368235975124117e+05
6.476604257867017989e-01 1.495330661494359374e+05
6.447298356247709306e-01 1.476047713910548482e+05
6.417992454628402843e-01 1.459401773473040666e+05
6.388686553009094160e-01 1.440528027579640620e+05
6.359380651389786587e-01 1.424266533674353559e+05
6.330074749770479015e-01 1.405794405590644164e+05
6.300768848151171442e-01 1.389910223760972440e+05
6.271462946531862759e-01 1.371832188639648084e+05
6.242157044912556296e-01 1.356318257180441578e+05
6.212851143293247613e-01 1.338626863863337494e+05
6.183545241673940041e-01 1.323476182431624620e+05
6.154239340054631358e-01 1.306164071043684671e+05
6.124933438435324895e-01 1.291369714108658809e+05
6.095627536816016212e-01 1.274429596353757661e+05
6.066321635196708639e-01 1.259984733717755007e+05
6.037015733577402177e-01 1.243409429027351434e+05
6.007709831958093494e-01 1.229307287719235319e+05
5.978403930338784811e-01 1.213089682742411678e+05
5.949098028719478348e-01 1.199323586747522786e+05
5.919792127100170775e-01 1.183456673360790883e+05
5.890486225480862092e-01 1.170020052399518754e+05
5.861180323861553410e-01 1.154496900806128251e+05
5.831874422242246947e-01 1.141383206921685633e+05
5.802568520622939374e-01 1.126197174634548719e+05
5.773262619003630691e-01 1.113399986045184341e+05
5.743956717384324229e-01 1.098543434704787505e+05
5.714650815765015546e-01 1.086056269311187934e+05
5.685344914145706863e-01 1.071523895583703852e+05
5.656039012526399290e-01 1.059340652996870049e+05
5.626733110907091717e-01 1.045125197285385366e+05
5.597427209287784144e-01 1.033239843457607349e+05
5.568121307668476572e-01 1.019334959724415676e+05
5.538815406049168999e-01 1.007741244936943112e+05
5.509509504429861426e-01 9.941405451501761854e+04
5.480203602810553853e-01 9.828324774462588539e+04
5.450897701191246281e-01 9.695297032267528994e+04
5.421591799571938708e-01 9.585014075903740013e+04
5.392285897952628915e-01 9.454904189180812682e+04
5.362979996333321342e-01 9.347361049192330393e+04
5.333674094714015990e-01 9.220108466220402624e+04
5.304368193094706196e-01 9.115247794102222542e+04
5.275062291475398624e-01 8.990792773456289433e+04
5.245756389856091051e-01 8.888558568620160804e+04
5.216450488236783478e-01 8.766842560460067762e+04
5.187144586617475905e-01 8.667179447878667270e+04
5.157838684998168333e-01 8.548144712450084626e+04
5.128532783378860760e-01 8.450998057452730427e+04
5.099226881759553187e-01 8.334587682137361844e+04
5.069920980140243394e-01 8.239904204188019503e+04
5.040615078520938042e-01 8.126062644672612078e+04
5.011309176901628248e-01 8.033789678224280942e+04
4.982003275282320676e-01 7.922462038925757224e+04
4.952697373663013103e-01 7.832548019789328100e+04
4.923391472043705530e-01 7.723680497703877336e+04
4.894085570424397957e-01 7.636074540838137909e+04
4.864779668805090385e-01 7.529614050990086980e+04
4.835473767185782812e-01 7.444266100131953135e+04
4.806167865566475239e-01 7.340160720746495645e+04
4.776861963947165446e-01 7.257022069101444504e+04
4.747556062327860094e-01 7.155220954676368274e+04
4.718250160708550300e-01 7.074243102091384935e+04
4.688944259089242728e-01 6.974695643835318333e+04
4.659638357469937375e-01 6.895831195072154514e+04
4.630332455850627582e-01 6.798488131157046882e+04
4.601026554231320009e-01 6.721690770705533214e+04
4.571720652612012437e-01 6.626503965741535649e+04
4.542414750992704864e-01 6.551728348408712191e+04
4.513108849373397291e-01 6.458650519832466671e+04
4.483802947754087498e-01 6.385851854323696170e+04
4.454497046134782146e-01 6.294836184514337219e+04
4.425191144515474573e-01 6.223970642353916628e+04
4.395885242896164780e-01 6.134971622100035893e+04
4.366579341276859427e-01 6.065995561445291241e+04
4.337273439657549634e-01 5.978967793543834705e+04
4.307967538038242061e-01 5.911839174217174150e+04
4.278661636418936709e-01 5.826738969669058861e+04
4.249355734799626916e-01 5.761416641701784829e+04
4.220049833180319343e-01 5.678201056996750413e+04
4.190743931561011770e-01 5.614644367718757712e+04
4.161438029941704198e-01 5.533271221688076912e+04
4.132132128322396625e-01 5.471440448173846380e+04
4.102826226703086832e-01 5.391868271369868307e+04
4.073520325083781479e-01 5.331723954514550132e+04
4.044214423464473906e-01 5.253911725559558545e+04
4.014908521845164113e-01 5.195415750173701963e+04
3.985602620225858761e-01 5.119323851245702826e+04
3.956296718606548968e-01 5.062438841979824792e+04
3.926990816987241395e-01 4.988028079832454387e+04
3.897684915367933822e-01 4.932717058880800323e+04
3.868379013748626249e-01 4.859949086641814210e+04
3.839073112129318677e-01 4.806176035419039545e+04
3.809767210510008884e-01 4.735013339395885123e+04
3.780461308890703531e-01 4.682743052840694145e+04
3.751155407271395958e-01 4.613148968094919837e+04
3.721849505652086165e-01 4.562346711995546502e+04
3.692543604032780813e-01 4.494285089074906136e+04
3.663237702413471020e-01 4.444917006390455936e+04
3.633931800794163447e-01 4.378352448716855724e+04
3.604625899174855874e-01 4.330385451148934953e+04
3.575319997555548301e-01 4.265283505339618569e+04
3.546014095936240729e-01 4.218684985665094428e+04
3.516708194316933156e-01 4.155011864775011782e+04
3.487402292697625583e-01 4.109750204387663689e+04
3.458096391078318010e-01 4.047472597946099268e+04
3.428790489459008217e-01 4.003516406584980723e+04
3.399484587839702865e-01 3.942601777797093382e+04
3.370178686220395292e-01 3.899920773141921381e+04
3.340872784601085499e-01 3.840337510647712043e+04
3.311566882981777926e-01 3.798901623966739135e+04
3.282260981362470353e-01 3.740618310887902771e+04
3.252955079743162781e-01 3.700398512181053957e+04
3.223649178123855208e-01 3.643384891986448929e+04
3.194343276504547635e-01 3.604352377466930920e+04
3.165037374885240062e-01 3.548578326365422981e+04
3.135731473265932490e-01 3.510705183927303733e+04
3.106425571646622696e-01 3.456141542642546847e+04
3.077119670027317344e-01 3.419400664954099921e+04
3.047813768408007551e-01 3.366019247060115595e+04
3.018507866788699978e-01 3.330387106222891452e+04
2.989201965169392405e-01 3.278162103987899900e+04
2.959896063550084833e-01 3.243603557255887790e+04
2.930590161930777260e-01 3.192504153679950832e+04
2.901284260311469687e-01 3.158998851527742227e+04
2.871978358692162114e-01 3.108999110386897155e+04
2.842672457072854542e-01 3.076524703689314265e+04
2.813366555453544748e-01 3.027596617437873647e+04
2.784060653834239396e-01 2.996125677123893547e+04
2.754754752214929603e-01 2.948245404569903621e+04
2.725448850595622030e-01 2.917754814870954215e+04
2.696142948976316678e-01 2.870897730056123328e+04
2.666837047357006885e-01 2.841363937744376744e+04
2.637531145737699312e-01 2.795505178094349685e+04
2.608225244118391739e-01 2.766904716328543509e+04
2.578919342499084166e-01 2.722019732113828650e+04
2.549613440879776594e-01 2.694330272432623315e+04
2.520307539260466800e-01 2.650395730839633688e+04
2.491001637641161448e-01 2.623595735335497739e+04
2.461695736021853875e-01 2.580588874243311875e+04
2.432389834402544082e-01 2.554656832430946815e+04
2.403083932783238730e-01 2.512555181872439061e+04
2.373778031163928937e-01 2.487470030859433245e+04
2.344472129544621364e-01 2.446251444695915052e+04
2.315166227925316011e-01 2.421992768293937843e+04
2.285860326306006218e-01 2.381635906610188613e+04
2.256554424686698646e-01 2.358184115128250778e+04
2.227248523067391073e-01 2.318668263585455861e+04
2.197942621448083500e-01 2.296003497497637727e+04
2.168636719828775927e-01 2.257307422919342207e+04
2.139330818209466134e-01 2.235410523263618961e+04
2.110024916590160782e-01 2.197514386202093738e+04
2.080719014970853209e-01 2.176366919073119061e+04
2.051413113351543416e-01 2.139251136164821219e+04
2.022107211732238063e-01 2.118834763591121009e+04
1.992801310112928270e-01 2.082479989166274027e+04
1.963495408493620697e-01 2.062776962339631791e+04
1.934189506874313125e-01 2.027164565013771789e+04
1.904883605255005552e-01 2.008157793382232194e+04
1.875577703635697979e-01 1.973269496300401079e+04
1.846271802016388186e-01 1.954941869448557190e+04
1.816965900397082834e-01 1.920759564142702584e+04
1.787659998777775261e-01 1.903094206822909109e+04
1.758354097158465468e-01 1.869600222459454744e+04
1.729048195539160115e-01 1.852581348220877044e+04
1.699742293919850322e-01 1.819758810960928895e+04
1.670436392300542749e-01 1.803370389976105798e+04
1.641130490681235177e-01 1.771202341756068199e+04
1.611824589061927604e-01 1.755429238749120850e+04
1.582518687442620031e-01 1.723899471052684748e+04
1.553212785823312458e-01 1.708726317646200914e+04
1.523906884204004886e-01 1.677818522128593759e+04
1.494600982584697313e-01 1.663230672201737252e+04
1.465295080965387520e-01 1.632929366315662992e+04
1.435989179346082167e-01 1.618912516848816449e+04
1.406683277726774595e-01 1.589202384609716864e+04
1.377377376107464801e-01 1.575742724341482608e+04
1.348071474488157229e-01 1.546609158469097929e+04
1.318765572868849656e-01 1.533693468745372775e+04
1.289459671249542083e-01 1.505122055094828465e+04
1.260153769630234510e-01 1.492736215510242073e+04
1.230847868010926938e-01 1.464711824665100903e+04
1.201541966391619365e-01 1.452842757204598274e+04
1.172236064772311792e-01 1.425351821471262701e+04
1.142930163153004219e-01 1.413987487954426797e+04
1.113624261533696647e-01 1.387016729195263179e+04
1.084318359914386853e-01 1.376144291780134517e+04
1.055012458295079281e-01 1.349679912851493282e+04
1.025706556675771708e-01 1.339287394560179018e+04
9.964006550564641351e-02 1.313316684277631066e+04
9.670947534371565624e-02 1.303392436132290641e+04
9.377888518178489896e-02 1.277902676085049097e+04
9.084829501985414169e-02 1.268435364522310010e+04
8.791770485792338441e-02 1.243414409247203730e+04
8.498711469599262713e-02 1.234392492388906794e+04
8.205652453406186986e-02 1.209827644695244999e+04
7.912593437213089054e-02 1.201239991824201024e+04
7.619534421020013326e-02 1.177119468957749268e+04
7.326475404826959803e-02 1.168956151551977382e+04
7.033416388633861871e-02 1.145269087223458337e+04
6.740357372440786143e-02 1.137519264817011026e+04
6.447298356247710416e-02 1.114253801365698928e+04
6.154239340054634688e-02 1.106907118972240642e+04
5.861180323861558961e-02 1.084052186510686806e+04
5.568121307668461029e-02 1.077099189745449439e+04
5.275062291475407505e-02 1.054644294590536811e+04
4.982003275282331778e-02 1.048075287941503302e+04
4.688944259089233846e-02 1.026009754416450960e+04
4.395885242896180323e-02 1.019815514639139656e+04
4.102826226703082391e-02 9.981291375514289030e+03
3.809767210510006663e-02 9.922999337624576583e+03
3.516708194316953140e-02 9.709824084801995923e+03
3.223649178123855208e-02 9.655101437280065511e+03
2.930590161930779480e-02 9.445523547286540634e+03
2.637531145737703753e-02 9.394276033362935777e+03
2.344472129544628025e-02 9.188191837067846791e+03
2.051413113351552298e-02 9.140330705286191005e+03
1.758354097158454366e-02 8.937648062788413881e+03
1.465295080965400842e-02 8.893102535161093328e+03
1.172236064772325115e-02 8.693741462188136211e+03
8.791770485792271828e-03 8.652432807969782516e+03
5.861180323861736596e-03 8.456265332489670982e+03
2.930590161930757276e-03 8.418107220341325956e+03
0.000000000000000000e+00 8.225090246796387873e+03
-2.930590161930757276e-03 8.190005908709194955e+03
-5.861180323861736596e-03 8.000042755519620187e+03
-8.791770485792049783e-03 7.967961283356455169e+03
-1.172236064772302910e-02 7.780965376645292054e+03
-1.465295080965378638e-02 7.751815180727284314e+03
-1.758354097158454366e-02 7.567705493243637648e+03
-2.051413113351552298e-02 7.541413136198453685e+03
-2.344472129544628025e-02 7.360107236275869582e+03
-2.637531145737703753e-02 7.336605394628589238e+03
-2.930590161930757276e-02 7.158027315824909238e+03
-3.223649178123833003e-02 7.137248673317852081e+03
-3.516708194316930935e-02 6.961321724922373505e+03
-3.809767210510006663e-02 6.943201805410294583e+03
-4.102826226703082391e-02 6.769852757833138639e+03
-4.395885242896180323e-02 6.754329051513622289e+03
-4.688944259089256050e-02 6.583485900295725514e+03
-4.982003275282309573e-02 6.570498655172171311e+03
-5.275062291475385301e-02 6.402091788036227626e+03
-5.568121307668461029e-02 6.391578698585874008e+03
-5.861180323861558961e-02 6.225536244271477699e+03
-6.154239340054634688e-02 6.217438970395788601e+03
-6.447298356247710416e-02 6.053694736145366733e+03
-6.740357372440763939e-02 6.047957194138567502e+03
-7.033416388633839667e-02 5.886444177860470518e+03
-7.326475404826937599e-02 5.883011995998432212e+03
-7.619534421020013326e-02 5.723667261348794455e+03
-7.912593437213089054e-02 5.722486785528732071e+03
-8.205652453406186986e-02 5.565248016174791701e+03
-8.498711469599262713e-02 5.566266983044324661e+03
-8.791770485792316236e-02 5.411071670944931611e+03
-9.084829501985391964e-02 5.414239987785348603e+03
-9.377888518178489896e-02 5.261028506471827313e+03
-9.670947534371565624e-02 5.266296333946117556e+03
-9.964006550564641351e-02 5.115008144215606990e+03
-1.025706556675771708e-01 5.122326966590761913e+03
-1.055012458295081501e-01 4.972906370754149975e+03
-1.084318359914386853e-01 4.982229798701171603e+03
-1.113624261533694426e-01 4.834619175775696021e+03
-1.142930163153001999e-01 4.845904542583789407e+03
-1.172236064772311792e-01 4.700051835803864378e+03
-1.201541966391619365e-01 4.713254187466773146e+03
-1.230847868010926938e-01 4.569105594130681311e+03
-1.260153769630232290e-01 4.584181819103164344e+03
-1.289459671249539863e-01 4.441682796866809440e+03
-1.318765572868849656e-01 4.458591891147308161e+03
-1.348071474488157229e-01 4.317691978710038711e+03
-1.377377376107464801e-01 4.336391838416619066e+03
-1.406683277726774595e-01 4.197038846153433042e+03
-1.435989179346082167e-01 4.217492335076474774e+03
-1.465295080965387520e-01 4.079639325383657706e+03
-1.494600982584695092e-01 4.101808961623797586e+03
-1.523906884204002665e-01 3.965408012495242019e+03
-1.553212785823312458e-01 3.989256555154552188e+03
-1.582518687442620031e-01 3.854260048560634914e+03
-1.611824589061927604e-01 3.879752348069646814e+03
-1.641130490681237397e-01 3.746114523179828211e+03
-1.670436392300540529e-01 3.773216232741870499e+03
-1.699742293919850322e-01 3.640892963910510389e+03
-1.729048195539157895e-01 3.669569217829817262e+03
-1.758354097158465468e-01 3.538516122503496717e+03
-1.787659998777775261e-01 3.568737176388190619e+03
-1.816965900397082834e-01 3.438912959948539537e+03
-1.846271802016390406e-01 3.470645355308166927e+03
-1.875577703635695759e-01 3.342005469008875934e+03
-1.904883605255003332e-01 3.375218492163368410e+03
-1.934189506874313125e-01 3.247722127484335942e+03
-1.963495408493620697e-01 3.282387400009236899e+03
-1.992801310112928270e-01 3.155994583676361344e+03
-2.022107211732238063e-01 3.192083407220153731e+03
-2.051413113351541195e-01 3.066755175444363431e+03
-2.080719014970850989e-01 3.104240923894120442e+03
-2.110024916590158561e-01 2.979938482478086371e+03
-2.139330818209466134e-01 3.018792925148288759e+03
-2.168636719828775927e-01 2.895478318238578140e+03
-2.197942621448083500e-01 2.935677969640754327e+03
-2.227248523067391073e-01 2.813315402240103595e+03
-2.256554424686696425e-01 2.854834319726480317e+03
-2.285860326306003998e-01 2.733385269134471855e+03
-2.315166227925313791e-01 2.776199123750940998e+03
-2.344472129544621364e-01 2.655628824115258340e+03
-2.373778031163928937e-01 2.699712518634453318e+03
-2.403083932783238730e-01 2.579984752642359126e+03
-2.432389834402546303e-01 2.625316166001134661e+03
-2.461695736021851655e-01 2.506397024820623756e+03
-2.491001637641159228e-01 2.552956108995609611e+03
-2.520307539260466800e-01 2.434809075276093154e+03
-2.549613440879776594e-01 2.482564947960034715e+03
-2.578919342499084166e-01 2.365159570152144624e+03
-2.608225244118391739e-01 2.414123541159191518e+03
-2.637531145737697091e-01 2.297423193195215390e+03
-2.666837047357004664e-01 2.347455459890539260e+03
-2.696142948976314457e-01 2.231391966978209439e+03
-2.725448850595622030e-01 2.282814929804216717e+03
-2.754754752214929603e-01 2.167552118699925813e+03
-2.784060653834239396e-01 2.219932192471506823e+03
-2.813366555453546969e-01 2.105182597459819135e+03
-2.842672457072852321e-01 2.158693867101019350e+03
-2.871978358692159894e-01 2.044539242736274446e+03
-2.901284260311469687e-01 2.099149223085396443e+03
-2.930590161930777260e-01 1.985549136241952510e+03
-2.959896063550084833e-01 2.041241520046092774e+03
-2.989201965169392405e-01 1.928172827921205453e+03
-3.018507866788702199e-01 1.984933202379145314e+03
-3.047813768408007551e-01 1.872366117175125737e+03
-3.077119670027315124e-01 1.930179190461170037e+03
-3.106425571646622696e-01 1.818085573136492485e+03
-3.135731473265932490e-01 1.876937094387554680e+03
-3.165037374885240062e-01 1.765289625384053352e+03
-3.194343276504547635e-01 1.825168480973962005e+03
-3.223649178123852987e-01 1.713940782938518169e+03
-3.252955079743160560e-01 1.774833317425183623e+03
-3.282260981362470353e-01 1.663996568397193187e+03
-3.311566882981777926e-01 1.725890368391525271e+03
-3.340872784601085499e-01 1.615418960431674350e+03
-3.370178686220395292e-01 1.678303242723872700e+03
-3.399484587839702865e-01 1.568172908747143538e+03
-3.428790489459008217e-01 1.632037126987298961e+03
-3.458096391078315790e-01 1.522220992765394840e+03
-3.487402292697623363e-01 1.587053302156305790e+03
-3.516708194316933156e-01 1.477526087928506968e+03
-3.546014095936240729e-01 1.543318439411274312e+03
-3.575319997555548301e-01 1.434055561875400826e+03
-3.604625899174858095e-01 1.500798701472418770e+03
-3.633931800794161227e-01 1.391775855511905320e+03
-3.663237702413471020e-01 1.459460727290709656e+03
-3.692543604032778592e-01 1.350655001241734681e+03
-3.721849505652086165e-01 1.419273356551734651e+03
-3.751155407271395958e-01 1.310660348885235180e+03
-3.780461308890703531e-01 1.380204994860020633e+03
-3.809767210510008884e-01 1.271760036318755510e+03
-3.839073112129316456e-01 1.342225338832541183e+03
-3.868379013748624029e-01 1.233926333979533410e+03
-3.897684915367933822e-01 1.305305875037384340e+03
-3.926990816987241395e-01 1.197130031867356138e+03
-3.956296718606548968e-01 1.269418758541989519e+03
-3.985602620225858761e-01 1.161342955645935945e+03
-4.014908521845161893e-01 1.234534717818944500e+03
-4.044214423464471686e-01 1.126536087528331336e+03
-4.073520325083779259e-01 1.200626606794334748e+03
-4.102826226703086832e-01 1.092683287730768370e+03
-4.132132128322396625e-01 1.167668519690301082e+03
-4.161438029941704198e-01 1.059759228535158400e+03
-4.190743931561011770e-01 1.135634497963251306e+03
-4.220049833180317123e-01 1.027736903077777015e+03
-4.249355734799624695e-01 1.104497996547389448e+03
-4.278661636418934489e-01 9.965889780162619900e+02
-4.307967538038242061e-01 1.074234198883016688e+03
-4.337273439657551855e-01 9.662938313816691789e+02
-4.366579341276857207e-01 1.044822281755081349e+03
-4.395885242896167000e-01 9.368275483804550277e+02
-4.425191144515472352e-01 1.016237523395043354e+03
-4.454497046134782146e-01 9.081689330834237808e+02
-4.483802947754087498e-01 9.884591551369981062e+02
-4.513108849373397291e-01 8.802973091682404174e+02
-4.542414750992707084e-01 9.614638069591516114e+02
-4.571720652612012437e-01 8.531854181545725169e+02
-4.601026554231317789e-01 9.352299753222420122e+02
-4.630332455850627582e-01 8.268141221236289766e+02
-4.659638357469932934e-01 9.097357948348030732e+02
-4.688944259089242728e-01 8.011619916655083671e+02
-4.718250160708552521e-01 8.849618036719059546e+02
-4.747556062327857873e-01 7.762083316777655000e+02
-4.776861963947167666e-01 8.608902101970801368e+02
-4.806167865566473019e-01 7.519389923347666809e+02
-4.835473767185782812e-01 8.375025105183713094e+02
-4.864779668805088164e-01 7.283326823672121009e+02
-4.894085570424397957e-01 8.147794242479603781e+02
-4.923391472043707751e-01 7.053689776923590671e+02
-4.952697373663013103e-01 7.927007511436690947e+02
-4.982003275282322896e-01 6.830275465742229244e+02
-5.011309176901628248e-01 7.712479835959749153e+02
-5.040615078520933601e-01 6.612942525734965784e+02
-5.069920980140243394e-01 7.504077824576969533e+02
-5.099226881759553187e-01 6.401543088138664643e+02
-5.128532783378858539e-01 7.301645864595025159e+02
-5.157838684998168333e-01 6.195882610166654558e+02
-5.187144586617473685e-01 7.104988942809778791e+02
-5.216450488236783478e-01 5.995798725641125202e+02
-5.245756389856088830e-01 6.913951609983359958e+02
-5.275062291475398624e-01 5.801133745318520596e+02
-5.304368193094708417e-01 6.728393063162836825e+02
-5.333674094714013769e-01 5.611737408487483663e+02
-5.362979996333323562e-01 6.548154112646989233e+02
-5.392285897952628915e-01 5.427479377330364514e+02
-5.421591799571934267e-01 6.373128232332312564e+02
-5.450897701191244060e-01 5.248302619786363721e+02
-5.480203602810553853e-01 6.203025167895016239e+02
-5.509509504429859206e-01 5.073549046680404899e+02
-5.538815406049168999e-01 6.037811013023954274e+02
-5.568121307668478792e-01 4.903744427157066639e+02
-5.597427209287784144e-01 5.877469863768849336e+02
-5.626733110907089497e-01 4.738481401906951760e+02
-5.656039012526399290e-01 5.721730914066897640e+02
-5.685344914145709083e-01 4.577640126190581213e+02
-5.714650815765014435e-01 5.570469222554372664e+02
-5.743956717384324229e-01 4.421052015394820955e+02
-5.773262619003629581e-01 5.423609930934453587e+02
-5.802568520622939374e-01 4.268712160446366397e+02
-5.831874422242244727e-01 5.281073294352586345e+02
-5.861180323861554520e-01 4.120435242514131460e+02
-5.890486225480859872e-01 5.142688263368559092e+02
-5.919792127100169665e-01 3.976080550276274153e+02
-5.949098028719479458e-01 5.008334913623616558e+02
-5.978403930338784811e-01 3.835537393232075374e+02
-6.007709831958090163e-01 4.877917742923561946e+02
-6.037015733577399956e-01 3.698722668686828001e+02
-6.066321635196709749e-01 4.751351907859746007e+02
-6.095627536816015102e-01 3.565535289456956889e+02
-6.124933438435324895e-01 4.628502986180860717e+02
-6.154239340054634688e-01 3.435820571081108028e+02
-6.183545241673940041e-01 4.509250557161428787e+02
-6.212851143293245393e-01 3.309456048120828200e+02
-6.242157044912555186e-01 4.393497453472789402e+02
-6.271462946531864979e-01 3.186375501750771946e+02
-6.300768848151170332e-01 4.281164002578111649e+02
-6.330074749770480125e-01 3.066467258754801151e+02
-6.359380651389785477e-01 4.172162891222924372e+02
-6.388686553009090829e-01 2.949678088881792064e+02
-6.417992454628400623e-01 4.066418618076977509e+02
-6.447298356247710416e-01 2.835897379433026799e+02
-6.476604257867015768e-01 3.963858216224371063e+02
-6.505910159486325561e-01 2.725060782856817241e+02
-6.535216061105635355e-01 3.864400161584630951e+02
-6.564521962724940707e-01 2.617039752620858053e+02
-6.593827864344246059e-01 3.767917138399998294e+02
-6.623133765963555852e-01 2.511749727759925008e+02
-6.652439667582865646e-01 3.674335728999371895e+02
-6.681745569202170998e-01 2.409100769319411484e+02
-6.711051470821480791e-01 3.583576109475570775e+02
-6.740357372440790584e-01 2.309017277059347180e+02
-6.769663274060091496e-01 3.495569534017408841e+02
-6.798969175679401289e-01 2.211415577390007456e+02
-6.828275077298711082e-01 3.410253705947311573e+02
-6.857580978918016434e-01 2.116245757662027245e+02
-6.886886880537326228e-01 3.327568315503190206e+02
-6.916192782156636021e-01 2.023414593437164513e+02
-6.945498683775941373e-01 3.247452858791430117e+02
-6.974804585395246725e-01 1.932887465334688386e+02
-7.004110487014556519e-01 3.169831404050091805e+02
-7.033416388633866312e-01 1.844545181365947428e+02
-7.062722290253171664e-01 3.094608224675425845e+02
-7.092028191872481457e-01 1.758290517669793189e+02
-7.121334093491791251e-01 3.021710382153719365e+02
-7.150639995111092162e-01 1.674064627981533704e+02
-7.179945896730401955e-01 2.951099700525910521e+02
-7.209251798349711748e-01 1.591867647171156932e+02
-7.238557699969017101e-01 2.882761102662052508e+02
-7.267863601588326894e-01 1.511583901064304882e+02
-7.297169503207636687e-01 2.816584236145113209e+02
-7.326475404826942039e-01 1.433151808572338268e+02
-7.355781306446247392e-01 2.752539924382735990e+02
-7.385087208065557185e-01 1.356523893956573374e+02
-7.414393109684866978e-01 2.690545880587401371e+02
-7.443699011304172330e-01 1.281597267821753121e+02
-7.473004912923482124e-01 2.630553229268080031e+02
-7.502310814542791917e-01 1.208329437854263233e+02
-7.531616716162097269e-01 2.572522006519948263e+02
-7.560922617781402622e-01 1.136692128218610378e+02
-7.590228519400712415e-01 2.516416291008945336e+02
-7.619534421020017767e-01 1.066612205863011695e+02
-7.648840322639327560e-01 2.462182806958185211e+02
-7.678146224258637353e-01 9.980366712306931731e+01
-7.707452125877942706e-01 2.409761671053688588e+02
-7.736758027497248058e-01 9.308760518793860683e+01
-7.766063929116557851e-01 2.359097812817335580e+02
-7.795369830735867644e-01 8.651094622127493494e+01
-7.824675732355172997e-01 2.310187696872098968e+02
-7.853981633974482790e-01 8.006884239665669156e+01
-7.883287535593792583e-01 2.262972905868055022e+02
-7.912593437213097936e-01 7.375747787743603112e+01
-7.941899338832403288e-01 2.217446724352121237e+02
-7.971205240451713081e-01 6.757254541638758383e+01
-8.000511142071022874e-01 2.173553903080337477e+02
-8.029817043690328227e-01 6.150599987964233151e+01
-8.059122945309638020e-01 2.131236664321122589e+02
-8.088428846928947813e-01 5.555288333379394317e+01
-8.117734748548253165e-01 2.090421632124607640e+02
-8.147040650167558518e-01 4.970254824331823329e+01
-8.176346551786868311e-01 2.051164524295390947e+02
-8.205652453406173663e-01 4.396122482292594214e+01
-8.234958355025483456e-01 2.013204046767014006e+02
-8.264264256644793250e-01 3.830939295326970750e+01
-8.293570158264098602e-01 1.975104401302060069e+02
-8.322876059883403954e-01 3.275087635189447610e+01
-8.352181961502713747e-01 1.941419628354406086e+02
-8.381487863122023541e-01 2.717948806820822938e+01
-8.410793764741328893e-01 1.907293299332186507e+02
-8.440099666360638686e-01 2.183478453844873002e+01
-8.469405567979948479e-01 1.875148408605018631e+02
-8.498711469599253832e-01 1.654686273973675270e+01
-8.528017371218559184e-01 1.844222538440835706e+02
-8.557323272837868977e-01 1.132855165842011047e+01
-8.586629174457174329e-01 1.814542274116993212e+02
-8.615935076076484123e-01 6.175792715059287730e+00
-8.645240977695793916e-01 1.786102633059535947e+02
-8.674546879315099268e-01 1.090403939910174813e+00
-8.703852780934409061e-01 1.758887075510419891e+02
-8.733158682553714414e-01 -3.934959322010399774e+00
-8.762464584173024207e-01 1.732868770030345331e+02
-8.791770485792329559e-01 -8.901870299267102382e+00
-8.821076387411639352e-01 1.708021064087315608e+02
-8.850382289030949146e-01 -1.381917255400367139e+01
-8.879688190650254498e-01 1.684336617825838402e+02
-8.908994092269559850e-01 -1.868628425079805311e+01
-8.938299993888869643e-01 1.661827686928345429e+02
-8.967605895508174996e-01 -2.350287955650856020e+01
-8.996911797127484789e-01 1.640484567853518456e+02
-9.026217698746794582e-01 -2.827661803827868425e+01
-9.055523600366099934e-01 1.620240289516295888e+02
-9.084829501985409728e-01 -3.301706922914127063e+01
-9.114135403604715080e-01 1.601056056185552734e+02
-9.143441305224024873e-01 -3.772754096164317161e+01
-9.172747206843330225e-01 1.582951406262600358e+02
-9.202053108462640019e-01 -4.240795998071553186e+01
-9.231359010081949812e-01 1.565924339895509547e+02
-9.260664911701255164e-01 -4.706329251851457229e+01
-9.289970813320564957e-01 1.549955498506806180e+02
-9.319276714939870310e-01 -5.169871653287009394e+01
-9.348582616559175662e-01 1.535032682021264918e+02
-9.377888518178485455e-01 -5.631736330047351657e+01
-9.407194419797795248e-01 1.521154048255202724e+02
-9.436500321417100601e-01 -6.092351491631961835e+01
-9.465806223036410394e-01 1.508309285172308591e+02
-9.495112124655720187e-01 -6.552153069082487491e+01
-9.524418026275025539e-01 1.496471662281173849e+02
-9.553723927894330892e-01 -7.011782091922759719e+01
-9.583029829513640685e-01 1.485623375286959345e+02
-9.612335731132950478e-01 -7.471722134178708075e+01
-9.641641632752255830e-01 1.475785971357245216e+02
-9.670947534371565624e-01 -7.932073332765139639e+01
-9.700253435990870976e-01 1.466954441960451732e+02
-9.729559337610180769e-01 -8.393456539303952013e+01
-9.758865239229486122e-01 1.459096280558878789e+02
-9.788171140848795915e-01 -8.856704184294358129e+01
-9.817477042468105708e-01 1.452208991980805877e+02
-9.846782944087411060e-01 -9.321925549656225485e+01
-9.876088845706720853e-01 1.446318433336891758e+02
-9.905394747326026206e-01 -9.789581527572590858e+01
-9.934700648945331558e-01 1.441418576527667028e+02
-9.964006550564641351e-01 -1.026022207938658539e+02
-9.993312452183951144e-01 1.437511015621985280e+02
-1.002261835380325650e+00 -1.073457885262942000e+02
-1.005192425542256629e+00 1.434578503750308300e+02
-1.008123015704187608e+00 -1.121304798079763714e+02
-1.011053605866118144e+00 1.432641366429688787e+02
-1.013984196028048679e+00 -1.169587384201695386e+02
-1.016914786189979658e+00 1.431711367821098975e+02
-1.019845376351910637e+00 -1.218397218971003895e+02
-1.022775966513841173e+00 1.431787532597008976e+02
-1.025706556675772152e+00 -1.267776264791827998e+02
-1.028637146837702687e+00 1.432867691111187014e+02
-1.031567736999633222e+00 -1.317814491864810407e+02
-1.034498327161564202e+00 1.434954434852006671e+02
-1.037428917323495181e+00 -1.368555488730125944e+02
-1.040359507485425716e+00 1.438073332849435246e+02
-1.043290097647356696e+00 -1.420055784233263694e+02
-1.046220687809287675e+00 1.442249366958385508e+02
-1.049151277971218210e+00 -1.472385425106222101e+02
-1.052081868133148745e+00 1.447487608445735532e+02
-1.055012458295079725e+00 -1.525600569060989073e+02
-1.057943048457010704e+00 1.453820653973307344e+02
-1.060873638618941239e+00 -1.579785295460933412e+02
-1.063804228780872219e+00 1.461265114782072487e+02
-1.066734818942803198e+00 -1.634993660530453781e+02
-1.069665409104733289e+00 1.469844280780853296e+02
-1.072595999266664268e+00 -1.691305041148116288e+02
-1.075526589428595248e+00 1.479590874925306707e+02
-1.078457179590525783e+00 -1.748813954865290725e+02
-1.081387769752456762e+00 1.490504815240019525e+02
-1.084318359914387742e+00 -1.807654149466179661e+02
-1.087248950076318277e+00 1.502601034920699021e+02
-1.090179540238248812e+00 -1.867881313299149042e+02
-1.093110130400179791e+00 1.515912175089961238e+02
-1.096040720562110771e+00 -1.929607343491188658e+02
-1.098971310724041306e+00 1.530452366899116896e+02
-1.101901900885972285e+00 -1.992948367069693631e+02
-1.104832491047903265e+00 1.546195603701016807e+02
-1.107763081209833356e+00 -2.058261855952368933e+02
-1.110693671371764335e+00 1.563368096271078684e+02
-1.113624261533695314e+00 -2.123974629611875571e+02
-1.116554851695625850e+00 1.582572881495598267e+02
-1.119485441857556829e+00 -2.193730446301415213e+02
-1.122416032019487808e+00 1.601772679493860778e+02
-1.125346622181418343e+00 -2.264829431941798248e+02
-1.128277212343348879e+00 1.623145365986783872e+02
-1.131207802505279858e+00 -2.337957652452096227e+02
-1.134138392667210837e+00 1.646053979975567927e+02
-1.137068982829141373e+00 -2.413441695935507596e+02
-1.139999572991072352e+00 1.670553366589847428e+02
-1.142930163153003331e+00 -2.491410914148982556e+02
-1.145860753314933866e+00 1.696718491173942311e+02
-1.148791343476864402e+00 -2.572041547806693416e+02
-1.151721933638795381e+00 1.724611524177162210e+02
-1.154652523800725916e+00 -2.655490615257513127e+02
-1.157583113962656896e+00 1.754317359105825744e+02
-1.160513704124587875e+00 -2.741951802692201454e+02
-1.163444294286518410e+00 1.785920302010454179e+02
-1.166374884448448945e+00 -2.831599631155440875e+02
-1.169305474610379925e+00 1.819506810565944761e+02
-1.172236064772310904e+00 -2.924679644686439133e+02
-1.175166654934241439e+00 1.855180664243034698e+02
-1.178097245096172418e+00 -3.021392027293695719e+02
-1.181027835258103398e+00 1.893048247899350827e+02
-1.183958425420033933e+00 -3.121978953738689597e+02
-1.186889015581964468e+00 1.933209911785907025e+02
-1.189819605743895448e+00 -3.226722080536492285e+02
-1.192750195905826427e+00 1.975806319966104638e+02
-1.195680786067756962e+00 -3.335875132703113195e+02
-1.198611376229687941e+00 2.020965354477993969e+02
-1.201541966391618921e+00 -3.449750831558012578e+02
-1.204472556553549456e+00 2.068836578857662971e+02
-1.207403146715479991e+00 -3.568685987343342276e+02
-1.210333736877410971e+00 2.119554656513464579e+02
-1.213264327039341506e+00 -3.693057365354361536e+02
-1.216194917201272485e+00 2.173279267385878484e+02
-1.219125507363203464e+00 -3.823232166836278338e+02
-1.222056097525134000e+00 2.230222307239273505e+02
-1.224986687687064535e+00 -3.959616474590111466e+02
-1.227917277848995514e+00 2.290604984386627621e+02
-1.230847868010926494e+00 -4.102623069180444872e+02
-1.233778458172857029e+00 2.354671480966080708e+02
-1.236709048334788008e+00 -4.252736237709650595e+02
-1.239639638496718987e+00 2.422641065118077677e+02
-1.242570228658649523e+00 -4.410541279701574240e+02
-1.245500818820580058e+00 2.494761198821142898e+02
-1.248431408982511037e+00 -4.576594503499109123e+02
-1.251361999144441572e+00 2.571314759515480546e+02
-1.254292589306372552e+00 -4.751567731261784502e+02
-1.257223179468303531e+00 2.652628320888616145e+02
-1.260153769630234066e+00 -4.936092221327598963e+02
-1.263084359792165046e+00 2.739099694793894741e+02
-1.266014949954095581e+00 -5.130927255551978305e+02
-1.268945540116026560e+00 2.831096856276399194e+02
-1.271876130277957095e+00 -5.336927683620051539e+02
-1.274806720439888075e+00 2.929023881611319666e+02
-1.277737310601819054e+00 -5.555025777718001336e+02
-1.280667900763749589e+00 3.033355822170906322e+02
-1.283598490925680125e+00 -5.786214165140117984e+02
-1.286529081087611104e+00 3.144597832360122993e+02
-1.289459671249541639e+00 -6.031651162957095949e+02
-1.292390261411472618e+00 3.263321843180347059e+02
-1.295320851573403598e+00 -6.292542014255268441e+02
-1.298251441735334133e+00 3.390203681759139727e+02
-1.301182031897265112e+00 -6.570214532744685130e+02
-1.304112622059195647e+00 3.525953173315083404e+02
-1.307043212221126627e+00 -6.866240005691688566e+02
-1.309973802383057162e+00 3.671343201825911819e+02
-1.312904392544988141e+00 -7.182305025215246133e+02
-1.315834982706919121e+00 3.827288568140156713e+02
-1.318765572868849656e+00 -7.520266357822292775e+02
-1.321696163030780635e+00 3.994817464370971720e+02
-1.324626753192711170e+00 -7.882243653810764954e+02
-1.327557343354641706e+00 4.174920686484274484e+02
-1.330487933516572685e+00 -8.270895247295593435e+02
-1.333418523678503664e+00 4.368673646203733369e+02
-1.336349113840434200e+00 -8.689067980628678924e+02
-1.339279704002365179e+00 4.576976055253053346e+02
-1.342210294164295714e+00 -9.140122485252941260e+02
-1.345140884326226693e+00 4.802318721264418855e+02
-1.348071474488157229e+00 -9.625939495796737901e+02
-1.351002064650088208e+00 5.046826773549255449e+02
-1.353932654812019187e+00 -1.015126666652464337e+03
-1.356863244973949723e+00 5.312862225408280210e+02
-1.359793835135880702e+00 -1.071938167174103000e+03
-1.362724425297811237e+00 5.601864393345967983e+02
-1.365655015459742216e+00 -1.133835027246779646e+03
-1.368585605621672752e+00 5.915645460820323933e+02
-1.371516195783603731e+00 -1.201228695579036867e+03
-1.374446785945534266e+00 6.258362857289121166e+02
-1.377377376107465246e+00 -1.274836050015372166e+03
-1.380307966269396225e+00 6.633483117875221069e+02
-1.383238556431326760e+00 -1.355406415723176906e+03
-1.386169146593257295e+00 7.045286038998438016e+02
-1.389099736755188275e+00 -1.443886313983588479e+03
-1.392030326917119254e+00 7.498222262301678711e+02
-1.394960917079049789e+00 -1.541375779055255407e+03
-1.397891507240980769e+00 7.998337230943034228e+02
-1.400822097402911304e+00 -1.649068272529751994e+03
-1.403752687564842283e+00 8.552359762038686313e+02
-1.406683277726772818e+00 -1.768522332269494655e+03
-1.409613867888703798e+00 9.167848203040593944e+02
-1.412544458050634777e+00 -1.901503451448646956e+03
-1.415475048212565312e+00 9.854358036175326561e+02
-1.418405638374496291e+00 -2.050159190614554973e+03
-1.421336228536426827e+00 1.062322606662626640e+03
-1.424266818698357362e+00 -2.216966611995187122e+03
-1.427197408860288341e+00 1.148820816165756696e+03
-1.430127999022219321e+00 -2.405127456180271110e+03
-1.433058589184149856e+00 1.246562629285810544e+03
-1.435989179346080835e+00 -2.618404457652832207e+03
-1.438919769508011814e+00 1.357602549065028143e+03
-1.441850359669942350e+00 -2.861508894789199985e+03
-1.444780949831872885e+00 1.484447526660722360e+03
-1.447711539993803864e+00 -3.140264776249059651e+03
-1.450642130155734844e+00 1.630235179328356026e+03
-1.453572720317665379e+00 -3.462024350609179237e+03
-1.456503310479596358e+00 1.798931092689501384e+03
-1.459433900641527337e+00 -3.836106372443035070e+03
-1.462364490803457429e+00 1.995590620758339355e+03
-1.465295080965388408e+00 -4.274523849672288634e+03
-1.468225671127319387e+00 2.226736642718762596e+03
-1.471156261289249922e+00 -4.792956515313715499e+03
-1.474086851451180902e+00 2.500922021736736497e+03
-1.477017441613111881e+00 -5.412139967173010518e+03
-1.479948031775042416e+00 2.829516828176227136e+03
-1.482878621936972952e+00 -6.159991969980415888e+03
-1.485809212098903931e+00 3.227953502068718080e+03
-1.488739802260834910e+00 -7.074873708180493850e+03
-1.491670392422765445e+00 3.717476832377742539e+03
-1.494600982584696425e+00 -8.210497393725119764e+03
-1.497531572746627404e+00 4.328141339334542863e+03
-1.500462162908557495e+00 -9.644227486520518141e+03
-1.503392753070488475e+00 5.103446100317349192e+03
-1.506323343232419454e+00 -1.149017331777291838e+04
-1.509253933394349989e+00 6.108510062488265248e+03
-1.512184523556280968e+00 -1.392429920530689560e+04
-1.515115113718211948e+00 7.443559412432317913e+03
-1.518045703880142483e+00 -1.722200472682347754e+04
-1.520976294042073018e+00 9.272328540805381635e+03
-1.523906884204003997e+00 -2.186449394167706487e+04
-1.526837474365934977e+00 1.186595736059247065e+04
-1.529768064527865512e+00 -2.862702435133021936e+04
-1.532698654689796491e+00 1.574366131233658598e+04
-1.535629244851727471e+00 -3.933443955017908593e+04
-1.538559835013658006e+00 2.182397063056144907e+04
-1.541490425175588541e+00 -5.648653142966770247e+04
-1.544421015337519520e+00 3.252950922057200296e+04
-1.547351605499450056e+00 -9.239662997289489431e+04
-1.550282195661381035e+00 5.256856467634186265e+04
-1.553212785823312014e+00 -1.560878174634862517e+05
-1.556143375985242550e+00 1.019554230319656199e+05
-1.559073966147173085e+00 -4.397514688416139106e+05
-1.562004556309104064e+00 2.481381375088934437e+05
-1.564935146471035043e+00 -8.331385221425986383e+05
-1.567865736632965579e+00 -1.056544658312050015e+05
-1.570796326794896558e+00 6.174609669107327238e+06
