1.570796326794896558e+00 1.752455724150213599e+08
1.556115987292140623e+00 8.074324407312953845e+06
1.541435647789384467e+00 -1.313939829118617997e+07
1.526755308286628532e+00 2.179114315346581489e+07
1.512074968783872375e+00 -1.395371357192542637e+06
1.497394629281116440e+00 1.421909926062798686e+07
1.482714289778360284e+00 6.636503863858257420e+06
1.468033950275604349e+00 1.191874025543162972e+07
1.453353610772848192e+00 6.712164982612086460e+06
1.438673271270092258e+00 9.523194216596491635e+06
1.423992931767336101e+00 6.015204623834909871e+06
1.409312592264580166e+00 7.442691792634148151e+06
1.394632252761824009e+00 4.735972922396298498e+06
1.379951913259068075e+00 5.546704138562070206e+06
1.365271573756311918e+00 3.420664151930830907e+06
1.350591234253555983e+00 3.903863633318642154e+06
1.335910894750799827e+00 2.199729151486977004e+06
1.321230555248043892e+00 2.527286665120707359e+06
1.306550215745287735e+00 1.158886957185565494e+06
1.291869876242531801e+00 1.416708721227896400e+06
1.277189536739775644e+00 3.183163550696894526e+05
1.262509197237019709e+00 5.515250809877464781e+05
1.247828857734263552e+00 -3.281578308495539241e+05
1.233148518231507618e+00 -9.881289792169211432e+04
1.218468178728751461e+00 -8.023562375662194099e+05
1.203787839225995526e+00 -5.689948945226892829e+05
1.189107499723239592e+00 -1.131696009095040383e+06
1.174427160220483435e+00 -8.931486087472976651e+05
1.159746820717727278e+00 -1.344117884268951835e+06
1.145066481214971343e+00 -1.102274152845089324e+06
1.130386141712215409e+00 -1.465219239269648679e+06
1.115705802209459252e+00 -1.223054756706539541e+06
1.101025462706703095e+00 -1.517057544016668573e+06
1.086345123203947161e+00 -1.277609296056723455e+06
1.071664783701191226e+00 -1.517867528046854073e+06
1.056984444198435069e+00 -1.283765008380163461e+06
1.042304104695678912e+00 -1.482279665096539306e+06
1.027623765192922978e+00 -1.255578331317055272e+06
1.012943425690167043e+00 -1.421761516930300742e+06
9.982630861874108863e-01 -1.203932711388259660e+06
9.835827466846548406e-01 -1.345126700225771405e+06
9.689024071818987949e-01 -1.137119707551498897e+06
9.542220676791427492e-01 -1.259027951001622016e+06
9.395417281763867035e-01 -1.061358385011129780e+06
9.248613886736306577e-01 -1.168396236412656261e+06
9.101810491708746120e-01 -9.812371748545921873e+05
8.955007096681185663e-01 -1.076813104110710789e+06
8.808203701653625206e-01 -9.000778608777868794e+05
8.661400306626065859e-01 -9.868164949232822983e+05
8.514596911598505402e-01 -8.202289194345348515e+05
8.367793516570944945e-01 -9.001466257264564047e+05
8.220990121543384488e-01 -7.432983676292907912e+05
8.074186726515824031e-01 -8.179407561270355945e+05
7.927383331488263574e-01 -6.703364517401170451e+05
7.780579936460703117e-01 -7.408856042977373581e+05
7.633776541433142659e-01 -6.019777585467984900e+05
7.486973146405582202e-01 -6.693356855656186817e+05
7.340169751378021745e-01 -5.385509440947687253e+05
7.193366356350461288e-01 -6.034044151530992240e+05
7.046562961322900831e-01 -4.801629505931825843e+05
6.899759566295340374e-01 -5.430337431064618286e+05
6.752956171267779917e-01 -4.267632606296207523e+05
6.606152776240219460e-01 -4.880471227677619318e+05
6.459349381212659003e-01 -3.781925778613453731e+05
6.312545986185098545e-01 -4.381893515335898846e+05
6.165742591157538088e-01 -3.342194879515814246e+05
6.018939196129977631e-01 -3.931564161601013038e+05
5.872135801102417174e-01 -2.945677911579582142e+05
5.725332406074856717e-01 -3.526174614591113641e+05
5.578529011047297370e-01 -2.589367397152476769e+05
5.431725616019735803e-01 -3.162309627366125351e+05
5.284922220992176456e-01 -2.270157317960827204e+05
5.138118825964614889e-01 -2.836561703086768975e+05
4.991315430937055542e-01 -1.984948721082820848e+05
4.844512035909493974e-01 -2.545611671751374670e+05
4.697708640881934627e-01 -1.730723173787141859e+05
4.550905245854373060e-01 -2.286283541735413892e+05
4.404101850826813713e-01 -1.504592808117611567e+05
4.257298455799252146e-01 -2.055579096849686757e+05
4.110495060771692799e-01 -1.303831408115520462e+05
3.963691665744131232e-01 -1.850697687979008188e+05
3.816888270716571885e-01 -1.125893348675616580e+05
3.670084875689010318e-01 -1.669046398410975817e+05
3.523281480661450971e-01 -9.684216497409550357e+04
3.376478085633889403e-01 -1.508241009273009549e+05
3.229674690606330056e-01 -8.292494589942900348e+04
3.082871295578768489e-01 -1.366102638063227059e+05
2.936067900551209142e-01 -7.063963837683352176e+04
2.789264505523647575e-01 -1.240650106909136230e+05
2.642461110496088228e-01 -5.980615707789470616e+04
2.495657715468526661e-01 -1.130089784348701942e+05
2.348854320440967314e-01 -5.026142188939850166e+04
2.202050925413405746e-01 -1.032804239229524683e+05
2.055247530385846400e-01 -4.185829571237595519e+04
1.908444135358284832e-01 -9.473398883393259894e+04
1.761640740330725485e-01 -3.446443321905023913e+04
1.614837345303166138e-01 -8.723942998691253888e+04
1.468033950275606792e-01 -2.796113114169677283e+04
1.321230555248045224e-01 -8.068040531267737970e+04
1.174427160220485877e-01 -2.224216212186599296e+04
1.027623765192924310e-01 -7.495324113473112811e+04
8.808203701653649631e-02 -1.721265918038403106e+04
7.340169751378033958e-02 -6.996581070204249409e+04
5.872135801102440489e-02 -1.278805636200792105e+04
4.404101850826824815e-02 -6.563643787133907608e+04
2.936067900551231347e-02 -8.893067361176517807e+03
1.468033950275615673e-02 -6.189292076420971716e+04
2.220446049250313081e-16 -5.460757416420467052e+03
-1.468033950275593469e-02 -5.867158286095938092e+04
-2.936067900551209142e-02 -2.431671633421892693e+03
-4.404101850826802611e-02 -5.591643440802388068e+04
-5.872135801102418284e-02 2.469800197310632939e+02
-7.340169751378011753e-02 -5.357839831805729045e+04
-8.808203701653627427e-02 2.622037239218994728e+03
-1.027623765192922090e-01 -5.161464383136144897e+04
-1.174427160220483657e-01 4.735086728061852227e+03
-1.321230555248043004e-01 -4.998791398240531271e+04
-1.468033950275604571e-01 6.623047936132081304e+03
-1.614837345303163918e-01 -4.866604244212979393e+04
-1.761640740330725485e-01 8.318742241624695453e+03
-1.908444135358284832e-01 -4.762140512535547168e+04
-2.055247530385846400e-01 9.851397063557284127e+03
-2.202050925413405746e-01 -4.683047893168127484e+04
-2.348854320440967314e-01 1.124710877106581211e+04
-2.495657715468526661e-01 -4.627352644996995514e+04
-2.642461110496088228e-01 1.252925002360368126e+04
-2.789264505523647575e-01 -4.593427497192304872e+04
-2.936067900551209142e-01 1.371883348189433309e+04
-3.082871295578768489e-01 -4.579958225352561567e+04
-3.229674690606325616e-01 1.483489209213487629e+04
-3.376478085633889403e-01 -4.585931753085479431e+04
-3.523281480661446530e-01 1.589476566515876766e+04
-3.670084875689010318e-01 -4.610611373959303455e+04
-3.816888270716567444e-01 1.691441803312485717e+04
-3.963691665744131232e-01 -4.653525724907942640e+04
-4.110495060771688358e-01 1.790871063349779433e+04
-4.257298455799252146e-01 -4.714468888224531838e+04
-4.404101850826811493e-01 1.889165115105541190e+04
-4.550905245854370840e-01 -4.793488491284940392e+04
-4.697708640881930187e-01 1.987665099521091906e+04
-4.844512035909493974e-01 -4.890900001386913937e+04
-4.991315430937053321e-01 2.087679532677459065e+04
-5.138118825964612668e-01 -5.007286948567198124e+04
-5.284922220992172015e-01 2.190507151169213466e+04
-5.431725616019735803e-01 -5.143520976853830507e+04
-5.578529011047295150e-01 2.297465378355963912e+04
-5.725332406074854497e-01 -5.300785365625628037e+04
-5.872135801102413843e-01 2.409917349726846442e+04
-6.018939196129977631e-01 -5.480607330232625827e+04
-6.165742591157536978e-01 2.529302304088973324e+04
-6.312545986185096325e-01 -5.684900090967724100e+04
-6.459349381212655672e-01 2.657170582247670973e+04
-6.606152776240219460e-01 -5.916022877449885709e+04
-6.752956171267778807e-01 2.795222390060304315e+04
-6.899759566295338153e-01 -6.176848085715819616e+04
-7.046562961322897500e-01 2.945356725273001939e+04
-7.193366356350461288e-01 -6.470860125087201595e+04
-7.340169751378020635e-01 3.109721868938638363e+04
-7.486973146405579982e-01 -6.802270479636907112e+04
-7.633776541433139329e-01 3.290788727193162777e+04
-7.780579936460703117e-01 -7.176168890860606916e+04
-7.927383331488262463e-01 3.491433050676056882e+04
-8.074186726515821810e-01 -7.598725895594677422e+04
-8.220990121543381157e-01 3.715042767327011097e+04
-8.367793516570944945e-01 -8.077443362992512994e+04
-8.514596911598504292e-01 3.965649968118756078e+04
-8.661400306626063639e-01 -8.621486457009078003e+04
-8.808203701653622986e-01 4.248111117618286517e+04
-8.955007096681186773e-01 -9.242120442647696473e+04
-9.101810491708746120e-01 4.568330118844052777e+04
-9.248613886736305467e-01 -9.953294851057417691e+04
-9.395417281763864814e-01 4.933567176366632339e+04
-9.542220676791428602e-01 -1.077242148292504717e+05
-9.689024071818983508e-01 5.352844845868402626e+04
-9.835827466846547296e-01 -1.172144175553275272e+05
-9.982630861874106643e-01 5.837502113854559138e+04
-1.012943425690167043e+00 -1.282829020075555891e+05
-1.027623765192922534e+00 6.401967034115665592e+04
-1.042304104695678912e+00 -1.412896112485919148e+05
-1.056984444198434847e+00 7.064836053696693853e+04
-1.071664783701191226e+00 -1.567044298964778427e+05
-1.086345123203946716e+00 7.850421074250945821e+04
-1.101025462706703095e+00 -1.751499808246511966e+05
-1.115705802209459030e+00 8.791006540630257223e+04
-1.130386141712215409e+00 -1.974651564482159447e+05
-1.145066481214970899e+00 9.930202531545795500e+04
-1.159746820717727278e+00 -2.248021724287215620e+05
-1.174427160220483213e+00 1.132809799140768591e+05
-1.189107499723239592e+00 -2.587770385481789708e+05
-1.203787839225995082e+00 1.306922888018060476e+05
-1.218468178728751461e+00 -3.017184584623281844e+05
-1.233148518231507396e+00 1.527590204033064656e+05
-1.247828857734263330e+00 -3.570613803528109565e+05
-1.262509197237019265e+00 1.812889753126525320e+05
-1.277189536739775200e+00 -4.301248567300983705e+05
-1.291869876242531578e+00 2.191035199161225464e+05
-1.306550215745287513e+00 -5.291767755794064142e+05
-1.321230555248043448e+00 2.705613606404799502e+05
-1.335910894750799383e+00 -6.689624005160070956e+05
-1.350591234253555761e+00 3.436556776755847968e+05
-1.365271573756311696e+00 -8.721708246675962582e+05
-1.379951913259067631e+00 4.499747527944399044e+05
-1.394632252761823565e+00 -1.197417611245046835e+06
-1.409312592264579944e+00 6.229721113163082628e+05
-1.423992931767335879e+00 -1.707599447777139256e+06
-1.438673271270091814e+00 8.847217128840453224e+05
-1.453353610772847748e+00 -2.834952591386902612e+06
-1.468033950275604127e+00 1.502023840916347923e+06
-1.482714289778360062e+00 -4.613480341140343808e+06
-1.497394629281115996e+00 2.235098320595579688e+06
-1.512074968783871931e+00 -1.404797520378743112e+07
-1.526755308286628310e+00 8.632663122834805399e+06
-1.541435647789384245e+00 -2.671901215460367501e+07
-1.556115987292140179e+00 -5.719805753174547106e+06
-1.570796326794896114e+00 1.613831386647399962e+08
