1.570796326794896558e+00 -1.199568127545334625e+11
1.556115987292140623e+00 -1.200397184896463928e+11
1.541435647789384467e+00 -1.199766666994500885e+11
1.526755308286628532e+00 -1.199573849316027222e+11
1.512074968783872375e+00 -1.199962202197106628e+11
1.497394629281116440e+00 -1.199781708142728271e+11
1.482714289778360284e+00 -1.199833184748496094e+11
1.468033950275604349e+00 -1.199790336797880249e+11
1.453353610772848192e+00 -1.199852376963908234e+11
1.438673271270092258e+00 -1.199826144573418274e+11
1.423992931767336101e+00 -1.199863102371195221e+11
1.409312592264580166e+00 -1.199852680578467865e+11
1.394632252761824009e+00 -1.199883600846130676e+11
1.379951913259068075e+00 -1.199878847422199249e+11
1.365271573756311918e+00 -1.199903461710295868e+11
1.350591234253555983e+00 -1.199901957621291199e+11
1.335910894750799827e+00 -1.199922326871918793e+11
1.321230555248043892e+00 -1.199922129296429901e+11
1.306550215745287735e+00 -1.199938891293157043e+11
1.291869876242531801e+00 -1.199939127697774200e+11
1.277189536739775644e+00 -1.199952926243693390e+11
1.262509197237019709e+00 -1.199953114205494080e+11
1.247828857734263552e+00 -1.199964431083672333e+11
1.233148518231507618e+00 -1.199964363798398895e+11
1.218468178728751461e+00 -1.199973625395851288e+11
1.203787839225995526e+00 -1.199973235784361725e+11
1.189107499723239592e+00 -1.199980806797448120e+11
1.174427160220483435e+00 -1.199980104031969452e+11
1.159746820717727278e+00 -1.199986296433249359e+11
1.145066481214971343e+00 -1.199985324356700134e+11
1.130386141712215409e+00 -1.199990400168329315e+11
1.115705802209459252e+00 -1.199989214917092133e+11
1.101025462706703095e+00 -1.199993391338553925e+11
1.086345123203947161e+00 -1.199992049176671143e+11
1.071664783701191226e+00 -1.199995504079588318e+11
1.056984444198435069e+00 -1.199994055621650085e+11
1.042304104695678912e+00 -1.199996933335475464e+11
1.027623765192922978e+00 -1.199995421301844177e+11
1.012943425690167043e+00 -1.199997838113406830e+11
9.982630861874108863e-01 -1.199996297003901367e+11
9.835827466846548406e-01 -1.199998346122339630e+11
9.689024071818987949e-01 -1.199996802829090271e+11
9.542220676791427492e-01 -1.199998558688202209e+11
9.395417281763867035e-01 -1.199997033499867249e+11
9.248613886736306577e-01 -1.199998555385706177e+11
9.101810491708746120e-01 -1.199997063086327972e+11
8.955007096681185663e-01 -1.199998398136857605e+11
8.808203701653625206e-01 -1.199996949049831848e+11
8.661400306626065859e-01 -1.199998134701578369e+11
8.514596911598505402e-01 -1.199996735613149719e+11
8.367793516570944945e-01 -1.199997801577539062e+11
8.220990121543384488e-01 -1.199996456521091919e+11
8.074186726515824031e-01 -1.199997426371111145e+11
7.927383331488263574e-01 -1.199996137274075317e+11
7.780579936460703117e-01 -1.199997029711608734e+11
7.633776541433142659e-01 -1.199995796919576416e+11
7.486973146405582202e-01 -1.199996626785271454e+11
7.340169751378021745e-01 -1.199995449479641876e+11
7.193366356350461288e-01 -1.199996228556137695e+11
7.046562961322900831e-01 -1.199995105082924805e+11
6.899759566295340374e-01 -1.199995842732283020e+11
6.752956171267779917e-01 -1.199994770859349365e+11
6.606152776240219460e-01 -1.199995474529861755e+11
6.459349381212659003e-01 -1.199994451643987427e+11
6.312545986185098545e-01 -1.199995127271299133e+11
6.165742591157538088e-01 -1.199994150529717407e+11
6.018939196129977631e-01 -1.199994802856053467e+11
5.872135801102417174e-01 -1.199993869299337311e+11
5.725332406074856717e-01 -1.199994502125574036e+11
5.578529011047297370e-01 -1.199993608762809143e+11
5.431725616019735803e-01 -1.199994225149492493e+11
5.284922220992176456e-01 -1.199993369018884277e+11
5.138118825964614889e-01 -1.199993971444971008e+11
4.991315430937055542e-01 -1.199993149657298889e+11
4.844512035909493974e-01 -1.199993740145559845e+11
4.697708640881934627e-01 -1.199992949914119110e+11
4.550905245854373060e-01 -1.199993530131544342e+11
4.404101850826813713e-01 -1.199992768790907440e+11
4.257298455799252146e-01 -1.199993340127292938e+11
4.110495060771692799e-01 -1.199992605144087372e+11
3.963691665744131232e-01 -1.199993168774850464e+11
3.816888270716571885e-01 -1.199992457752829437e+11
3.670084875689010318e-01 -1.199993014688197174e+11
3.523281480661450971e-01 -1.199992325368459167e+11
3.376478085633889403e-01 -1.199992876492829285e+11
3.229674690606330056e-01 -1.199992206751005707e+11
3.082871295578768489e-01 -1.199992752853911285e+11
2.936067900551209142e-01 -1.199992100694327087e+11
2.789264505523647575e-01 -1.199992642494719849e+11
2.642461110496088228e-01 -1.199992006043984680e+11
2.495657715468526661e-01 -1.199992544209998932e+11
2.348854320440967314e-01 -1.199991921708490601e+11
2.202050925413405746e-01 -1.199992456872567444e+11
2.055247530385846400e-01 -1.199991846666053619e+11
1.908444135358284832e-01 -1.199992379437752686e+11
1.761640740330725485e-01 -1.199991779967518158e+11
1.614837345303166138e-01 -1.199992310942807617e+11
1.468033950275606792e-01 -1.199991720737286377e+11
1.321230555248045224e-01 -1.199992250507495728e+11
1.174427160220485877e-01 -1.199991668171901398e+11
1.027623765192924310e-01 -1.199992197329529419e+11
8.808203701653649631e-02 -1.199991621537431946e+11
7.340169751378033958e-02 -1.199992150682669220e+11
5.872135801102440489e-02 -1.199991580166293335e+11
4.404101850826824815e-02 -1.199992109911275940e+11
2.936067900551231347e-02 -1.199991543452915955e+11
1.468033950275615673e-02 -1.199992074426795654e+11
2.220446049250313081e-16 -1.199991510849795227e+11
-1.468033950275593469e-02 -1.199992043702682800e+11
-2.936067900551209142e-02 -1.199991481862718658e+11
-4.404101850826802611e-02 -1.199992017269494629e+11
-5.872135801102418284e-02 -1.199991456046420593e+11
-7.340169751378011753e-02 -1.199991994711273651e+11
-8.808203701653627427e-02 -1.199991433000529327e+11
-1.027623765192922090e-01 -1.199991975660950928e+11
-1.174427160220483657e-01 -1.199991412364797668e+11
-1.321230555248043004e-01 -1.199991959795956879e+11
-1.468033950275604571e-01 -1.199991393815569763e+11
-1.614837345303163918e-01 -1.199991946835705719e+11
-1.761640740330725485e-01 -1.199991377061620026e+11
-1.908444135358284832e-01 -1.199991936536854706e+11
-2.055247530385846400e-01 -1.199991361840579987e+11
-2.202050925413405746e-01 -1.199991928691087341e+11
-2.348854320440967314e-01 -1.199991347915969086e+11
-2.495657715468526661e-01 -1.199991923123080292e+11
-2.642461110496088228e-01 -1.199991335073650360e+11
-2.789264505523647575e-01 -1.199991919687235107e+11
-2.936067900551209142e-01 -1.199991323118957672e+11
-3.082871295578768489e-01 -1.199991918265921936e+11
-3.229674690606325616e-01 -1.199991311874021912e+11
-3.376478085633889403e-01 -1.199991918768961487e+11
-3.523281480661446530e-01 -1.199991301175215759e+11
-3.670084875689010318e-01 -1.199991921131095581e+11
-3.816888270716567444e-01 -1.199991290870402832e+11
-3.963691665744131232e-01 -1.199991925311780396e+11
-4.110495060771688358e-01 -1.199991280816784363e+11
-4.257298455799252146e-01 -1.199991931295462341e+11
-4.404101850826811493e-01 -1.199991270878645325e+11
-4.550905245854370840e-01 -1.199991939090589294e+11
-4.697708640881930187e-01 -1.199991260924891815e+11
-4.844512035909493974e-01 -1.199991948731063385e+11
-4.991315430937053321e-01 -1.199991250826663208e+11
-5.138118825964612668e-01 -1.199991960276864624e+11
-5.284922220992172015e-01 -1.199991240455275269e+11
-5.431725616019735803e-01 -1.199991973815908813e+11
-5.578529011047295150e-01 -1.199991229679487000e+11
-5.725332406074854497e-01 -1.199991989466775513e+11
-5.872135801102413843e-01 -1.199991218362780609e+11
-6.018939196129977631e-01 -1.199992007381525421e+11
-6.165742591157536978e-01 -1.199991206360311279e+11
-6.312545986185096325e-01 -1.199992027750299988e+11
-6.459349381212655672e-01 -1.199991193515585632e+11
-6.606152776240219460e-01 -1.199992050807284698e+11
-6.752956171267778807e-01 -1.199991179656527100e+11
-6.899759566295338153e-01 -1.199992076837343903e+11
-7.046562961322897500e-01 -1.199991164590426636e+11
-7.193366356350461288e-01 -1.199992106185675354e+11
-7.340169751378020635e-01 -1.199991148098808594e+11
-7.486973146405579982e-01 -1.199992139269376373e+11
-7.633776541433139329e-01 -1.199991129929907837e+11
-7.780579936460703117e-01 -1.199992176592121582e+11
-7.927383331488262463e-01 -1.199991109790266418e+11
-8.074186726515821810e-01 -1.199992218764500275e+11
-8.220990121543381157e-01 -1.199991087333532410e+11
-8.367793516570944945e-01 -1.199992266528043823e+11
-8.514596911598504292e-01 -1.199991062146800537e+11
-8.661400306626063639e-01 -1.199992320788532715e+11
-8.808203701653622986e-01 -1.199991033731886902e+11
-8.955007096681186773e-01 -1.199992382658154907e+11
-9.101810491708746120e-01 -1.199991001482008667e+11
-9.248613886736305467e-01 -1.199992453513415833e+11
-9.395417281763864814e-01 -1.199990964649530945e+11
-9.542220676791428602e-01 -1.199992535070715332e+11
-9.689024071818983508e-01 -1.199990922303208618e+11
-9.835827466846547296e-01 -1.199992629490995178e+11
-9.982630861874106643e-01 -1.199990873270121460e+11
-1.012943425690167043e+00 -1.199992739522866211e+11
-1.027623765192922534e+00 -1.199990816053938599e+11
-1.042304104695678912e+00 -1.199992868703550262e+11
-1.056984444198434847e+00 -1.199990748720575104e+11
-1.071664783701191226e+00 -1.199993021645222015e+11
-1.086345123203946716e+00 -1.199990668734101562e+11
-1.101025462706703095e+00 -1.199993204451303101e+11
-1.115705802209459030e+00 -1.199990572715023651e+11
-1.130386141712215409e+00 -1.199993425331425323e+11
-1.145066481214970899e+00 -1.199990456083714600e+11
-1.159746820717727278e+00 -1.199993695549798889e+11
-1.174427160220483213e+00 -1.199990312493505859e+11
-1.189107499723239592e+00 -1.199994030848920441e+11
-1.203787839225995082e+00 -1.199990133011408234e+11
-1.218468178728751461e+00 -1.199994453974641876e+11
-1.233148518231507396e+00 -1.199989904488774872e+11
-1.247828857734263330e+00 -1.199994997981703491e+11
-1.262509197237019265e+00 -1.199989607957705841e+11
-1.277189536739775200e+00 -1.199995715575585327e+11
-1.291869876242531578e+00 -1.199989211212697449e+11
-1.306550215745287513e+00 -1.199996681936531372e+11
-1.321230555248043448e+00 -1.199988673295743256e+11
-1.335910894750799383e+00 -1.199998057273929291e+11
-1.350591234253555761e+00 -1.199987879492241821e+11
-1.365271573756311696e+00 -1.199999986156360016e+11
-1.379951913259067631e+00 -1.199986804878834839e+11
-1.394632252761823565e+00 -1.200003318980724945e+11
-1.409312592264579944e+00 -1.199984640043080292e+11
-1.423992931767335879e+00 -1.200007470718252411e+11
-1.438673271270091814e+00 -1.199982858929902039e+11
-1.453353610772847748e+00 -1.200021367096201172e+11
-1.468033950275604127e+00 -1.199970815681642151e+11
-1.482714289778360062e+00 -1.200024789073226929e+11
-1.497394629281115996e+00 -1.199982844664902344e+11
-1.512074968783871931e+00 -1.200172216778439026e+11
-1.526755308286628310e+00 -1.199790274437457886e+11
-1.541435647789384245e+00 -1.199988655232517090e+11
-1.556115987292140179e+00 -1.200622065497236938e+11
-1.570796326794896114e+00 -1.199794438381791992e+11
