#time Nu
1.166581e-04 1.000105e+00 
1.814161e-04 1.000192e+00 
2.270905e-04 1.000273e+00 
2.625536e-04 1.000351e+00 
2.916358e-04 1.000429e+00 
3.163389e-04 1.000506e+00 
3.378469e-04 1.000584e+00 
3.568811e-04 1.000662e+00 
3.739638e-04 1.000741e+00 
3.894737e-04 1.000822e+00 
4.036905e-04 1.000903e+00 
4.167933e-04 1.000986e+00 
4.289527e-04 1.001070e+00 
4.403051e-04 1.001155e+00 
4.509604e-04 1.001242e+00 
4.609846e-04 1.001330e+00 
4.704529e-04 1.001419e+00 
4.794315e-04 1.001510e+00 
4.879759e-04 1.001602e+00 
4.961182e-04 1.001696e+00 
5.038953e-04 1.001792e+00 
5.113452e-04 1.001889e+00 
5.185011e-04 1.001987e+00 
5.253921e-04 1.002088e+00 
5.320304e-04 1.002190e+00 
5.384368e-04 1.002293e+00 
5.446333e-04 1.002399e+00 
5.506396e-04 1.002506e+00 
5.564735e-04 1.002616e+00 
5.621498e-04 1.002727e+00 
5.676716e-04 1.002841e+00 
5.730535e-04 1.002956e+00 
5.783089e-04 1.003075e+00 
5.834501e-04 1.003195e+00 
5.884882e-04 1.003318e+00 
5.934335e-04 1.003444e+00 
5.982958e-04 1.003573e+00 
6.030839e-04 1.003705e+00 
6.078023e-04 1.003841e+00 
6.124562e-04 1.003980e+00 
6.170537e-04 1.004122e+00 
6.216024e-04 1.004269e+00 
6.261098e-04 1.004419e+00 
6.305826e-04 1.004574e+00 
6.350015e-04 1.004733e+00 
6.393266e-04 1.004894e+00 
6.435690e-04 1.005058e+00 
6.477352e-04 1.005225e+00 
6.518351e-04 1.005394e+00 
6.558776e-04 1.005566e+00 
6.598710e-04 1.005742e+00 
6.638229e-04 1.005922e+00 
6.677401e-04 1.006106e+00 
6.716293e-04 1.006294e+00 
6.754964e-04 1.006487e+00 
6.793471e-04 1.006685e+00 
6.831865e-04 1.006888e+00 
6.870197e-04 1.007096e+00 
6.908511e-04 1.007311e+00 
6.946850e-04 1.007532e+00 
6.985254e-04 1.007760e+00 
7.023759e-04 1.007995e+00 
7.062400e-04 1.008238e+00 
7.101208e-04 1.008488e+00 
7.140214e-04 1.008747e+00 
7.179446e-04 1.009014e+00 
7.218930e-04 1.009291e+00 
7.258690e-04 1.009577e+00 
7.298748e-04 1.009874e+00 
7.339124e-04 1.010181e+00 
7.379837e-04 1.010499e+00 
7.420901e-04 1.010828e+00 
7.462333e-04 1.011170e+00 
7.504142e-04 1.011524e+00 
7.546340e-04 1.011890e+00 
7.588934e-04 1.012271e+00 
7.631931e-04 1.012665e+00 
7.675337e-04 1.013074e+00 
7.719156e-04 1.013497e+00 
7.763391e-04 1.013936e+00 
7.808043e-04 1.014391e+00 
7.853112e-04 1.014862e+00 
7.898597e-04 1.015350e+00 
7.944497e-04 1.015855e+00 
7.990807e-04 1.016378e+00 
8.037521e-04 1.016919e+00 
8.084634e-04 1.017480e+00 
8.132137e-04 1.018059e+00 
8.180024e-04 1.018658e+00 
8.228285e-04 1.019277e+00 
8.276913e-04 1.019917e+00 
8.325900e-04 1.020578e+00 
8.375239e-04 1.021259e+00 
8.424925e-04 1.021963e+00 
8.474954e-04 1.022688e+00 
8.525320e-04 1.023437e+00 
8.576022e-04 1.024208e+00 
8.627057e-04 1.025002e+00 
8.678422e-04 1.025820e+00 
8.730115e-04 1.026663e+00 
8.782132e-04 1.027530e+00 
8.834471e-04 1.028423e+00 
8.887127e-04 1.029342e+00 
8.940094e-04 1.030286e+00 
8.993368e-04 1.031258e+00 
9.046940e-04 1.032257e+00 
9.100806e-04 1.033283e+00 
9.154960e-04 1.034338e+00 
9.209396e-04 1.035422e+00 
9.264112e-04 1.036534e+00 
9.319107e-04 1.037676e+00 
9.374381e-04 1.038849e+00 
9.429937e-04 1.040052e+00 
9.485782e-04 1.041286e+00 
9.541922e-04 1.042551e+00 
9.598368e-04 1.043849e+00 
9.655129e-04 1.045180e+00 
9.712218e-04 1.046544e+00 
9.769646e-04 1.047943e+00 
9.827424e-04 1.049376e+00 
9.885563e-04 1.050844e+00 
9.944072e-04 1.052348e+00 
1.000296e-03 1.053889e+00 
1.006224e-03 1.055467e+00 
1.012190e-03 1.057083e+00 
1.018196e-03 1.058738e+00 
1.024242e-03 1.060432e+00 
1.030328e-03 1.062166e+00 
1.036454e-03 1.063942e+00 
1.042621e-03 1.065759e+00 
1.048828e-03 1.067620e+00 
1.055076e-03 1.069525e+00 
1.061365e-03 1.071476e+00 
1.067695e-03 1.073473e+00 
1.074068e-03 1.075518e+00 
1.080484e-03 1.077612e+00 
1.086944e-03 1.079757e+00 
1.093449e-03 1.081954e+00 
1.100001e-03 1.084204e+00 
1.106600e-03 1.086509e+00 
1.113248e-03 1.088869e+00 
1.119946e-03 1.091287e+00 
1.126696e-03 1.093762e+00 
1.133499e-03 1.096296e+00 
1.140356e-03 1.098891e+00 
1.147268e-03 1.101545e+00 
1.154237e-03 1.104261e+00 
1.161262e-03 1.107038e+00 
1.168345e-03 1.109878e+00 
1.175486e-03 1.112780e+00 
1.182686e-03 1.115746e+00 
1.189945e-03 1.118775e+00 
1.197262e-03 1.121867e+00 
1.204638e-03 1.125024e+00 
1.212073e-03 1.128246e+00 
1.219567e-03 1.131534e+00 
1.227119e-03 1.134889e+00 
1.234729e-03 1.138312e+00 
1.242398e-03 1.141806e+00 
1.250124e-03 1.145371e+00 
1.257909e-03 1.149011e+00 
1.265752e-03 1.152728e+00 
1.273653e-03 1.156524e+00 
1.281612e-03 1.160403e+00 
1.289631e-03 1.164368e+00 
1.297709e-03 1.168422e+00 
1.305848e-03 1.172567e+00 
1.314047e-03 1.176808e+00 
1.322308e-03 1.181147e+00 
1.330632e-03 1.185588e+00 
1.339018e-03 1.190131e+00 
1.347468e-03 1.194780e+00 
1.355983e-03 1.199537e+00 
1.364563e-03 1.204403e+00 
1.373209e-03 1.209378e+00 
1.381922e-03 1.214463e+00 
1.390701e-03 1.219659e+00 
1.399549e-03 1.224964e+00 
1.408463e-03 1.230377e+00 
1.417447e-03 1.235898e+00 
1.426498e-03 1.241525e+00 
1.435618e-03 1.247255e+00 
1.444807e-03 1.253086e+00 
1.454065e-03 1.259016e+00 
1.463392e-03 1.265043e+00 
1.472788e-03 1.271164e+00 
1.482252e-03 1.277377e+00 
1.491785e-03 1.283680e+00 
1.501388e-03 1.290073e+00 
1.511059e-03 1.296553e+00 
1.520799e-03 1.303120e+00 
1.530609e-03 1.309777e+00 
1.540487e-03 1.316522e+00 
1.550436e-03 1.323359e+00 
1.560454e-03 1.330291e+00 
1.570542e-03 1.337322e+00 
1.580701e-03 1.344456e+00 
1.590930e-03 1.351699e+00 
1.601231e-03 1.359057e+00 
1.611603e-03 1.366538e+00 
