1.570796326794896558e+00 4.443291205000084005e+02
1.563456157043518591e+00 4.444480459449660543e+02
1.556115987292140623e+00 4.407659210551709066e+02
1.548775817540762434e+00 4.363959337995644319e+02
1.541435647789384467e+00 4.308681860205477960e+02
1.534095478038006499e+00 4.228411638517141000e+02
1.526755308286628532e+00 4.138382631574376092e+02
1.519415138535250342e+00 4.031500246495307920e+02
1.512074968783872375e+00 3.916122223606490138e+02
1.504734799032494408e+00 3.786835326328723568e+02
1.497394629281116440e+00 3.651393466687270006e+02
1.490054459529738251e+00 3.506172471246357532e+02
1.482714289778360284e+00 3.357251057857257024e+02
1.475374120026982316e+00 3.202312672191657157e+02
1.468033950275604349e+00 3.046040004358248439e+02
1.460693780524226160e+00 2.887238342193434733e+02
1.453353610772848192e+00 2.729164474357750692e+02
1.446013441021470225e+00 2.571531483075431197e+02
1.438673271270092258e+00 2.416285827451965247e+02
1.431333101518714068e+00 2.263864103586145688e+02
1.423992931767336101e+00 2.115050907759150789e+02
1.416652762015958134e+00 1.970837764527279035e+02
1.409312592264580166e+00 1.831034708640915767e+02
1.401972422513201977e+00 1.697042127629301262e+02
1.394632252761824009e+00 1.567893604322496799e+02
1.387292083010446042e+00 1.445274698927991892e+02
1.379951913259068075e+00 1.327635312446778642e+02
1.372611743507690107e+00 1.216844361878032004e+02
1.365271573756311918e+00 1.110942684020634061e+02
1.357931404004933951e+00 1.011900686581267053e+02
1.350591234253555983e+00 9.174997738329865626e+01
1.343251064502177794e+00 8.297475673928633455e+01
1.335910894750799827e+00 7.462881759005418303e+01
1.328570724999421859e+00 6.691172244555473014e+01
1.321230555248043892e+00 5.958368670512640364e+01
1.313890385496665925e+00 5.283941555248303246e+01
1.306550215745287735e+00 4.644204593276274551e+01
1.299210045993909768e+00 4.057880781255057911e+01
1.291869876242531801e+00 3.502081666002628424e+01
1.284529706491153611e+00 2.994605026619254673e+01
1.277189536739775644e+00 2.513698081239594373e+01
1.269849366988397676e+00 2.076122499171740898e+01
1.262509197237019709e+00 1.661467287764759604e+01
1.255169027485641742e+00 1.285399167905082862e+01
1.247828857734263552e+00 9.289552565473238488e+00
1.240488687982885585e+00 6.066881698273291157e+00
1.233148518231507618e+00 3.011163808592150382e+00
1.225808348480129428e+00 2.568872285809891687e-01
1.218468178728751461e+00 -2.356132782155781591e+00
1.211128008977373494e+00 -4.704130512107735029e+00
1.203787839225995526e+00 -6.933190820580614755e+00
1.196447669474617559e+00 -8.929809439629069701e+00
1.189107499723239592e+00 -1.082672227415050692e+01
1.181767329971861402e+00 -1.252013108709860489e+01
1.174427160220483435e+00 -1.413029992594812079e+01
1.167086990469105467e+00 -1.556252672243230784e+01
1.159746820717727278e+00 -1.692553920186520955e+01
1.152406650966349311e+00 -1.813309710888351489e+01
1.145066481214971343e+00 -1.928333847460685391e+01
1.137726311463593376e+00 -2.029784802801496113e+01
1.130386141712215409e+00 -2.126509987851913053e+01
1.123045971960837219e+00 -2.211388015124192208e+01
1.115705802209459252e+00 -2.292388341398199003e+01
1.108365632458081285e+00 -2.363049763071416365e+01
1.101025462706703095e+00 -2.430546854304184023e+01
1.093685292955325128e+00 -2.489021742207161481e+01
1.086345123203947161e+00 -2.544931186018847669e+01
1.079004953452569193e+00 -2.592967306466858446e+01
1.071664783701191226e+00 -2.638939881357475059e+01
1.064324613949813259e+00 -2.678041405088002591e+01
1.056984444198435069e+00 -2.715499319502815112e+01
1.049644274447057102e+00 -2.746960636920601218e+01
1.042304104695678912e+00 -2.777129144451757270e+01
1.034963934944300945e+00 -2.802064218997536216e+01
1.027623765192922978e+00 -2.825999043226458696e+01
1.020283595441545010e+00 -2.845366773397264026e+01
1.012943425690167043e+00 -2.863977798418675746e+01
1.005603255938789076e+00 -2.878603853928607137e+01
9.982630861874108863e-01 -2.892675525574858852e+01
9.909229164360329190e-01 -2.903271102282977623e+01
9.835827466846548406e-01 -2.913479958555890192e+01
9.762425769332768732e-01 -2.920657860339535716e+01
9.689024071818987949e-01 -2.927587573461518033e+01
9.615622374305208275e-01 -2.931875986946696599e+01
9.542220676791427492e-01 -2.936030259988639557e+01
9.468818979277647818e-01 -2.937884547353362308e+01
9.395417281763867035e-01 -2.939698166394213885e+01
9.322015584250087361e-01 -2.939510961629439834e+01
9.248613886736306577e-01 -2.939359268932393832e+01
9.175212189222526904e-01 -2.937469122832555968e+01
9.101810491708746120e-01 -2.935676139139728491e+01
9.028408794194966447e-01 -2.932374926794548387e+01
8.955007096681185663e-01 -2.929220320033984137e+01
8.881605399167405990e-01 -2.924759593096452903e+01
8.808203701653625206e-01 -2.920484662460742342e+01
8.734802004139845533e-01 -2.915081101737903779e+01
8.661400306626065859e-01 -2.909893922261043286e+01
8.587998609112286186e-01 -2.903734023218437699e+01
8.514596911598505402e-01 -2.897813872510835154e+01
8.441195214084725729e-01 -2.891057978092810288e+01
8.367793516570944945e-01 -2.884559151953241596e+01
8.294391819057165272e-01 -2.877344926703240446e+01
8.220990121543384488e-01 -2.870400031478800784e+01
8.147588424029604814e-01 -2.862845459287535732e+01
8.074186726515824031e-01 -2.855568256439996233e+01
8.000785029002044357e-01 -2.847774231588082827e+01
7.927383331488263574e-01 -2.840262100071024420e+01
7.853981633974483900e-01 -2.832314668926619916e+01
7.780579936460703117e-01 -2.824650738366954528e+01
7.707178238946922333e-01 -2.816623042502711982e+01
7.633776541433142659e-01 -2.808878045168815873e+01
7.560374843919361876e-01 -2.800832007560018511e+01
7.486973146405582202e-01 -2.793065886955169930e+01
7.413571448891801419e-01 -2.785053677107153192e+01
7.340169751378021745e-01 -2.777316988317454260e+01
7.266768053864240962e-01 -2.769382297917910662e+01
7.193366356350461288e-01 -2.761717427308672868e+01
7.119964658836680504e-01 -2.753896580877700018e+01
7.046562961322900831e-01 -2.746338810615906212e+01
6.973161263809120047e-01 -2.738661734088287858e+01
6.899759566295340374e-01 -2.731240170580056770e+01
6.826357868781559590e-01 -2.723731238061223436e+01
6.752956171267779917e-01 -2.716469624400766492e+01
6.679554473753999133e-01 -2.709148397341344960e+01
6.606152776240219460e-01 -2.702065823668383970e+01
6.532751078726438676e-01 -2.694947697236687034e+01
6.459349381212659003e-01 -2.688059222809038928e+01
6.385947683698878219e-01 -2.681155991989194831e+01
6.312545986185098545e-01 -2.674473190074445128e+01
6.239144288671319982e-01 -2.667793545324645166e+01
6.165742591157538088e-01 -2.661324980552415198e+01
6.092340893643759525e-01 -2.654874941694190937e+01
6.018939196129977631e-01 -2.648626588848758345e+01
5.945537498616199068e-01 -2.642409885703754213e+01
5.872135801102417174e-01 -2.636385496910179427e+01
5.798734103588638611e-01 -2.630403902180282572e+01
5.725332406074856717e-01 -2.624605328460623355e+01
5.651930708561077044e-01 -2.618858950518006878e+01
5.578529011047297370e-01 -2.613286424490071980e+01
5.505127313533517697e-01 -2.607773962248929323e+01
5.431725616019735803e-01 -2.602426345249384809e+01
5.358323918505956129e-01 -2.597145312744741830e+01
5.284922220992176456e-01 -2.592020311776433061e+01
5.211520523478396782e-01 -2.586967233933486554e+01
5.138118825964614889e-01 -2.582061591320358573e+01
5.064717128450835215e-01 -2.577232174989472568e+01
4.991315430937055542e-01 -2.572541834329499721e+01
4.917913733423275868e-01 -2.567931118283942382e+01
4.844512035909493974e-01 -2.563451369522701384e+01
4.771110338395714301e-01 -2.559053854357947344e+01
4.697708640881934627e-01 -2.554779460223986121e+01
4.624306943368154954e-01 -2.550589222370171072e+01
4.550905245854373060e-01 -2.546514528625612428e+01
4.477503548340593387e-01 -2.542525318537901668e+01
4.404101850826813713e-01 -2.538644349726849825e+01
4.330700153313034040e-01 -2.534849677618318253e+01
4.257298455799252146e-01 -2.531156220223418529e+01
4.183896758285472472e-01 -2.527549429768997769e+01
4.110495060771692799e-01 -2.524037103904908363e+01
4.037093363257913126e-01 -2.520611436074942446e+01
3.963691665744131232e-01 -2.517273757496849385e+01
3.890289968230351558e-01 -2.514022404941330180e+01
3.816888270716571885e-01 -2.510852838233904905e+01
3.743486573202792211e-01 -2.507768992177690492e+01
3.670084875689010318e-01 -2.504760996185342492e+01
3.596683178175230644e-01 -2.501837885963681529e+01
3.523281480661450971e-01 -2.498984952516251212e+01
3.449879783147671297e-01 -2.496215879075590749e+01
3.376478085633889403e-01 -2.493511565659773410e+01
3.303076388120109730e-01 -2.490889929638995781e+01
3.229674690606330056e-01 -2.488327886803669742e+01
3.156272993092550383e-01 -2.485847211878895635e+01
3.082871295578768489e-01 -2.483421206047500718e+01
3.009469598064991036e-01 -2.481075158004144754e+01
2.936067900551209142e-01 -2.478779090270082364e+01
2.862666203037429469e-01 -2.476561492484201210e+01
2.789264505523647575e-01 -2.474389413652866665e+01
2.715862808009870122e-01 -2.472294259327540544e+01
2.642461110496088228e-01 -2.470240382013977865e+01
2.569059412982308555e-01 -2.468261843804094013e+01
2.495657715468526661e-01 -2.466320551995311305e+01
2.422256017954749208e-01 -2.464452988673187761e+01
2.348854320440967314e-01 -2.462618844434758714e+01
2.275452622927187640e-01 -2.460856806222874482e+01
2.202050925413405746e-01 -2.459124554682644970e+01
2.128649227899628293e-01 -2.457462786241399755e+01
2.055247530385846400e-01 -2.455827358864887699e+01
1.981845832872066726e-01 -2.454260800738217441e+01
1.908444135358284832e-01 -2.452717316840439921e+01
1.835042437844507379e-01 -2.451241105728846037e+01
1.761640740330725485e-01 -2.449784872924335133e+01
1.688239042816945812e-01 -2.448394340788462387e+01
1.614837345303166138e-01 -2.447020853983030264e+01
1.541435647789386465e-01 -2.445711525913804607e+01
1.468033950275606792e-01 -2.444416465761043256e+01
1.394632252761824898e-01 -2.443184057522392649e+01
1.321230555248045224e-01 -2.441963287750297340e+01
1.247828857734265551e-01 -2.440803702115407248e+01
1.174427160220485877e-01 -2.439653266275160348e+01
1.101025462706703983e-01 -2.438562589233782063e+01
1.027623765192924310e-01 -2.437478706956488494e+01
9.542220676791446365e-02 -2.436453202992123579e+01
8.808203701653649631e-02 -2.435432265873122049e+01
8.074186726515830692e-02 -2.434468373614477343e+01
7.340169751378033958e-02 -2.433506940458118351e+01
6.606152776240237223e-02 -2.432601267074693396e+01
5.872135801102440489e-02 -2.431696059049811609e+01
5.138118825964621550e-02 -2.430845375358848770e+01
4.404101850826824815e-02 -2.429993271182940973e+01
3.670084875689028081e-02 -2.429194505657227054e+01
2.936067900551231347e-02 -2.428392535808173136e+01
2.202050925413412408e-02 -2.427642770038874431e+01
1.468033950275615673e-02 -2.426888112105098472e+01
7.340169751378189389e-03 -2.426184573817725010e+01
2.220446049250313081e-16 -2.425474546744740323e+01
-7.340169751377745300e-03 -2.424814605217318331e+01
-1.468033950275593469e-02 -2.424146663748781094e+01
-2.202050925413390203e-02 -2.423527824011038589e+01
-2.936067900551209142e-02 -2.422899553657806138e+01
-3.670084875688983672e-02 -2.422319450542130070e+01
-4.404101850826802611e-02 -2.421728561936319579e+01
-5.138118825964599345e-02 -2.421184955139083073e+01
-5.872135801102418284e-02 -2.420629279108805321e+01
-6.606152776240192814e-02 -2.420120047236601479e+01
-7.340169751378011753e-02 -2.419597529295802119e+01
-8.074186726515808488e-02 -2.419120665003832471e+01
-8.808203701653627427e-02 -2.418629360420630903e+01
-9.542220676791401957e-02 -2.418182965033270548e+01
-1.027623765192922090e-01 -2.417721033721178969e+01
-1.101025462706701763e-01 -2.417303312630327738e+01
-1.174427160220483657e-01 -2.416869014519360803e+01
-1.247828857734261110e-01 -2.416478271719414295e+01
-1.321230555248043004e-01 -2.416069962039937025e+01
-1.394632252761822677e-01 -2.415704595662965559e+01
-1.468033950275604571e-01 -2.415320720214176831e+01
-1.541435647789382024e-01 -2.414979218038588726e+01
-1.614837345303163918e-01 -2.414618308660165624e+01
-1.688239042816943591e-01 -2.414299243894922853e+01
-1.761640740330725485e-01 -2.413959914842930488e+01
-1.835042437844502938e-01 -2.413661941185218751e+01
-1.908444135358284832e-01 -2.413342884202971206e+01
-1.981845832872064506e-01 -2.413064732643585586e+01
-2.055247530385846400e-01 -2.412764713684006423e+01
-2.128649227899623853e-01 -2.412505187786910810e+01
-2.202050925413405746e-01 -2.412223042797828043e+01
-2.275452622927185420e-01 -2.411981015515128846e+01
-2.348854320440967314e-01 -2.411715647120709960e+01
-2.422256017954744767e-01 -2.411490056767468104e+01
-2.495657715468526661e-01 -2.411240430280926361e+01
-2.569059412982306334e-01 -2.411030277545603440e+01
-2.642461110496088228e-01 -2.410795418146778957e+01
-2.715862808009865681e-01 -2.410599762339813168e+01
-2.789264505523647575e-01 -2.410378751646634754e+01
-2.862666203037427248e-01 -2.410196707753815915e+01
-2.936067900551209142e-01 -2.409988680818383955e+01
-3.009469598064986595e-01 -2.409819416416293691e+01
-3.082871295578768489e-01 -2.409623558676054600e+01
-3.156272993092548163e-01 -2.409466291265652416e+01
-3.229674690606325616e-01 -2.409281835816393880e+01
-3.303076388120107509e-01 -2.409135830015558000e+01
-3.376478085633889403e-01 -2.408962055193909890e+01
-3.449879783147669077e-01 -2.408826619906679767e+01
-3.523281480661446530e-01 -2.408662846357391629e+01
-3.596683178175228424e-01 -2.408537332643296835e+01
-3.670084875689010318e-01 -2.408382921257327780e+01
-3.743486573202789991e-01 -2.408266719797639155e+01
-3.816888270716567444e-01 -2.408121069331546948e+01
-3.890289968230349338e-01 -2.408013608244170101e+01
-3.963691665744131232e-01 -2.407876152887175891e+01
-4.037093363257910905e-01 -2.407776895678615148e+01
-4.110495060771688358e-01 -2.407647103381185971e+01
-4.183896758285470252e-01 -2.407555546993056694e+01
-4.257298455799252146e-01 -2.407432917475099643e+01
-4.330700153313031819e-01 -2.407348590115101672e+01
-4.404101850826811493e-01 -2.407232652533642892e+01
-4.477503548340591166e-01 -2.407155112335487956e+01
-4.550905245854370840e-01 -2.407045423983098686e+01
-4.624306943368154954e-01 -2.406974256929511213e+01
-4.697708640881930187e-01 -2.406870401543056559e+01
-4.771110338395709860e-01 -2.406805220196005024e+01
-4.844512035909493974e-01 -2.406706805998216581e+01
-4.917913733423273648e-01 -2.406647247592534455e+01
-4.991315430937053321e-01 -2.406553906289803280e+01
-5.064717128450832995e-01 -2.406499631737945322e+01
-5.138118825964612668e-01 -2.406411016671504655e+01
-5.211520523478396782e-01 -2.406361708982145231e+01
-5.284922220992172015e-01 -2.406277493972788051e+01
-5.358323918505951688e-01 -2.406232857064397024e+01
-5.431725616019735803e-01 -2.406152735124271658e+01
-5.505127313533515476e-01 -2.406112492626570187e+01
-5.578529011047295150e-01 -2.406036174681896966e+01
-5.651930708561074823e-01 -2.406000068767300704e+01
-5.725332406074854497e-01 -2.405927282468497097e+01
-5.798734103588638611e-01 -2.405895073024420583e+01
-5.872135801102413843e-01 -2.405825561884462971e+01
-5.945537498616193517e-01 -2.405797025233523811e+01
-6.018939196129977631e-01 -2.405730547172155909e+01
-6.092340893643757305e-01 -2.405705475412334593e+01
-6.165742591157536978e-01 -2.405641802230283943e+01
-6.239144288671316652e-01 -2.405620002309034078e+01
-6.312545986185096325e-01 -2.405558918397763790e+01
-6.385947683698880439e-01 -2.405540211198989198e+01
-6.459349381212655672e-01 -2.405481512703080327e+01
-6.532751078726435345e-01 -2.405465732448016780e+01
-6.606152776240219460e-01 -2.405409226633425845e+01
-6.679554473753999133e-01 -2.405396220184423939e+01
-6.752956171267778807e-01 -2.405341724434006778e+01
-6.826357868781558480e-01 -2.405331350592531692e+01
-6.899759566295338153e-01 -2.405278691728716467e+01
-6.973161263809122268e-01 -2.405270820585319314e+01
-7.046562961322897500e-01 -2.405219833597776713e+01
-7.119964658836677174e-01 -2.405214346555634108e+01
-7.193366356350461288e-01 -2.405164874907933381e+01
-7.266768053864240962e-01 -2.405161663130296290e+01
-7.340169751378020635e-01 -2.405113556981902434e+01
-7.413571448891800308e-01 -2.405112522271008402e+01
-7.486973146405579982e-01 -2.405065638889685786e+01
-7.560374843919364096e-01 -2.405066691781880905e+01
-7.633776541433139329e-01 -2.405020893557817985e+01
-7.707178238946919002e-01 -2.405023955022800664e+01
-7.780579936460703117e-01 -2.404979110170507894e+01
-7.853981633974478349e-01 -2.404984108674682020e+01
-7.927383331488262463e-01 -2.404940089732283326e+01
-8.000785029002042137e-01 -2.404946963436897178e+01
-8.074186726515821810e-01 -2.404903646909407655e+01
-8.147588424029601484e-01 -2.404912342141700421e+01
-8.220990121543381157e-01 -2.404869607944303311e+01
-8.294391819057160831e-01 -2.404880079331226028e+01
-8.367793516570944945e-01 -2.404837809948485727e+01
-8.441195214084720178e-01 -2.404850020540859745e+01
-8.514596911598504292e-01 -2.404808100548149952e+01
-8.587998609112283965e-01 -2.404822021422433664e+01
-8.661400306626063639e-01 -2.404780336799029428e+01
-8.734802004139843312e-01 -2.404795947553432711e+01
-8.808203701653622986e-01 -2.404754385113603377e+01
-8.881605399167402659e-01 -2.404771673352030703e+01
-8.955007096681186773e-01 -2.404730119876567684e+01
-9.028408794194962006e-01 -2.404749081924487442e+01
-9.101810491708746120e-01 -2.404707423290366819e+01
-9.175212189222525794e-01 -2.404728063910422620e+01
-9.248613886736305467e-01 -2.404686184552064532e+01
-9.322015584250085141e-01 -2.404708518004103723e+01
-9.395417281763864814e-01 -2.404666300028380732e+01
-9.468818979277644488e-01 -2.404690349600303989e+01
-9.542220676791428602e-01 -2.404647672068435327e+01
-9.615622374305203834e-01 -2.404673471027746956e+01
-9.689024071818983508e-01 -2.404630208030299343e+01
-9.762425769332767622e-01 -2.404657800814938184e+01
-9.835827466846547296e-01 -2.404613821554286801e+01
-9.909229164360326969e-01 -2.404643263332888381e+01
-9.982630861874106643e-01 -2.404598430132610432e+01
-1.005603255938788632e+00 -2.404629788693378956e+01
-1.012943425690167043e+00 -2.404583955659317951e+01
-1.020283595441544566e+00 -2.404617312427306786e+01
-1.027623765192922534e+00 -2.404570324283236360e+01
-1.034963934944300945e+00 -2.404605775190659500e+01
-1.042304104695678912e+00 -2.404557464922586618e+01
-1.049644274447056880e+00 -2.404595122443948085e+01
-1.056984444198434847e+00 -2.404545309136866393e+01
-1.064324613949812814e+00 -2.404585304590986894e+01
-1.071664783701191226e+00 -2.404533791432555034e+01
-1.079004953452568749e+00 -2.404576276721961392e+01
-1.086345123203946716e+00 -2.404522847630500593e+01
-1.093685292955325128e+00 -2.404567998289496344e+01
-1.101025462706703095e+00 -2.404512414880518989e+01
-1.108365632458081063e+00 -2.404560433435319666e+01
-1.115705802209459030e+00 -2.404502431011459862e+01
-1.123045971960836997e+00 -2.404553550808239848e+01
-1.130386141712215409e+00 -2.404492832548157466e+01
-1.137726311463592932e+00 -2.404547323926304969e+01
-1.145066481214970899e+00 -2.404483556822077617e+01
-1.152406650966349311e+00 -2.404541731108447777e+01
-1.159746820717727278e+00 -2.404474537522681743e+01
-1.167086990469105245e+00 -2.404536755842521956e+01
-1.174427160220483213e+00 -2.404465705272228604e+01
-1.181767329971861180e+00 -2.404532387517362224e+01
-1.189107499723239592e+00 -2.404456986074257685e+01
-1.196447669474617115e+00 -2.404528621664390187e+01
-1.203787839225995082e+00 -2.404448298904742742e+01
-1.211128008977373494e+00 -2.404525461164508471e+01
-1.218468178728751461e+00 -2.404439553662887263e+01
-1.225808348480129428e+00 -2.404522917250067593e+01
-1.233148518231507396e+00 -2.404430647614484684e+01
-1.240488687982885363e+00 -2.404521011471690173e+01
-1.247828857734263330e+00 -2.404421461940507854e+01
-1.255169027485641298e+00 -2.404519777552633286e+01
-1.262509197237019265e+00 -2.404411855649746244e+01
-1.269849366988397676e+00 -2.404519264774390308e+01
-1.277189536739775200e+00 -2.404401658550693455e+01
-1.284529706491153611e+00 -2.404519542212782213e+01
-1.291869876242531578e+00 -2.404390661470952750e+01
-1.299210045993909546e+00 -2.404520704462829528e+01
-1.306550215745287513e+00 -2.404378601415780992e+01
-1.313890385496665481e+00 -2.404522880541419028e+01
-1.321230555248043448e+00 -2.404365141911026882e+01
-1.328570724999421859e+00 -2.404526245736722956e+01
-1.335910894750799383e+00 -2.404349844877708975e+01
-1.343251064502177794e+00 -2.404531040032806644e+01
-1.350591234253555761e+00 -2.404332126092625899e+01
-1.357931404004933729e+00 -2.404537593915118521e+01
-1.365271573756311696e+00 -2.404311189312332786e+01
-1.372611743507689663e+00 -2.404546372559111234e+01
-1.379951913259067631e+00 -2.404285932163826445e+01
-1.387292083010446042e+00 -2.404558031728105405e+01
-1.394632252761823565e+00 -2.404254746458610015e+01
-1.401972422513201977e+00 -2.404573559569702113e+01
-1.409312592264579944e+00 -2.404215381290064002e+01
-1.416652762015957912e+00 -2.404594321858377626e+01
-1.423992931767335879e+00 -2.404163929913516640e+01
-1.431333101518713846e+00 -2.404622902962520570e+01
-1.438673271270091814e+00 -2.404096010889265145e+01
-1.446013441021470225e+00 -2.404661667611754083e+01
-1.453353610772847748e+00 -2.403997084060893386e+01
-1.460693780524226160e+00 -2.404721885091785794e+01
-1.468033950275604127e+00 -2.403869912639707707e+01
-1.475374120026982094e+00 -2.404794810767086588e+01
-1.482714289778360062e+00 -2.403604360464045797e+01
-1.490054459529738029e+00 -2.404983096139611476e+01
-1.497394629281115996e+00 -2.403439236403955093e+01
-1.504734799032494408e+00 -2.405005816765995874e+01
-1.512074968783871931e+00 -2.401948743964054245e+01
-1.519415138535250342e+00 -2.406370015075955138e+01
-1.526755308286628310e+00 -2.403802731492370981e+01
-1.534095478038006277e+00 -2.403280281177095645e+01
-1.541435647789384245e+00 -2.384658490434026845e+01
-1.548775817540762212e+00 -2.428306837466834978e+01
-1.556115987292140179e+00 -2.455692464095623961e+01
-1.563456157043518591e+00 -2.324151921634483386e+01
-1.570796326794896114e+00 -2.468984939746248131e+01
