1.570796326794896558e+00 3.964178871825224906e+07
1.568353408712789498e+00 1.194973095245783404e+07
1.565910490630682217e+00 8.430474813525982201e+06
1.563467572548575157e+00 1.428376224800328352e+07
1.561024654466467876e+00 1.050458593896668032e+07
1.558581736384360816e+00 1.318158941706534661e+07
1.556138818302253757e+00 1.203115438258239254e+07
1.553695900220146475e+00 1.301180534981077537e+07
1.551252982138039416e+00 1.226490099469688535e+07
1.548810064055932134e+00 1.284193237644088827e+07
1.546367145973825075e+00 1.237681576092328317e+07
1.543924227891718015e+00 1.271538884916342795e+07
1.541481309809610734e+00 1.236988743310144916e+07
1.539038391727503674e+00 1.258750004153122194e+07
1.536595473645396392e+00 1.231680341287579946e+07
1.534152555563289333e+00 1.245522431917367131e+07
1.531709637481182273e+00 1.222820312461126782e+07
1.529266719399074992e+00 1.231341595180766098e+07
1.526823801316967932e+00 1.211433046294513904e+07
1.524380883234860651e+00 1.216067948756570369e+07
1.521937965152753591e+00 1.197946530404915474e+07
1.519495047070646532e+00 1.199624894536800310e+07
1.517052128988539250e+00 1.182664078008116595e+07
1.514609210906432191e+00 1.182001270726102404e+07
1.512166292824324909e+00 1.165785685286344402e+07
1.509723374742217850e+00 1.163215478324843384e+07
1.507280456660110790e+00 1.147466603352577053e+07
1.504837538578003509e+00 1.143306469731772877e+07
1.502394620495896449e+00 1.127834318222432956e+07
1.499951702413789167e+00 1.122326079634211212e+07
1.497508784331682108e+00 1.107000945827475004e+07
1.495065866249575048e+00 1.100335117234195210e+07
1.492622948167467767e+00 1.085069254517874867e+07
1.490180030085360707e+00 1.077400627255787514e+07
1.487737112003253426e+00 1.062136256299066730e+07
1.485294193921146366e+00 1.053594073096728884e+07
1.482851275839039307e+00 1.038295227905279212e+07
1.480408357756932025e+00 1.028989971050252952e+07
1.477965439674824966e+00 1.013636754445606284e+07
1.475522521592717684e+00 1.003664850217900798e+07
1.473079603510610625e+00 9.882493723554199561e+06
1.470636685428503565e+00 9.776963984200859442e+06
1.468193767346396283e+00 9.622197750827141106e+06
1.465750849264289224e+00 9.511627492722254246e+06
1.463307931182181942e+00 9.356328401830565184e+06
1.460865013100074883e+00 9.241418765331067145e+06
1.458422095017967823e+00 9.085715846680916846e+06
1.455979176935860542e+00 8.967110431282829493e+06
1.453536258853753482e+00 8.811169806726239622e+06
1.451093340771646201e+00 8.689463393687225878e+06
1.448650422689539141e+00 8.533477768194684759e+06
1.446207504607432082e+00 8.409222707648960873e+06
1.443764586525324800e+00 8.253403464884068817e+06
1.441321668443217741e+00 8.127113956978511065e+06
1.438878750361110459e+00 7.971683617619413882e+06
1.436435832279003399e+00 7.843839787056483328e+06
1.433992914196896340e+00 7.689027561392678879e+06
1.431549996114789058e+00 7.560077436879728921e+06
1.429107078032681999e+00 7.406114168708552606e+06
1.426664159950574717e+00 7.276476176361835562e+06
1.424221241868467658e+00 7.123591003447532654e+06
1.421778323786360598e+00 6.993655331097693183e+06
1.419335405704253317e+00 6.842072630641592667e+06
1.416892487622146257e+00 6.712202675757968798e+06
1.414449569540038976e+00 6.562139947055952623e+06
1.412006651457931916e+00 6.432673322679284960e+06
1.409563733375824857e+00 6.284339075652739033e+06
1.407120815293717575e+00 6.155588545575162396e+06
1.404677897211610516e+00 6.009180827406767756e+06
1.402234979129503234e+00 5.881435219114637934e+06
1.399792061047396174e+00 5.737140504650826566e+06
1.397349142965289115e+00 5.610665446027297527e+06
1.394906224883181833e+00 5.468657744298944250e+06
1.392463306801074774e+00 5.343696533945621923e+06
1.390020388718967492e+00 5.204136755012776703e+06
1.387577470636860433e+00 5.080911108402338810e+06
1.385134552554753373e+00 4.943946716030132025e+06
1.382691634472646092e+00 4.822657533852190711e+06
1.380248716390539032e+00 4.688422215644972399e+06
1.377805798308431751e+00 4.569250344861054793e+06
1.375362880226324691e+00 4.437863985703894868e+06
1.372919962144217632e+00 4.320971046206788160e+06
1.370477044062110350e+00 4.192539921043656301e+06
1.368034125980003290e+00 4.078069178514026571e+06
1.365591207897896009e+00 3.952686070360533893e+06
1.363148289815788949e+00 3.840763187165841460e+06
1.360705371733681890e+00 3.718507630292647518e+06
1.358262453651574608e+00 3.609241535440912936e+06
1.355819535569467549e+00 3.490180285659611225e+06
1.353376617487360267e+00 3.383664040623987559e+06
1.350933699405253208e+00 3.267851530058516189e+06
1.348490781323146148e+00 3.164163200534828939e+06
1.346047863241038867e+00 3.051641984366187826e+06
1.343604945158931807e+00 2.950845446127450559e+06
1.341162027076824526e+00 2.841646811821069568e+06
1.338719108994717466e+00 2.743792633349343669e+06
1.336276190912610184e+00 2.637937115733960178e+06
1.333833272830503125e+00 2.543063411857624538e+06
1.331390354748396065e+00 2.440561509148400743e+06
1.328947436666288784e+00 2.348694788665719796e+06
1.326504518584181724e+00 2.249547505376233254e+06
1.324061600502074443e+00 2.160703502472841647e+06
1.321618682419967383e+00 2.064903006073350087e+06
1.319175764337860324e+00 1.979087402388982708e+06
1.316732846255753042e+00 1.886617663466888014e+06
1.314289928173645983e+00 1.803826946813023183e+06
1.311847010091538923e+00 1.714664383311165730e+06
1.309404092009431642e+00 1.634886616069284268e+06
1.306961173927324582e+00 1.549000688402603380e+06
1.304518255845217301e+00 1.472216203239025082e+06
1.302075337763110241e+00 1.389570030313359108e+06
1.299632419681003181e+00 1.315752112696952652e+06
1.297189501598895900e+00 1.236303078922126442e+06
1.294746583516788840e+00 1.165418665994893294e+06
1.292303665434681559e+00 1.089118972637149040e+06
1.289860747352574499e+00 1.021129331239008345e+06
1.287417829270467440e+00 9.479266008170001442e+05
1.284974911188360158e+00 8.827878966441606171e+05
1.282531993106252877e+00 8.126256164075246779e+05
1.280089075024145817e+00 7.502895381405377993e+05
1.277646156942038758e+00 6.831076272950022249e+05
1.275203238859931476e+00 6.235218719607945532e+05
1.272760320777824417e+00 5.592571467589541571e+05
1.270317402695717135e+00 5.023659421015194384e+05
1.267874484613610075e+00 4.409525570759875700e+05
1.265431566531503016e+00 3.866971888826709474e+05
1.262988648449395956e+00 3.280670680704528932e+05
1.260545730367288675e+00 2.763863249731364776e+05
1.258102812285181615e+00 2.204695675445170782e+05
1.255659894203074334e+00 1.713001686598447850e+05
1.253216976120967274e+00 1.180253539741177228e+05
1.250774058038860215e+00 7.130229068255149468e+04
1.248331139956752933e+00 2.059693419466164778e+04
1.245888221874645874e+00 -2.374615146604214897e+04
1.243445303792538592e+00 -7.195536577937418770e+04
1.241002385710431533e+00 -1.139858296405360743e+05
1.238559467628324473e+00 -1.597727295241584652e+05
1.236116549546217191e+00 -1.995586193445445970e+05
1.233673631464110132e+00 -2.429972849050614168e+05
1.231230713382002850e+00 -2.806070747603366617e+05
1.228787795299895791e+00 -3.217715473592879716e+05
1.226344877217788731e+00 -3.572738925058514578e+05
1.223901959135681450e+00 -3.962380212011731928e+05
1.221459041053574168e+00 -4.297014559827086632e+05
1.219016122971467109e+00 -4.665386306795664132e+05
1.216573204889360049e+00 -4.980318587204326177e+05
1.214130286807252768e+00 -5.328154087772977073e+05
1.211687368725145708e+00 -5.624057235497207148e+05
1.209244450643038427e+00 -5.952066563647162402e+05
1.206801532560931367e+00 -6.229596916655143723e+05
1.204358614478824308e+00 -6.538500584190429654e+05
1.201915696396717026e+00 -6.798347493293745210e+05
1.199472778314609966e+00 -7.088833233890446136e+05
1.197029860232502685e+00 -7.331645884112502681e+05
1.194586942150395625e+00 -7.604410334642464295e+05
1.192144024068288566e+00 -7.830830124325964134e+05
1.189701105986181506e+00 -8.086549143550138688e+05
1.187258187904074225e+00 -8.297209602840023581e+05
1.184815269821967165e+00 -8.536545937432245119e+05
1.182372351739859884e+00 -8.732067821440391708e+05
1.179929433657752824e+00 -8.955670406590988860e+05
1.177486515575645543e+00 -9.136661509510360193e+05
1.175043597493538483e+00 -9.345163633256377652e+05
1.172600679411431424e+00 -9.512218551653281320e+05
1.170157761329324142e+00 -9.706238535351559985e+05
1.167714843247217082e+00 -9.859937543334910879e+05
1.165271925165110023e+00 -1.004007846624892671e+06
1.162829007083002741e+00 -1.018098778223731904e+06
1.160386089000895460e+00 -1.034783690726810601e+06
1.157943170918788400e+00 -1.047650790201746160e+06
1.155500252836681341e+00 -1.063063601268367842e+06
1.153057334754574059e+00 -1.074760443125370890e+06
1.150614416672467000e+00 -1.088956657775499392e+06
1.148171498590359940e+00 -1.099535271630721632e+06
1.145728580508252659e+00 -1.112568636595235672e+06
1.143285662426145599e+00 -1.122079660169045441e+06
1.140842744344038540e+00 -1.134002361618746538e+06
1.138399826261931258e+00 -1.142494714718857314e+06
1.135956908179823976e+00 -1.153357296050039120e+06
1.133513990097716917e+00 -1.160878525570013560e+06
1.131071072015609857e+00 -1.170729903935171664e+06
1.128628153933502576e+00 -1.177325934914070182e+06
1.126185235851395516e+00 -1.186213445436883252e+06
1.123742317769288235e+00 -1.191928731299698120e+06
1.121299399687181175e+00 -1.199898074667671463e+06
1.118856481605074116e+00 -1.204775546845394652e+06
1.116413563522966834e+00 -1.211870846623096149e+06
1.113970645440859775e+00 -1.215951981875967234e+06
1.111527727358752715e+00 -1.222215856260764180e+06
1.109084809276645434e+00 -1.225540604717751034e+06
1.106641891194538374e+00 -1.231014146869882243e+06
1.104198973112431315e+00 -1.233621104485318530e+06
1.101756055030324033e+00 -1.238343890909272246e+06
1.099313136948216751e+00 -1.240270182335837744e+06
1.096870218866109692e+00 -1.244280314558652230e+06
1.094427300784002632e+00 -1.245561728000076720e+06
1.091984382701895351e+00 -1.248895863900104072e+06
1.089541464619788291e+00 -1.249566807703777682e+06
1.087098546537681232e+00 -1.252260226064899471e+06
1.084655628455573950e+00 -1.252353759522361215e+06
1.082212710373466891e+00 -1.254440414058916736e+06
1.079769792291359831e+00 -1.253988343086829875e+06
1.077326874209252550e+00 -1.255500823467858136e+06
1.074883956127145268e+00 -1.254533717655595858e+06
1.072441038045038209e+00 -1.255503322637460893e+06
1.069998119962931149e+00 -1.254050468567426316e+06
1.067555201880824089e+00 -1.254507230643621413e+06
1.065112283798716808e+00 -1.252596816104282159e+06
1.062669365716609526e+00 -1.252569540760808159e+06
1.060226447634502467e+00 -1.250228489819680806e+06
1.057783529552395407e+00 -1.249744829017575365e+06
1.055340611470288126e+00 -1.246999029393786797e+06
1.052897693388181066e+00 -1.246085422027809545e+06
1.050454775306073785e+00 -1.242959643515479984e+06
1.048011857223966725e+00 -1.241641466965630883e+06
1.045568939141859666e+00 -1.238159396525945747e+06
1.043126021059752606e+00 -1.236460919866645709e+06
1.040683102977645103e+00 -1.232645244799406966e+06
1.038240184895538043e+00 -1.230589768641157309e+06
1.035797266813430983e+00 -1.226462211086632451e+06
1.033354348731323924e+00 -1.224071919663244626e+06
1.030911430649216642e+00 -1.219653263920348370e+06
1.028468512567109583e+00 -1.216949448715074686e+06
1.026025594485002301e+00 -1.212259505375475157e+06
1.023582676402895242e+00 -1.209262474368529860e+06
1.021139758320788182e+00 -1.204320195095828269e+06
1.018696840238681123e+00 -1.201049365591550479e+06
1.016253922156573841e+00 -1.195872816632904811e+06
1.013811004074466560e+00 -1.192346724661139073e+06
1.011368085992359500e+00 -1.186953170851584058e+06
1.008925167910252441e+00 -1.183189537644501310e+06
1.006482249828145381e+00 -1.177595448578545125e+06
1.004039331746038100e+00 -1.173611162072852720e+06
1.001596413663930818e+00 -1.167832219687549165e+06
9.991534955818237584e-01 -1.163643357344929362e+06
9.967105774997166989e-01 -1.157694493363976944e+06
9.942676594176094174e-01 -1.153316345909467898e+06
9.918247413355023578e-01 -1.147211752878836589e+06
9.893818232533951873e-01 -1.142658918189436197e+06
9.869389051712880168e-01 -1.136411817972191609e+06
9.844959870891808462e-01 -1.131697976690307027e+06
9.820530690070737867e-01 -1.125322022427651566e+06
9.796101509249665051e-01 -1.120460628794982564e+06
9.771672328428594456e-01 -1.113970924467830686e+06
9.747243147607522751e-01 -1.108978794550551334e+06
9.722813966786452156e-01 -1.102378457225329010e+06
9.698384785965379340e-01 -1.097261974272330292e+06
9.673955605144308745e-01 -1.090568820090796566e+06
9.649526424323237039e-01 -1.085338434073308948e+06
9.625097243502165334e-01 -1.078562983242161106e+06
9.600668062681093629e-01 -1.073233264583997661e+06
9.576238881860023033e-01 -1.066384111934435554e+06
9.551809701038951328e-01 -1.060964162194507662e+06
9.527380520217879623e-01 -1.054051093888118397e+06
9.502951339396807917e-01 -1.048550958108479041e+06
9.478522158575736212e-01 -1.041582848005611449e+06
9.454092977754665617e-01 -1.036011705783189973e+06
9.429663796933593911e-01 -1.028997091262147762e+06
9.405234616112522206e-01 -1.023363771522002178e+06
9.380805435291450500e-01 -1.016310678412155714e+06
9.356376254470379905e-01 -1.010623548483115737e+06
9.331947073649307089e-01 -1.003539634272450814e+06
9.307517892828236494e-01 -9.978065607529040426e+05
9.283088712007164789e-01 -9.906990063414324541e+05
9.258659531186093083e-01 -9.849274544036749285e+05
9.234230350365021378e-01 -9.778031018864903599e+05
9.209801169543950783e-01 -9.720002267133127898e+05
9.185371988722877967e-01 -9.648655396006049123e+05
9.160942807901807372e-01 -9.590380296201948076e+05
9.136513627080735667e-01 -9.518990846630146261e+05
9.112084446259665071e-01 -9.460532302608784521e+05
9.087655265438592256e-01 -9.389157423738576472e+05
9.063226084617521661e-01 -9.330575676827181596e+05
9.038796903796449955e-01 -9.259269337479867972e+05
9.014367722975378250e-01 -9.200620366828835104e+05
8.989938542154306544e-01 -9.129433353131954791e+05
8.965509361333235949e-01 -9.070770183872843627e+05
8.941080180512164244e-01 -8.999750235548359342e+05
8.916650999691092538e-01 -8.941123052101876820e+05
8.892221818870020833e-01 -8.870315168364815181e+05
8.867792638048949128e-01 -8.811771203830967424e+05
8.843363457227878532e-01 -8.741217810897849267e+05
8.818934276406806827e-01 -8.682801984491471667e+05
8.794505095585735122e-01 -8.612542266468788730e+05
8.770075914764663416e-01 -8.554296293796919053e+05
8.745646733943592821e-01 -8.484368239567279816e+05
8.721217553122520005e-01 -8.426330724396868609e+05
8.696788372301449410e-01 -8.356768949580991175e+05
8.672359191480377705e-01 -8.298976964407352498e+05
8.647930010659305999e-01 -8.229812817911554594e+05
8.623500829838234294e-01 -8.172300953733192291e+05
8.599071649017163699e-01 -8.103564993857708760e+05
8.574642468196090883e-01 -8.046364582311628619e+05
8.550213287375020288e-01 -7.978085329518817598e+05
8.525784106553948583e-01 -7.921227302695742110e+05
8.501354925732877987e-01 -7.853430334035892738e+05
8.476925744911805172e-01 -7.796942678045035573e+05
8.452496564090734577e-01 -7.729651829831677023e+05
8.428067383269662871e-01 -7.673560531616716180e+05
8.403638202448591166e-01 -7.606798310532984324e+05
8.379209021627519460e-01 -7.551126854061016347e+05
8.354779840806448865e-01 -7.484914850734573556e+05
8.330350659985376049e-01 -7.429685710400445387e+05
8.305921479164305454e-01 -7.364042326918512117e+05
8.281492298343233749e-01 -7.309276803486807039e+05
8.257063117522162043e-01 -7.244219706872458337e+05
8.232633936701090338e-01 -7.189936818468109705e+05
8.208204755880019743e-01 -7.125481929412726313e+05
8.183775575058948037e-01 -7.071699597849160200e+05
8.159346394237876332e-01 -7.007861460480302339e+05
8.134917213416804627e-01 -6.954595751251084730e+05
8.110488032595732921e-01 -6.891387795260371640e+05
8.086058851774662326e-01 -6.838653810070044128e+05
8.061629670953590621e-01 -6.776087884880297352e+05
8.037200490132518915e-01 -6.723899184543079464e+05
8.012771309311447210e-01 -6.661986254584477283e+05
7.988342128490376615e-01 -6.610355065062090289e+05
7.963912947669303799e-01 -6.549104819969262462e+05
7.939483766848233204e-01 -6.498042602766894270e+05
7.915054586027161498e-01 -6.437463476010124432e+05
7.890625405206090903e-01 -6.386980128530571237e+05
7.866196224385018088e-01 -6.327079927233818453e+05
7.841767043563946382e-01 -6.277184709776694654e+05
7.817337862742874677e-01 -6.217969698836994357e+05
7.792908681921804082e-01 -6.168670673619860318e+05
7.768479501100732376e-01 -6.110146749457352562e+05
7.744050320279661781e-01 -6.061450898200562224e+05
7.719621139458590076e-01 -6.003622940350975841e+05
7.695191958637517260e-01 -5.955536436105754692e+05
7.670762777816446665e-01 -5.898408471599359764e+05
7.646333596995374959e-01 -5.850936979210389545e+05
7.621904416174303254e-01 -5.794511999338116730e+05
7.597475235353232659e-01 -5.747659958766740747e+05
7.573046054532160953e-01 -5.691940491393867414e+05
7.548616873711090358e-01 -5.645711616169790505e+05
7.524187692890017543e-01 -5.590700014074104838e+05
7.499758512068945837e-01 -5.545098525902859401e+05
7.475329331247875242e-01 -5.490795065603536787e+05
7.450900150426803537e-01 -5.445818942027543671e+05
7.426470969605731831e-01 -5.392226083071450703e+05
7.402041788784661236e-01 -5.347881230268409709e+05
7.377612607963588420e-01 -5.294993335317226592e+05
7.353183427142516715e-01 -5.251280227454123087e+05
7.328754246321446120e-01 -5.199101626609539380e+05
7.304325065500374414e-01 -5.156021562694340246e+05
7.279895884679303819e-01 -5.104549898567319615e+05
7.255466703858232114e-01 -5.062101971432152204e+05
7.231037523037159298e-01 -5.011335619414434186e+05
7.206608342216087593e-01 -4.969519412459852756e+05
7.182179161395016997e-01 -4.919456131259691319e+05
7.157749980573945292e-01 -4.878270648666337947e+05
7.133320799752874697e-01 -4.828907880617761402e+05
7.108891618931802991e-01 -4.788351728215695475e+05
7.084462438110730176e-01 -4.739686482639098540e+05
7.060033257289658470e-01 -4.699757589306699811e+05
7.035604076468587875e-01 -4.651786590186101967e+05
7.011174895647516170e-01 -4.612482978498449665e+05
6.986745714826445575e-01 -4.565202254927075701e+05
6.962316534005373869e-01 -4.526521297619873658e+05
6.937887353184303274e-01 -4.479927033341940260e+05
6.913458172363230458e-01 -4.441865766297915834e+05
6.889028991542158753e-01 -4.395953608438569936e+05
6.864599810721087048e-01 -4.358508748247881886e+05
6.840170629900016452e-01 -4.313274278523795074e+05
6.815741449078944747e-01 -4.276442292024972849e+05
6.791312268257874152e-01 -4.231880335569653544e+05
6.766883087436801336e-01 -4.195657144433416543e+05
6.742453906615729631e-01 -4.151762853448549286e+05
6.718024725794659036e-01 -4.116144461898331647e+05
6.693595544973587330e-01 -4.072912221989110112e+05
6.669166364152516735e-01 -4.037894259199703229e+05
6.644737183331445030e-01 -3.995318571913499618e+05
6.620308002510372214e-01 -3.960896522660653573e+05
6.595878821689300509e-01 -3.918971651480423170e+05
6.571449640868229913e-01 -3.885140710468979087e+05
6.547020460047158208e-01 -3.843860662227399880e+05
6.522591279226087613e-01 -3.810615749107608572e+05
6.498162098405015907e-01 -3.769974583406258607e+05
6.473732917583943092e-01 -3.737310543328351923e+05
6.449303736762871386e-01 -3.697301721049355110e+05
6.424874555941800791e-01 -3.665213047772150021e+05
6.400445375120729086e-01 -3.625830430777192814e+05
6.376016194299658491e-01 -3.594311688617742620e+05
6.351587013478586785e-01 -3.555548619362449390e+05
6.327157832657513969e-01 -3.524594617128203390e+05
6.302728651836443374e-01 -3.486444276306425454e+05
6.278299471015371669e-01 -3.456048912097016582e+05
6.253870290194299963e-01 -3.418504855953054503e+05
6.229441109373229368e-01 -3.388661681746817776e+05
6.205011928552157663e-01 -3.351716827351601678e+05
6.180582747731087068e-01 -3.322420573197738267e+05
6.156153566910014252e-01 -3.286068303200237569e+05
6.131724386088942547e-01 -3.257312689001300605e+05
6.107295205267871951e-01 -3.221545962991722627e+05
6.082866024446800246e-01 -3.193324828053967212e+05
6.058436843625728541e-01 -3.158136519896629034e+05
6.034007662804657945e-01 -3.130443603676828207e+05
6.009578481983585130e-01 -3.095826506744896760e+05
5.985149301162513424e-01 -3.068655421030542930e+05
5.960720120341442829e-01 -3.034602616257163463e+05
5.936290939520371124e-01 -3.007947255132055725e+05
5.911861758699300529e-01 -2.974451596700921073e+05
5.887432577878228823e-01 -2.948305232421380933e+05
5.863003397057156008e-01 -2.915359530807122355e+05
5.838574216236084302e-01 -2.889716204689422157e+05
5.814145035415013707e-01 -2.857313144570899312e+05
5.789715854593942002e-01 -2.832166205882927170e+05
5.765286673772871406e-01 -2.800298601312775863e+05
5.740857492951799701e-01 -2.775641558714712737e+05
5.716428312130726885e-01 -2.744302207504265825e+05
5.691999131309655180e-01 -2.720128381785847014e+05
5.667569950488584585e-01 -2.689309990065188031e+05
5.643140769667513990e-01 -2.665613083106451668e+05
5.618711588846441174e-01 -2.635308568703606725e+05
5.594282408025370579e-01 -2.612082002649265632e+05
5.569853227204299984e-01 -2.582284031473329815e+05
5.545424046383227168e-01 -2.559521275862242328e+05
5.520994865562156573e-01 -2.530222647001730802e+05
5.496565684741083757e-01 -2.507917137826227699e+05
5.472136503920013162e-01 -2.479110687585413980e+05
5.447707323098942567e-01 -2.457255951568126620e+05
5.423278142277869751e-01 -2.428934483269301709e+05
5.398848961456796935e-01 -2.407523924132546526e+05
5.374419780635726340e-01 -2.379680243246408936e+05
5.349990599814655745e-01 -2.358707754057919956e+05
5.325561418993585150e-01 -2.331334982615447661e+05
5.301132238172512334e-01 -2.310793517903327884e+05
5.276703057351441739e-01 -2.283884733813647763e+05
5.252273876530368923e-01 -2.263768387293854321e+05
5.227844695709298328e-01 -2.237316446298588417e+05
5.203415514888225513e-01 -2.217618757909846609e+05
5.178986334067154917e-01 -2.191616683883650403e+05
5.154557153246084322e-01 -2.172331226223208942e+05
5.130127972425013727e-01 -2.146772028009175265e+05
5.105698791603938691e-01 -2.127891686785498459e+05
5.081269610782868096e-01 -2.102768189261062944e+05
5.056840429961797501e-01 -2.084287799733099237e+05
5.032411249140726905e-01 -2.059593461634098494e+05
5.007982068319654090e-01 -2.041506638345518732e+05
4.983552887498583495e-01 -2.017234922932730406e+05
4.959123706677512899e-01 -1.999535180758403149e+05
4.934694525856440084e-01 -1.975679276211082761e+05
4.910265345035367268e-01 -1.958360558890930261e+05
4.885836164214296673e-01 -1.934913685656975140e+05
4.861406983393226078e-01 -1.917969869573799078e+05
4.836977802572155483e-01 -1.894925435464638576e+05
4.812548621751082667e-01 -1.878350469655578490e+05
4.788119440930009851e-01 -1.855701931861709454e+05
4.763690260108939256e-01 -1.839489810428945348e+05
4.739261079287868661e-01 -1.817230553501790273e+05
4.714831898466798066e-01 -1.801375243533920147e+05
4.690402717645725250e-01 -1.779498855871228734e+05
4.665973536824654655e-01 -1.763994606347506924e+05
4.641544356003581839e-01 -1.742494974351231358e+05
4.617115175182511244e-01 -1.727335860694222210e+05
4.592685994361438429e-01 -1.706206562266027322e+05
4.568256813540367833e-01 -1.691386886614483374e+05
4.543827632719297238e-01 -1.670621866718992533e+05
4.519398451898226643e-01 -1.656135921705900400e+05
4.494969271077151607e-01 -1.635728869174548017e+05
4.470540090256081012e-01 -1.621571078672714357e+05
4.446110909435010417e-01 -1.601515963186700246e+05
4.421681728613939821e-01 -1.587680710035823577e+05
4.397252547792867006e-01 -1.567971457207695057e+05
4.372823366971796410e-01 -1.554453283954781946e+05
4.348394186150725815e-01 -1.535084219234070624e+05
4.323965005329653000e-01 -1.521877400632924982e+05
4.299535824508580184e-01 -1.502842480963578564e+05
4.275106643687509589e-01 -1.489941929832281021e+05
4.250677462866438994e-01 -1.471235286070214643e+05
4.226248282045368398e-01 -1.458635633039316162e+05
4.201819101224295583e-01 -1.440251678853930789e+05
4.177389920403222767e-01 -1.427947461741501174e+05
4.152960739582152172e-01 -1.409880441273803299e+05
4.128531558761081577e-01 -1.397866527908178978e+05
4.104102377940008761e-01 -1.380111003180874395e+05
4.079673197118938166e-01 -1.368382379536552762e+05
4.055244016297867571e-01 -1.350932537106696691e+05
4.030814835476794755e-01 -1.339484115187305433e+05
4.006385654655724160e-01 -1.322334793306371430e+05
3.981956473834651344e-01 -1.311161593824737647e+05
3.957527293013580749e-01 -1.294307392269043194e+05
3.933098112192510154e-01 -1.283404423844987614e+05
3.908668931371437338e-01 -1.266839970892774436e+05
3.884239750550364523e-01 -1.256202473046363302e+05
3.859810569729293928e-01 -1.239922603974777012e+05
3.835381388908223332e-01 -1.229545689658494084e+05
3.810952208087152737e-01 -1.213545184733944479e+05
3.786523027266079922e-01 -1.203424068197338347e+05
3.762093846445009326e-01 -1.187697992629964428e+05
3.737664665623938731e-01 -1.177828191506300645e+05
3.713235484802865916e-01 -1.162371489867991768e+05
3.688806303981793100e-01 -1.152748356195324450e+05
3.664377123160722505e-01 -1.137556182603630004e+05
3.639947942339651910e-01 -1.128175208163744683e+05
3.615518761518581314e-01 -1.113242604138215538e+05
3.591089580697508499e-01 -1.104099357141350920e+05
3.566660399876435683e-01 -1.089421594072683511e+05
3.542231219055365088e-01 -1.080511633061643661e+05
3.517802038234294493e-01 -1.066084034549650823e+05
3.493372857413221677e-01 -1.057403061779309064e+05
3.468943676592151082e-01 -1.043220895256860676e+05
3.444514495771080487e-01 -1.034764651524795627e+05
3.420085314950007671e-01 -1.020823435195046186e+05
3.395656134128937076e-01 -1.012587670946874860e+05
3.371226953307864260e-01 -9.988828179845788691e+04
3.346797772486793665e-01 -9.908635196553675632e+04
3.322368591665723070e-01 -9.773906804003693105e+04
3.297939410844650254e-01 -9.695836592396057677e+04
3.273510230023577439e-01 -9.563384069301947602e+04
3.249081049202506843e-01 -9.487397827631785185e+04
3.224651868381436248e-01 -9.357178356066292326e+04
3.200222687560365653e-01 -9.283236228821627446e+04
3.175793506739292837e-01 -9.155207659116314608e+04
3.151364325918222242e-01 -9.083270980584585050e+04
3.126935145097151647e-01 -8.957392160848020285e+04
3.102505964276078831e-01 -8.887423046107107075e+04
3.078076783455006016e-01 -8.763653112543367024e+04
3.053647602633935421e-01 -8.695614075266174041e+04
3.029218421812864825e-01 -8.573911805719516997e+04
3.004789240991794230e-01 -8.507765699694928480e+04
2.980360060170721415e-01 -8.388091895994376682e+04
2.955930879349648599e-01 -8.323802404186312924e+04
2.931501698528578004e-01 -8.206118330405380402e+04
2.907072517707507409e-01 -8.143651236156477535e+04
2.882643336886434593e-01 -8.027917275271937251e+04
2.858214156065363998e-01 -7.967239553445066849e+04
2.833784975244293403e-01 -7.853414744032069575e+04
2.809355794423220587e-01 -7.794487044050774421e+04
2.784926613602149992e-01 -7.682542097871036094e+04
2.760497432781077176e-01 -7.625338567765460175e+04
2.736068251960006581e-01 -7.515218623075776850e+04
2.711639071138935986e-01 -7.459689047600400227e+04
2.687209890317863170e-01 -7.351389827202309971e+04
2.662780709496790355e-01 -7.297519129242216877e+04
2.638351528675719759e-01 -7.190988018549063418e+04
2.613922347854649164e-01 -7.138735387541388627e+04
2.589493167033578569e-01 -7.033936149361798016e+04
2.565063986212505753e-01 -6.983270054149090720e+04
2.540634805391435158e-01 -6.880170788758691924e+04
2.516205624570364563e-01 -6.831062386371272441e+04
2.491776443749291747e-01 -6.729629180576582439e+04
2.467347262928218932e-01 -6.682048542484852078e+04
2.442918082107148336e-01 -6.582248524595517665e+04
2.418488901286077741e-01 -6.536165999846043269e+04
2.394059720465007146e-01 -6.437966348429725622e+04
2.369630539643934330e-01 -6.393350622430176008e+04
2.345201358822861515e-01 -6.296719865061369637e+04
2.320772178001790920e-01 -6.253543499112113932e+04
2.296342997180720324e-01 -6.158450178286706068e+04
2.271913816359647509e-01 -6.116683690508315340e+04
2.247484635538576914e-01 -6.023096806416843901e+04
2.223055454717506318e-01 -5.982714131926823757e+04
2.198626273896433503e-01 -5.890603537373828294e+04
2.174197093075362908e-01 -5.851575408718040853e+04
2.149767912254290092e-01 -5.760912422939937096e+04
2.125338731433219497e-01 -5.723213877572442289e+04
2.100909550612148902e-01 -5.633968182962951687e+04
2.076480369791076086e-01 -5.597572456433335174e+04
2.052051188970003270e-01 -5.509716128341830336e+04
2.027622008148932675e-01 -5.474597507881946512e+04
2.003192827327862080e-01 -5.388100188965534471e+04
1.978763646506791485e-01 -5.354232717117804714e+04
1.954334465685718669e-01 -5.269068759225578106e+04
1.929905284864648074e-01 -5.236427827892561618e+04
1.905476104043577479e-01 -5.152570956508128438e+04
1.881046923222504663e-01 -5.121133632610934728e+04
1.856617742401431848e-01 -5.038555327015928924e+04
1.832188561580361252e-01 -5.008296104172873311e+04
1.807759380759290657e-01 -4.926971342100817856e+04
1.783330199938220062e-01 -4.897866521246155025e+04
1.758901019117147246e-01 -4.817768315209021239e+04
1.734471838296074431e-01 -4.789795624462361593e+04
1.710042657475003836e-01 -4.710900138811277429e+04
1.685613476653933240e-01 -4.684037125112758076e+04
1.661184295832860425e-01 -4.606318196243196144e+04
1.636755115011789830e-01 -4.580542007390099025e+04
1.612325934190719234e-01 -4.503976792266669509e+04
1.587896753369646419e-01 -4.479265961746689572e+04
1.563467572548573603e-01 -4.403828801240822941e+04
1.539038391727503008e-01 -4.380162950480767904e+04
1.514609210906432413e-01 -4.305831320159840834e+04
1.490180030085361818e-01 -4.283188771082831954e+04
1.465750849264289002e-01 -4.209939282713424473e+04
1.441321668443216186e-01 -4.188299511826125672e+04
1.416892487622145591e-01 -4.116109127145633829e+04
1.392463306801074996e-01 -4.095452911986582330e+04
1.368034125980002180e-01 -4.024299877119151643e+04
1.343604945158931585e-01 -4.004606834315110609e+04
1.319175764337860990e-01 -3.934468445482094103e+04
1.294746583516790395e-01 -3.915719467629567225e+04
1.270317402695717579e-01 -3.846575628049417719e+04
1.245888221874644763e-01 -3.828753023561865848e+04
1.221459041053574168e-01 -3.760581133653819415e+04
1.197029860232503573e-01 -3.743664868822323479e+04
1.172600679411432978e-01 -3.676445841417413612e+04
1.148171498590360162e-01 -3.660417372127810813e+04
1.123742317769287347e-01 -3.594130388563194720e+04
1.099313136948216751e-01 -3.578974013882033614e+04
1.074883956127146156e-01 -3.513599157096900308e+04
1.050454775306073341e-01 -3.499295489987781912e+04
1.026025594485002745e-01 -3.434813613150201127e+04
1.001596413663932150e-01 -3.421346569988759438e+04
9.771672328428593346e-02 -3.357737902450814727e+04
9.527380520217865190e-02 -3.345089441682209872e+04
9.283088712007159238e-02 -3.282334782866848400e+04
9.038796903796453286e-02 -3.270490127667015986e+04
8.794505095585747334e-02 -3.208571003533534531e+04
8.550213287375019178e-02 -3.197512938167362881e+04
8.305921479164291021e-02 -3.136411352904419618e+04
8.061629670953585070e-02 -3.126125023759749092e+04
7.817337862742879118e-02 -3.065823275304961135e+04
7.573046054532150961e-02 -3.056293900436367039e+04
7.328754246321445009e-02 -2.996774440959611456e+04
7.084462438110739058e-02 -2.987985235698455654e+04
6.840170629900033106e-02 -2.929230874342165043e+04
6.595878821689304949e-02 -2.921167931787130146e+04
6.351587013478576793e-02 -2.863161975189201257e+04
6.107295205267870841e-02 -2.855811129659831568e+04
5.863003397057164889e-02 -2.798536034176851899e+04
5.618711588846436733e-02 -2.791883079569406254e+04
5.374419780635730781e-02 -2.735324984915153254e+04
5.130127972425002625e-02 -2.729356533526748899e+04
4.885836164214296673e-02 -2.673496043533414195e+04
4.641544356003590721e-02 -2.668193763309573842e+04
4.397252547792862565e-02 -2.613025615335840484e+04
4.152960739582156613e-02 -2.608402670655597467e+04
3.908668931371450661e-02 -2.553890056360278322e+04
3.664377123160722505e-02 -2.549859333246590904e+04
3.420085314949994348e-02 -2.496025072823966548e+04
3.175793506739288397e-02 -2.492689375230599035e+04
2.931501698528582445e-02 -2.439475350721902214e+04
2.687209890317876493e-02 -2.436734795177770138e+04
2.442918082107148336e-02 -2.384144306610136482e+04
2.198626273896420180e-02 -2.382006005363267468e+04
1.954334465685714228e-02 -2.330026002569444972e+04
1.710042657475008276e-02 -2.328483861654442444e+04
1.465750849264280120e-02 -2.277099902244886471e+04
1.221459041053574168e-02 -2.276141608100047233e+04
9.771672328428682164e-03 -2.225340166524734377e+04
7.328754246321622645e-03 -2.224954531582303389e+04
4.885836164214341082e-03 -2.174723171289612947e+04
2.442918082107059519e-03 -2.174899701905830079e+04
0.000000000000000000e+00 -2.125223720239458271e+04
-2.442918082107281563e-03 -2.125951067958465137e+04
-4.885836164214341082e-03 -2.076817059522767522e+04
-7.328754246321622645e-03 -2.078082706277343823e+04
-9.771672328428460119e-03 -2.029478647312312751e+04
-1.221459041053574168e-02 -2.031273540457874333e+04
-1.465750849264280120e-02 -1.983186368154167212e+04
-1.710042657475008276e-02 -1.985500432409549467e+04
-1.954334465685736433e-02 -1.937917472076772538e+04
-2.198626273896420180e-02 -1.940741625966486754e+04
-2.442918082107148336e-02 -1.893653561718949277e+04
-2.687209890317854288e-02 -1.896978675676047351e+04
-2.931501698528582445e-02 -1.850371801690315624e+04
-3.175793506739310601e-02 -1.854186180586889532e+04
-3.420085314949994348e-02 -1.808047588869999527e+04
-3.664377123160722505e-02 -1.812343397247682515e+04
-3.908668931371428457e-02 -1.766664945903175612e+04
-4.152960739582156613e-02 -1.771433916381566451e+04
-4.397252547792862565e-02 -1.726203393266056810e+04
-4.641544356003590721e-02 -1.731436763063968465e+04
-4.885836164214318877e-02 -1.686641837329034388e+04
-5.130127972425002625e-02 -1.692327467721258290e+04
-5.374419780635730781e-02 -1.647957779898204535e+04
-5.618711588846436733e-02 -1.654090782189610763e+04
-5.863003397057164889e-02 -1.610134958244697737e+04
-6.107295205267848637e-02 -1.616707099358708729e+04
-6.351587013478576793e-02 -1.573156370677180348e+04
-6.595878821689304949e-02 -1.580157783206170643e+04
-6.840170629900010901e-02 -1.537001712185491124e+04
-7.084462438110739058e-02 -1.544426895297083684e+04
-7.328754246321422805e-02 -1.501654553920643230e+04
-7.573046054532150961e-02 -1.509494640801578862e+04
-7.817337862742901322e-02 -1.467095814186951429e+04
-8.061629670953585070e-02 -1.475343277069454598e+04
-8.305921479164313226e-02 -1.433308159529870136e+04
-8.550213287375019178e-02 -1.441953077547990142e+04
-8.794505095585747334e-02 -1.400273356720779520e+04
-9.038796903796431081e-02 -1.409310253045792160e+04
-9.283088712007159238e-02 -1.367976125105465144e+04
-9.527380520217887394e-02 -1.377400452516147379e+04
-9.771672328428593346e-02 -1.336403595729633707e+04
-1.001596413663932150e-01 -1.346208120245406099e+04
-1.026025594485000525e-01 -1.305538397145979434e+04
-1.050454775306073341e-01 -1.315715910469125447e+04
-1.074883956127146156e-01 -1.275364608574567865e+04
-1.099313136948216751e-01 -1.285907866227750856e+04
-1.123742317769289567e-01 -1.245866845464760991e+04
-1.148171498590357942e-01 -1.256769970335469952e+04
-1.172600679411432978e-01 -1.217031719687674195e+04
-1.197029860232501353e-01 -1.228288816130536543e+04
-1.221459041053574168e-01 -1.188842992056738331e+04
-1.245888221874646984e-01 -1.200448216729184423e+04
-1.270317402695717579e-01 -1.161288113798640370e+04
-1.294746583516790395e-01 -1.173235200594029448e+04
-1.319175764337858769e-01 -1.134351147949307597e+04
-1.343604945158931585e-01 -1.146636642770064464e+04
-1.368034125980002180e-01 -1.108021674068894208e+04
-1.392463306801074996e-01 -1.120638736391154998e+04
-1.416892487622147812e-01 -1.082285018606535778e+04
-1.441321668443216186e-01 -1.095226345617744482e+04
-1.465750849264289002e-01 -1.057126266014268913e+04
-1.490180030085359597e-01 -1.070390742356844021e+04
-1.514609210906432413e-01 -1.032537354456378307e+04
-1.539038391727505228e-01 -1.046117942142295942e+04
-1.563467572548573603e-01 -1.008503938882912917e+04
-1.587896753369648639e-01 -1.022393850794793980e+04
-1.612325934190717014e-01 -9.850118113390753933e+03
-1.636755115011789830e-01 -9.992091346691955550e+03
-1.661184295832860425e-01 -9.620492736599981072e+03
-1.685613476653933240e-01 -9.765482086465250177e+03
-1.710042657475006056e-01 -9.396044502768745588e+03
-1.734471838296074431e-01 -9.543999786671809488e+03
-1.758901019117147246e-01 -9.176691557475458467e+03
-1.783330199938217842e-01 -9.327596575133580700e+03
-1.807759380759290657e-01 -8.962315360789540136e+03
-1.832188561580359032e-01 -9.116102000873026554e+03
-1.856617742401431848e-01 -8.752708018990089840e+03
-1.881046923222504663e-01 -8.909311784428748069e+03
-1.905476104043575258e-01 -8.547619605908563244e+03
-1.929905284864648074e-01 -8.706819392909868839e+03
-1.954334465685716449e-01 -8.347373103526642808e+03
-1.978763646506791485e-01 -8.509786363696834087e+03
-2.003192827327864300e-01 -8.152050398558092638e+03
-2.027622008148932675e-01 -8.316737526080620228e+03
-2.052051188970005491e-01 -7.960572600394581968e+03
-2.076480369791076086e-01 -8.128124004384842920e+03
-2.100909550612148902e-01 -7.773657592071509498e+03
-2.125338731433217276e-01 -7.943947290155115297e+03
-2.149767912254290092e-01 -7.591033548255900314e+03
-2.174197093075362908e-01 -7.763940475638668431e+03
-2.198626273896433503e-01 -7.412541634997181063e+03
-2.223055454717506318e-01 -7.588027744038450692e+03
-2.247484635538574693e-01 -7.238083114327084331e+03
-2.271913816359647509e-01 -7.416124011051068010e+03
-2.296342997180720324e-01 -7.067604236453205885e+03
-2.320772178001790920e-01 -7.248160161656514902e+03
-2.345201358822863735e-01 -6.900993642082154111e+03
-2.369630539643932110e-01 -7.084063655444922915e+03
-2.394059720465007146e-01 -6.738163195265730792e+03
-2.418488901286075521e-01 -6.923726258692527153e+03
-2.442918082107148336e-01 -6.579069910063756652e+03
-2.467347262928221152e-01 -6.767071811808756138e+03
-2.491776443749291747e-01 -6.423584815241046272e+03
-2.516205624570364563e-01 -6.613999617190880599e+03
-2.540634805391432938e-01 -6.271625818568470095e+03
-2.565063986212505753e-01 -6.464441616956683902e+03
-2.589493167033576349e-01 -6.123155084703973444e+03
-2.613922347854649164e-01 -6.318333801596370904e+03
-2.638351528675721980e-01 -5.978059388341127487e+03
-2.662780709496790355e-01 -6.175602066737967107e+03
-2.687209890317863170e-01 -5.836286969505487832e+03
-2.711639071138933765e-01 -6.036129757916328344e+03
-2.736068251960006581e-01 -5.697720574051309086e+03
-2.760497432781079397e-01 -5.899875931266427870e+03
-2.784926613602149992e-01 -5.562315979950382825e+03
-2.809355794423222807e-01 -5.766753678249305267e+03
-2.833784975244291182e-01 -5.429973535581859323e+03
-2.858214156065363998e-01 -5.636675451795332265e+03
-2.882643336886434593e-01 -5.300671414224781984e+03
-2.907072517707507409e-01 -5.509599434737127922e+03
-2.931501698528580224e-01 -5.174327867950057225e+03
-2.955930879349648599e-01 -5.385507096113015905e+03
-2.980360060170721415e-01 -5.050885241081763525e+03
-3.004789240991792010e-01 -5.264287060947737700e+03
-3.029218421812864825e-01 -4.930276219437250802e+03
-3.053647602633937641e-01 -5.145888513351242182e+03
-3.078076783455006016e-01 -4.812427561786635124e+03
-3.102505964276078831e-01 -5.030217321072770574e+03
-3.126935145097149427e-01 -4.697295883499318734e+03
-3.151364325918222242e-01 -4.917243317897075030e+03
-3.175793506739292837e-01 -4.584777454401928480e+03
-3.200222687560365653e-01 -4.806893387756992524e+03
-3.224651868381438469e-01 -4.474855548443175394e+03
-3.249081049202506843e-01 -4.699099089247872143e+03
-3.273510230023579659e-01 -4.367433416099573151e+03
-3.297939410844650254e-01 -4.593803520992476479e+03
-3.322368591665723070e-01 -4.262485926536292027e+03
-3.346797772486791445e-01 -4.490964627041897074e+03
-3.371226953307864260e-01 -4.159906931041512507e+03
-3.395656134128937076e-01 -4.390503452297230979e+03
-3.420085314950007671e-01 -4.059700597397658839e+03
-3.444514495771080487e-01 -4.292387465201214582e+03
-3.468943676592148861e-01 -3.961778388967104547e+03
-3.493372857413221677e-01 -4.196575891718681305e+03
-3.517802038234296713e-01 -3.866111831628068103e+03
-3.542231219055365088e-01 -4.102961731852102275e+03
-3.566660399876437904e-01 -3.772624398209425635e+03
-3.591089580697508499e-01 -4.011564005818187979e+03
-3.615518761518581314e-01 -3.681277491288486090e+03
-3.639947942339649689e-01 -3.922281367227157716e+03
-3.664377123160722505e-01 -3.592049497595002322e+03
-3.688806303981795320e-01 -3.835118729537430227e+03
-3.713235484802865916e-01 -3.504862345882156660e+03
-3.737664665623938731e-01 -3.750007106389409273e+03
-3.762093846445007106e-01 -3.419685816619342859e+03
-3.786523027266079922e-01 -3.666896750748595878e+03
-3.810952208087150517e-01 -3.336453147847252239e+03
-3.835381388908223332e-01 -3.585697137469561312e+03
-3.859810569729296148e-01 -3.255114794739170520e+03
-3.884239750550364523e-01 -3.506404417494457903e+03
-3.908668931371437338e-01 -3.175640831146739856e+03
-3.933098112192507934e-01 -3.428977990714126918e+03
-3.957527293013580749e-01 -3.097982063326699972e+03
-3.981956473834653565e-01 -3.353357093223897664e+03
-4.006385654655724160e-01 -3.022084576509512772e+03
-4.030814835476796976e-01 -3.279516868092358891e+03
-4.055244016297865350e-01 -2.947925424133584784e+03
-4.079673197118938166e-01 -3.207410291963533382e+03
-4.104102377940008761e-01 -2.875466691567179623e+03
-4.128531558761081577e-01 -3.136995832811986020e+03
-4.152960739582154392e-01 -2.804686327707795954e+03
-4.177389920403222767e-01 -3.068303903275954781e+03
-4.201819101224295583e-01 -2.735555764373444617e+03
-4.226248282045366178e-01 -3.001220332981764841e+03
-4.250677462866438994e-01 -2.668220026637827686e+03
-4.275106643687511809e-01 -2.936112978862597629e+03
-4.299535824508580184e-01 -2.603762024423320327e+03
-4.323965005329655220e-01 -2.876899117204159666e+03
-4.348394186150725815e-01 -2.540771064142959403e+03
-4.372823366971796410e-01 -2.808419681084749300e+03
-4.397252547792867006e-01 -2.473917493991001720e+03
-4.421681728613937601e-01 -2.747686809700834146e+03
-4.446110909435012637e-01 -2.412393234117357224e+03
-4.470540090256083232e-01 -2.688526403449478039e+03
-4.494969271077153827e-01 -2.352564073962372731e+03
-4.519398451898224423e-01 -2.630819871550583230e+03
-4.543827632719295018e-01 -2.294134078240365852e+03
-4.568256813540365613e-01 -2.574466421886046646e+03
-4.592685994361440649e-01 -2.236988368244425146e+03
-4.617115175182511244e-01 -2.519403864821457319e+03
-4.641544356003581839e-01 -2.181101208189705176e+03
-4.665973536824652435e-01 -2.465582139420244403e+03
-4.690402717645723030e-01 -2.126437643100673540e+03
-4.714831898466798066e-01 -2.413021401929629064e+03
-4.739261079287868661e-01 -2.072947004163847396e+03
-4.763690260108939256e-01 -2.361675496295049015e+03
-4.788119440930014292e-01 -2.020678897553134448e+03
-4.812548621751080447e-01 -2.311547076017529434e+03
-4.836977802572155483e-01 -1.969590667843702477e+03
-4.861406983393226078e-01 -2.262623919687630405e+03
-4.885836164214296673e-01 -1.919689328365317579e+03
-4.910265345035371709e-01 -2.214891252509529295e+03
-4.934694525856437863e-01 -1.870932069751147083e+03
-4.959123706677512899e-01 -2.168331788527399112e+03
-4.983552887498583495e-01 -1.823278002192467738e+03
-5.007982068319654090e-01 -2.122884706787805044e+03
-5.032411249140724685e-01 -1.776714887841185828e+03
-5.056840429961795280e-01 -2.078524743945962655e+03
-5.081269610782870316e-01 -1.731213352262676835e+03
-5.105698791603940911e-01 -2.035301649053603796e+03
-5.130127972425011507e-01 -1.686789811951945921e+03
-5.154557153246082102e-01 -1.993150131949450042e+03
-5.178986334067157138e-01 -1.643423110524833646e+03
-5.203415514888227733e-01 -1.952067986095288688e+03
-5.227844695709298328e-01 -1.601079277408068265e+03
-5.252273876530368923e-01 -1.912038727563725843e+03
-5.276703057351439519e-01 -1.559725912092186718e+03
-5.301132238172514555e-01 -1.872954062298731515e+03
-5.325561418993580709e-01 -1.519286679606204871e+03
-5.349990599814655745e-01 -1.834869221252088209e+03
-5.374419780635726340e-01 -1.479759384621937443e+03
-5.398848961456796935e-01 -1.797696554626218131e+03
-5.423278142277871972e-01 -1.441129436979869297e+03
-5.447707323098938126e-01 -1.761421030676351620e+03
-5.472136503920013162e-01 -1.403351209717787242e+03
-5.496565684741088198e-01 -1.726044499894342152e+03
-5.520994865562154352e-01 -1.366449376810281592e+03
-5.545424046383229388e-01 -1.691543454626674247e+03
-5.569853227204299984e-01 -1.330374500349857499e+03
-5.594282408025370579e-01 -1.657929558857613301e+03
-5.618711588846441174e-01 -1.295129930856948704e+03
-5.643140769667511769e-01 -1.625144898231324987e+03
-5.667569950488586805e-01 -1.260686907565665933e+03
-5.691999131309657400e-01 -1.593184847582425391e+03
-5.716428312130727996e-01 -1.227030229970681376e+03
-5.740857492951798591e-01 -1.562058939705613739e+03
-5.765286673772869186e-01 -1.194152015190102702e+03
-5.789715854593939781e-01 -1.531735826244491363e+03
-5.814145035415014817e-01 -1.162026552670674391e+03
-5.838574216236085412e-01 -1.502181768035046844e+03
-5.863003397057156008e-01 -1.130629480408568725e+03
-5.887432577878231044e-01 -1.473383646569989651e+03
-5.911861758699297198e-01 -1.099927532130094733e+03
-5.936290939520372234e-01 -1.445336185108297286e+03
-5.960720120341442829e-01 -1.069937889341924347e+03
-5.985149301162513424e-01 -1.417996705892972386e+03
-6.009578481983588460e-01 -1.040610668909314882e+03
-6.034007662804654615e-01 -1.391383317373894897e+03
-6.058436843625729651e-01 -1.011944480986287999e+03
-6.082866024446800246e-01 -1.365433430605700778e+03
-6.107295205267870841e-01 -9.839204191016551704e+02
-6.131724386088945877e-01 -1.340182790369415670e+03
-6.156153566910012032e-01 -9.565202127846414442e+02
-6.180582747731087068e-01 -1.315578648008733580e+03
-6.205011928552157663e-01 -9.297281259018318451e+02
-6.229441109373228258e-01 -1.291636522245118613e+03
-6.253870290194298853e-01 -9.035494087244533148e+02
-6.278299471015369448e-01 -1.268314663481820389e+03
-6.302728651836444485e-01 -8.779327555296522405e+02
-6.327157832657515080e-01 -1.245612003375219501e+03
-6.351587013478585675e-01 -8.528692619059565914e+02
-6.376016194299656270e-01 -1.223495513840813146e+03
-6.400445375120731306e-01 -8.283447566535296573e+02
-6.424874555941801901e-01 -1.201931094505027431e+03
-6.449303736762872497e-01 -8.043105595324677779e+02
-6.473732917583943092e-01 -1.180911236597992684e+03
-6.498162098405013687e-01 -7.807704059517782298e+02
-6.522591279226088723e-01 -1.160438870485078951e+03
-6.547020460047154877e-01 -7.577430033182790794e+02
-6.571449640868229913e-01 -1.140550459655507439e+03
-6.595878821689300509e-01 -7.352501880094887383e+02
-6.620308002510371104e-01 -1.121301489113933712e+03
-6.644737183331446140e-01 -7.133455570355290547e+02
-6.669166364152512294e-01 -1.102679985277169180e+03
-6.693595544973587330e-01 -6.916100883965809771e+02
-6.718024725794662366e-01 -1.085615519350471004e+03
-6.742453906615728521e-01 -6.719870873296913487e+02
-6.766883087436803557e-01 -1.067910625419659482e+03
-6.791312268257874152e-01 -6.516126578456696734e+02
-6.815741449078944747e-01 -1.050768158066599426e+03
-6.840170629900015342e-01 -6.315912367100127085e+02
-6.864599810721085937e-01 -1.034147655912018308e+03
-6.889028991542160973e-01 -6.119905222811148633e+02
-6.913458172363231569e-01 -1.017983205261945841e+03
-6.937887353184302164e-01 -5.927737981975642469e+02
-6.962316534005372759e-01 -1.002268533764168751e+03
-6.986745714826443354e-01 -5.739587725986211808e+02
-7.011174895647513949e-01 -9.870097960825241898e+02
-7.035604076468588985e-01 -5.555304930013526246e+02
-7.060033257289659581e-01 -9.722041173749148584e+02
-7.084462438110730176e-01 -5.374934105976608407e+02
-7.108891618931805212e-01 -9.578426883822503441e+02
-7.133320799752871366e-01 -5.198448819761151753e+02
-7.157749980573946402e-01 -9.439602213037833280e+02
-7.182179161395016997e-01 -5.026176022089675826e+02
-7.206608342216087593e-01 -9.305460071899724426e+02
-7.231037523037162629e-01 -4.857573783088810160e+02
-7.255466703858228783e-01 -9.175443019921440282e+02
-7.279895884679303819e-01 -4.692166814568645350e+02
-7.304325065500374414e-01 -9.049371171217098890e+02
-7.328754246321445009e-01 -4.529921740704266995e+02
-7.353183427142520046e-01 -8.927166593436486437e+02
-7.377612607963586200e-01 -4.371415016757982812e+02
-7.402041788784661236e-01 -8.808705173896050837e+02
-7.426470969605731831e-01 -4.216005275214884023e+02
-7.450900150426802426e-01 -8.694968618939674343e+02
-7.475329331247873021e-01 -4.063794271590177232e+02
-7.499758512068948058e-01 -8.584630181192587770e+02
-7.524187692890018653e-01 -3.914702097628123738e+02
-7.548616873711089248e-01 -8.478543646949838148e+02
-7.573046054532159843e-01 -3.768822478138845327e+02
-7.597475235353230438e-01 -8.376302829653359368e+02
-7.621904416174305474e-01 -3.626029637210958754e+02
-7.646333596995376070e-01 -8.277996919123070256e+02
-7.670762777816446665e-01 -3.486171350901131518e+02
-7.695191958637517260e-01 -8.182817330169455090e+02
-7.719621139458587855e-01 -3.348698447266542644e+02
-7.744050320279662891e-01 -8.091428671972680604e+02
-7.768479501100729046e-01 -3.214109661964612314e+02
-7.792908681921804082e-01 -8.003227727253579360e+02
-7.817337862742874677e-01 -3.081891991167976812e+02
-7.841767043563945272e-01 -7.918428042119267047e+02
-7.866196224385020308e-01 -2.951945879575414438e+02
-7.890625405206090903e-01 -7.836848050948210584e+02
-7.915054586027161498e-01 -2.823985651936181966e+02
-7.939483766848236534e-01 -7.758323497681922163e+02
-7.963912947669302689e-01 -2.698563880868005072e+02
-7.988342128490377725e-01 -7.683008866226045939e+02
-8.012771309311448320e-01 -2.576061077227022906e+02
-8.037200490132518915e-01 -7.611646270565433952e+02
-8.061629670953589510e-01 -2.455563675352241262e+02
-8.086058851774660106e-01 -7.543806363118528679e+02
-8.110488032595735142e-01 -2.337288953117767960e+02
-8.134917213416805737e-01 -7.478840293763387308e+02
-8.159346394237876332e-01 -2.221157471556671226e+02
-8.183775575058946927e-01 -7.417017912962692208e+02
-8.208204755880017522e-01 -2.107554824914514029e+02
-8.232633936701088118e-01 -7.358138948425803392e+02
-8.257063117522163154e-01 -1.995013141516810720e+02
-8.281492298343233749e-01 -7.302310104417483672e+02
-8.305921479164304344e-01 -1.884841331737770815e+02
-8.330350659985379380e-01 -7.249411089875138714e+02
-8.354779840806445534e-01 -1.775826327308659529e+02
-8.379209021627520571e-01 -7.199834639716900710e+02
-8.403638202448591166e-01 -1.669728624474046228e+02
-8.428067383269661761e-01 -7.153004584461887134e+02
-8.452496564090736797e-01 -1.564244370210981288e+02
-8.476925744911802951e-01 -7.108494769691315014e+02
-8.501354925732877987e-01 -1.461142898828438774e+02
-8.525784106553948583e-01 -7.067269187920028344e+02
-8.550213287375019178e-01 -1.359392790429865272e+02
-8.574642468196094214e-01 -7.029557655397293274e+02
-8.599071649017160368e-01 -1.259378148968335154e+02
-8.623500829838235404e-01 -6.994063839577393082e+02
-8.647930010659305999e-01 -1.160992077019163844e+02
-8.672359191480376595e-01 -6.961446429204734159e+02
-8.696788372301447190e-01 -1.063639289429393102e+02
-8.721217553122522226e-01 -6.932096960248018149e+02
-8.745646733943592821e-01 -9.675458225840338855e+01
-8.770075914764663416e-01 -6.904423136067234736e+02
-8.794505095585734011e-01 -8.731966799376823474e+01
-8.818934276406804607e-01 -6.880003582960562198e+02
-8.843363457227879643e-01 -7.791895845460567216e+01
-8.867792638048950238e-01 -6.858669875843443151e+02
-8.892221818870020833e-01 -6.873729506229756225e+01
-8.916650999691091428e-01 -6.840048526414720982e+02
-8.941080180512162023e-01 -5.965469452649995219e+01
-8.965509361333237059e-01 -6.826045770363925840e+02
-8.989938542154303214e-01 -5.060069757941164426e+01
-9.014367722975378250e-01 -6.809639800033983192e+02
-9.038796903796453286e-01 -4.162639811076587648e+01
-9.063226084617519440e-01 -6.799903032415313646e+02
-9.087655265438594476e-01 -3.288153868862355012e+01
-9.112084446259665071e-01 -6.792087114499299787e+02
-9.136513627080735667e-01 -2.416373755104723386e+01
-9.160942807901810703e-01 -6.786727268307367922e+02
-9.185371988722876857e-01 -1.551775833381907432e+01
-9.209801169543951893e-01 -6.784198560693766922e+02
-9.234230350365022488e-01 -6.964114129041263368e+00
-9.258659531186093083e-01 -6.784420932026623632e+02
-9.283088712007163679e-01 1.521823200473590987e+00
-9.307517892828234274e-01 -6.787309758410992799e+02
-9.331947073649309310e-01 9.936528612568508834e+00
-9.356376254470379905e-01 -6.792888435059212497e+02
-9.380805435291450500e-01 1.827552313089472591e+01
-9.405234616112521095e-01 -6.801448786056134850e+02
-9.429663796933596132e-01 2.655761859794802149e+01
-9.454092977754662286e-01 -6.812655280852632131e+02
-9.478522158575737322e-01 3.478351876948363497e+01
-9.502951339396807917e-01 -6.826776058608520543e+02
-9.527380520217878512e-01 4.295444669863354648e+01
-9.551809701038953548e-01 -6.843776192716541118e+02
-9.576238881860019703e-01 5.107869211683646427e+01
-9.600668062681094739e-01 -6.863265525131209870e+02
-9.625097243502165334e-01 5.916768113137004548e+01
-9.649526424323235929e-01 -6.885546988999049063e+02
-9.673955605144310965e-01 6.725149601494558738e+01
-9.698384785965377120e-01 -6.910958721497736406e+02
-9.722813966786452156e-01 7.530201528706311365e+01
-9.747243147607522751e-01 -6.938963434828110621e+02
-9.771672328428593346e-01 8.332183780062405276e+01
-9.796101509249668382e-01 -6.969773834204606828e+02
-9.820530690070734536e-01 9.135850065790145891e+01
-9.844959870891809572e-01 -7.003809906275637331e+02
-9.869389051712880168e-01 9.937385949642703054e+01
-9.893818232533950763e-01 -7.040713224813880515e+02
-9.918247413355025799e-01 1.073575732560457254e+02
-9.942676594176096394e-01 -7.080620740260783350e+02
-9.967105774997166989e-01 1.153709978445695015e+02
-9.991534955818237584e-01 -7.123577327857346972e+02
-1.001596413663930818e+00 1.233805310739116976e+02
-1.004039331746037877e+00 -7.169782387617524364e+02
-1.006482249828145381e+00 1.314113470218762814e+02
-1.008925167910252441e+00 -7.218943104124191450e+02
-1.011368085992359500e+00 1.394611694660743524e+02
-1.013811004074466560e+00 -7.271458970623789355e+02
-1.016253922156573619e+00 1.475251623685326194e+02
-1.018696840238681123e+00 -7.327473281209822744e+02
-1.021139758320787738e+00 1.556221481624597800e+02
-1.023582676402895242e+00 -7.386869227316201432e+02
-1.026025594485002745e+00 1.637467468511495099e+02
-1.028468512567109361e+00 -7.449853295285356580e+02
-1.030911430649216864e+00 1.719168675883192918e+02
-1.033354348731323924e+00 -7.516002355792516028e+02
-1.035797266813430983e+00 1.801449263360300392e+02
-1.038240184895538487e+00 -7.585989467124381918e+02
-1.040683102977645103e+00 1.884488847945503949e+02
-1.043126021059752606e+00 -7.659412885447527515e+02
-1.045568939141859666e+00 1.968190541033945919e+02
-1.048011857223966725e+00 -7.736527582550552324e+02
-1.050454775306073785e+00 2.052449246186333767e+02
-1.052897693388180844e+00 -7.817406162329207291e+02
-1.055340611470288348e+00 2.137678232011348882e+02
-1.057783529552395407e+00 -7.902386204998983885e+02
-1.060226447634502467e+00 2.223798048101016320e+02
-1.062669365716609526e+00 -7.991570728265578509e+02
-1.065112283798717030e+00 2.310701014609148842e+02
-1.067555201880823645e+00 -8.084926709142673644e+02
-1.069998119962931149e+00 2.398548678179431590e+02
-1.072441038045038209e+00 -8.182507416980515700e+02
-1.074883956127145268e+00 2.487499294012886821e+02
-1.077326874209252772e+00 -8.284617096394576947e+02
-1.079769792291359387e+00 2.577897885917955136e+02
-1.082212710373466891e+00 -8.391153015736053931e+02
-1.084655628455573950e+00 2.669509622601362935e+02
-1.087098546537681010e+00 -8.502376458815997466e+02
-1.089541464619788513e+00 2.762637965607755177e+02
-1.091984382701895129e+00 -8.618335835340039921e+02
-1.094427300784002632e+00 2.857303806380696187e+02
-1.096870218866109692e+00 -8.739322087342225132e+02
-1.099313136948216751e+00 2.953423745921863883e+02
-1.101756055030324255e+00 -8.865718077394849388e+02
-1.104198973112431315e+00 3.051257126259879442e+02
-1.106641891194538374e+00 -8.997321829521461041e+02
-1.109084809276645434e+00 3.151208036312273180e+02
-1.111527727358752493e+00 -9.134284149777740822e+02
-1.113970645440859997e+00 3.252941436452019843e+02
-1.116413563522967056e+00 -9.276904722726467298e+02
-1.118856481605074116e+00 3.356816168793120596e+02
-1.121299399687181175e+00 -9.425638020172627876e+02
-1.123742317769288235e+00 3.462615080326031602e+02
-1.126185235851395294e+00 -9.580775772454580874e+02
-1.128628153933502798e+00 3.570861076862493064e+02
-1.131071072015609857e+00 -9.741738260417259880e+02
-1.133513990097716917e+00 3.681067937209954835e+02
-1.135956908179823976e+00 -9.915725858402292943e+02
-1.138399826261931036e+00 3.792583821985681425e+02
-1.140842744344038540e+00 -1.008600263845575682e+03
-1.143285662426145599e+00 3.911230059016634186e+02
-1.145728580508252659e+00 -1.026711865809789742e+03
-1.148171498590360162e+00 4.030247242614532297e+02
-1.150614416672466778e+00 -1.045757832631745259e+03
-1.153057334754574281e+00 4.151958053845883114e+02
-1.155500252836681341e+00 -1.065561285073323234e+03
-1.157943170918788400e+00 4.277058325326215709e+02
-1.160386089000895904e+00 -1.086173894765131990e+03
-1.162829007083002519e+00 4.405711968710347719e+02
-1.165271925165110023e+00 -1.107640448385071068e+03
-1.167714843247217082e+00 4.538210845850553596e+02
-1.170157761329324142e+00 -1.129990801321328036e+03
-1.172600679411431202e+00 4.674605410522744933e+02
-1.175043597493538261e+00 -1.153280957957133069e+03
-1.177486515575645765e+00 4.815081692950006982e+02
-1.179929433657752824e+00 -1.177538256612890109e+03
-1.182372351739859884e+00 4.959989610432785412e+02
-1.184815269821966943e+00 -1.202836266234546201e+03
-1.187258187904074447e+00 5.109417568610915623e+02
-1.189701105986181062e+00 -1.229208225658760057e+03
-1.192144024068288566e+00 5.263759558270321577e+02
-1.194586942150395625e+00 -1.256713165803492302e+03
-1.197029860232502685e+00 5.423167355046534794e+02
-1.199472778314610188e+00 -1.285418418034620117e+03
-1.201915696396716804e+00 5.588029828340222593e+02
-1.204358614478824308e+00 -1.315363019780692412e+03
-1.206801532560931367e+00 5.758843390339825419e+02
-1.209244450643038427e+00 -1.346620985090499744e+03
-1.211687368725145930e+00 5.935750705354876118e+02
-1.214130286807252546e+00 -1.379267941713929758e+03
-1.216573204889360049e+00 6.119002329474678845e+02
-1.219016122971467109e+00 -1.413383912260906072e+03
-1.221459041053574168e+00 6.309107581289281370e+02
-1.223901959135681672e+00 -1.449044783653414925e+03
-1.226344877217788731e+00 6.506490426184536773e+02
-1.228787795299895791e+00 -1.486332612937956583e+03
-1.231230713382002850e+00 6.711635602417227346e+02
-1.233673631464109910e+00 -1.525342685642914148e+03
-1.236116549546217414e+00 6.924895732558943564e+02
-1.238559467628324473e+00 -1.566173425309374579e+03
-1.241002385710431533e+00 7.146961881367096794e+02
-1.243445303792538592e+00 -1.608923549216036918e+03
-1.245888221874645652e+00 7.378307996579533210e+02
-1.248331139956752711e+00 -1.653728875342741958e+03
-1.250774058038860215e+00 7.619506317802733975e+02
-1.253216976120967274e+00 -1.700700709500641096e+03
-1.255659894203074334e+00 7.871120632275778917e+02
-1.258102812285181837e+00 -1.749973565154461539e+03
-1.260545730367288453e+00 8.134031160552040092e+02
-1.262988648449395956e+00 -1.801684006781331846e+03
-1.265431566531503016e+00 8.408942288897742401e+02
-1.267874484613610075e+00 -1.855993573442494380e+03
-1.270317402695717579e+00 8.696532383279190981e+02
-1.272760320777824194e+00 -1.913085855959841865e+03
-1.275203238859931698e+00 8.997781912275022478e+02
-1.277646156942038758e+00 -1.973134643390294514e+03
-1.280089075024145817e+00 9.313496893880728749e+02
-1.282531993106253321e+00 -2.036339491429258487e+03
-1.284974911188359936e+00 9.644892162577598356e+02
-1.287417829270467440e+00 -2.102925505856954260e+03
-1.289860747352574499e+00 9.992882475012665964e+02
-1.292303665434681559e+00 -2.173126874651163234e+03
-1.294746583516788618e+00 1.035877415030954580e+03
-1.297189501598896122e+00 -2.247198746543770540e+03
-1.299632419681003181e+00 1.074386622439844359e+03
-1.302075337763110241e+00 -2.325425922358641401e+03
-1.304518255845217301e+00 1.114970543077499315e+03
-1.306961173927324360e+00 -2.408111986810617964e+03
-1.309404092009431864e+00 1.157777765492515755e+03
-1.311847010091538479e+00 -2.495589249570388347e+03
-1.314289928173645983e+00 1.202983790893777041e+03
-1.316732846255753042e+00 -2.588247762575367233e+03
-1.319175764337860102e+00 1.250776683044707170e+03
-1.321618682419967605e+00 -2.686489725786625058e+03
-1.324061600502074221e+00 1.301352880584316154e+03
-1.326504518584181724e+00 -2.790773709494387731e+03
-1.328947436666288784e+00 1.354938378725062648e+03
-1.331390354748395843e+00 -2.901591665036816266e+03
-1.333833272830503347e+00 1.411839279050305777e+03
-1.336276190912609962e+00 -3.019455130048736464e+03
-1.338719108994717466e+00 1.472267780911475711e+03
-1.341162027076824526e+00 -3.144979129222832853e+03
-1.343604945158931585e+00 1.536565988381429634e+03
-1.346047863241039089e+00 -3.278898914598190458e+03
-1.348490781323146148e+00 1.605082542679359904e+03
-1.350933699405253208e+00 -3.421934449727545143e+03
-1.353376617487360267e+00 1.678183205202469253e+03
-1.355819535569467327e+00 -3.574882234940290800e+03
-1.358262453651574830e+00 1.756332833037165983e+03
-1.360705371733681890e+00 -3.738761586756329052e+03
-1.363148289815788949e+00 1.839898067760514095e+03
-1.365591207897896009e+00 -3.914648718596479739e+03
-1.368034125980003068e+00 1.929430961223974009e+03
-1.370477044062110128e+00 -4.102885201278506429e+03
-1.372919962144217632e+00 2.026158581121911993e+03
-1.375362880226324691e+00 -4.306676345167012187e+03
-1.377805798308431751e+00 2.129500172928070242e+03
-1.380248716390539254e+00 -4.526077179421015899e+03
-1.382691634472645870e+00 2.241103124211302202e+03
-1.385134552554753373e+00 -4.763047617688076571e+03
-1.387577470636860433e+00 2.361698263509540993e+03
-1.390020388718967492e+00 -5.019594399922789307e+03
-1.392463306801074996e+00 2.492232270197739126e+03
-1.394906224883181611e+00 -5.297939258181111654e+03
-1.397349142965289115e+00 2.633830738972385006e+03
-1.399792061047396174e+00 -5.600626029118691804e+03
-1.402234979129503234e+00 2.787774714231192775e+03
-1.404677897211610738e+00 -5.930573438609426375e+03
-1.407120815293717353e+00 2.955558745906571858e+03
-1.409563733375824857e+00 -6.291138443329720758e+03
-1.412006651457931916e+00 3.138907653130714607e+03
-1.414449569540038976e+00 -6.686217703453148715e+03
-1.416892487622146035e+00 3.339824276590836234e+03
-1.419335405704253539e+00 -7.120350439807589282e+03
-1.421778323786360598e+00 3.560628985908413597e+03
-1.424221241868467658e+00 -7.598849508168757893e+03
-1.426664159950574717e+00 3.804025582437985577e+03
-1.429107078032681777e+00 -8.127973229266717681e+03
-1.431549996114789280e+00 4.073244593686911685e+03
-1.433992914196895896e+00 -8.715095356940553756e+03
-1.436435832279003399e+00 4.372071488220084575e+03
-1.438878750361110459e+00 -9.369003516943776049e+03
-1.441321668443217519e+00 4.705091709625303338e+03
-1.443764586525325022e+00 -1.010017073873928166e+04
-1.446207504607431638e+00 5.077558848090317042e+03
-1.448650422689539141e+00 -1.092156791889925080e+04
-1.451093340771646645e+00 5.496043493562516232e+03
-1.453536258853753260e+00 -1.184812088267510990e+04
-1.455979176935860764e+00 5.968523269083692867e+03
-1.458422095017967823e+00 -1.289892788984780782e+04
-1.460865013100074883e+00 6.504727806487375346e+03
-1.463307931182181942e+00 -1.409711791587184416e+04
-1.465750849264289002e+00 7.116635786138649564e+03
-1.468193767346396506e+00 -1.547175713907233148e+04
-1.470636685428503565e+00 7.819146267680196615e+03
-1.473079603510610625e+00 -1.705911772963516705e+04
-1.475522521592717684e+00 8.631130419109300419e+03
-1.477965439674824744e+00 -1.890562226816406474e+04
-1.480408357756932247e+00 9.576522713356636814e+03
-1.482851275839039307e+00 -2.107060767330444651e+04
-1.485294193921146366e+00 1.068633991174666880e+04
-1.487737112003253426e+00 -2.363185916090266255e+04
-1.490180030085360485e+00 1.200104202844728934e+04
-1.492622948167467545e+00 -2.669249158664907009e+04
-1.495065866249575048e+00 1.357430626008310719e+04
-1.497508784331682108e+00 -3.039143104681918339e+04
-1.499951702413789167e+00 1.547856822911843483e+04
-1.502394620495896671e+00 -3.491928989959598402e+04
-1.504837538578003286e+00 1.781370786549492186e+04
-1.507280456660110790e+00 -4.054349249070793303e+04
-1.509723374742217850e+00 2.072009876299275493e+04
-1.512166292824324909e+00 -4.764981595103879954e+04
-1.514609210906432413e+00 2.440073664980438480e+04
-1.517052128988539028e+00 -5.680679434737324482e+04
-1.519495047070646532e+00 2.915552583091318229e+04
-1.521937965152753591e+00 -6.889586990107983002e+04
-1.524380883234860651e+00 3.545275571209118061e+04
-1.526823801316968154e+00 -8.528502495704183821e+04
-1.529266719399074770e+00 4.401454424261528038e+04
-1.531709637481182273e+00 -1.084200230526421219e+05
-1.534152555563289333e+00 5.617133678442336532e+04
-1.536595473645396392e+00 -1.420422856206769357e+05
-1.539038391727503452e+00 7.383202811486132850e+04
-1.541481309809610956e+00 -1.959111831857071375e+05
-1.543924227891718015e+00 1.026021228921586589e+05
-1.546367145973825075e+00 -2.802385374106501113e+05
-1.548810064055932134e+00 1.459239533935575455e+05
-1.551252982138039194e+00 -4.673574954965927172e+05
-1.553695900220146697e+00 2.488208575873888913e+05
-1.556138818302253313e+00 -7.599492107669370016e+05
-1.558581736384360816e+00 3.681377416706459480e+05
-1.561024654466467876e+00 -2.329017549993732013e+06
-1.563467572548574935e+00 1.436768881823793985e+06
-1.565910490630682439e+00 -4.428924388796938583e+06
-1.568353408712789054e+00 -9.146987315466087312e+05
-1.570796326794896558e+00 2.678052240632437542e+07
