1.570796326794896558e+00 -1.199759210000962067e+11
1.568353408712789498e+00 -1.199893116231085968e+11
1.565910490630682217e+00 -1.199785294444941559e+11
1.563467572548575157e+00 -1.199753073063962860e+11
1.561024654466467876e+00 -1.199817176320419312e+11
1.558581736384360816e+00 -1.199785920114200287e+11
1.556138818302253757e+00 -1.199792938293106995e+11
1.553695900220146475e+00 -1.199784445815129089e+11
1.551252982138039416e+00 -1.199793228890374908e+11
1.548810064055932134e+00 -1.199787343273830872e+11
1.546367145973825075e+00 -1.199791879137259064e+11
1.543924227891718015e+00 -1.199788710136402130e+11
1.541481309809610734e+00 -1.199792381880588226e+11
1.539038391727503674e+00 -1.199790357306169434e+11
1.536595473645396392e+00 -1.199793215824121246e+11
1.534152555563289333e+00 -1.199792022296541595e+11
1.531709637481182273e+00 -1.199794483189970398e+11
1.529266719399074992e+00 -1.199793837448911133e+11
1.526823801316967932e+00 -1.199796034691012268e+11
1.524380883234860651e+00 -1.199795799897426910e+11
1.521937965152753591e+00 -1.199797840735922699e+11
1.519495047070646532e+00 -1.199797922198057404e+11
1.517052128988539250e+00 -1.199799867578258057e+11
1.514609210906432191e+00 -1.199800203772835541e+11
1.512166292824324909e+00 -1.199802095245229034e+11
1.509723374742217850e+00 -1.199802642151890106e+11
1.507280456660110790e+00 -1.199804506925352173e+11
1.504837538578003509e+00 -1.199805232183546143e+11
1.502394620495896449e+00 -1.199807088643528900e+11
1.499951702413789167e+00 -1.199807967354847717e+11
1.497508784331682108e+00 -1.199809827755688019e+11
1.495065866249575048e+00 -1.199810840108455963e+11
1.492622948167467767e+00 -1.199812712464635925e+11
1.490180030085360707e+00 -1.199813842176205597e+11
1.487737112003253426e+00 -1.199815731462145081e+11
1.485294193921146366e+00 -1.199816964773072357e+11
1.482851275839039307e+00 -1.199818873750198822e+11
1.480408357756932025e+00 -1.199820198751165771e+11
1.477965439674824966e+00 -1.199822128548107452e+11
1.475522521592717684e+00 -1.199823534716234131e+11
1.473079603510610625e+00 -1.199825485241723938e+11
1.470636685428503565e+00 -1.199826963123820190e+11
1.468193767346396283e+00 -1.199828933370856323e+11
1.465750849264289224e+00 -1.199830474359924164e+11
1.463307931182181942e+00 -1.199832462637320099e+11
1.460865013100074883e+00 -1.199834058812213135e+11
1.458422095017967823e+00 -1.199836062919927826e+11
1.455979176935860542e+00 -1.199837706931736755e+11
1.453536258853753482e+00 -1.199839724295637512e+11
1.451093340771646201e+00 -1.199841409288640747e+11
1.448650422689539141e+00 -1.199843437073768616e+11
1.446207504607432082e+00 -1.199845156613856201e+11
1.443764586525324800e+00 -1.199847191795766144e+11
1.441321668443217741e+00 -1.199848939856408081e+11
1.438878750361110459e+00 -1.199850979325364838e+11
1.436435832279003399e+00 -1.199852750216271973e+11
1.433992914196896340e+00 -1.199854790791129456e+11
1.431549996114789058e+00 -1.199856579166425934e+11
1.429107078032681999e+00 -1.199858617673158722e+11
1.426664159950574717e+00 -1.199860418499262390e+11
1.424221241868467658e+00 -1.199862451797171021e+11
1.421778323786360598e+00 -1.199864260341094666e+11
1.419335405704253317e+00 -1.199866285355299225e+11
1.416892487622146257e+00 -1.199868097176777039e+11
1.414449569540038976e+00 -1.199870110925993347e+11
1.412006651457931916e+00 -1.199871921864646759e+11
1.409563733375824857e+00 -1.199873921479526825e+11
1.407120815293717575e+00 -1.199875727649031219e+11
1.404677897211610516e+00 -1.199877710390416565e+11
1.402234979129503234e+00 -1.199879508171483765e+11
1.399792061047396174e+00 -1.199881471443612671e+11
1.397349142965289115e+00 -1.199883257476696472e+11
1.394906224883181833e+00 -1.199885198836210938e+11
1.392463306801074774e+00 -1.199886970014052582e+11
1.390020388718967492e+00 -1.199888887177579498e+11
1.387577470636860433e+00 -1.199890640638114014e+11
1.385134552554753373e+00 -1.199892531486105804e+11
1.382691634472646092e+00 -1.199894264606571808e+11
1.380248716390539032e+00 -1.199896127188397980e+11
1.377805798308431751e+00 -1.199897837576283264e+11
1.375362880226324691e+00 -1.199899670109051971e+11
1.372919962144217632e+00 -1.199901355595238037e+11
1.370477044062110350e+00 -1.199903156463280487e+11
1.368034125980003290e+00 -1.199904815093521881e+11
1.365591207897896009e+00 -1.199906582847419281e+11
1.363148289815788949e+00 -1.199908212873520050e+11
1.360705371733681890e+00 -1.199909946226357574e+11
1.358262453651574608e+00 -1.199911546098137817e+11
1.355819535569467549e+00 -1.199913243921467438e+11
1.353376617487360267e+00 -1.199914812277878418e+11
1.350933699405253208e+00 -1.199916473596944275e+11
1.348490781323146148e+00 -1.199918009255950012e+11
1.346047863241038867e+00 -1.199919633243822021e+11
1.343604945158931807e+00 -1.199921135194706573e+11
1.341162027076824526e+00 -1.199922721166551666e+11
1.338719108994717466e+00 -1.199924188559700012e+11
1.336276190912610184e+00 -1.199925735966239777e+11
1.333833272830503125e+00 -1.199927168104505615e+11
1.331390354748396065e+00 -1.199928676524759674e+11
1.328947436666288784e+00 -1.199930072853730774e+11
1.326504518584181724e+00 -1.199931541988329926e+11
1.324061600502074443e+00 -1.199932902087481232e+11
1.321618682419967383e+00 -1.199934331751567688e+11
1.319175764337860324e+00 -1.199935655325170441e+11
1.316732846255753042e+00 -1.199937045440125885e+11
1.314289928173645983e+00 -1.199938332309543610e+11
1.311847010091538923e+00 -1.199939682897429657e+11
1.309404092009431642e+00 -1.199940932990679932e+11
1.306961173927324582e+00 -1.199942244165534668e+11
1.304518255845217301e+00 -1.199943457510263977e+11
1.302075337763110241e+00 -1.199944729471871033e+11
1.299632419681003181e+00 -1.199945906187761536e+11
1.297189501598895900e+00 -1.199947139214813385e+11
1.294746583516788840e+00 -1.199948279504461365e+11
1.292303665434681559e+00 -1.199949473946913910e+11
1.289860747352574499e+00 -1.199950578089301758e+11
1.287417829270467440e+00 -1.199951734362579803e+11
1.284974911188360158e+00 -1.199952802705606995e+11
1.282531993106252877e+00 -1.199953921284394531e+11
1.280089075024145817e+00 -1.199954954238049316e+11
1.277646156942038758e+00 -1.199956035650029907e+11
1.275203238859931476e+00 -1.199957033680351715e+11
1.272760320777824417e+00 -1.199958078500372467e+11
1.270317402695717135e+00 -1.199959042123137817e+11
1.267874484613610075e+00 -1.199960050967707214e+11
1.265431566531503016e+00 -1.199960980742719879e+11
1.262988648449395956e+00 -1.199961954265258484e+11
1.260545730367288675e+00 -1.199962850790687866e+11
1.258102812285181615e+00 -1.199963789676260986e+11
1.255659894203074334e+00 -1.199964653583094635e+11
1.253216976120967274e+00 -1.199965558544087219e+11
1.250774058038860215e+00 -1.199966390492851562e+11
1.248331139956752933e+00 -1.199967262264547882e+11
1.245888221874645874e+00 -1.199968062939600983e+11
1.243445303792538592e+00 -1.199968902275940552e+11
1.241002385710431533e+00 -1.199969672382067261e+11
1.238559467628324473e+00 -1.199970480052554169e+11
1.236116549546217191e+00 -1.199971220310574036e+11
1.233673631464110132e+00 -1.199971997096351013e+11
1.231230713382002850e+00 -1.199972708239700012e+11
1.228787795299895791e+00 -1.199973454929876099e+11
1.226344877217788731e+00 -1.199974137702570953e+11
1.223901959135681450e+00 -1.199974855093101196e+11
1.221459041053574168e+00 -1.199975510242670898e+11
1.219016122971467109e+00 -1.199976199129639282e+11
1.216573204889360049e+00 -1.199976827421227875e+11
1.214130286807252768e+00 -1.199977488616036987e+11
1.211687368725145708e+00 -1.199978090769079895e+11
1.209244450643038427e+00 -1.199978725028303223e+11
1.206801532560931367e+00 -1.199979301823634644e+11
1.204358614478824308e+00 -1.199979909992280579e+11
1.201915696396717026e+00 -1.199980462179795532e+11
1.199472778314609966e+00 -1.199981045006142426e+11
1.197029860232502685e+00 -1.199981573334864960e+11
1.194586942150395625e+00 -1.199982131615387878e+11
1.192144024068288566e+00 -1.199982636818761444e+11
1.189701105986181506e+00 -1.199983171321364136e+11
1.187258187904074225e+00 -1.199983654131037292e+11
1.184815269821967165e+00 -1.199984165616585846e+11
1.182372351739859884e+00 -1.199984626754838257e+11
1.179929433657752824e+00 -1.199985115973791351e+11
1.177486515575645543e+00 -1.199985556151003571e+11
1.175043597493538483e+00 -1.199986023839236450e+11
1.172600679411431424e+00 -1.199986443756608276e+11
1.170157761329324142e+00 -1.199986890639045258e+11
1.167714843247217082e+00 -1.199987290983952026e+11
1.165271925165110023e+00 -1.199987717770773926e+11
1.162829007083002741e+00 -1.199988099218489075e+11
1.160386089000895460e+00 -1.199988506606013184e+11
1.157943170918788400e+00 -1.199988869818035126e+11
1.155500252836681341e+00 -1.199989258487172699e+11
1.153057334754574059e+00 -1.199989604110642700e+11
1.150614416672467000e+00 -1.199989974727840881e+11
1.148171498590359940e+00 -1.199990303394593964e+11
1.145728580508252659e+00 -1.199990656608858185e+11
1.143285662426145599e+00 -1.199990968937532806e+11
1.140842744344038540e+00 -1.199991305382986145e+11
1.138399826261931258e+00 -1.199991601975052338e+11
1.135956908179823976e+00 -1.199991922269400940e+11
1.133513990097716917e+00 -1.199992203712538757e+11
1.131071072015609857e+00 -1.199992508457164612e+11
1.128628153933502576e+00 -1.199992775322359009e+11
1.126185235851395516e+00 -1.199993065102348938e+11
1.123742317769288235e+00 -1.199993317946280060e+11
1.121299399687181175e+00 -1.199993593330786285e+11
1.118856481605074116e+00 -1.199993832693570404e+11
1.116413563522966834e+00 -1.199994094234630432e+11
1.113970645440859775e+00 -1.199994320641739197e+11
1.111527727358752715e+00 -1.199994568876239166e+11
1.109084809276645434e+00 -1.199994782836419373e+11
1.106641891194538374e+00 -1.199995018284535980e+11
1.104198973112431315e+00 -1.199995220292201233e+11
1.101756055030324033e+00 -1.199995443458154602e+11
1.099313136948216751e+00 -1.199995633992593079e+11
1.096870218866109692e+00 -1.199995845365440063e+11
1.094427300784002632e+00 -1.199996024890222473e+11
1.091984382701895351e+00 -1.199996224942229767e+11
1.089541464619788291e+00 -1.199996393907170715e+11
1.087098546537681232e+00 -1.199996583096857300e+11
1.084655628455573950e+00 -1.199996741935928955e+11
1.082212710373466891e+00 -1.199996920706211700e+11
1.079769792291359831e+00 -1.199997069839848938e+11
1.077326874209252550e+00 -1.199997238619000244e+11
1.074883956127145268e+00 -1.199997378454080048e+11
1.072441038045038209e+00 -1.199997537656268311e+11
1.069998119962931149e+00 -1.199997668584938049e+11
1.067555201880824089e+00 -1.199997818609769287e+11
1.065112283798716808e+00 -1.199997941011873169e+11
1.062669365716609526e+00 -1.199998082245369110e+11
1.060226447634502467e+00 -1.199998196486124878e+11
1.057783529552395407e+00 -1.199998329300781708e+11
1.055340611470288126e+00 -1.199998435733984375e+11
1.052897693388181066e+00 -1.199998560489109802e+11
1.050454775306073785e+00 -1.199998659455387878e+11
1.048011857223966725e+00 -1.199998776497685699e+11
1.045568939141859666e+00 -1.199998868325377197e+11
1.043126021059752606e+00 -1.199998977989005890e+11
1.040683102977645103e+00 -1.199999062994519196e+11
1.038240184895538043e+00 -1.199999165602021790e+11
1.035797266813430983e+00 -1.199999244090408020e+11
1.033354348731323924e+00 -1.199999339951455688e+11
1.030911430649216642e+00 -1.199999412217012482e+11
1.028468512567109583e+00 -1.199999501630974579e+11
1.026025594485002301e+00 -1.199999567956126099e+11
1.023582676402895242e+00 -1.199999651210401154e+11
1.021139758320788182e+00 -1.199999711867465820e+11
1.018696840238681123e+00 -1.199999789239028625e+11
1.016253922156573841e+00 -1.199999844490019379e+11
1.013811004074466560e+00 -1.199999916245579987e+11
1.011368085992359500e+00 -1.199999966342224274e+11
1.008925167910252441e+00 -1.200000032738074036e+11
1.006482249828145381e+00 -1.200000077922803650e+11
1.004039331746038100e+00 -1.200000139205559082e+11
1.001596413663930818e+00 -1.200000179711491089e+11
9.991534955818237584e-01 -1.200000236118223267e+11
9.967105774997166989e-01 -1.200000272168510132e+11
9.942676594176094174e-01 -1.200000323925962830e+11
9.918247413355023578e-01 -1.200000355737419434e+11
9.893818232533951873e-01 -1.200000403066459961e+11
9.869389051712880168e-01 -1.200000430838843536e+11
9.844959870891808462e-01 -1.200000473943816223e+11
9.820530690070737867e-01 -1.200000497909834595e+11
9.796101509249665051e-01 -1.200000537021459351e+11
9.771672328428594456e-01 -1.200000557278658905e+11
9.747243147607522751e-01 -1.200000592511602936e+11
9.722813966786452156e-01 -1.200000609401511993e+11
9.698384785965379340e-01 -1.200000641129964600e+11
9.673955605144308745e-01 -1.200000654649506836e+11
9.649526424323237039e-01 -1.200000682796730957e+11
9.625097243502165334e-01 -1.200000693239015808e+11
9.600668062681093629e-01 -1.200000718138622437e+11
9.576238881860023033e-01 -1.200000725617899017e+11
9.551809701038951328e-01 -1.200000747389204712e+11
9.527380520217879623e-01 -1.200000752070931244e+11
9.502951339396807917e-01 -1.200000770881982880e+11
9.478522158575736212e-01 -1.200000772912913818e+11
9.454092977754665617e-01 -1.200000788913523560e+11
9.429663796933593911e-01 -1.200000788436055298e+11
9.405234616112522206e-01 -1.200000801771534424e+11
9.380805435291450500e-01 -1.200000798922246094e+11
9.356376254470379905e-01 -1.200000809732589417e+11
9.331947073649307089e-01 -1.200000804640686340e+11
9.307517892828236494e-01 -1.200000813057189941e+11
9.283088712007164789e-01 -1.200000805850090179e+11
9.258659531186093083e-01 -1.200000812003015289e+11
9.234230350365021378e-01 -1.200000802798549500e+11
9.209801169543950783e-01 -1.200000806808857269e+11
9.185371988722877967e-01 -1.200000795722969818e+11
9.160942807901807372e-01 -1.200000797708853760e+11
9.136513627080735667e-01 -1.200000784851493835e+11
9.112084446259665071e-01 -1.200000784925039825e+11
9.087655265438592256e-01 -1.200000770401274719e+11
9.063226084617521661e-01 -1.200000768670641785e+11
9.038796903796449955e-01 -1.200000752580079346e+11
9.014367722975378250e-01 -1.200000749146885376e+11
8.989938542154306544e-01 -1.200000731586624451e+11
8.965509361333235949e-01 -1.200000726550207367e+11
8.941080180512164244e-01 -1.200000707611351929e+11
8.916650999691092538e-01 -1.200000701065261536e+11
8.892221818870020833e-01 -1.200000680836652832e+11
8.867792638048949128e-01 -1.200000672871963501e+11
8.843363457227878532e-01 -1.200000651437417450e+11
8.818934276406806827e-01 -1.200000642140438232e+11
8.794505095585735122e-01 -1.200000619580571594e+11
8.770075914764663416e-01 -1.200000609034449768e+11
8.745646733943592821e-01 -1.200000585426226196e+11
8.721217553122520005e-01 -1.200000573708541260e+11
8.696788372301449410e-01 -1.200000549126097717e+11
8.672359191480377705e-01 -1.200000536313443451e+11
8.647930010659305999e-01 -1.200000510825067139e+11
8.623500829838234294e-01 -1.200000496988972778e+11
8.599071649017163699e-01 -1.200000470662659302e+11
8.574642468196090883e-01 -1.200000455871894531e+11
8.550213287375020288e-01 -1.200000428770761108e+11
8.525784106553948583e-01 -1.200000413090853424e+11
8.501354925732877987e-01 -1.200000385275910187e+11
8.476925744911805172e-01 -1.200000368770279236e+11
8.452496564090734577e-01 -1.200000340299037476e+11
8.428067383269662871e-01 -1.200000323027346039e+11
8.403638202448591166e-01 -1.200000293954887238e+11
8.379209021627519460e-01 -1.200000275973193665e+11
8.354779840806448865e-01 -1.200000246353235779e+11
8.330350659985376049e-01 -1.200000227716140594e+11
8.305921479164305454e-01 -1.200000197598109283e+11
8.281492298343233749e-01 -1.200000178357938232e+11
8.257063117522162043e-01 -1.200000147789918518e+11
8.232633936701090338e-01 -1.200000127996107178e+11
8.208204755880019743e-01 -1.200000097023174744e+11
8.183775575058948037e-01 -1.200000076722799377e+11
8.159346394237876332e-01 -1.200000045388295898e+11
8.134917213416804627e-01 -1.200000024626220398e+11
8.110488032595732921e-01 -1.199999992971290588e+11
8.086058851774662326e-01 -1.199999971790332031e+11
8.061629670953590621e-01 -1.199999939853969116e+11
8.037200490132518915e-01 -1.199999918294831085e+11
8.012771309311447210e-01 -1.199999886114155273e+11
7.988342128490376615e-01 -1.199999864215220032e+11
7.963912947669303799e-01 -1.199999831825709534e+11
7.939483766848233204e-01 -1.199999809624226379e+11
7.915054586027161498e-01 -1.199999777059002075e+11
7.890625405206090903e-01 -1.199999754589556885e+11
7.866196224385018088e-01 -1.199999721880763550e+11
7.841767043563946382e-01 -1.199999699176954346e+11
7.817337862742874677e-01 -1.199999666354362030e+11
7.792908681921804082e-01 -1.199999643447755280e+11
7.768479501100732376e-01 -1.199999610540068207e+11
7.744050320279661781e-01 -1.199999587460454102e+11
7.719621139458590076e-01 -1.199999554494837341e+11
7.695191958637517260e-01 -1.199999531270673828e+11
7.670762777816446665e-01 -1.199999498272683411e+11
7.646333596995374959e-01 -1.199999474931165161e+11
7.621904416174303254e-01 -1.199999441925061951e+11
7.597475235353232659e-01 -1.199999418491898499e+11
7.573046054532160953e-01 -1.199999385499994202e+11
7.548616873711090358e-01 -1.199999361998681946e+11
7.524187692890017543e-01 -1.199999329045381775e+11
7.499758512068945837e-01 -1.199999305502195435e+11
7.475329331247875242e-01 -1.199999272597402649e+11
7.450900150426803537e-01 -1.199999249019946594e+11
7.426470969605731831e-01 -1.199999216206455536e+11
7.402041788784661236e-01 -1.199999192640970764e+11
7.377612607963588420e-01 -1.199999159908797913e+11
7.353183427142516715e-01 -1.199999136351411896e+11
7.328754246321446120e-01 -1.199999103733439636e+11
7.304325065500374414e-01 -1.199999080214004059e+11
7.279895884679303819e-01 -1.199999047722658997e+11
7.255466703858232114e-01 -1.199999024255050507e+11
7.231037523037159298e-01 -1.199998991906220093e+11
7.206608342216087593e-01 -1.199998968507534943e+11
7.182179161395016997e-01 -1.199998936314875336e+11
7.157749980573945292e-01 -1.199998913000014648e+11
7.133320799752874697e-01 -1.199998880976928711e+11
7.108891618931802991e-01 -1.199998857760458679e+11
7.084462438110730176e-01 -1.199998825919214478e+11
7.060033257289658470e-01 -1.199998802814322052e+11
7.035604076468587875e-01 -1.199998771166669922e+11
7.011174895647516170e-01 -1.199998748186405640e+11
6.986745714826445575e-01 -1.199998716742701721e+11
6.962316534005373869e-01 -1.199998693898764038e+11
6.937887353184303274e-01 -1.199998662669445953e+11
6.913458172363230458e-01 -1.199998639973125000e+11
6.889028991542158753e-01 -1.199998608967454224e+11
6.864599810721087048e-01 -1.199998586429081726e+11
6.840170629900016452e-01 -1.199998555655944214e+11
6.815741449078944747e-01 -1.199998533285289307e+11
6.791312268257874152e-01 -1.199998502752382050e+11
6.766883087436801336e-01 -1.199998480558240662e+11
6.742453906615729631e-01 -1.199998450273542175e+11
6.718024725794659036e-01 -1.199998428264743042e+11
6.693595544973587330e-01 -1.199998398234378204e+11
6.669166364152516735e-01 -1.199998376418289795e+11
6.644737183331445030e-01 -1.199998346649012146e+11
6.620308002510372214e-01 -1.199998325033372803e+11
6.595878821689300509e-01 -1.199998295530809937e+11
6.571449640868229913e-01 -1.199998274122177277e+11
6.547020460047158208e-01 -1.199998244891525269e+11
6.522591279226087613e-01 -1.199998223696007996e+11
6.498162098405015907e-01 -1.199998194742179565e+11
6.473732917583943092e-01 -1.199998173765476990e+11
6.449303736762871386e-01 -1.199998145092481079e+11
6.424874555941800791e-01 -1.199998124339634094e+11
6.400445375120729086e-01 -1.199998095951856689e+11
6.376016194299658491e-01 -1.199998075427953796e+11
6.351587013478586785e-01 -1.199998047328274536e+11
6.327157832657513969e-01 -1.199998027037662048e+11
6.302728651836443374e-01 -1.199997999228931885e+11
6.278299471015371669e-01 -1.199997979175177612e+11
6.253870290194299963e-01 -1.199997951660955658e+11
6.229441109373229368e-01 -1.199997931847615662e+11
6.205011928552157663e-01 -1.199997904629323120e+11
6.180582747731087068e-01 -1.199997885059630737e+11
6.156153566910014252e-01 -1.199997858139788208e+11
6.131724386088942547e-01 -1.199997838816601257e+11
6.107295205267871951e-01 -1.199997812196617126e+11
6.082866024446800246e-01 -1.199997793122224121e+11
6.058436843625728541e-01 -1.199997766803646698e+11
6.034007662804657945e-01 -1.199997747980461121e+11
6.009578481983585130e-01 -1.199997721963887024e+11
5.985149301162513424e-01 -1.199997703393323822e+11
5.960720120341442829e-01 -1.199997677679963379e+11
5.936290939520371124e-01 -1.199997659364047241e+11
5.911861758699300529e-01 -1.199997633954298096e+11
5.887432577878228823e-01 -1.199997615893842773e+11
5.863003397057156008e-01 -1.199997590788114929e+11
5.838574216236084302e-01 -1.199997572984762573e+11
5.814145035415013707e-01 -1.199997548182777100e+11
5.789715854593942002e-01 -1.199997530636913147e+11
5.765286673772871406e-01 -1.199997506138490906e+11
5.740857492951799701e-01 -1.199997488850630798e+11
5.716428312130726885e-01 -1.199997464655772705e+11
5.691999131309655180e-01 -1.199997447626440277e+11
5.667569950488584585e-01 -1.199997423734147797e+11
5.643140769667513990e-01 -1.199997406963340149e+11
5.618711588846441174e-01 -1.199997383372955475e+11
5.594282408025370579e-01 -1.199997366860519257e+11
5.569853227204299984e-01 -1.199997343571037598e+11
5.545424046383227168e-01 -1.199997327316772003e+11
5.520994865562156573e-01 -1.199997304327091675e+11
5.496565684741083757e-01 -1.199997288330530701e+11
5.472136503920013162e-01 -1.199997265639355469e+11
5.447707323098942567e-01 -1.199997249899893646e+11
5.423278142277869751e-01 -1.199997227505930023e+11
5.398848961456796935e-01 -1.199997212022875061e+11
5.374419780635726340e-01 -1.199997189924010010e+11
5.349990599814655745e-01 -1.199997174696336975e+11
5.325561418993585150e-01 -1.199997152891571655e+11
5.301132238172512334e-01 -1.199997137918113098e+11
5.276703057351441739e-01 -1.199997116405489197e+11
5.252273876530368923e-01 -1.199997101685302887e+11
5.227844695709298328e-01 -1.199997080462862549e+11
5.203415514888225513e-01 -1.199997065994674377e+11
5.178986334067154917e-01 -1.199997045060556183e+11
5.154557153246084322e-01 -1.199997030843054352e+11
5.130127972425013727e-01 -1.199997010193416290e+11
5.105698791603938691e-01 -1.199996996222635498e+11
5.081269610782868096e-01 -1.199996975859992828e+11
5.056840429961797501e-01 -1.199996962140457916e+11
5.032411249140726905e-01 -1.199996942056908569e+11
5.007982068319654090e-01 -1.199996928580872955e+11
4.983552887498583495e-01 -1.199996908776930389e+11
4.959123706677512899e-01 -1.199996895544960632e+11
4.934694525856440084e-01 -1.199996876017748566e+11
4.910265345035367268e-01 -1.199996863027723083e+11
4.885836164214296673e-01 -1.199996843774697266e+11
4.861406983393226078e-01 -1.199996831024728394e+11
4.836977802572155483e-01 -1.199996812043246155e+11
4.812548621751082667e-01 -1.199996799531232452e+11
4.788119440930009851e-01 -1.199996780818666992e+11
4.763690260108939256e-01 -1.199996768542517853e+11
4.739261079287868661e-01 -1.199996750096099091e+11
4.714831898466798066e-01 -1.199996738053627319e+11
4.690402717645725250e-01 -1.199996719870565796e+11
4.665973536824654655e-01 -1.199996708059642334e+11
4.641544356003581839e-01 -1.199996690137396088e+11
4.617115175182511244e-01 -1.199996678555668030e+11
4.592685994361438429e-01 -1.199996660891336060e+11
4.568256813540367833e-01 -1.199996649536627045e+11
4.543827632719297238e-01 -1.199996632127514496e+11
4.519398451898226643e-01 -1.199996620997476196e+11
4.494969271077151607e-01 -1.199996603840592957e+11
4.470540090256081012e-01 -1.199996592932971497e+11
4.446110909435010417e-01 -1.199996576025432739e+11
4.421681728613939821e-01 -1.199996565337755890e+11
4.397252547792867006e-01 -1.199996548676489410e+11
4.372823366971796410e-01 -1.199996538206302338e+11
4.348394186150725815e-01 -1.199996521788746185e+11
4.323965005329653000e-01 -1.199996511533436584e+11
4.299535824508580184e-01 -1.199996495356597443e+11
4.275106643687509589e-01 -1.199996485314126892e+11
4.250677462866438994e-01 -1.199996469374508667e+11
4.226248282045368398e-01 -1.199996459541880798e+11
4.201819101224295583e-01 -1.199996443837076416e+11
4.177389920403222767e-01 -1.199996434212009583e+11
4.152960739582152172e-01 -1.199996418738620911e+11
4.128531558761081577e-01 -1.199996409318339539e+11
4.104102377940008761e-01 -1.199996394073640289e+11
4.079673197118938166e-01 -1.199996384855841827e+11
4.055244016297867571e-01 -1.199996369836626434e+11
4.030814835476794755e-01 -1.199996360818831482e+11
4.006385654655724160e-01 -1.199996346021974945e+11
3.981956473834651344e-01 -1.199996337201241302e+11
3.957527293013580749e-01 -1.199996322624195557e+11
3.933098112192510154e-01 -1.199996313998383026e+11
3.908668931371437338e-01 -1.199996299637792053e+11
3.884239750550364523e-01 -1.199996291204156342e+11
3.859810569729293928e-01 -1.199996277056972961e+11
3.835381388908223332e-01 -1.199996268812744446e+11
3.810952208087152737e-01 -1.199996254876245117e+11
3.786523027266079922e-01 -1.199996246819133911e+11
3.762093846445009326e-01 -1.199996233090194855e+11
3.737664665623938731e-01 -1.199996225217530518e+11
3.713235484802865916e-01 -1.199996211693212585e+11
3.688806303981793100e-01 -1.199996204002462769e+11
3.664377123160722505e-01 -1.199996190680067596e+11
3.639947942339651910e-01 -1.199996183168871460e+11
3.615518761518581314e-01 -1.199996170045079651e+11
3.591089580697508499e-01 -1.199996162710644989e+11
3.566660399876435683e-01 -1.199996149782774048e+11
3.542231219055365088e-01 -1.199996142622704773e+11
3.517802038234294493e-01 -1.199996129887837677e+11
3.493372857413221677e-01 -1.199996122899596558e+11
3.468943676592151082e-01 -1.199996110354710236e+11
3.444514495771080487e-01 -1.199996103535746613e+11
3.420085314950007671e-01 -1.199996091178133850e+11
3.395656134128937076e-01 -1.199996084525973511e+11
3.371226953307864260e-01 -1.199996072352633667e+11
3.346797772486793665e-01 -1.199996065864848175e+11
3.322368591665723070e-01 -1.199996053872963409e+11
3.297939410844650254e-01 -1.199996047546896973e+11
3.273510230023577439e-01 -1.199996035733821716e+11
3.249081049202506843e-01 -1.199996029567374420e+11
3.224651868381436248e-01 -1.199996017930033417e+11
3.200222687560365653e-01 -1.199996011920426788e+11
3.175793506739292837e-01 -1.199996000456392059e+11
3.151364325918222242e-01 -1.199995994601546173e+11
3.126935145097151647e-01 -1.199995983307940521e+11
3.102505964276078831e-01 -1.199995977605305176e+11
3.078076783455006016e-01 -1.199995966479405823e+11
3.053647602633935421e-01 -1.199995960926596069e+11
3.029218421812864825e-01 -1.199995949965691223e+11
3.004789240991794230e-01 -1.199995944560403290e+11
2.980360060170721415e-01 -1.199995933761784668e+11
2.955930879349648599e-01 -1.199995928501597443e+11
2.931501698528578004e-01 -1.199995917862669983e+11
2.907072517707507409e-01 -1.199995912745440979e+11
2.882643336886434593e-01 -1.199995902263444214e+11
2.858214156065363998e-01 -1.199995897287071228e+11
2.833784975244293403e-01 -1.199995886959080200e+11
2.809355794423220587e-01 -1.199995882120799713e+11
2.784926613602149992e-01 -1.199995871945310516e+11
2.760497432781077176e-01 -1.199995867243962708e+11
2.736068251960006581e-01 -1.199995857216643982e+11
2.711639071138935986e-01 -1.199995852648362274e+11
2.687209890317863170e-01 -1.199995842768237610e+11
2.662780709496790355e-01 -1.199995838330965271e+11
2.638351528675719759e-01 -1.199995828596661530e+11
2.613922347854649164e-01 -1.199995824290205231e+11
2.589493167033578569e-01 -1.199995814697122192e+11
2.565063986212505753e-01 -1.199995810517353821e+11
2.540634805391435158e-01 -1.199995801063976746e+11
2.516205624570364563e-01 -1.199995797009685516e+11
2.491776443749291747e-01 -1.199995787693308563e+11
2.467347262928218932e-01 -1.199995783762188110e+11
2.442918082107148336e-01 -1.199995774580543671e+11
2.418488901286077741e-01 -1.199995770770648651e+11
2.394059720465007146e-01 -1.199995761721518402e+11
2.369630539643934330e-01 -1.199995758030780640e+11
2.345201358822861515e-01 -1.199995749111582947e+11
2.320772178001790920e-01 -1.199995745537824097e+11
2.296342997180720324e-01 -1.199995736746520996e+11
2.271913816359647509e-01 -1.199995733287901154e+11
2.247484635538576914e-01 -1.199995724622094421e+11
2.223055454717506318e-01 -1.199995721276708984e+11
2.198626273896433503e-01 -1.199995712734150238e+11
2.174197093075362908e-01 -1.199995709499838257e+11
2.149767912254290092e-01 -1.199995701078574677e+11
2.125338731433219497e-01 -1.199995697953755188e+11
2.100909550612148902e-01 -1.199995689651328278e+11
2.076480369791076086e-01 -1.199995686633897400e+11
2.052051188970003270e-01 -1.199995678448346405e+11
2.027622008148932675e-01 -1.199995675536565857e+11
2.003192827327862080e-01 -1.199995667465615997e+11
1.978763646506791485e-01 -1.199995664657651062e+11
1.954334465685718669e-01 -1.199995656699409180e+11
1.929905284864648074e-01 -1.199995653993469238e+11
1.905476104043577479e-01 -1.199995646145738373e+11
1.881046923222504663e-01 -1.199995643539962006e+11
1.856617742401431848e-01 -1.199995635800846558e+11
1.832188561580361252e-01 -1.199995633293639374e+11
1.807759380759290657e-01 -1.199995625661048431e+11
1.783330199938220062e-01 -1.199995623250451813e+11
1.758901019117147246e-01 -1.199995615722447205e+11
1.734471838296074431e-01 -1.199995613406993713e+11
1.710042657475003836e-01 -1.199995605981618805e+11
1.685613476653933240e-01 -1.199995603759490662e+11
1.661184295832860425e-01 -1.199995596434804993e+11
1.636755115011789830e-01 -1.199995594304393768e+11
1.612325934190719234e-01 -1.199995587078610382e+11
1.587896753369646419e-01 -1.199995585038265991e+11
1.563467572548573603e-01 -1.199995577909418030e+11
1.539038391727503008e-01 -1.199995575957701263e+11
1.514609210906432413e-01 -1.199995568923918304e+11
1.490180030085361818e-01 -1.199995567059043884e+11
1.465750849264289002e-01 -1.199995560118712006e+11
1.441321668443216186e-01 -1.199995558339352112e+11
1.416892487622145591e-01 -1.199995551490471649e+11
1.392463306801074996e-01 -1.199995549795007935e+11
1.368034125980002180e-01 -1.199995543035821838e+11
1.343604945158931585e-01 -1.199995541422634888e+11
1.319175764337860990e-01 -1.199995534751691437e+11
1.294746583516790395e-01 -1.199995533219688721e+11
1.270317402695717579e-01 -1.199995526634934845e+11
1.245888221874644763e-01 -1.199995525182304535e+11
1.221459041053574168e-01 -1.199995518682254486e+11
1.197029860232503573e-01 -1.199995517307767334e+11
1.172600679411432978e-01 -1.199995510890881653e+11
1.148171498590360162e-01 -1.199995509593051758e+11
1.123742317769287347e-01 -1.199995503257528381e+11
1.099313136948216751e-01 -1.199995502035065765e+11
1.074883956127146156e-01 -1.199995495779491425e+11
1.050454775306073341e-01 -1.199995494631035767e+11
1.026025594485002745e-01 -1.199995488453662262e+11
1.001596413663932150e-01 -1.199995487377771759e+11
9.771672328428593346e-02 -1.199995481277182617e+11
9.527380520217865190e-02 -1.199995480272613983e+11
9.283088712007159238e-02 -1.199995474247020416e+11
9.038796903796453286e-02 -1.199995473312427673e+11
8.794505095585747334e-02 -1.199995467360551147e+11
8.550213287375019178e-02 -1.199995466494781494e+11
8.305921479164291021e-02 -1.199995460615054779e+11
8.061629670953585070e-02 -1.199995459816853943e+11
7.817337862742879118e-02 -1.199995454007716675e+11
7.573046054532150961e-02 -1.199995453275816803e+11
7.328754246321445009e-02 -1.199995447536108093e+11
7.084462438110739058e-02 -1.199995446869425049e+11
6.840170629900033106e-02 -1.199995441197427063e+11
6.595878821689304949e-02 -1.199995440594570923e+11
6.351587013478576793e-02 -1.199995434989142609e+11
6.107295205267870841e-02 -1.199995434449225311e+11
5.863003397057164889e-02 -1.199995428908722382e+11
5.618711588846436733e-02 -1.199995428430432434e+11
5.374419780635730781e-02 -1.199995422954172058e+11
5.130127972425002625e-02 -1.199995422536875763e+11
4.885836164214296673e-02 -1.199995417121711731e+11
4.641544356003590721e-02 -1.199995416762369385e+11
4.397252547792862565e-02 -1.199995411413849030e+11
4.152960739582156613e-02 -1.199995411119848938e+11
3.908668931371450661e-02 -1.199995405821144104e+11
3.664377123160722505e-02 -1.199995405570628357e+11
3.420085314949994348e-02 -1.199995400337619019e+11
3.175793506739288397e-02 -1.199995400154465942e+11
2.931501698528582445e-02 -1.199995394977578278e+11
2.687209890317876493e-02 -1.199995394848037872e+11
2.442918082107148336e-02 -1.199995389726863708e+11
2.198626273896420180e-02 -1.199995389650908203e+11
1.954334465685714228e-02 -1.199995384584582520e+11
1.710042657475008276e-02 -1.199995384562043152e+11
1.465750849264280120e-02 -1.199995379549438477e+11
1.221459041053574168e-02 -1.199995379579400940e+11
9.771672328428682164e-03 -1.199995374619320068e+11
7.328754246321622645e-03 -1.199995374700819550e+11
4.885836164214341082e-03 -1.199995369792265015e+11
2.442918082107059519e-03 -1.199995369924499664e+11
0.000000000000000000e+00 -1.199995365066184082e+11
-2.442918082107281563e-03 -1.199995365248201294e+11
-4.885836164214341082e-03 -1.199995360438990326e+11
-7.328754246321622645e-03 -1.199995360669745331e+11
-9.771672328428460119e-03 -1.199995355908607330e+11
-1.221459041053574168e-02 -1.199995356187364502e+11
-1.465750849264280120e-02 -1.199995351473099213e+11
-1.710042657475008276e-02 -1.199995351798957367e+11
-1.954334465685736433e-02 -1.199995347130640869e+11
-2.198626273896420180e-02 -1.199995347503035889e+11
-2.442918082107148336e-02 -1.199995342879694672e+11
-2.687209890317854288e-02 -1.199995343297671509e+11
-2.931501698528582445e-02 -1.199995338718368378e+11
-3.175793506739310601e-02 -1.199995339181190796e+11
-3.420085314949994348e-02 -1.199995334644512634e+11
-3.664377123160722505e-02 -1.199995335151273804e+11
-3.908668931371428457e-02 -1.199995330656777039e+11
-4.152960739582156613e-02 -1.199995331207022858e+11
-4.397252547792862565e-02 -1.199995326753471680e+11
-4.641544356003590721e-02 -1.199995327346309662e+11
-4.885836164214318877e-02 -1.199995322932595215e+11
-5.130127972425002625e-02 -1.199995323566936951e+11
-5.374419780635730781e-02 -1.199995319192474518e+11
-5.618711588846436733e-02 -1.199995319868281097e+11
-5.863003397057164889e-02 -1.199995315531458588e+11
-6.107295205267848637e-02 -1.199995316247432098e+11
-6.351587013478576793e-02 -1.199995311948166962e+11
-6.595878821689304949e-02 -1.199995312704116058e+11
-6.840170629900010901e-02 -1.199995308441067505e+11
-7.084462438110739058e-02 -1.199995309236144714e+11
-7.328754246321422805e-02 -1.199995305008546448e+11
-7.573046054532150961e-02 -1.199995305842190857e+11
-7.817337862742901322e-02 -1.199995301648812103e+11
-8.061629670953585070e-02 -1.199995302520062103e+11
-8.305921479164313226e-02 -1.199995298360404663e+11
-8.550213287375019178e-02 -1.199995299268750458e+11
-8.794505095585747334e-02 -1.199995295141724548e+11
-9.038796903796431081e-02 -1.199995296086360779e+11
-9.283088712007159238e-02 -1.199995291991407318e+11
-9.527380520217887394e-02 -1.199995292972299042e+11
-9.771672328428593346e-02 -1.199995288908542328e+11
-1.001596413663932150e-01 -1.199995289924923553e+11
-1.026025594485000525e-01 -1.199995285891627502e+11
-1.050454775306073341e-01 -1.199995286943054657e+11
-1.074883956127146156e-01 -1.199995282939195709e+11
-1.099313136948216751e-01 -1.199995284024792480e+11
-1.123742317769289567e-01 -1.199995280049802246e+11
-1.148171498590357942e-01 -1.199995281169226227e+11
-1.172600679411432978e-01 -1.199995277222427826e+11
-1.197029860232501353e-01 -1.199995278375163727e+11
-1.221459041053574168e-01 -1.199995274455648041e+11
-1.245888221874646984e-01 -1.199995275641237488e+11
-1.270317402695717579e-01 -1.199995271748222198e+11
-1.294746583516790395e-01 -1.199995272965926208e+11
-1.319175764337858769e-01 -1.199995269099040985e+11
-1.343604945158931585e-01 -1.199995270349111023e+11
-1.368034125980002180e-01 -1.199995266506697998e+11
-1.392463306801074996e-01 -1.199995267787487946e+11
-1.416892487622147812e-01 -1.199995263970121307e+11
-1.441321668443216186e-01 -1.199995265282259216e+11
-1.465750849264289002e-01 -1.199995261488045502e+11
-1.490180030085359597e-01 -1.199995262830287170e+11
-1.514609210906432413e-01 -1.199995259059694519e+11
-1.539038391727505228e-01 -1.199995260432499542e+11
-1.563467572548573603e-01 -1.199995256684064178e+11
-1.587896753369648639e-01 -1.199995258086020355e+11
-1.612325934190717014e-01 -1.199995254359497681e+11
-1.636755115011789830e-01 -1.199995255790911407e+11
-1.661184295832860425e-01 -1.199995252084966278e+11
-1.685613476653933240e-01 -1.199995253544900818e+11
-1.710042657475006056e-01 -1.199995249859383392e+11
-1.734471838296074431e-01 -1.199995251347794800e+11
-1.758901019117147246e-01 -1.199995247681955414e+11
-1.783330199938217842e-01 -1.199995249198248749e+11
-1.807759380759290657e-01 -1.199995245551654968e+11
-1.832188561580359032e-01 -1.199995247095739746e+11
-1.856617742401431848e-01 -1.199995243466074219e+11
-1.881046923222504663e-01 -1.199995245036386261e+11
-1.905476104043575258e-01 -1.199995241424758759e+11
-1.929905284864648074e-01 -1.199995243022050781e+11
-1.954334465685716449e-01 -1.199995239428935852e+11
-1.978763646506791485e-01 -1.199995241054416046e+11
-2.003192827327864300e-01 -1.199995237484629364e+11
-2.027622008148932675e-01 -1.199995239139073639e+11
-2.052051188970005491e-01 -1.199995235576401367e+11
-2.076480369791076086e-01 -1.199995237250892334e+11
-2.100909550612148902e-01 -1.199995233706654510e+11
-2.125338731433217276e-01 -1.199995235409977875e+11
-2.149767912254290092e-01 -1.199995231879690857e+11
-2.174197093075362908e-01 -1.199995233607610931e+11
-2.198626273896433503e-01 -1.199995230091975708e+11
-2.223055454717506318e-01 -1.199995231845190430e+11
-2.247484635538574693e-01 -1.199995228343356476e+11
-2.271913816359647509e-01 -1.199995230121378021e+11
-2.296342997180720324e-01 -1.199995226632772064e+11
-2.320772178001790920e-01 -1.199995228434923248e+11
-2.345201358822863735e-01 -1.199995224959608612e+11
-2.369630539643932110e-01 -1.199995226786658936e+11
-2.394059720465007146e-01 -1.199995223323166962e+11
-2.418488901286075521e-01 -1.199995225174310150e+11
-2.442918082107148336e-01 -1.199995221722568817e+11
-2.467347262928221152e-01 -1.199995223597409363e+11
-2.491776443749291747e-01 -1.199995220156992340e+11
-2.516205624570364563e-01 -1.199995222055593109e+11
-2.540634805391432938e-01 -1.199995218625398102e+11
-2.565063986212505753e-01 -1.199995220547099304e+11
-2.589493167033576349e-01 -1.199995217127559967e+11
-2.613922347854649164e-01 -1.199995219072673187e+11
-2.638351528675721980e-01 -1.199995215662486115e+11
-2.662780709496790355e-01 -1.199995217630470581e+11
-2.687209890317863170e-01 -1.199995214229523315e+11
-2.711639071138933765e-01 -1.199995216220155182e+11
-2.736068251960006581e-01 -1.199995212827698059e+11
-2.760497432781079397e-01 -1.199995214840886536e+11
-2.784926613602149992e-01 -1.199995211456402588e+11
-2.809355794423222807e-01 -1.199995213491895447e+11
-2.833784975244291182e-01 -1.199995210114937134e+11
-2.858214156065363998e-01 -1.199995212172799225e+11
-2.882643336886434593e-01 -1.199995208803058472e+11
-2.907072517707507409e-01 -1.199995210882637787e+11
-2.931501698528580224e-01 -1.199995207519864197e+11
-2.955930879349648599e-01 -1.199995209621598511e+11
-2.980360060170721415e-01 -1.199995206265244598e+11
-3.004789240991792010e-01 -1.199995208389127197e+11
-3.029218421812864825e-01 -1.199995205038379822e+11
-3.053647602633937641e-01 -1.199995207183863983e+11
-3.078076783455006016e-01 -1.199995203838422699e+11
-3.102505964276078831e-01 -1.199995206005488892e+11
-3.126935145097149427e-01 -1.199995202665153809e+11
-3.151364325918222242e-01 -1.199995204853507538e+11
-3.175793506739292837e-01 -1.199995201517355957e+11
-3.200222687560365653e-01 -1.199995203727022705e+11
-3.224651868381438469e-01 -1.199995200395072479e+11
-3.249081049202506843e-01 -1.199995202625936127e+11
-3.273510230023579659e-01 -1.199995199297247467e+11
-3.297939410844650254e-01 -1.199995201548916931e+11
-3.322368591665723070e-01 -1.199995198223513336e+11
-3.346797772486791445e-01 -1.199995200496073151e+11
-3.371226953307864260e-01 -1.199995197173240204e+11
-3.395656134128937076e-01 -1.199995199466949310e+11
-3.420085314950007671e-01 -1.199995196146402283e+11
-3.444514495771080487e-01 -1.199995198460752869e+11
-3.468943676592148861e-01 -1.199995195141909332e+11
-3.493372857413221677e-01 -1.199995197477131653e+11
-3.517802038234296713e-01 -1.199995194159686737e+11
-3.542231219055365088e-01 -1.199995196515380859e+11
-3.566660399876437904e-01 -1.199995193199038086e+11
-3.591089580697508499e-01 -1.199995195575464783e+11
-3.615518761518581314e-01 -1.199995192259546051e+11
-3.639947942339649689e-01 -1.199995194656531372e+11
-3.664377123160722505e-01 -1.199995191341103668e+11
-3.688806303981795320e-01 -1.199995193758686676e+11
-3.713235484802865916e-01 -1.199995190442858124e+11
-3.737664665623938731e-01 -1.199995192881040955e+11
-3.762093846445007106e-01 -1.199995189564571228e+11
-3.786523027266079922e-01 -1.199995192023423767e+11
-3.810952208087150517e-01 -1.199995188705575409e+11
-3.835381388908223332e-01 -1.199995191184603424e+11
-3.859810569729296148e-01 -1.199995187865460205e+11
-3.884239750550364523e-01 -1.199995190365036774e+11
-3.908668931371437338e-01 -1.199995187043862915e+11
-3.933098112192507934e-01 -1.199995189563696747e+11
-3.957527293013580749e-01 -1.199995186240363159e+11
-3.981956473834653565e-01 -1.199995188780739136e+11
-4.006385654655724160e-01 -1.199995185454645996e+11
-4.030814835476796976e-01 -1.199995188015601196e+11
-4.055244016297865350e-01 -1.199995184686365662e+11
-4.079673197118938166e-01 -1.199995187267893066e+11
-4.104102377940008761e-01 -1.199995183935327759e+11
-4.128531558761081577e-01 -1.199995186537490082e+11
-4.152960739582154392e-01 -1.199995183201985016e+11
-4.177389920403222767e-01 -1.199995185825750732e+11
-4.201819101224295583e-01 -1.199995182485232697e+11
-4.226248282045366178e-01 -1.199995185128842010e+11
-4.250677462866438994e-01 -1.199995181793487244e+11
-4.275106643687511809e-01 -1.199995184467065125e+11
-4.299535824508580184e-01 -1.199995181128031311e+11
-4.323965005329655220e-01 -1.199995183843878174e+11
-4.348394186150725815e-01 -1.199995180459760742e+11
-4.372823366971796410e-01 -1.199995183113410034e+11
-4.397252547792867006e-01 -1.199995179752187653e+11
-4.421681728613937601e-01 -1.199995182473680420e+11
-4.446110909435012637e-01 -1.199995179106891174e+11
-4.470540090256083232e-01 -1.199995181854369659e+11
-4.494969271077153827e-01 -1.199995178481976929e+11
-4.519398451898224423e-01 -1.199995181251765442e+11
-4.543827632719295018e-01 -1.199995177871801147e+11
-4.568256813540365613e-01 -1.199995180662017975e+11
-4.592685994361440649e-01 -1.199995177275147247e+11
-4.617115175182511244e-01 -1.199995180087212067e+11
-4.641544356003581839e-01 -1.199995176691139832e+11
-4.665973536824652435e-01 -1.199995179522903290e+11
-4.690402717645723030e-01 -1.199995176119362793e+11
-4.714831898466798066e-01 -1.199995178973105316e+11
-4.739261079287868661e-01 -1.199995175559416046e+11
-4.763690260108939256e-01 -1.199995178433755341e+11
-4.788119440930014292e-01 -1.199995175011216736e+11
-4.812548621751080447e-01 -1.199995177907326050e+11
-4.836977802572155483e-01 -1.199995174474784851e+11
-4.861406983393226078e-01 -1.199995177392139893e+11
-4.885836164214296673e-01 -1.199995173950185242e+11
-4.910265345035371709e-01 -1.199995176889595337e+11
-4.934694525856437863e-01 -1.199995173437046204e+11
-4.959123706677512899e-01 -1.199995176398085938e+11
-4.983552887498583495e-01 -1.199995172935201263e+11
-5.007982068319654090e-01 -1.199995175918921509e+11
-5.032411249140724685e-01 -1.199995172444427948e+11
-5.056840429961795280e-01 -1.199995175449730988e+11
-5.081269610782870316e-01 -1.199995171964370575e+11
-5.105698791603940911e-01 -1.199995174993007202e+11
-5.130127972425011507e-01 -1.199995171495287628e+11
-5.154557153246082102e-01 -1.199995174546290131e+11
-5.178986334067157138e-01 -1.199995171036997070e+11
-5.203415514888227733e-01 -1.199995174111423035e+11
-5.227844695709298328e-01 -1.199995170589252930e+11
-5.252273876530368923e-01 -1.199995173686564331e+11
-5.276703057351439519e-01 -1.199995170151562805e+11
-5.301132238172514555e-01 -1.199995173271971130e+11
-5.325561418993580709e-01 -1.199995169723382568e+11
-5.349990599814655745e-01 -1.199995172867293396e+11
-5.374419780635726340e-01 -1.199995169304329987e+11
-5.398848961456796935e-01 -1.199995172471836548e+11
-5.423278142277871972e-01 -1.199995168894418335e+11
-5.447707323098938126e-01 -1.199995172085587006e+11
-5.472136503920013162e-01 -1.199995168493102570e+11
-5.496565684741088198e-01 -1.199995171708248749e+11
-5.520994865562154352e-01 -1.199995168100727844e+11
-5.545424046383229388e-01 -1.199995171340098419e+11
-5.569853227204299984e-01 -1.199995167716798248e+11
-5.594282408025370579e-01 -1.199995170980738373e+11
-5.618711588846441174e-01 -1.199995167341375122e+11
-5.643140769667511769e-01 -1.199995170630158081e+11
-5.667569950488586805e-01 -1.199995166974369659e+11
-5.691999131309657400e-01 -1.199995170288140259e+11
-5.716428312130727996e-01 -1.199995166615447235e+11
-5.740857492951798591e-01 -1.199995169954587097e+11
-5.765286673772869186e-01 -1.199995166264677734e+11
-5.789715854593939781e-01 -1.199995169629675293e+11
-5.814145035415014817e-01 -1.199995165921440125e+11
-5.838574216236085412e-01 -1.199995169311849670e+11
-5.863003397057156008e-01 -1.199995165585688629e+11
-5.887432577878231044e-01 -1.199995169002592163e+11
-5.911861758699297198e-01 -1.199995165257263947e+11
-5.936290939520372234e-01 -1.199995168700583038e+11
-5.960720120341442829e-01 -1.199995164935997467e+11
-5.985149301162513424e-01 -1.199995168405982819e+11
-6.009578481983588460e-01 -1.199995164621771240e+11
-6.034007662804654615e-01 -1.199995168119145966e+11
-6.058436843625729651e-01 -1.199995164314270782e+11
-6.082866024446800246e-01 -1.199995167838673553e+11
-6.107295205267870841e-01 -1.199995164013315125e+11
-6.131724386088945877e-01 -1.199995167565710754e+11
-6.156153566910012032e-01 -1.199995163718808289e+11
-6.180582747731087068e-01 -1.199995167299116211e+11
-6.205011928552157663e-01 -1.199995163430856628e+11
-6.229441109373228258e-01 -1.199995167040185852e+11
-6.253870290194298853e-01 -1.199995163149154053e+11
-6.278299471015369448e-01 -1.199995166786645813e+11
-6.302728651836444485e-01 -1.199995162873316345e+11
-6.327157832657515080e-01 -1.199995166540598145e+11
-6.351587013478585675e-01 -1.199995162603359985e+11
-6.376016194299656270e-01 -1.199995166299811707e+11
-6.400445375120731306e-01 -1.199995162338898468e+11
-6.424874555941801901e-01 -1.199995166065356750e+11
-6.449303736762872497e-01 -1.199995162079915009e+11
-6.473732917583943092e-01 -1.199995165836685791e+11
-6.498162098405013687e-01 -1.199995161826384888e+11
-6.522591279226088723e-01 -1.199995165614176941e+11
-6.547020460047154877e-01 -1.199995161578684387e+11
-6.571449640868229913e-01 -1.199995165398225250e+11
-6.595878821689300509e-01 -1.199995161337662964e+11
-6.620308002510371104e-01 -1.199995165190616455e+11
-6.644737183331446140e-01 -1.199995161099867554e+11
-6.669166364152512294e-01 -1.199995164982022400e+11
-6.693595544973587330e-01 -1.199995160858904572e+11
-6.718024725794662366e-01 -1.199995164786539764e+11
-6.742453906615728521e-01 -1.199995160644114838e+11
-6.766883087436803557e-01 -1.199995164597209473e+11
-6.791312268257874152e-01 -1.199995160425882568e+11
-6.815741449078944747e-01 -1.199995164409090881e+11
-6.840170629900015342e-01 -1.199995160209525299e+11
-6.864599810721085937e-01 -1.199995164227293091e+11
-6.889028991542160973e-01 -1.199995159997784882e+11
-6.913458172363231569e-01 -1.199995164049774323e+11
-6.937887353184302164e-01 -1.199995159789917908e+11
-6.962316534005372759e-01 -1.199995163877102356e+11
-6.986745714826443354e-01 -1.199995159586139832e+11
-7.011174895647513949e-01 -1.199995163708784790e+11
-7.035604076468588985e-01 -1.199995159386161041e+11
-7.060033257289659581e-01 -1.199995163545065918e+11
-7.084462438110730176e-01 -1.199995159190325012e+11
-7.108891618931805212e-01 -1.199995163386183777e+11
-7.133320799752871366e-01 -1.199995158998684540e+11
-7.157749980573946402e-01 -1.199995163232316895e+11
-7.182179161395016997e-01 -1.199995158811204834e+11
-7.206608342216087593e-01 -1.199995163082803650e+11
-7.231037523037162629e-01 -1.199995158627604980e+11
-7.255466703858228783e-01 -1.199995162938161621e+11
-7.279895884679303819e-01 -1.199995158447480774e+11
-7.304325065500374414e-01 -1.199995162797279663e+11
-7.328754246321445009e-01 -1.199995158270498962e+11
-7.353183427142520046e-01 -1.199995162660412292e+11
-7.377612607963586200e-01 -1.199995158097370453e+11
-7.402041788784661236e-01 -1.199995162527370300e+11
-7.426470969605731831e-01 -1.199995157927691956e+11
-7.450900150426802426e-01 -1.199995162399676819e+11
-7.475329331247873021e-01 -1.199995157761352844e+11
-7.499758512068948058e-01 -1.199995162275039062e+11
-7.524187692890018653e-01 -1.199995157598426819e+11
-7.548616873711089248e-01 -1.199995162155584106e+11
-7.573046054532159843e-01 -1.199995157438921967e+11
-7.597475235353230438e-01 -1.199995162039461517e+11
-7.621904416174305474e-01 -1.199995157282594299e+11
-7.646333596995376070e-01 -1.199995161927967834e+11
-7.670762777816446665e-01 -1.199995157129546204e+11
-7.695191958637517260e-01 -1.199995161819596100e+11
-7.719621139458587855e-01 -1.199995156979059448e+11
-7.744050320279662891e-01 -1.199995161715371704e+11
-7.768479501100729046e-01 -1.199995156831620483e+11
-7.792908681921804082e-01 -1.199995161614306183e+11
-7.817337862742874677e-01 -1.199995156686496277e+11
-7.841767043563945272e-01 -1.199995161516558533e+11
-7.866196224385020308e-01 -1.199995156543677979e+11
-7.890625405206090903e-01 -1.199995161422181549e+11
-7.915054586027161498e-01 -1.199995156403167114e+11
-7.939483766848236534e-01 -1.199995161331353149e+11
-7.963912947669302689e-01 -1.199995156265635071e+11
-7.988342128490377725e-01 -1.199995161244121399e+11
-8.012771309311448320e-01 -1.199995156131246033e+11
-8.037200490132518915e-01 -1.199995161160903931e+11
-8.061629670953589510e-01 -1.199995155998877411e+11
-8.086058851774660106e-01 -1.199995161081176147e+11
-8.110488032595735142e-01 -1.199995155869196320e+11
-8.134917213416805737e-01 -1.199995161005285034e+11
-8.159346394237876332e-01 -1.199995155741723633e+11
-8.183775575058946927e-01 -1.199995160931705627e+11
-8.208204755880017522e-01 -1.199995155616933899e+11
-8.232633936701088118e-01 -1.199995160862209320e+11
-8.257063117522163154e-01 -1.199995155493622894e+11
-8.281492298343233749e-01 -1.199995160795458984e+11
-8.305921479164304344e-01 -1.199995155372728729e+11
-8.330350659985379380e-01 -1.199995160732036743e+11
-8.354779840806445534e-01 -1.199995155252926941e+11
-8.379209021627520571e-01 -1.199995160671410217e+11
-8.403638202448591166e-01 -1.199995155136137085e+11
-8.428067383269661761e-01 -1.199995160614245911e+11
-8.452496564090736797e-01 -1.199995155020626221e+11
-8.476925744911802951e-01 -1.199995160560016785e+11
-8.501354925732877987e-01 -1.199995154907667542e+11
-8.525784106553948583e-01 -1.199995160508796387e+11
-8.550213287375019178e-01 -1.199995154795790100e+11
-8.574642468196094214e-01 -1.199995160460825195e+11
-8.599071649017160368e-01 -1.199995154686157837e+11
-8.623500829838235404e-01 -1.199995160416355743e+11
-8.647930010659305999e-01 -1.199995154578278961e+11
-8.672359191480376595e-01 -1.199995160373728333e+11
-8.696788372301447190e-01 -1.199995154471452637e+11
-8.721217553122522226e-01 -1.199995160335441284e+11
-8.745646733943592821e-01 -1.199995154365904388e+11
-8.770075914764663416e-01 -1.199995160297795715e+11
-8.794505095585734011e-01 -1.199995154262141418e+11
-8.818934276406804607e-01 -1.199995160264520569e+11
-8.843363457227879643e-01 -1.199995154159507141e+11
-8.867792638048950238e-01 -1.199995160234788208e+11
-8.892221818870020833e-01 -1.199995154058696747e+11
-8.916650999691091428e-01 -1.199995160206578064e+11
-8.941080180512162023e-01 -1.199995153959597168e+11
-8.965509361333237059e-01 -1.199995160185615845e+11
-8.989938542154303214e-01 -1.199995153861269226e+11
-9.014367722975378250e-01 -1.199995160160594482e+11
-9.038796903796453286e-01 -1.199995153762056122e+11
-9.063226084617519440e-01 -1.199995160140532837e+11
-9.087655265438594476e-01 -1.199995153665474854e+11
-9.112084446259665071e-01 -1.199995160124776764e+11
-9.136513627080735667e-01 -1.199995153570118713e+11
-9.160942807901810703e-01 -1.199995160111000977e+11
-9.185371988722876857e-01 -1.199995153475474854e+11
-9.209801169543951893e-01 -1.199995160100519409e+11
-9.234230350365022488e-01 -1.199995153381808777e+11
-9.258659531186093083e-01 -1.199995160092435608e+11
-9.283088712007163679e-01 -1.199995153288997803e+11
-9.307517892828234274e-01 -1.199995160087727203e+11
-9.331947073649309310e-01 -1.199995153197131653e+11
-9.356376254470379905e-01 -1.199995160085464783e+11
-9.380805435291450500e-01 -1.199995153105999298e+11
-9.405234616112521095e-01 -1.199995160086381531e+11
-9.429663796933596132e-01 -1.199995153015688782e+11
-9.454092977754662286e-01 -1.199995160090252228e+11
-9.478522158575737322e-01 -1.199995152926156616e+11
-9.502951339396807917e-01 -1.199995160097162323e+11
-9.527380520217878512e-01 -1.199995152837257843e+11
-9.551809701038953548e-01 -1.199995160106994476e+11
-9.576238881860019703e-01 -1.199995152748937378e+11
-9.600668062681094739e-01 -1.199995160119496002e+11
-9.625097243502165334e-01 -1.199995152661095276e+11
-9.649526424323235929e-01 -1.199995160134860840e+11
-9.673955605144310965e-01 -1.199995152573440552e+11
-9.698384785965377120e-01 -1.199995160153555908e+11
-9.722813966786452156e-01 -1.199995152486166077e+11
-9.747243147607522751e-01 -1.199995160174738464e+11
-9.771672328428593346e-01 -1.199995152399241638e+11
-9.796101509249668382e-01 -1.199995160198918457e+11
-9.820530690070734536e-01 -1.199995152312354736e+11
-9.844959870891809572e-01 -1.199995160226544800e+11
-9.869389051712880168e-01 -1.199995152225627747e+11
-9.893818232533950763e-01 -1.199995160256710815e+11
-9.918247413355025799e-01 -1.199995152139305115e+11
-9.942676594176096394e-01 -1.199995160290384521e+11
-9.967105774997166989e-01 -1.199995152053009033e+11
-9.991534955818237584e-01 -1.199995160327251587e+11
-1.001596413663930818e+00 -1.199995151966667480e+11
-1.004039331746037877e+00 -1.199995160367053680e+11
-1.006482249828145381e+00 -1.199995151880232239e+11
-1.008925167910252441e+00 -1.199995160410363159e+11
-1.011368085992359500e+00 -1.199995151793894958e+11
-1.013811004074466560e+00 -1.199995160457052002e+11
-1.016253922156573619e+00 -1.199995151707485809e+11
-1.018696840238681123e+00 -1.199995160507354736e+11
-1.021139758320787738e+00 -1.199995151620781860e+11
-1.023582676402895242e+00 -1.199995160560994263e+11
-1.026025594485002745e+00 -1.199995151533846588e+11
-1.028468512567109361e+00 -1.199995160618356781e+11
-1.030911430649216864e+00 -1.199995151446697845e+11
-1.033354348731323924e+00 -1.199995160679231873e+11
-1.035797266813430983e+00 -1.199995151358952637e+11
-1.038240184895538487e+00 -1.199995160743563232e+11
-1.040683102977645103e+00 -1.199995151270534363e+11
-1.043126021059752606e+00 -1.199995160811885376e+11
-1.045568939141859666e+00 -1.199995151181539001e+11
-1.048011857223966725e+00 -1.199995160883514099e+11
-1.050454775306073785e+00 -1.199995151091965332e+11
-1.052897693388180844e+00 -1.199995160959249268e+11
-1.055340611470288348e+00 -1.199995151001599121e+11
-1.057783529552395407e+00 -1.199995161039098053e+11
-1.060226447634502467e+00 -1.199995150910407715e+11
-1.062669365716609526e+00 -1.199995161123270569e+11
-1.065112283798717030e+00 -1.199995150818506165e+11
-1.067555201880823645e+00 -1.199995161211641541e+11
-1.069998119962931149e+00 -1.199995150725744781e+11
-1.072441038045038209e+00 -1.199995161304379578e+11
-1.074883956127145268e+00 -1.199995150632008362e+11
-1.077326874209252772e+00 -1.199995161401760254e+11
-1.079769792291359387e+00 -1.199995150536989136e+11
-1.082212710373466891e+00 -1.199995161503784332e+11
-1.084655628455573950e+00 -1.199995150440729370e+11
-1.087098546537681010e+00 -1.199995161610223083e+11
-1.089541464619788513e+00 -1.199995150343019714e+11
-1.091984382701895129e+00 -1.199995161721804810e+11
-1.094427300784002632e+00 -1.199995150243921967e+11
-1.096870218866109692e+00 -1.199995161838304749e+11
-1.099313136948216751e+00 -1.199995150143225403e+11
-1.101756055030324255e+00 -1.199995161960034485e+11
-1.104198973112431315e+00 -1.199995150040966034e+11
-1.106641891194538374e+00 -1.199995162087451782e+11
-1.109084809276645434e+00 -1.199995149936776123e+11
-1.111527727358752493e+00 -1.199995162220122375e+11
-1.113970645440859997e+00 -1.199995149830836182e+11
-1.116413563522967056e+00 -1.199995162358621979e+11
-1.118856481605074116e+00 -1.199995149722723541e+11
-1.121299399687181175e+00 -1.199995162503000031e+11
-1.123742317769288235e+00 -1.199995149613018341e+11
-1.126185235851395294e+00 -1.199995162654680481e+11
-1.128628153933502798e+00 -1.199995149500519409e+11
-1.131071072015609857e+00 -1.199995162810594330e+11
-1.133513990097716917e+00 -1.199995149384432220e+11
-1.135956908179823976e+00 -1.199995162977869720e+11
-1.138399826261931036e+00 -1.199995149271027527e+11
-1.140842744344038540e+00 -1.199995163151080933e+11
-1.143285662426145599e+00 -1.199995149150036926e+11
-1.145728580508252659e+00 -1.199995163324573975e+11
-1.148171498590360162e+00 -1.199995149025564117e+11
-1.150614416672466778e+00 -1.199995163511745605e+11
-1.153057334754574281e+00 -1.199995148900161438e+11
-1.155500252836681341e+00 -1.199995163705684204e+11
-1.157943170918788400e+00 -1.199995148771222534e+11
-1.160386089000895904e+00 -1.199995163908228912e+11
-1.162829007083002519e+00 -1.199995148638931274e+11
-1.165271925165110023e+00 -1.199995164119201508e+11
-1.167714843247217082e+00 -1.199995148502834320e+11
-1.170157761329324142e+00 -1.199995164339201050e+11
-1.172600679411431202e+00 -1.199995148362899933e+11
-1.175043597493538261e+00 -1.199995164568526917e+11
-1.177486515575645765e+00 -1.199995148218843842e+11
-1.179929433657752824e+00 -1.199995164807516022e+11
-1.182372351739859884e+00 -1.199995148070341034e+11
-1.184815269821966943e+00 -1.199995165056890411e+11
-1.187258187904074447e+00 -1.199995147917334442e+11
-1.189701105986181062e+00 -1.199995165317058716e+11
-1.192144024068288566e+00 -1.199995147759517822e+11
-1.194586942150395625e+00 -1.199995165588710022e+11
-1.197029860232502685e+00 -1.199995147596600800e+11
-1.199472778314610188e+00 -1.199995165872141724e+11
-1.201915696396716804e+00 -1.199995147428172760e+11
-1.204358614478824308e+00 -1.199995166168077850e+11
-1.206801532560931367e+00 -1.199995147253833618e+11
-1.209244450643038427e+00 -1.199995166477116241e+11
-1.211687368725145930e+00 -1.199995147073364105e+11
-1.214130286807252546e+00 -1.199995166800002899e+11
-1.216573204889360049e+00 -1.199995146886523895e+11
-1.219016122971467109e+00 -1.199995167137568054e+11
-1.221459041053574168e+00 -1.199995146692801971e+11
-1.223901959135681672e+00 -1.199995167490537567e+11
-1.226344877217788731e+00 -1.199995146491830597e+11
-1.228787795299895791e+00 -1.199995167859878387e+11
-1.231230713382002850e+00 -1.199995146283080597e+11
-1.233673631464109910e+00 -1.199995168246306763e+11
-1.236116549546217414e+00 -1.199995146066132202e+11
-1.238559467628324473e+00 -1.199995168650910034e+11
-1.241002385710431533e+00 -1.199995145840467682e+11
-1.243445303792538592e+00 -1.199995169074918823e+11
-1.245888221874645652e+00 -1.199995145605480652e+11
-1.248331139956752711e+00 -1.199995169519182892e+11
-1.250774058038860215e+00 -1.199995145360491028e+11
-1.253216976120967274e+00 -1.199995169985107269e+11
-1.255659894203074334e+00 -1.199995145105044708e+11
-1.258102812285181837e+00 -1.199995170473966370e+11
-1.260545730367288453e+00 -1.199995144838295135e+11
-1.262988648449395956e+00 -1.199995170987261658e+11
-1.265431566531503016e+00 -1.199995144559494171e+11
-1.267874484613610075e+00 -1.199995171526387482e+11
-1.270317402695717579e+00 -1.199995144267835541e+11
-1.272760320777824194e+00 -1.199995172093142395e+11
-1.275203238859931698e+00 -1.199995143962450714e+11
-1.277646156942038758e+00 -1.199995172689527893e+11
-1.280089075024145817e+00 -1.199995143642541504e+11
-1.282531993106253321e+00 -1.199995173317290344e+11
-1.284974911188359936e+00 -1.199995143306802673e+11
-1.287417829270467440e+00 -1.199995173978749542e+11
-1.289860747352574499e+00 -1.199995142954296417e+11
-1.292303665434681559e+00 -1.199995174676131897e+11
-1.294746583516788618e+00 -1.199995142583757324e+11
-1.297189501598896122e+00 -1.199995175412187042e+11
-1.299632419681003181e+00 -1.199995142193822784e+11
-1.302075337763110241e+00 -1.199995176189437561e+11
-1.304518255845217301e+00 -1.199995141782941895e+11
-1.306961173927324360e+00 -1.199995177011236267e+11
-1.309404092009431864e+00 -1.199995141349645538e+11
-1.311847010091538479e+00 -1.199995177880622559e+11
-1.314289928173645983e+00 -1.199995140892053528e+11
-1.316732846255753042e+00 -1.199995178801530304e+11
-1.319175764337860102e+00 -1.199995140408286896e+11
-1.321618682419967605e+00 -1.199995179777952118e+11
-1.324061600502074221e+00 -1.199995139896468506e+11
-1.326504518584181724e+00 -1.199995180814676666e+11
-1.328947436666288784e+00 -1.199995139354102173e+11
-1.331390354748395843e+00 -1.199995181915949249e+11
-1.333833272830503347e+00 -1.199995138778384247e+11
-1.336276190912609962e+00 -1.199995183088072815e+11
-1.338719108994717466e+00 -1.199995138167151642e+11
-1.341162027076824526e+00 -1.199995184335928650e+11
-1.343604945158931585e+00 -1.199995137516455536e+11
-1.346047863241039089e+00 -1.199995185667083130e+11
-1.348490781323146148e+00 -1.199995136822988739e+11
-1.350933699405253208e+00 -1.199995187088878937e+11
-1.353376617487360267e+00 -1.199995136083211060e+11
-1.355819535569467327e+00 -1.199995188609374237e+11
-1.358262453651574830e+00 -1.199995135292886047e+11
-1.360705371733681890e+00 -1.199995190239492493e+11
-1.363148289815788949e+00 -1.199995134447022552e+11
-1.365591207897896009e+00 -1.199995191986617126e+11
-1.368034125980003068e+00 -1.199995133540791779e+11
-1.370477044062110128e+00 -1.199995193858925018e+11
-1.372919962144217632e+00 -1.199995132561907501e+11
-1.375362880226324691e+00 -1.199995195883676300e+11
-1.377805798308431751e+00 -1.199995131514841461e+11
-1.380248716390539254e+00 -1.199995198063545532e+11
-1.382691634472645870e+00 -1.199995130383864441e+11
-1.385134552554753373e+00 -1.199995200417493896e+11
-1.387577470636860433e+00 -1.199995129161425476e+11
-1.390020388718967492e+00 -1.199995202965742340e+11
-1.392463306801074996e+00 -1.199995127837959900e+11
-1.394906224883181611e+00 -1.199995205730159149e+11
-1.397349142965289115e+00 -1.199995126401927643e+11
-1.399792061047396174e+00 -1.199995208735963440e+11
-1.402234979129503234e+00 -1.199995124840215607e+11
-1.404677897211610738e+00 -1.199995212011956635e+11
-1.407120815293717353e+00 -1.199995123137500458e+11
-1.409563733375824857e+00 -1.199995215591338043e+11
-1.412006651457931916e+00 -1.199995121276148682e+11
-1.414449569540038976e+00 -1.199995219512673492e+11
-1.416892487622146035e+00 -1.199995119235619354e+11
-1.419335405704253539e+00 -1.199995223820731659e+11
-1.421778323786360598e+00 -1.199995116992022858e+11
-1.424221241868467658e+00 -1.199995228567892761e+11
-1.426664159950574717e+00 -1.199995114517545929e+11
-1.429107078032681777e+00 -1.199995233815938110e+11
-1.431549996114789280e+00 -1.199995111779091187e+11
-1.433992914196895896e+00 -1.199995239637821808e+11
-1.436435832279003399e+00 -1.199995108737613678e+11
-1.438878750361110459e+00 -1.199995246119823914e+11
-1.441321668443217519e+00 -1.199995105345993652e+11
-1.443764586525325022e+00 -1.199995253365739899e+11
-1.446207504607431638e+00 -1.199995101550358429e+11
-1.448650422689539141e+00 -1.199995261503540344e+11
-1.451093340771646645e+00 -1.199995097282092590e+11
-1.453536258853753260e+00 -1.199995270678402557e+11
-1.455979176935860764e+00 -1.199995092458757782e+11
-1.458422095017967823e+00 -1.199995281080065765e+11
-1.460865013100074883e+00 -1.199995086980207977e+11
-1.463307931182181942e+00 -1.199995292935364532e+11
-1.465750849264289002e+00 -1.199995080722098694e+11
-1.468193767346396506e+00 -1.199995306530298920e+11
-1.470636685428503565e+00 -1.199995073529338074e+11
-1.473079603510610625e+00 -1.199995322220051422e+11
-1.475522521592717684e+00 -1.199995065205589905e+11
-1.477965439674824744e+00 -1.199995340461136475e+11
-1.480408357756932247e+00 -1.199995055501065216e+11
-1.482851275839039307e+00 -1.199995361833747253e+11
-1.485294193921146366e+00 -1.199995044091480255e+11
-1.487737112003253426e+00 -1.199995387100679932e+11
-1.490180030085360485e+00 -1.199995030552775116e+11
-1.492622948167467545e+00 -1.199995417269218597e+11
-1.495065866249575048e+00 -1.199995014319767456e+11
-1.497508784331682108e+00 -1.199995453695667419e+11
-1.499951702413789167e+00 -1.199994994628826599e+11
-1.502394620495896671e+00 -1.199995498240559845e+11
-1.504837538578003286e+00 -1.199994970419826508e+11
-1.507280456660110790e+00 -1.199995553501074524e+11
-1.509723374742217850e+00 -1.199994940203428497e+11
-1.512166292824324909e+00 -1.199995623240842590e+11
-1.514609210906432413e+00 -1.199994901787717743e+11
-1.517052128988539028e+00 -1.199995712915429840e+11
-1.519495047070646532e+00 -1.199994852016841583e+11
-1.521937965152753591e+00 -1.199995831255412445e+11
-1.524380883234860651e+00 -1.199994785510792847e+11
-1.526823801316968154e+00 -1.199995990630235748e+11
-1.529266719399074770e+00 -1.199994695510528564e+11
-1.531709637481182273e+00 -1.199996217732186279e+11
-1.534152555563289333e+00 -1.199994562683131104e+11
-1.536595473645396392e+00 -1.199996535683898315e+11
-1.539038391727503452e+00 -1.199994383739312744e+11
-1.541481309809610956e+00 -1.199997087969977417e+11
-1.543924227891718015e+00 -1.199994020812488251e+11
-1.546367145973825075e+00 -1.199997767194662781e+11
-1.548810064055932134e+00 -1.199993731657485199e+11
-1.551252982138039194e+00 -1.200000090559704590e+11
-1.553695900220146697e+00 -1.199991700914417572e+11
-1.556138818302253313e+00 -1.200000560753345337e+11
-1.558581736384360816e+00 -1.199993828989327087e+11
-1.561024654466467876e+00 -1.200025349647749786e+11
-1.563467572548574935e+00 -1.199961411666525269e+11
-1.565910490630682439e+00 -1.199993788482324677e+11
-1.568353408712789054e+00 -1.200101705185036621e+11
-1.570796326794896558e+00 -1.199967811932942505e+11
