1.568353408712789498e+00 -5.952093927994770140e-15
1.563467572548575157e+00 -6.029348082221253629e-15
1.558581736384360816e+00 -5.996407485709734613e-15
1.553695900220146475e+00 -5.959757183979893344e-15
1.548810064055932134e+00 -5.910427764198270887e-15
1.543924227891718015e+00 -5.850459920463639613e-15
1.539038391727503674e+00 -5.779536142697617092e-15
1.534152555563289333e+00 -5.698199101329279874e-15
1.529266719399074992e+00 -5.606935149397384064e-15
1.524380883234860651e+00 -5.506345309744125160e-15
1.519495047070646532e+00 -5.397075839587145394e-15
1.514609210906432191e+00 -5.279818685752645202e-15
1.509723374742217850e+00 -5.155297622355124124e-15
1.504837538578003509e+00 -5.024259491046268793e-15
1.499951702413789167e+00 -4.887464971453067426e-15
1.495065866249575048e+00 -4.745680102428331017e-15
1.490180030085360707e+00 -4.599668291535984331e-15
1.485294193921146366e+00 -4.450182914373577717e-15
1.480408357756932025e+00 -4.297960595430895568e-15
1.475522521592717684e+00 -4.143715168544634750e-15
1.470636685428503565e+00 -3.988132431150727118e-15
1.465750849264289224e+00 -3.831865635206367275e-15
1.460865013100074883e+00 -3.675531797964889203e-15
1.455979176935860542e+00 -3.519708743956114548e-15
1.451093340771646201e+00 -3.364932931391468099e-15
1.446207504607432082e+00 -3.211697935572457902e-15
1.441321668443217741e+00 -3.060453628961339978e-15
1.436435832279003399e+00 -2.911605972393846862e-15
1.431549996114789058e+00 -2.765517301589794650e-15
1.426664159950574717e+00 -2.622507117559266150e-15
1.421778323786360598e+00 -2.482853286075631077e-15
1.416892487622146257e+00 -2.346793574264285606e-15
1.412006651457931916e+00 -2.214527479010239666e-15
1.407120815293717575e+00 -2.086218288565434867e-15
1.402234979129503234e+00 -1.961995273301704344e-15
1.397349142965289115e+00 -1.841956012226252630e-15
1.392463306801074774e+00 -1.726168800852963567e-15
1.387577470636860433e+00 -1.614675083024078892e-15
1.382691634472646092e+00 -1.507491851011771924e-15
1.377805798308431751e+00 -1.404614022388646392e-15
1.372919962144217632e+00 -1.306016751018380245e-15
1.368034125980003290e+00 -1.211657657601586035e-15
1.363148289815788949e+00 -1.121478959113900966e-15
1.358262453651574608e+00 -1.035409470969210772e-15
1.353376617487360267e+00 -9.533664975644599820e-16
1.348490781323146148e+00 -8.752576023861713009e-16
1.343604945158931807e+00 -8.009822272636234943e-16
1.338719108994717466e+00 -7.304331925186202094e-16
1.333833272830503125e+00 -6.634980801120029488e-16
1.328947436666288784e+00 -6.000604573749625377e-16
1.324061600502074443e+00 -5.400010115769732940e-16
1.319175764337860102e+00 -4.831985386021066347e-16
1.314289928173645983e+00 -4.295308510474145486e-16
1.309404092009431420e+00 -3.788755581396429017e-16
1.304518255845217301e+00 -3.311107544219280855e-16
1.299632419681003181e+00 -2.861156168097882248e-16
1.294746583516788840e+00 -2.437709316763125570e-16
1.289860747352574499e+00 -2.039595143856494286e-16
1.284974911188359936e+00 -1.665666004702294185e-16
1.280089075024145817e+00 -1.314801289097157569e-16
1.275203238859931254e+00 -9.859100547630167380e-17
1.270317402695717135e+00 -6.779330119765499692e-17
1.265431566531503016e+00 -3.898439731599880171e-17
1.260545730367288675e+00 -1.206509257662904896e-17
1.255659894203074334e+00 1.306030907606770774e-17
1.250774058038860215e+00 3.648397158528205939e-17
1.245888221874645874e+00 5.829449003090533853e-17
1.241002385710431533e+00 7.857690708457478013e-17
1.236116549546217191e+00 9.741274395888143211e-17
1.231230713382002850e+00 1.148800424609650644e-16
1.226344877217788731e+00 1.310534188953889436e-16
1.221459041053574168e+00 1.460041342050027193e-16
1.216573204889360049e+00 1.598001863648762613e-16
1.211687368725145708e+00 1.725063805843816039e-16
1.206801532560931367e+00 1.841844260412564185e-16
1.201915696396716804e+00 1.948930450204496823e-16
1.197029860232502685e+00 2.046880788638905900e-16
1.192144024068288566e+00 2.136225764029549899e-16
1.187258187904074225e+00 2.217469067558114929e-16
1.182372351739859884e+00 2.291088665841896777e-16
1.177486515575645543e+00 2.357537831397111654e-16
1.172600679411431424e+00 2.417246178792667397e-16
1.167714843247217082e+00 2.470620709583327191e-16
1.162829007083002519e+00 2.518046859363542424e-16
1.157943170918788400e+00 2.559889421626987432e-16
1.153057334754574059e+00 2.596493540522641419e-16
1.148171498590359940e+00 2.628185642571343802e-16
1.143285662426145599e+00 2.655274337494925319e-16
1.138399826261931036e+00 2.678051280666838488e-16
1.133513990097716917e+00 2.696792045675068324e-16
1.128628153933502576e+00 2.711756936941401548e-16
1.123742317769288235e+00 2.723191713382549052e-16
1.118856481605074116e+00 2.731328404006836981e-16
1.113970645440859775e+00 2.736385973204036875e-16
1.109084809276645434e+00 2.738571034735441451e-16
1.104198973112431315e+00 2.738078486855956689e-16
1.099313136948216751e+00 2.735092150970511654e-16
1.094427300784002632e+00 2.729785336906587944e-16
1.089541464619788291e+00 2.722321438709831563e-16
1.084655628455573950e+00 2.712854498140896408e-16
1.079769792291359609e+00 2.701529610556969238e-16
1.074883956127145268e+00 2.688483496782881474e-16
1.069998119962931149e+00 2.673845009986575227e-16
1.065112283798716808e+00 2.657735410909703559e-16
1.060226447634502467e+00 2.640268932309725568e-16
1.055340611470287904e+00 2.621553115858506379e-16
1.050454775306073785e+00 2.601689182152906949e-16
1.045568939141859666e+00 2.580772381791822202e-16
1.040683102977645103e+00 2.558892328149622250e-16
1.035797266813430983e+00 2.536133314132824582e-16
1.030911430649216420e+00 2.512574630266618101e-16
1.026025594485002301e+00 2.488290803837998226e-16
1.021139758320788182e+00 2.463351916325001674e-16
1.016253922156573619e+00 2.437823810769843189e-16
1.011368085992359500e+00 2.411768331423354990e-16
1.006482249828145381e+00 2.385243581408917339e-16
1.001596413663930818e+00 2.358304090037758665e-16
9.967105774997166989e-01 2.331001078347125595e-16
9.918247413355022468e-01 2.303382530809534393e-16
9.869389051712880168e-01 2.275493692774952488e-16
9.820530690070736757e-01 2.247376564900535362e-16
9.771672328428593346e-01 2.219073525135169829e-16
9.722813966786452156e-01 2.190615642980133566e-16
9.673955605144307635e-01 2.162041641906911370e-16
9.625097243502165334e-01 2.133384086159060185e-16
9.576238881860021923e-01 2.104672973369196624e-16
9.527380520217879623e-01 2.075936633682158682e-16
9.478522158575736212e-01 2.047201553858835374e-16
9.429663796933592801e-01 2.018492528808140751e-16
9.380805435291449390e-01 1.989832671047276695e-16
9.331947073649307089e-01 1.961243550299783904e-16
9.283088712007163679e-01 1.932745224126657339e-16
9.234230350365020268e-01 1.904356375043392682e-16
9.185371988722877967e-01 1.876094384800496368e-16
9.136513627080734556e-01 1.847975353006678164e-16
9.087655265438591146e-01 1.820014220918331760e-16
9.038796903796448845e-01 1.792224832258447763e-16
8.989938542154306544e-01 1.764619957024371231e-16
8.941080180512163134e-01 1.737211436699306249e-16
8.892221818870019723e-01 1.710010106558467869e-16
8.843363457227878532e-01 1.683026002092642322e-16
8.794505095585734011e-01 1.656268321913716995e-16
8.745646733943591711e-01 1.629745425585495612e-16
8.696788372301448300e-01 1.603464985088627701e-16
8.647930010659304889e-01 1.577433991685170432e-16
8.599071649017162589e-01 1.551658769593172182e-16
8.550213287375019178e-01 1.526145003897929683e-16
8.501354925732877987e-01 1.500897874378579536e-16
8.452496564090734577e-01 1.475921973749319182e-16
8.403638202448591166e-01 1.451221329085286444e-16
8.354779840806447755e-01 1.426799577985536205e-16
8.305921479164304344e-01 1.402659868711859731e-16
8.257063117522160933e-01 1.378804850372520537e-16
8.208204755880018633e-01 1.355236910424762670e-16
8.159346394237875222e-01 1.331957962854164699e-16
8.110488032595731811e-01 1.308969568682761418e-16
8.061629670953590621e-01 1.286272989388534978e-16
8.012771309311444989e-01 1.263869175408224243e-16
7.963912947669302689e-01 1.241758723505386234e-16
7.915054586027161498e-01 1.219942021082297530e-16
7.866196224385018088e-01 1.198419156273523004e-16
7.817337862742874677e-01 1.177190023276456512e-16
7.768479501100732376e-01 1.156254244636930889e-16
7.719621139458588965e-01 1.135611219989808415e-16
7.670762777816446665e-01 1.115260170846533068e-16
7.621904416174304364e-01 1.095200164862035670e-16
7.573046054532159843e-01 1.075430046151614989e-16
7.524187692890016432e-01 1.055948574040834074e-16
7.475329331247875242e-01 1.036754528595613543e-16
7.426470969605731831e-01 1.017845761895633211e-16
7.377612607963588420e-01 9.992204102895540025e-17
7.328754246321446120e-01 9.808771498478149225e-17
7.279895884679302709e-01 9.628141217189860000e-17
7.231037523037159298e-01 9.450291295115337321e-17
7.182179161395015887e-01 9.275199471613789587e-17
7.133320799752873587e-01 9.102843267098673102e-17
7.084462438110729066e-01 8.933199482855562667e-17
7.035604076468587875e-01 8.766244314971329388e-17
6.986745714826445575e-01 8.601952848408061101e-17
6.937887353184302164e-01 8.440299923417008914e-17
6.889028991542157643e-01 8.281259583653332014e-17
6.840170629900015342e-01 8.124805435286431070e-17
6.791312268257873042e-01 7.970910574048300534e-17
6.742453906615729631e-01 7.819548306698156649e-17
6.693595544973586220e-01 7.670690293104539074e-17
6.644737183331443919e-01 7.524309128354267527e-17
6.595878821689299398e-01 7.380376308083464754e-17
6.547020460047157098e-01 7.238863343177454952e-17
6.498162098405014797e-01 7.099741595182960096e-17
6.449303736762870276e-01 6.962982186367358881e-17
6.400445375120727975e-01 6.828555730809397519e-17
6.351587013478586785e-01 6.696433923450132389e-17
6.302728651836442264e-01 6.566587121169034473e-17
6.253870290194298853e-01 6.438985986284072742e-17
6.205011928552157663e-01 6.313601059382851125e-17
6.156153566910013142e-01 6.190403145844977064e-17
6.107295205267870841e-01 6.069362993829985401e-17
6.058436843625728541e-01 5.950451566708590778e-17
6.009578481983584020e-01 5.833639335107658844e-17
5.960720120341441719e-01 5.718897356539212514e-17
5.911861758699300529e-01 5.606196309423519814e-17
5.863003397057156008e-01 5.495507563176234621e-17
5.814145035415012597e-01 5.386802012063073581e-17
5.765286673772870296e-01 5.280051116974963295e-17
5.716428312130725775e-01 5.175226047316866513e-17
5.667569950488582364e-01 5.072298746989371479e-17
5.618711588846438953e-01 4.971240868129742176e-17
5.569853227204299984e-01 4.872024653073232934e-17
5.520994865562156573e-01 4.774621999997321771e-17
5.472136503920013162e-01 4.679005538595405048e-17
5.423278142277869751e-01 4.585147660245367957e-17
5.374419780635726340e-01 4.493021245369451429e-17
5.325561418993585150e-01 4.402599185022587689e-17
5.276703057351441739e-01 4.313854880305412465e-17
5.227844695709298328e-01 4.226761773592220721e-17
5.178986334067154917e-01 4.141294001097296727e-17
5.130127972425013727e-01 4.057426167781007483e-17
5.081269610782868096e-01 3.975130065318173419e-17
5.032411249140726905e-01 3.894381378645685678e-17
4.983552887498583495e-01 3.815155655701785868e-17
4.934694525856440084e-01 3.737428108270015749e-17
4.885836164214296673e-01 3.661173942292972769e-17
4.836977802572155483e-01 3.586368631522095567e-17
4.788119440930009851e-01 3.512987990151572063e-17
4.739261079287868661e-01 3.441008077122434707e-17
4.690402717645725250e-01 3.370405452363890486e-17
4.641544356003581839e-01 3.301157037763732347e-17
4.592685994361438429e-01 3.233239622794391722e-17
4.543827632719297238e-01 3.166630539349094839e-17
4.494969271077151607e-01 3.101307540903437429e-17
4.446110909435010417e-01 3.037248414758758239e-17
4.397252547792867006e-01 2.974431222459172577e-17
4.348394186150725815e-01 2.912834582610396578e-17
4.299535824508580184e-01 2.852437245090851497e-17
4.250677462866438994e-01 2.793218431487581331e-17
4.201819101224295583e-01 2.735157205009226681e-17
4.152960739582152172e-01 2.678233289744304454e-17
4.104102377940008761e-01 2.622426587281777834e-17
4.055244016297867571e-01 2.567717129602195395e-17
4.006385654655724160e-01 2.514085470346945103e-17
3.957527293013580749e-01 2.461512259839450042e-17
3.908668931371437338e-01 2.409978591593861459e-17
3.859810569729293928e-01 2.359465812390500053e-17
3.810952208087152737e-01 2.309955539753508438e-17
3.762093846445009326e-01 2.261429501612537621e-17
3.713235484802865916e-01 2.213869862508756511e-17
3.664377123160722505e-01 2.167258800061874374e-17
3.615518761518581314e-01 2.121579377097780709e-17
3.566660399876433463e-01 2.076814141056193058e-17
3.517802038234294493e-01 2.032946320863968009e-17
3.468943676592151082e-01 1.989959415886762059e-17
3.420085314950007671e-01 1.947837242018965247e-17
3.371226953307864260e-01 1.906563793438052345e-17
3.322368591665723070e-01 1.866123166023131294e-17
3.273510230023577439e-01 1.826499556481544756e-17
3.224651868381436248e-01 1.787678043181346853e-17
3.175793506739292837e-01 1.749643477049985097e-17
3.126935145097151647e-01 1.712381049066692193e-17
3.078076783455006016e-01 1.675876234481605421e-17
3.029218421812864825e-01 1.640114653330124017e-17
2.980360060170721415e-01 1.605082046444438515e-17
2.931501698528578004e-01 1.570765017616974062e-17
2.882643336886434593e-01 1.537150026178625725e-17
2.833784975244293403e-01 1.504223888103680128e-17
2.784926613602149992e-01 1.471974488656125789e-17
2.736068251960006581e-01 1.440384930723434061e-17
2.687209890317863170e-01 1.409444908146860258e-17
2.638351528675719759e-01 1.379142001021668387e-17
2.589493167033578569e-01 1.349463200510948636e-17
2.540634805391435158e-01 1.320397240440591441e-17
2.491776443749291747e-01 1.291932234626717128e-17
2.442918082107148336e-01 1.264056356918375513e-17
2.394059720465007146e-01 1.236757791136977046e-17
2.345201358822861515e-01 1.210025335543637097e-17
2.296342997180720324e-01 1.183848366505224726e-17
2.247484635538576914e-01 1.158216044969363587e-17
2.198626273896433503e-01 1.133117715623226206e-17
2.149767912254290092e-01 1.108542688580033407e-17
2.100909550612148902e-01 1.084480329003036282e-17
2.052051188970003270e-01 1.060921021752309934e-17
2.003192827327862080e-01 1.037854571858781095e-17
1.954334465685718669e-01 1.015270989942871295e-17
1.905476104043577479e-01 9.931610376358356584e-18
1.856617742401431848e-01 9.715154750300776972e-18
1.807759380759290657e-01 9.503251763249471434e-18
1.758901019117147246e-01 9.295805656931283705e-18
1.710042657475003836e-01 9.092727869808625244e-18
1.661184295832860425e-01 8.893930710888522955e-18
1.612325934190719234e-01 8.699328560221359889e-18
1.563467572548573603e-01 8.508838695453514453e-18
1.514609210906432413e-01 8.322378029120724494e-18
1.465750849264289002e-01 8.139868020244201086e-18
1.416892487622145591e-01 7.961227847333541535e-18
1.368034125980002180e-01 7.786376660449818726e-18
1.319175764337860990e-01 7.615239992119424242e-18
1.270317402695717579e-01 7.447741170468947454e-18
1.221459041053574168e-01 7.283807765715442144e-18
1.172600679411432978e-01 7.123367813994564578e-18
1.123742317769287347e-01 6.966349495083742729e-18
1.074883956127146156e-01 6.812681328159222479e-18
1.026025594485002745e-01 6.662295163170013127e-18
9.771672328428593346e-02 6.515129335627192837e-18
9.283088712007159238e-02 6.371113376544297064e-18
8.794505095585747334e-02 6.230183019400692746e-18
8.305921479164291021e-02 6.092275317175022515e-18
7.817337862742879118e-02 5.957327272566917780e-18
7.328754246321445009e-02 5.825279559910358952e-18
6.840170629900033106e-02 5.696071427717123724e-18
6.351587013478576793e-02 5.569644602553398187e-18
5.863003397057164889e-02 5.445945002334503685e-18
5.374419780635730781e-02 5.324918409833805869e-18
4.885836164214296673e-02 5.206510858059418402e-18
4.397252547792862565e-02 5.090649622732500541e-18
3.908668931371450661e-02 4.977275625824479291e-18
3.420085314949994348e-02 4.866379500411672686e-18
2.931501698528582445e-02 4.757859118400697091e-18
2.442918082107148336e-02 4.651693278547375751e-18
1.954334465685714228e-02 4.547834150000281175e-18
1.465750849264280120e-02 4.446234927194484133e-18
9.771672328428682164e-03 4.346845891376560181e-18
4.885836164214341082e-03 4.249617415166746461e-18
0.000000000000000000e+00 4.154504603940320424e-18
-4.885836164214341082e-03 4.061461854408669095e-18
-9.771672328428460119e-03 3.970447641233589673e-18
-1.465750849264280120e-02 3.881419007823068093e-18
-1.954334465685736433e-02 3.794334223372767957e-18
-2.442918082107148336e-02 3.709153547715257810e-18
-2.931501698528582445e-02 3.625835257859532639e-18
-3.420085314949994348e-02 3.544341178404271510e-18
-3.908668931371428457e-02 3.464632355652893006e-18
-4.397252547792862565e-02 3.386670252318912614e-18
-4.885836164214318877e-02 3.310414891620803522e-18
-5.374419780635730781e-02 3.235834626835847651e-18
-5.863003397057164889e-02 3.162895717351585984e-18
-6.351587013478576793e-02 3.091556673115647595e-18
-6.840170629900010901e-02 3.021786831841553947e-18
-7.328754246321422805e-02 2.953555984621815831e-18
-7.817337862742901322e-02 2.886827329155606416e-18
-8.305921479164313226e-02 2.821567312950622486e-18
-8.794505095585747334e-02 2.757753557010748095e-18
-9.283088712007159238e-02 2.695343344518007894e-18
-9.771672328428593346e-02 2.634307044032385294e-18
-1.026025594485000525e-01 2.574621970517358474e-18
-1.074883956127146156e-01 2.516260894178595933e-18
-1.123742317769289567e-01 2.459191389870201158e-18
-1.172600679411432978e-01 2.403385539642934840e-18
-1.221459041053574168e-01 2.348813321154429985e-18
-1.270317402695717579e-01 2.295454415945292155e-18
-1.319175764337858769e-01 2.243278339229868580e-18
-1.368034125980002180e-01 2.192259453754211577e-18
-1.416892487622147812e-01 2.142377598775211875e-18
-1.465750849264289002e-01 2.093604107452345646e-18
-1.514609210906432413e-01 2.045916578067565737e-18
-1.563467572548573603e-01 1.999292477218310684e-18
-1.612325934190717014e-01 1.953706179282244720e-18
-1.661184295832860425e-01 1.909138014698838362e-18
-1.710042657475006056e-01 1.865562697739417950e-18
-1.758901019117147246e-01 1.822962655126919403e-18
-1.807759380759290657e-01 1.781316208808875249e-18
-1.856617742401431848e-01 1.740613201449795837e-18
-1.905476104043575258e-01 1.700871041063327465e-18
-1.954334465685716449e-01 1.661906745210140363e-18
-2.003192827327864300e-01 1.623859487829849747e-18
-2.052051188970005491e-01 1.586687768688744249e-18
-2.100909550612148902e-01 1.550319953396758205e-18
-2.149767912254290092e-01 1.514764091082962367e-18
-2.198626273896433503e-01 1.480008142829114559e-18
-2.247484635538574693e-01 1.446035175565464065e-18
-2.296342997180720324e-01 1.412827596364248511e-18
-2.345201358822863735e-01 1.380369337369605831e-18
-2.394059720465007146e-01 1.348644278039673050e-18
-2.442918082107148336e-01 1.317633986522795215e-18
-2.491776443749291747e-01 1.287324247916227564e-18
-2.540634805391432938e-01 1.257696419983059105e-18
-2.589493167033576349e-01 1.228738130060906256e-18
-2.638351528675721980e-01 1.200432998141586470e-18
-2.687209890317863170e-01 1.172767201039750278e-18
-2.736068251960006581e-01 1.145728013031577711e-18
-2.784926613602149992e-01 1.119298997351262571e-18
-2.833784975244293403e-01 1.093468229746985314e-18
-2.882643336886434593e-01 1.068221500043555604e-18
-2.931501698528580224e-01 1.043547650701065498e-18
-2.980360060170721415e-01 1.019432149236771840e-18
-3.029218421812864825e-01 9.958641740606030514e-19
-3.078076783455006016e-01 9.728309812636864672e-19
-3.126935145097149427e-01 9.503203159604195032e-19
-3.175793506739292837e-01 9.283212745685899946e-19
-3.224651868381438469e-01 9.068213761238489022e-19
-3.273510230023579659e-01 8.858101551713192234e-19
-3.322368591665723070e-01 8.652770763453053156e-19
-3.371226953307864260e-01 8.452100011984605291e-19
-3.420085314950009892e-01 8.255998191190673842e-19
-3.468943676592148861e-01 8.064352971651185053e-19
-3.517802038234296713e-01 7.877084418249493435e-19
-3.566660399876437904e-01 7.694089494066247851e-19
-3.615518761518581314e-01 7.515281858059290228e-19
-3.664377123160724725e-01 7.340539565912937952e-19
-3.713235484802865916e-01 7.169782043544123662e-19
-3.762093846445007106e-01 7.002922953272515553e-19
-3.810952208087150517e-01 6.839870413177895448e-19
-3.859810569729296148e-01 6.680536304363618805e-19
-3.908668931371437338e-01 6.524868426982211673e-19
-3.957527293013580749e-01 6.372755220736083815e-19
-4.006385654655724160e-01 6.224132847543198346e-19
-4.055244016297865350e-01 6.078897451369111934e-19
-4.104102377940008761e-01 5.937016314391559514e-19
-4.152960739582154392e-01 5.798369996431850108e-19
-4.201819101224295583e-01 5.662955617685304324e-19
-4.250677462866438994e-01 5.530607704740361014e-19
-4.299535824508580184e-01 5.401295382724401618e-19
-4.348394186150725815e-01 5.275067288492013889e-19
-4.397252547792867006e-01 5.151650087137011341e-19
-4.446110909435012637e-01 5.031059082021437766e-19
-4.494969271077153827e-01 4.913248950332700472e-19
-4.543827632719295018e-01 4.798150139130406349e-19
-4.592685994361440649e-01 4.685691694037297592e-19
-4.641544356003581839e-01 4.575814462820058583e-19
-4.690402717645723030e-01 4.468480256167040267e-19
-4.739261079287868661e-01 4.363630649150996553e-19
-4.788119440930014292e-01 4.261202855277260032e-19
-4.836977802572155483e-01 4.161149594913075987e-19
-4.885836164214296673e-01 4.063387385049058603e-19
-4.934694525856437863e-01 3.967895883478399369e-19
-4.983552887498583495e-01 3.874608507497394773e-19
-5.032411249140724685e-01 3.783471053395781237e-19
-5.081269610782870316e-01 3.694456963549594942e-19
-5.130127972425011507e-01 3.607483207762920017e-19
-5.178986334067157138e-01 3.522536744853593274e-19
-5.227844695709298328e-01 3.439563672077102919e-19
-5.276703057351439519e-01 3.358525080640087508e-19
-5.325561418993580709e-01 3.279346117936460268e-19
-5.374419780635726340e-01 3.202009605146997702e-19
-5.423278142277871972e-01 3.126479957680906183e-19
-5.472136503920013162e-01 3.052690416931401175e-19
-5.520994865562154352e-01 2.980618970661935162e-19
-5.569853227204299984e-01 2.910222045152237681e-19
-5.618711588846441174e-01 2.841453449392137430e-19
-5.667569950488586805e-01 2.774294660712389890e-19
-5.716428312130727996e-01 2.708683121990415273e-19
-5.765286673772869186e-01 2.644601511501990579e-19
-5.814145035415014817e-01 2.582018079419427986e-19
-5.863003397057156008e-01 2.520901627418961830e-19
-5.911861758699297198e-01 2.461188905071017258e-19
-5.960720120341442829e-01 2.402886748399988108e-19
-6.009578481983588460e-01 2.345947240339461654e-19
-6.058436843625729651e-01 2.290327697217327413e-19
-6.107295205267870841e-01 2.235998955613932076e-19
-6.156153566910012032e-01 2.182971186166227131e-19
-6.205011928552157663e-01 2.131164545649647892e-19
-6.253870290194298853e-01 2.080579261956356248e-19
-6.302728651836444485e-01 2.031176548488951864e-19
-6.351587013478585675e-01 1.982960565233587980e-19
-6.400445375120731306e-01 1.935905200413241552e-19
-6.449303736762872497e-01 1.889963118678615093e-19
-6.498162098405013687e-01 1.845106094906881629e-19
-6.547020460047154877e-01 1.801123123270660720e-19
-6.595878821689300509e-01 1.757978333687126430e-19
-6.644737183331446140e-01 1.715652856055300672e-19
-6.693595544973587330e-01 1.674615912008823099e-19
-6.742453906615728521e-01 1.635174232307549940e-19
-6.791312268257874152e-01 1.596200843785634760e-19
-6.840170629900015342e-01 1.558131217937684675e-19
-6.889028991542160973e-01 1.520933361985555761e-19
-6.937887353184302164e-01 1.484611110864366330e-19
-6.986745714826443354e-01 1.449158489404751018e-19
-7.035604076468588985e-01 1.414546698073956473e-19
-7.084462438110730176e-01 1.380767202570779429e-19
-7.133320799752871366e-01 1.347755070700258169e-19
-7.182179161395016997e-01 1.315542241076190103e-19
-7.231037523037162629e-01 1.284077749762196328e-19
-7.279895884679303819e-01 1.253345378381764129e-19
-7.328754246321445009e-01 1.223315475492995847e-19
-7.377612607963586200e-01 1.194024510933839254e-19
-7.426470969605731831e-01 1.165412006082010105e-19
-7.475329331247873021e-01 1.137476123082961803e-19
-7.524187692890018653e-01 1.110189600131667285e-19
-7.573046054532159843e-01 1.083563695520223027e-19
-7.621904416174305474e-01 1.057563933334432068e-19
-7.670762777816446665e-01 1.032194432839728903e-19
-7.719621139458587855e-01 1.007377358125992044e-19
-7.768479501100729046e-01 9.831402630359457049e-20
-7.817337862742874677e-01 9.594909286720144501e-20
-7.866196224385020308e-01 9.364300678765734059e-20
-7.915054586027161498e-01 9.139029073506200279e-20
-7.963912947669302689e-01 8.919103972193608306e-20
-8.012771309311448320e-01 8.704292538921939440e-20
-8.061629670953589510e-01 8.494560881198021661e-20
-8.110488032595735142e-01 8.289587758540336031e-20
-8.159346394237876332e-01 8.089627526285289040e-20
-8.208204755880017522e-01 7.894348362211821054e-20
-8.257063117522163154e-01 7.703749554197589928e-20
-8.305921479164304344e-01 7.517613031258520707e-20
-8.354779840806445534e-01 7.336003670573813242e-20
-8.403638202448591166e-01 7.158724897335461851e-20
-8.452496564090736797e-01 6.985773799844489778e-20
-8.501354925732877987e-01 6.816652993667819993e-20
-8.550213287375019178e-01 6.651417063739682348e-20
-8.599071649017160368e-01 6.490084867515990416e-20
-8.647930010659305999e-01 6.332629776202981620e-20
-8.696788372301447190e-01 6.178784543874179490e-20
-8.745646733943592821e-01 6.028498583064430096e-20
-8.794505095585734011e-01 5.881782632016175864e-20
-8.843363457227879643e-01 5.738679485632309288e-20
-8.892221818870020833e-01 5.599107037113977134e-20
-8.941080180512162023e-01 5.462175371530322795e-20
-8.989938542154303214e-01 5.331637885829310716e-20
-9.038796903796453286e-01 5.202282262048955775e-20
-9.087655265438594476e-01 5.075964577994942119e-20
-9.136513627080735667e-01 4.951972830965541862e-20
-9.185371988722876857e-01 4.830912931120779592e-20
-9.234230350365022488e-01 4.712732338982292938e-20
-9.283088712007163679e-01 4.597386225278067649e-20
-9.331947073649309310e-01 4.484759482906163360e-20
-9.380805435291450500e-01 4.374739199973236316e-20
-9.429663796933596132e-01 4.267571703874820084e-20
-9.478522158575737322e-01 4.163187469442403426e-20
-9.527380520217878512e-01 4.061026477246238150e-20
-9.576238881860019703e-01 3.961163385194570164e-20
-9.625097243502165334e-01 3.863741815262426609e-20
-9.673955605144310965e-01 3.768560250661398116e-20
-9.722813966786452156e-01 3.675578743535959233e-20
-9.771672328428593346e-01 3.584729230861059864e-20
-9.820530690070734536e-01 3.496013804126795022e-20
-9.869389051712880168e-01 3.409341230734999342e-20
-9.918247413355025799e-01 3.324707295899269764e-20
-9.967105774997166989e-01 3.242127829773898198e-20
-1.001596413663930818e+00 3.161478104662405680e-20
-1.006482249828145381e+00 3.082631625784891407e-20
-1.011368085992359500e+00 3.005604697598459146e-20
-1.016253922156573619e+00 2.930447047495211984e-20
-1.021139758320787738e+00 2.857017310939281085e-20
-1.026025594485002745e+00 2.785401769510746679e-20
-1.030911430649216864e+00 2.715291286371754132e-20
-1.035797266813430983e+00 2.646602674278195857e-20
-1.040683102977645103e+00 2.579585312233791873e-20
-1.045568939141859666e+00 2.514117463399042913e-20
-1.050454775306073785e+00 2.450382702011770767e-20
-1.055340611470288348e+00 2.388029835131243890e-20
-1.060226447634502467e+00 2.327062950061843795e-20
-1.065112283798717030e+00 2.267310100986772185e-20
-1.069998119962931149e+00 2.209120937737609048e-20
-1.074883956127145268e+00 2.152281702276353222e-20
-1.079769792291359387e+00 2.096633628787343578e-20
-1.084655628455573950e+00 2.042192318216367113e-20
-1.089541464619788513e+00 1.988901577583679151e-20
-1.094427300784002632e+00 1.936795694624544164e-20
-1.099313136948216751e+00 1.885766088432195761e-20
-1.104198973112431315e+00 1.835834924674186408e-20
-1.109084809276645434e+00 1.787115726593862853e-20
-1.113970645440859997e+00 1.739513539050651888e-20
-1.118856481605074116e+00 1.693003662339703395e-20
-1.123742317769288235e+00 1.647451306712497971e-20
-1.128628153933502798e+00 1.603222497849246106e-20
-1.133513990097716917e+00 1.559519472335016847e-20
-1.138399826261931036e+00 1.516315877449207349e-20
-1.143285662426145599e+00 1.473738768194771769e-20
-1.148171498590360162e+00 1.432407003507215334e-20
-1.153057334754574281e+00 1.392174605279863711e-20
-1.157943170918788400e+00 1.352706324131696109e-20
-1.162829007083002519e+00 1.314090532801001895e-20
-1.167714843247217082e+00 1.276028736446205822e-20
-1.172600679411431202e+00 1.238606186037920714e-20
-1.177486515575645765e+00 1.201728898526391263e-20
-1.182372351739859884e+00 1.165784844400513677e-20
-1.187258187904074447e+00 1.130318696847335444e-20
-1.192144024068288566e+00 1.095686145323183441e-20
-1.197029860232502685e+00 1.061548448248902983e-20
-1.201915696396716804e+00 1.027973269580768545e-20
-1.206801532560931367e+00 9.948781719645105212e-21
-1.211687368725145930e+00 9.623966023085546215e-21
-1.216573204889360049e+00 9.301557380389723111e-21
-1.221459041053574168e+00 8.984692076107744463e-21
-1.226344877217788731e+00 8.671477516359149249e-21
-1.231230713382002850e+00 8.363340125977068053e-21
-1.236116549546217414e+00 8.057490299118531557e-21
-1.241002385710431533e+00 7.755292799868311217e-21
-1.245888221874645652e+00 7.455486190574159965e-21
-1.250774058038860215e+00 7.159134753919360159e-21
-1.255659894203074334e+00 6.863317854337192827e-21
-1.260545730367288453e+00 6.570857130943479669e-21
-1.265431566531503016e+00 6.277651861619068149e-21
-1.270317402695717579e+00 5.988599793001113376e-21
-1.275203238859931698e+00 5.699052804322727941e-21
-1.280089075024145817e+00 5.410090966754877688e-21
-1.284974911188359936e+00 5.120971916568172985e-21
-1.289860747352574499e+00 4.832010267236093266e-21
-1.294746583516788618e+00 4.541240616547432976e-21
-1.299632419681003181e+00 4.250743548005086906e-21
-1.304518255845217301e+00 3.956439617646373558e-21
-1.309404092009431864e+00 3.660260873262533973e-21
-1.314289928173645983e+00 3.360900408495191167e-21
-1.319175764337860102e+00 3.057063767307234696e-21
-1.324061600502074221e+00 2.747634478687483621e-21
-1.328947436666288784e+00 2.434901560375835386e-21
-1.333833272830503347e+00 2.112005680184944659e-21
-1.338719108994717466e+00 1.784187584190658612e-21
-1.343604945158931585e+00 1.445678527279576275e-21
-1.348490781323146148e+00 1.097710156892750272e-21
-1.353376617487360267e+00 7.380369723395113008e-22
-1.358262453651574830e+00 3.658081689137034477e-22
-1.363148289815788949e+00 -1.818265737287615855e-23
-1.368034125980003068e+00 -4.180526794613047675e-22
-1.372919962144217632e+00 -8.414187507674250171e-22
-1.377805798308431751e+00 -1.284307516354088408e-21
-1.382691634472645870e+00 -1.749993325459639045e-21
-1.387577470636860433e+00 -2.242904128040599196e-21
-1.392463306801074996e+00 -2.766410672184538479e-21
-1.397349142965289115e+00 -3.325028612257493316e-21
-1.402234979129503234e+00 -3.923715439040386349e-21
-1.407120815293717353e+00 -4.567062951112455164e-21
-1.412006651457931916e+00 -5.262385659531474107e-21
-1.416892487622146035e+00 -6.016733387823968048e-21
-1.421778323786360598e+00 -6.839025979067451069e-21
-1.426664159950574717e+00 -7.741113214824366804e-21
-1.431549996114789280e+00 -8.737735155119633922e-21
-1.436435832279003399e+00 -9.850255501153938685e-21
-1.441321668443217519e+00 -1.109647866121858332e-20
-1.446207504607431638e+00 -1.246083056638565628e-20
-1.451093340771646645e+00 -1.399328465007094645e-20
-1.455979176935860764e+00 -1.576643795217990469e-20
-1.460865013100074883e+00 -1.778224332256015339e-20
-1.465750849264289002e+00 -2.009603553829704491e-20
-1.470636685428503565e+00 -2.277769578647979125e-20
-1.475522521592717684e+00 -2.591647931015236857e-20
-1.480408357756932247e+00 -2.962275157521606674e-20
-1.485294193921146366e+00 -3.404376611416512605e-20
-1.490180030085360485e+00 -3.938116535512998296e-20
-1.495065866249575048e+00 -4.590048972124046262e-20
-1.499951702413789167e+00 -5.397800539813782569e-20
-1.504837538578003286e+00 -6.415448159954501791e-20
-1.509723374742217850e+00 -7.720292652395506426e-20
-1.514609210906432413e+00 -9.430488358387369052e-20
-1.519495047070646532e+00 -1.172338504071230624e-19
-1.524380883234860651e+00 -1.490553485265626316e-19
-1.529266719399074770e+00 -1.941502919945395117e-19
-1.534152555563289333e+00 -2.634087978946901532e-19
-1.539038391727503452e+00 -3.652614368947048158e-19
-1.543924227891718015e+00 -5.670634541939361891e-19
-1.548810064055932134e+00 -8.162110332351346635e-19
-1.553695900220146697e+00 -1.851332930838940488e-18
-1.558581736384360816e+00 -1.972228824930252772e-18
-1.563467572548574935e+00 -1.042655296089536940e-17
-1.568353408712789054e+00 7.928032601885968116e-17
