#time Nu
2.429199e-04 1.000062e+00 
4.858398e-04 1.000131e+00 
7.287598e-04 1.000208e+00 
9.716797e-04 1.000293e+00 
1.214600e-03 1.000387e+00 
1.457520e-03 1.000491e+00 
1.700439e-03 1.000607e+00 
1.943359e-03 1.000736e+00 
2.186279e-03 1.000880e+00 
2.429199e-03 1.001039e+00 
2.672119e-03 1.001217e+00 
2.915039e-03 1.001415e+00 
3.157959e-03 1.001635e+00 
3.400879e-03 1.001880e+00 
3.643799e-03 1.002153e+00 
3.886719e-03 1.002458e+00 
4.129639e-03 1.002798e+00 
4.372559e-03 1.003176e+00 
4.615479e-03 1.003599e+00 
4.858398e-03 1.004070e+00 
5.101318e-03 1.004595e+00 
5.344238e-03 1.005181e+00 
5.587158e-03 1.005834e+00 
5.830078e-03 1.006563e+00 
6.072998e-03 1.007376e+00 
6.315918e-03 1.008284e+00 
6.558838e-03 1.009297e+00 
6.801758e-03 1.010427e+00 
7.044678e-03 1.011688e+00 
7.287598e-03 1.013095e+00 
7.530518e-03 1.014665e+00 
7.773438e-03 1.016418e+00 
8.016357e-03 1.018374e+00 
8.259277e-03 1.020557e+00 
8.502197e-03 1.022993e+00 
8.745117e-03 1.025711e+00 
8.988037e-03 1.028745e+00 
9.230957e-03 1.032131e+00 
9.473877e-03 1.035909e+00 
9.716797e-03 1.040125e+00 
9.959717e-03 1.044830e+00 
1.020264e-02 1.050079e+00 
1.044556e-02 1.055936e+00 
1.068848e-02 1.062472e+00 
1.093140e-02 1.069762e+00 
1.117432e-02 1.077895e+00 
1.141724e-02 1.086968e+00 
1.165394e-02 1.096820e+00 
1.187880e-02 1.107217e+00 
1.209299e-02 1.118161e+00 
1.229753e-02 1.129655e+00 
1.249330e-02 1.141703e+00 
1.268107e-02 1.154308e+00 
1.286149e-02 1.167475e+00 
1.303518e-02 1.181206e+00 
1.320265e-02 1.195506e+00 
1.336438e-02 1.210379e+00 
1.352077e-02 1.225829e+00 
1.367221e-02 1.241859e+00 
1.381904e-02 1.258474e+00 
1.396157e-02 1.275679e+00 
1.410006e-02 1.293476e+00 
1.423478e-02 1.311872e+00 
1.436596e-02 1.330869e+00 
1.449381e-02 1.350473e+00 
1.461852e-02 1.370687e+00 
1.474027e-02 1.391517e+00 
1.485924e-02 1.412966e+00 
1.497556e-02 1.435038e+00 
1.508939e-02 1.457738e+00 
1.520085e-02 1.481070e+00 
1.531006e-02 1.505038e+00 
1.541715e-02 1.529646e+00 
1.552221e-02 1.554899e+00 
1.562535e-02 1.580799e+00 
1.572665e-02 1.607351e+00 
1.582621e-02 1.634558e+00 
1.592411e-02 1.662424e+00 
1.602042e-02 1.690952e+00 
1.611521e-02 1.720145e+00 
1.620857e-02 1.750006e+00 
1.630054e-02 1.780537e+00 
1.639119e-02 1.811741e+00 
1.648058e-02 1.843621e+00 
1.656876e-02 1.876178e+00 
1.665578e-02 1.909414e+00 
1.674170e-02 1.943330e+00 
1.682656e-02 1.977928e+00 
1.691041e-02 2.013207e+00 
1.699328e-02 2.049169e+00 
1.707522e-02 2.085814e+00 
1.715627e-02 2.123141e+00 
1.723647e-02 2.161149e+00 
1.731584e-02 2.199837e+00 
1.739443e-02 2.239205e+00 
1.747226e-02 2.279247e+00 
1.754936e-02 2.319962e+00 
1.762576e-02 2.361346e+00 
1.770150e-02 2.403395e+00 
1.777660e-02 2.446105e+00 
1.785108e-02 2.489473e+00 
1.792497e-02 2.533492e+00 
1.799830e-02 2.578157e+00 
1.807109e-02 2.623462e+00 
1.814337e-02 2.669400e+00 
1.821515e-02 2.715964e+00 
1.828645e-02 2.763146e+00 
1.835730e-02 2.810937e+00 
1.842773e-02 2.859328e+00 
1.849773e-02 2.908309e+00 
1.856735e-02 2.957870e+00 
1.863659e-02 3.008001e+00 
1.870547e-02 3.058688e+00 
1.877401e-02 3.109922e+00 
1.884223e-02 3.161687e+00 
1.891014e-02 3.213972e+00 
1.897776e-02 3.266761e+00 
1.904511e-02 3.320041e+00 
1.911220e-02 3.373795e+00 
1.917904e-02 3.428008e+00 
1.924565e-02 3.482664e+00 
1.931205e-02 3.537744e+00 
1.937824e-02 3.593232e+00 
1.944425e-02 3.649108e+00 
1.951008e-02 3.705355e+00 
1.957575e-02 3.761951e+00 
1.964127e-02 3.818878e+00 
1.970666e-02 3.876115e+00 
1.977192e-02 3.933639e+00 
1.983707e-02 3.991431e+00 
1.990212e-02 4.049466e+00 
1.996709e-02 4.107722e+00 
2.003197e-02 4.166171e+00 
2.009678e-02 4.224777e+00 
2.016147e-02 4.283478e+00 
2.022605e-02 4.342249e+00 
2.029055e-02 4.401063e+00 
2.035496e-02 4.459892e+00 
2.041930e-02 4.518709e+00 
2.048357e-02 4.577489e+00 
2.054779e-02 4.636203e+00 
2.061196e-02 4.694824e+00 
2.067609e-02 4.753325e+00 
2.074019e-02 4.811678e+00 
2.080427e-02 4.869856e+00 
2.086834e-02 4.927831e+00 
2.093241e-02 4.985577e+00 
2.099648e-02 5.043067e+00 
2.106057e-02 5.100273e+00 
2.112467e-02 5.157168e+00 
2.118881e-02 5.213726e+00 
2.125298e-02 5.269922e+00 
2.131719e-02 5.325727e+00 
2.138146e-02 5.381118e+00 
2.144580e-02 5.436068e+00 
2.151019e-02 5.490553e+00 
2.157467e-02 5.544547e+00 
2.163923e-02 5.598027e+00 
2.170388e-02 5.650968e+00 
2.176863e-02 5.703347e+00 
2.183349e-02 5.755138e+00 
2.189845e-02 5.806318e+00 
2.196353e-02 5.856866e+00 
2.202874e-02 5.906760e+00 
2.209408e-02 5.955980e+00 
2.215956e-02 6.004506e+00 
2.222518e-02 6.052318e+00 
2.229097e-02 6.099398e+00 
2.235691e-02 6.145727e+00 
2.242303e-02 6.191287e+00 
2.248932e-02 6.236061e+00 
2.255580e-02 6.280034e+00 
2.262248e-02 6.323189e+00 
2.268935e-02 6.365511e+00 
2.275643e-02 6.406986e+00 
2.282373e-02 6.447600e+00 
2.289126e-02 6.487339e+00 
2.295901e-02 6.526193e+00 
2.302700e-02 6.564147e+00 
2.309525e-02 6.601192e+00 
2.316374e-02 6.637317e+00 
2.323250e-02 6.672512e+00 
2.330153e-02 6.706767e+00 
2.337083e-02 6.740075e+00 
2.344043e-02 6.772427e+00 
2.351032e-02 6.803816e+00 
2.358051e-02 6.834235e+00 
2.365101e-02 6.863678e+00 
2.372183e-02 6.892140e+00 
2.379297e-02 6.919616e+00 
2.386445e-02 6.946102e+00 
2.393628e-02 6.971593e+00 
2.400846e-02 6.996088e+00 
2.408099e-02 7.019582e+00 
2.415390e-02 7.042075e+00 
2.422718e-02 7.063563e+00 
2.430084e-02 7.084046e+00 
2.437489e-02 7.103524e+00 
2.444934e-02 7.121997e+00 
2.452420e-02 7.139466e+00 
2.459947e-02 7.155931e+00 
2.467518e-02 7.171396e+00 
2.475131e-02 7.185862e+00 
2.482789e-02 7.199331e+00 
2.490493e-02 7.211807e+00 
2.498243e-02 7.223293e+00 
2.506039e-02 7.233794e+00 
2.513885e-02 7.243313e+00 
2.521779e-02 7.251856e+00 
2.529723e-02 7.259427e+00 
2.537718e-02 7.266031e+00 
2.545766e-02 7.271676e+00 
2.553866e-02 7.276366e+00 
2.562020e-02 7.280109e+00 
2.570229e-02 7.282911e+00 
2.578495e-02 7.284779e+00 
2.586817e-02 7.285721e+00 
2.595197e-02 7.285744e+00 
2.603637e-02 7.284857e+00 
2.612136e-02 7.283067e+00 
2.620697e-02 7.280384e+00 
2.629319e-02 7.276817e+00 
2.638005e-02 7.272373e+00 
2.646756e-02 7.267063e+00 
2.655571e-02 7.260896e+00 
2.664453e-02 7.253882e+00 
2.673403e-02 7.246030e+00 
2.682421e-02 7.237352e+00 
2.691509e-02 7.227857e+00 
2.700668e-02 7.217556e+00 
2.709898e-02 7.206460e+00 
2.719202e-02 7.194580e+00 
2.728580e-02 7.181926e+00 
2.738033e-02 7.168511e+00 
2.747562e-02 7.154346e+00 
2.757168e-02 7.139443e+00 
2.766853e-02 7.123814e+00 
2.776616e-02 7.107471e+00 
2.786459e-02 7.090427e+00 
2.796384e-02 7.072694e+00 
2.806391e-02 7.054285e+00 
2.816482e-02 7.035213e+00 
2.826657e-02 7.015490e+00 
2.836917e-02 6.995129e+00 
2.847264e-02 6.974144e+00 
2.857699e-02 6.952547e+00 
2.868222e-02 6.930353e+00 
2.878835e-02 6.907574e+00 
2.889539e-02 6.884225e+00 
2.900334e-02 6.860318e+00 
2.911222e-02 6.835869e+00 
2.922204e-02 6.810891e+00 
2.933281e-02 6.785397e+00 
2.944453e-02 6.759403e+00 
2.955722e-02 6.732923e+00 
2.967088e-02 6.705971e+00 
2.978552e-02 6.678562e+00 
2.990116e-02 6.650709e+00 
3.001779e-02 6.622429e+00 
3.013543e-02 6.593736e+00 
3.025409e-02 6.564644e+00 
3.037377e-02 6.535169e+00 
3.049447e-02 6.505326e+00 
3.061622e-02 6.475130e+00 
3.073900e-02 6.444596e+00 
3.086284e-02 6.413739e+00 
3.098772e-02 6.382575e+00 
3.111367e-02 6.351120e+00 
3.124067e-02 6.319388e+00 
3.136874e-02 6.287396e+00 
3.149789e-02 6.255158e+00 
3.162810e-02 6.222690e+00 
3.175939e-02 6.190009e+00 
3.189176e-02 6.157129e+00 
3.202520e-02 6.124066e+00 
3.215972e-02 6.090838e+00 
3.229531e-02 6.057461e+00 
3.243197e-02 6.023949e+00 
3.256969e-02 5.990318e+00 
3.270849e-02 5.956584e+00 
3.284835e-02 5.922762e+00 
3.298927e-02 5.888868e+00 
3.313125e-02 5.854916e+00 
3.327428e-02 5.820923e+00 
3.341836e-02 5.786903e+00 
3.356347e-02 5.752871e+00 
3.370963e-02 5.718843e+00 
3.385680e-02 5.684832e+00 
3.400500e-02 5.650854e+00 
3.415420e-02 5.616922e+00 
3.430440e-02 5.583052e+00 
3.445559e-02 5.549258e+00 
3.460775e-02 5.515552e+00 
3.476087e-02 5.481950e+00 
3.491494e-02 5.448465e+00 
3.506994e-02 5.415109e+00 
3.522586e-02 5.381897e+00 
3.538269e-02 5.348840e+00 
3.554040e-02 5.315952e+00 
3.569898e-02 5.283245e+00 
3.585841e-02 5.250731e+00 
3.601867e-02 5.218422e+00 
3.617974e-02 5.186329e+00 
3.634161e-02 5.154463e+00 
3.650424e-02 5.122837e+00 
3.666762e-02 5.091459e+00 
3.683173e-02 5.060341e+00 
3.699653e-02 5.029493e+00 
3.716202e-02 4.998923e+00 
3.732815e-02 4.968643e+00 
3.749492e-02 4.938660e+00 
3.766228e-02 4.908983e+00 
3.783023e-02 4.879622e+00 
3.799872e-02 4.850583e+00 
3.816773e-02 4.821874e+00 
3.833724e-02 4.793503e+00 
3.850721e-02 4.765477e+00 
3.867762e-02 4.737803e+00 
3.884844e-02 4.710487e+00 
3.901964e-02 4.683534e+00 
3.919119e-02 4.656951e+00 
3.936307e-02 4.630743e+00 
3.953523e-02 4.604914e+00 
3.970766e-02 4.579470e+00 
3.988032e-02 4.554415e+00 
4.005318e-02 4.529753e+00 
4.022622e-02 4.505488e+00 
4.039940e-02 4.481623e+00 
4.057270e-02 4.458160e+00 
4.074608e-02 4.435104e+00 
4.091952e-02 4.412457e+00 
4.109298e-02 4.390220e+00 
4.126644e-02 4.368396e+00 
4.143987e-02 4.346986e+00 
4.161324e-02 4.325993e+00 
4.178652e-02 4.305417e+00 
4.195967e-02 4.285261e+00 
4.213267e-02 4.265525e+00 
4.230548e-02 4.246209e+00 
4.247809e-02 4.227315e+00 
4.265047e-02 4.208841e+00 
4.282258e-02 4.190788e+00 
4.299442e-02 4.173155e+00 
4.316595e-02 4.155942e+00 
4.333714e-02 4.139147e+00 
4.350798e-02 4.122771e+00 
4.367845e-02 4.106811e+00 
4.384851e-02 4.091267e+00 
4.401816e-02 4.076137e+00 
4.418737e-02 4.061420e+00 
4.435612e-02 4.047114e+00 
4.452439e-02 4.033216e+00 
4.469217e-02 4.019726e+00 
4.485943e-02 4.006642e+00 
4.502616e-02 3.993960e+00 
4.519235e-02 3.981679e+00 
4.535797e-02 3.969796e+00 
4.552302e-02 3.958310e+00 
4.568748e-02 3.947217e+00 
4.585134e-02 3.936515e+00 
4.601457e-02 3.926202e+00 
4.617718e-02 3.916275e+00 
4.633916e-02 3.906731e+00 
4.650048e-02 3.897567e+00 
4.666112e-02 3.888781e+00 
4.682109e-02 3.880371e+00 
4.698036e-02 3.872333e+00 
4.713893e-02 3.864665e+00 
4.729680e-02 3.857363e+00 
4.745395e-02 3.850424e+00 
4.761039e-02 3.843845e+00 
4.776611e-02 3.837623e+00 
4.792109e-02 3.831755e+00 
4.807535e-02 3.826238e+00 
4.822887e-02 3.821068e+00 
4.838165e-02 3.816243e+00 
4.853369e-02 3.811759e+00 
4.868499e-02 3.807613e+00 
4.883555e-02 3.803802e+00 
4.898536e-02 3.800323e+00 
4.913442e-02 3.797173e+00 
4.928274e-02 3.794348e+00 
4.943032e-02 3.791846e+00 
4.957715e-02 3.789663e+00 
4.972323e-02 3.787796e+00 
4.986858e-02 3.786242e+00 
5.001318e-02 3.784998e+00 
5.015705e-02 3.784061e+00 
5.030018e-02 3.783428e+00 
5.044258e-02 3.783095e+00 
5.058424e-02 3.783060e+00 
5.072518e-02 3.783319e+00 
5.086539e-02 3.783870e+00 
5.100486e-02 3.784709e+00 
5.114361e-02 3.785833e+00 
5.128164e-02 3.787239e+00 
5.141896e-02 3.788925e+00 
5.155557e-02 3.790886e+00 
5.169147e-02 3.793120e+00 
5.182668e-02 3.795624e+00 
5.196119e-02 3.798395e+00 
5.209501e-02 3.801429e+00 
5.222816e-02 3.804724e+00 
5.236062e-02 3.808277e+00 
5.249242e-02 3.812085e+00 
5.262355e-02 3.816144e+00 
5.275403e-02 3.820451e+00 
5.288386e-02 3.825005e+00 
5.301304e-02 3.829801e+00 
5.314159e-02 3.834836e+00 
5.326950e-02 3.840108e+00 
5.339679e-02 3.845614e+00 
5.352347e-02 3.851350e+00 
5.364954e-02 3.857314e+00 
5.377500e-02 3.863502e+00 
5.389987e-02 3.869911e+00 
5.402415e-02 3.876539e+00 
5.414784e-02 3.883382e+00 
5.427097e-02 3.890438e+00 
5.439352e-02 3.897702e+00 
5.451552e-02 3.905173e+00 
5.463696e-02 3.912847e+00 
5.475786e-02 3.920720e+00 
5.487822e-02 3.928791e+00 
5.499804e-02 3.937055e+00 
5.511735e-02 3.945510e+00 
5.523613e-02 3.954152e+00 
5.535441e-02 3.962978e+00 
5.547218e-02 3.971985e+00 
5.558946e-02 3.981171e+00 
5.570625e-02 3.990530e+00 
5.582256e-02 4.000061e+00 
5.593839e-02 4.009761e+00 
5.605376e-02 4.019624e+00 
5.616867e-02 4.029650e+00 
5.628312e-02 4.039834e+00 
5.639713e-02 4.050172e+00 
5.651070e-02 4.060662e+00 
5.662383e-02 4.071301e+00 
5.673655e-02 4.082084e+00 
5.684884e-02 4.093008e+00 
5.696072e-02 4.104070e+00 
5.707219e-02 4.115267e+00 
5.718327e-02 4.126594e+00 
5.729395e-02 4.138049e+00 
5.740424e-02 4.149627e+00 
5.751416e-02 4.161326e+00 
5.762370e-02 4.173141e+00 
5.773287e-02 4.185069e+00 
5.784169e-02 4.197107e+00 
5.795015e-02 4.209251e+00 
5.805827e-02 4.221498e+00 
5.816604e-02 4.233843e+00 
5.827348e-02 4.246283e+00 
5.838059e-02 4.258815e+00 
5.848739e-02 4.271434e+00 
5.859386e-02 4.284137e+00 
5.870003e-02 4.296921e+00 
5.880590e-02 4.309782e+00 
5.891147e-02 4.322715e+00 
5.901675e-02 4.335718e+00 
5.912174e-02 4.348786e+00 
5.922646e-02 4.361915e+00 
5.933090e-02 4.375103e+00 
5.943508e-02 4.388345e+00 
5.953899e-02 4.401637e+00 
5.964266e-02 4.414976e+00 
5.974607e-02 4.428357e+00 
5.984924e-02 4.441778e+00 
5.995217e-02 4.455234e+00 
6.005487e-02 4.468721e+00 
6.015735e-02 4.482236e+00 
6.025960e-02 4.495775e+00 
6.036164e-02 4.509334e+00 
6.046346e-02 4.522909e+00 
6.056509e-02 4.536497e+00 
6.066651e-02 4.550094e+00 
6.076774e-02 4.563696e+00 
6.086878e-02 4.577299e+00 
6.096964e-02 4.590900e+00 
6.107032e-02 4.604494e+00 
6.117083e-02 4.618079e+00 
6.127117e-02 4.631650e+00 
6.137134e-02 4.645204e+00 
6.147136e-02 4.658737e+00 
6.157123e-02 4.672245e+00 
6.167095e-02 4.685726e+00 
6.177053e-02 4.699174e+00 
6.186996e-02 4.712587e+00 
6.196927e-02 4.725962e+00 
6.206844e-02 4.739294e+00 
6.216750e-02 4.752580e+00 
6.226643e-02 4.765816e+00 
6.236525e-02 4.779000e+00 
6.246396e-02 4.792127e+00 
6.256257e-02 4.805195e+00 
6.266108e-02 4.818200e+00 
6.275949e-02 4.831139e+00 
6.285781e-02 4.844008e+00 
6.295604e-02 4.856804e+00 
6.305419e-02 4.869524e+00 
6.315226e-02 4.882165e+00 
6.325026e-02 4.894724e+00 
6.334820e-02 4.907197e+00 
6.344606e-02 4.919582e+00 
6.354387e-02 4.931876e+00 
6.364162e-02 4.944074e+00 
6.373932e-02 4.956176e+00 
6.383696e-02 4.968177e+00 
6.393457e-02 4.980075e+00 
6.403213e-02 4.991866e+00 
6.412965e-02 5.003549e+00 
6.422715e-02 5.015121e+00 
6.432461e-02 5.026579e+00 
6.442205e-02 5.037920e+00 
6.451947e-02 5.049142e+00 
6.461687e-02 5.060242e+00 
6.471426e-02 5.071218e+00 
6.481164e-02 5.082068e+00 
6.490901e-02 5.092789e+00 
6.500639e-02 5.103379e+00 
6.510376e-02 5.113836e+00 
6.520115e-02 5.124158e+00 
6.529854e-02 5.134342e+00 
6.539595e-02 5.144386e+00 
6.549337e-02 5.154289e+00 
6.559081e-02 5.164049e+00 
6.568828e-02 5.173663e+00 
6.578578e-02 5.183130e+00 
6.588331e-02 5.192448e+00 
6.598087e-02 5.201616e+00 
6.607847e-02 5.210632e+00 
6.617611e-02 5.219493e+00 
6.627380e-02 5.228199e+00 
6.637154e-02 5.236749e+00 
6.646933e-02 5.245140e+00 
6.656718e-02 5.253372e+00 
6.666508e-02 5.261442e+00 
6.676305e-02 5.269351e+00 
6.686108e-02 5.277096e+00 
6.695918e-02 5.284677e+00 
6.705735e-02 5.292092e+00 
6.715560e-02 5.299341e+00 
6.725392e-02 5.306423e+00 
6.735233e-02 5.313336e+00 
6.745082e-02 5.320080e+00 
6.754940e-02 5.326654e+00 
6.764806e-02 5.333058e+00 
6.774682e-02 5.339290e+00 
6.784568e-02 5.345351e+00 
6.794464e-02 5.351239e+00 
6.804369e-02 5.356954e+00 
6.814285e-02 5.362496e+00 
6.824212e-02 5.367865e+00 
6.834150e-02 5.373059e+00 
6.844099e-02 5.378079e+00 
6.854060e-02 5.382925e+00 
6.864032e-02 5.387596e+00 
6.874017e-02 5.392093e+00 
6.884014e-02 5.396415e+00 
6.894023e-02 5.400563e+00 
6.904046e-02 5.404536e+00 
6.914081e-02 5.408334e+00 
6.924130e-02 5.411959e+00 
6.934192e-02 5.415409e+00 
6.944268e-02 5.418686e+00 
6.954358e-02 5.421789e+00 
6.964463e-02 5.424720e+00 
6.974581e-02 5.427478e+00 
6.984715e-02 5.430064e+00 
6.994863e-02 5.432479e+00 
7.005027e-02 5.434722e+00 
7.015206e-02 5.436796e+00 
7.025400e-02 5.438700e+00 
7.035611e-02 5.440436e+00 
7.045837e-02 5.442003e+00 
7.056079e-02 5.443404e+00 
7.066338e-02 5.444638e+00 
7.076613e-02 5.445707e+00 
7.086904e-02 5.446612e+00 
7.097213e-02 5.447353e+00 
7.107539e-02 5.447933e+00 
7.117881e-02 5.448351e+00 
7.128242e-02 5.448609e+00 
7.138619e-02 5.448709e+00 
7.149014e-02 5.448651e+00 
7.159427e-02 5.448437e+00 
7.169858e-02 5.448068e+00 
7.180307e-02 5.447546e+00 
7.190775e-02 5.446871e+00 
7.201260e-02 5.446046e+00 
7.211764e-02 5.445072e+00 
7.222287e-02 5.443950e+00 
7.232828e-02 5.442681e+00 
7.243388e-02 5.441269e+00 
7.253967e-02 5.439713e+00 
7.264564e-02 5.438016e+00 
7.275181e-02 5.436179e+00 
7.285817e-02 5.434205e+00 
7.296472e-02 5.432094e+00 
7.307147e-02 5.429849e+00 
7.317841e-02 5.427472e+00 
7.328554e-02 5.424964e+00 
7.339287e-02 5.422327e+00 
7.350039e-02 5.419563e+00 
7.360811e-02 5.416674e+00 
7.371603e-02 5.413662e+00 
7.382414e-02 5.410529e+00 
7.393245e-02 5.407277e+00 
7.404095e-02 5.403907e+00 
7.414966e-02 5.400423e+00 
7.425856e-02 5.396826e+00 
7.436766e-02 5.393117e+00 
7.447695e-02 5.389300e+00 
7.458645e-02 5.385377e+00 
7.469614e-02 5.381349e+00 
7.480603e-02 5.377218e+00 
7.491611e-02 5.372987e+00 
7.502639e-02 5.368658e+00 
7.513687e-02 5.364234e+00 
7.524755e-02 5.359715e+00 
7.535842e-02 5.355106e+00 
7.546948e-02 5.350407e+00 
7.558074e-02 5.345622e+00 
7.569220e-02 5.340751e+00 
7.580385e-02 5.335799e+00 
7.591569e-02 5.330766e+00 
7.602772e-02 5.325656e+00 
7.613994e-02 5.320470e+00 
7.625236e-02 5.315211e+00 
7.636496e-02 5.309881e+00 
7.647775e-02 5.304483e+00 
7.659073e-02 5.299018e+00 
7.670389e-02 5.293489e+00 
7.681724e-02 5.287899e+00 
7.693077e-02 5.282249e+00 
7.704449e-02 5.276543e+00 
7.715838e-02 5.270781e+00 
7.727246e-02 5.264967e+00 
7.738671e-02 5.259104e+00 
7.750114e-02 5.253192e+00 
7.761574e-02 5.247235e+00 
7.773052e-02 5.241234e+00 
7.784547e-02 5.235193e+00 
7.796059e-02 5.229113e+00 
7.807588e-02 5.222997e+00 
7.819133e-02 5.216847e+00 
7.830695e-02 5.210665e+00 
7.842273e-02 5.204453e+00 
7.853867e-02 5.198214e+00 
7.865477e-02 5.191949e+00 
7.877103e-02 5.185662e+00 
7.888744e-02 5.179354e+00 
7.900400e-02 5.173028e+00 
7.912071e-02 5.166685e+00 
7.923757e-02 5.160328e+00 
7.935457e-02 5.153959e+00 
7.947172e-02 5.147579e+00 
7.958901e-02 5.141192e+00 
7.970644e-02 5.134799e+00 
7.982400e-02 5.128402e+00 
7.994170e-02 5.122004e+00 
8.005953e-02 5.115605e+00 
8.017749e-02 5.109209e+00 
8.029557e-02 5.102818e+00 
8.041378e-02 5.096432e+00 
8.053211e-02 5.090055e+00 
8.065056e-02 5.083687e+00 
8.076913e-02 5.077332e+00 
8.088781e-02 5.070990e+00 
8.100660e-02 5.064664e+00 
8.112550e-02 5.058356e+00 
8.124450e-02 5.052067e+00 
8.136361e-02 5.045798e+00 
8.148282e-02 5.039553e+00 
8.160212e-02 5.033332e+00 
8.172152e-02 5.027138e+00 
8.184101e-02 5.020971e+00 
8.196059e-02 5.014834e+00 
8.208026e-02 5.008728e+00 
8.220001e-02 5.002654e+00 
8.231984e-02 4.996615e+00 
8.243975e-02 4.990612e+00 
8.255973e-02 4.984646e+00 
8.267978e-02 4.978719e+00 
8.279990e-02 4.972832e+00 
8.292009e-02 4.966987e+00 
8.304034e-02 4.961185e+00 
8.316065e-02 4.955427e+00 
8.328102e-02 4.949715e+00 
8.340145e-02 4.944050e+00 
8.352192e-02 4.938434e+00 
8.364245e-02 4.932867e+00 
8.376301e-02 4.927351e+00 
8.388363e-02 4.921887e+00 
8.400428e-02 4.916476e+00 
8.412497e-02 4.911119e+00 
8.424569e-02 4.905818e+00 
8.436644e-02 4.900573e+00 
8.448722e-02 4.895386e+00 
8.460803e-02 4.890257e+00 
8.472885e-02 4.885188e+00 
8.484970e-02 4.880179e+00 
8.497056e-02 4.875232e+00 
8.509144e-02 4.870347e+00 
8.521232e-02 4.865525e+00 
8.533322e-02 4.860768e+00 
8.545412e-02 4.856075e+00 
8.557502e-02 4.851448e+00 
8.569593e-02 4.846887e+00 
8.581683e-02 4.842393e+00 
8.593772e-02 4.837967e+00 
8.605861e-02 4.833609e+00 
8.617948e-02 4.829321e+00 
8.630035e-02 4.825102e+00 
8.642120e-02 4.820953e+00 
8.654203e-02 4.816876e+00 
8.666283e-02 4.812869e+00 
8.678362e-02 4.808935e+00 
8.690438e-02 4.805073e+00 
8.702511e-02 4.801284e+00 
8.714582e-02 4.797568e+00 
8.726649e-02 4.793925e+00 
8.738712e-02 4.790357e+00 
8.750772e-02 4.786863e+00 
8.762828e-02 4.783443e+00 
8.774880e-02 4.780098e+00 
8.786927e-02 4.776829e+00 
8.798970e-02 4.773635e+00 
8.811008e-02 4.770517e+00 
8.823041e-02 4.767474e+00 
8.835069e-02 4.764508e+00 
8.847092e-02 4.761618e+00 
8.859109e-02 4.758804e+00 
8.871120e-02 4.756066e+00 
8.883125e-02 4.753405e+00 
8.895124e-02 4.750821e+00 
8.907117e-02 4.748313e+00 
8.919104e-02 4.745881e+00 
8.931083e-02 4.743526e+00 
8.943056e-02 4.741248e+00 
8.955023e-02 4.739046e+00 
8.966981e-02 4.736921e+00 
8.978933e-02 4.734871e+00 
8.990877e-02 4.732898e+00 
9.002814e-02 4.731001e+00 
9.014743e-02 4.729180e+00 
9.026664e-02 4.727434e+00 
9.038578e-02 4.725764e+00 
9.050483e-02 4.724170e+00 
9.062380e-02 4.722650e+00 
9.074269e-02 4.721205e+00 
9.086149e-02 4.719835e+00 
9.098020e-02 4.718538e+00 
9.109883e-02 4.717316e+00 
9.121738e-02 4.716167e+00 
9.133583e-02 4.715092e+00 
9.145420e-02 4.714089e+00 
9.157247e-02 4.713159e+00 
9.169065e-02 4.712301e+00 
9.180874e-02 4.711515e+00 
9.192674e-02 4.710800e+00 
9.204464e-02 4.710156e+00 
9.216245e-02 4.709582e+00 
9.228017e-02 4.709079e+00 
9.239779e-02 4.708644e+00 
9.251531e-02 4.708279e+00 
9.263274e-02 4.707982e+00 
9.275006e-02 4.707753e+00 
9.286730e-02 4.707592e+00 
9.298443e-02 4.707497e+00 
9.310146e-02 4.707468e+00 
9.321840e-02 4.707505e+00 
9.333523e-02 4.707608e+00 
9.345197e-02 4.707775e+00 
9.356860e-02 4.708005e+00 
9.368514e-02 4.708299e+00 
9.380158e-02 4.708656e+00 
9.391791e-02 4.709074e+00 
9.403414e-02 4.709554e+00 
9.415028e-02 4.710095e+00 
9.426631e-02 4.710695e+00 
9.438224e-02 4.711355e+00 
9.449807e-02 4.712073e+00 
9.461380e-02 4.712849e+00 
9.472943e-02 4.713683e+00 
9.484496e-02 4.714573e+00 
9.496039e-02 4.715518e+00 
9.507572e-02 4.716519e+00 
9.519095e-02 4.717574e+00 
9.530608e-02 4.718682e+00 
9.542110e-02 4.719843e+00 
9.553603e-02 4.721056e+00 
9.565086e-02 4.722320e+00 
9.576559e-02 4.723634e+00 
9.588022e-02 4.724998e+00 
9.599476e-02 4.726411e+00 
9.610920e-02 4.727871e+00 
9.622353e-02 4.729379e+00 
9.633778e-02 4.730933e+00 
9.645192e-02 4.732533e+00 
9.656597e-02 4.734177e+00 
9.667993e-02 4.735865e+00 
9.679379e-02 4.737596e+00 
9.690755e-02 4.739370e+00 
9.702122e-02 4.741184e+00 
9.713480e-02 4.743039e+00 
9.724829e-02 4.744934e+00 
9.736168e-02 4.746867e+00 
9.747498e-02 4.748838e+00 
9.758820e-02 4.750847e+00 
9.770132e-02 4.752891e+00 
9.781435e-02 4.754971e+00 
9.792730e-02 4.757085e+00 
9.804016e-02 4.759232e+00 
9.815293e-02 4.761413e+00 
9.826561e-02 4.763625e+00 
9.837821e-02 4.765868e+00 
9.849073e-02 4.768141e+00 
9.860316e-02 4.770443e+00 
9.871551e-02 4.772773e+00 
9.882777e-02 4.775131e+00 
9.893996e-02 4.777515e+00 
9.905206e-02 4.779924e+00 
9.916409e-02 4.782359e+00 
9.927604e-02 4.784817e+00 
9.938791e-02 4.787298e+00 
9.949970e-02 4.789801e+00 
9.961142e-02 4.792326e+00 
9.972307e-02 4.794871e+00 
9.983464e-02 4.797435e+00 
9.994614e-02 4.800017e+00 
1.000576e-01 4.802617e+00 
1.001689e-01 4.805234e+00 
1.002802e-01 4.807867e+00 
1.003914e-01 4.810515e+00 
1.005026e-01 4.813177e+00 
1.006137e-01 4.815853e+00 
1.007247e-01 4.818541e+00 
1.008356e-01 4.821240e+00 
1.009465e-01 4.823950e+00 
1.010573e-01 4.826670e+00 
1.011681e-01 4.829399e+00 
1.012788e-01 4.832137e+00 
1.013895e-01 4.834881e+00 
1.015001e-01 4.837632e+00 
1.016106e-01 4.840389e+00 
1.017211e-01 4.843150e+00 
1.018315e-01 4.845916e+00 
1.019419e-01 4.848685e+00 
1.020522e-01 4.851456e+00 
1.021624e-01 4.854229e+00 
1.022727e-01 4.857002e+00 
1.023828e-01 4.859776e+00 
1.024929e-01 4.862549e+00 
1.026030e-01 4.865320e+00 
1.027130e-01 4.868089e+00 
1.028230e-01 4.870855e+00 
1.029330e-01 4.873617e+00 
1.030428e-01 4.876374e+00 
1.031527e-01 4.879126e+00 
1.032625e-01 4.881871e+00 
1.033723e-01 4.884610e+00 
1.034820e-01 4.887342e+00 
1.035917e-01 4.890065e+00 
1.037014e-01 4.892779e+00 
1.038110e-01 4.895483e+00 
1.039206e-01 4.898177e+00 
1.040302e-01 4.900859e+00 
1.041397e-01 4.903530e+00 
1.042492e-01 4.906189e+00 
1.043587e-01 4.908834e+00 
1.044681e-01 4.911466e+00 
1.045775e-01 4.914083e+00 
1.046869e-01 4.916685e+00 
1.047963e-01 4.919271e+00 
1.049056e-01 4.921842e+00 
1.050150e-01 4.924395e+00 
1.051243e-01 4.926930e+00 
1.052335e-01 4.929448e+00 
1.053428e-01 4.931947e+00 
1.054520e-01 4.934427e+00 
1.055613e-01 4.936887e+00 
1.056705e-01 4.939326e+00 
1.057797e-01 4.941745e+00 
1.058889e-01 4.944142e+00 
1.059980e-01 4.946518e+00 
1.061072e-01 4.948870e+00 
1.062163e-01 4.951200e+00 
1.063255e-01 4.953507e+00 
1.064346e-01 4.955789e+00 
1.065437e-01 4.958048e+00 
1.066528e-01 4.960281e+00 
1.067619e-01 4.962489e+00 
1.068710e-01 4.964671e+00 
1.069801e-01 4.966827e+00 
1.070892e-01 4.968957e+00 
1.071983e-01 4.971059e+00 
1.073074e-01 4.973134e+00 
1.074165e-01 4.975182e+00 
1.075256e-01 4.977201e+00 
1.076347e-01 4.979192e+00 
1.077438e-01 4.981154e+00 
1.078529e-01 4.983087e+00 
1.079620e-01 4.984990e+00 
1.080711e-01 4.986864e+00 
1.081803e-01 4.988707e+00 
1.082894e-01 4.990520e+00 
1.083985e-01 4.992302e+00 
1.085077e-01 4.994053e+00 
1.086168e-01 4.995774e+00 
1.087260e-01 4.997462e+00 
1.088352e-01 4.999119e+00 
1.089444e-01 5.000744e+00 
1.090536e-01 5.002337e+00 
1.091628e-01 5.003897e+00 
1.092720e-01 5.005425e+00 
1.093813e-01 5.006920e+00 
1.094906e-01 5.008382e+00 
1.095999e-01 5.009811e+00 
1.097092e-01 5.011207e+00 
1.098185e-01 5.012570e+00 
1.099278e-01 5.013899e+00 
1.100372e-01 5.015194e+00 
1.101466e-01 5.016456e+00 
1.102560e-01 5.017684e+00 
1.103654e-01 5.018878e+00 
1.104749e-01 5.020038e+00 
1.105844e-01 5.021164e+00 
1.106939e-01 5.022256e+00 
1.108034e-01 5.023314e+00 
1.109129e-01 5.024338e+00 
1.110225e-01 5.025327e+00 
1.111321e-01 5.026283e+00 
1.112418e-01 5.027204e+00 
1.113514e-01 5.028091e+00 
1.114611e-01 5.028944e+00 
1.115709e-01 5.029762e+00 
1.116806e-01 5.030547e+00 
1.117904e-01 5.031298e+00 
1.119002e-01 5.032014e+00 
1.120100e-01 5.032697e+00 
1.121199e-01 5.033346e+00 
1.122298e-01 5.033961e+00 
1.123398e-01 5.034542e+00 
1.124498e-01 5.035090e+00 
1.125598e-01 5.035605e+00 
1.126698e-01 5.036086e+00 
1.127799e-01 5.036534e+00 
1.128900e-01 5.036949e+00 
1.130002e-01 5.037332e+00 
1.131103e-01 5.037681e+00 
1.132206e-01 5.037998e+00 
1.133308e-01 5.038283e+00 
1.134411e-01 5.038535e+00 
1.135515e-01 5.038755e+00 
1.136618e-01 5.038944e+00 
1.137722e-01 5.039101e+00 
1.138827e-01 5.039227e+00 
1.139932e-01 5.039321e+00 
1.141037e-01 5.039385e+00 
1.142143e-01 5.039418e+00 
1.143249e-01 5.039421e+00 
1.144355e-01 5.039393e+00 
1.145462e-01 5.039336e+00 
1.146569e-01 5.039248e+00 
1.147677e-01 5.039132e+00 
1.148785e-01 5.038986e+00 
1.149894e-01 5.038812e+00 
1.151002e-01 5.038609e+00 
1.152112e-01 5.038378e+00 
1.153221e-01 5.038119e+00 
1.154332e-01 5.037833e+00 
1.155442e-01 5.037519e+00 
1.156553e-01 5.037178e+00 
1.157664e-01 5.036811e+00 
1.158776e-01 5.036417e+00 
1.159888e-01 5.035997e+00 
1.161001e-01 5.035552e+00 
1.162114e-01 5.035082e+00 
1.163227e-01 5.034587e+00 
1.164341e-01 5.034067e+00 
1.165455e-01 5.033523e+00 
1.166570e-01 5.032955e+00 
1.167685e-01 5.032364e+00 
1.168801e-01 5.031749e+00 
1.169917e-01 5.031112e+00 
1.171033e-01 5.030453e+00 
1.172150e-01 5.029772e+00 
1.173267e-01 5.029069e+00 
1.174384e-01 5.028345e+00 
1.175502e-01 5.027600e+00 
1.176621e-01 5.026835e+00 
1.177740e-01 5.026050e+00 
1.178859e-01 5.025245e+00 
1.179978e-01 5.024422e+00 
1.181098e-01 5.023579e+00 
1.182219e-01 5.022719e+00 
1.183340e-01 5.021840e+00 
1.184461e-01 5.020944e+00 
1.185582e-01 5.020031e+00 
1.186704e-01 5.019101e+00 
1.187827e-01 5.018155e+00 
1.188950e-01 5.017193e+00 
1.190073e-01 5.016215e+00 
1.191196e-01 5.015223e+00 
1.192320e-01 5.014216e+00 
1.193445e-01 5.013195e+00 
1.194569e-01 5.012160e+00 
1.195694e-01 5.011112e+00 
1.196820e-01 5.010051e+00 
1.197946e-01 5.008978e+00 
1.199072e-01 5.007893e+00 
1.200198e-01 5.006796e+00 
1.201325e-01 5.005688e+00 
1.202453e-01 5.004569e+00 
1.203580e-01 5.003440e+00 
1.204708e-01 5.002301e+00 
1.205836e-01 5.001152e+00 
1.206965e-01 4.999995e+00 
1.208094e-01 4.998829e+00 
1.209223e-01 4.997654e+00 
1.210353e-01 4.996472e+00 
1.211483e-01 4.995283e+00 
1.212613e-01 4.994086e+00 
1.213744e-01 4.992883e+00 
1.214874e-01 4.991674e+00 
1.216006e-01 4.990459e+00 
1.217137e-01 4.989239e+00 
1.218269e-01 4.988014e+00 
1.219401e-01 4.986785e+00 
1.220533e-01 4.985551e+00 
1.221666e-01 4.984314e+00 
1.222799e-01 4.983073e+00 
1.223932e-01 4.981830e+00 
1.225066e-01 4.980584e+00 
1.226200e-01 4.979336e+00 
1.227334e-01 4.978086e+00 
1.228468e-01 4.976835e+00 
1.229602e-01 4.975583e+00 
1.230737e-01 4.974330e+00 
1.231872e-01 4.973077e+00 
1.233007e-01 4.971824e+00 
1.234143e-01 4.970572e+00 
1.235279e-01 4.969321e+00 
1.236414e-01 4.968071e+00 
1.237551e-01 4.966822e+00 
1.238687e-01 4.965576e+00 
1.239824e-01 4.964332e+00 
1.240960e-01 4.963090e+00 
1.242097e-01 4.961852e+00 
1.243234e-01 4.960617e+00 
1.244372e-01 4.959385e+00 
1.245509e-01 4.958158e+00 
1.246647e-01 4.956935e+00 
1.247785e-01 4.955716e+00 
1.248923e-01 4.954503e+00 
1.250061e-01 4.953295e+00 
1.251199e-01 4.952092e+00 
1.252338e-01 4.950896e+00 
1.253477e-01 4.949705e+00 
1.254615e-01 4.948521e+00 
1.255754e-01 4.947344e+00 
1.256893e-01 4.946174e+00 
1.258032e-01 4.945012e+00 
1.259172e-01 4.943857e+00 
1.260311e-01 4.942710e+00 
1.261451e-01 4.941571e+00 
1.262590e-01 4.940440e+00 
1.263730e-01 4.939319e+00 
1.264870e-01 4.938206e+00 
1.266009e-01 4.937103e+00 
1.267149e-01 4.936008e+00 
1.268289e-01 4.934924e+00 
1.269429e-01 4.933850e+00 
1.270570e-01 4.932785e+00 
1.271710e-01 4.931731e+00 
1.272850e-01 4.930688e+00 
1.273990e-01 4.929656e+00 
1.275131e-01 4.928634e+00 
1.276271e-01 4.927624e+00 
1.277412e-01 4.926625e+00 
1.278552e-01 4.925638e+00 
1.279693e-01 4.924663e+00 
1.280833e-01 4.923699e+00 
1.281974e-01 4.922748e+00 
1.283114e-01 4.921809e+00 
1.284255e-01 4.920883e+00 
1.285395e-01 4.919969e+00 
1.286536e-01 4.919068e+00 
1.287676e-01 4.918180e+00 
1.288817e-01 4.917305e+00 
1.289957e-01 4.916444e+00 
1.291098e-01 4.915596e+00 
1.292238e-01 4.914761e+00 
1.293379e-01 4.913940e+00 
1.294519e-01 4.913133e+00 
1.295659e-01 4.912340e+00 
1.296800e-01 4.911560e+00 
1.297940e-01 4.910795e+00 
1.299080e-01 4.910044e+00 
1.300220e-01 4.909308e+00 
1.301360e-01 4.908585e+00 
1.302500e-01 4.907878e+00 
1.303640e-01 4.907184e+00 
1.304780e-01 4.906506e+00 
1.305920e-01 4.905842e+00 
1.307060e-01 4.905193e+00 
1.308199e-01 4.904559e+00 
1.309339e-01 4.903940e+00 
1.310478e-01 4.903335e+00 
1.311618e-01 4.902746e+00 
1.312757e-01 4.902172e+00 
1.313896e-01 4.901612e+00 
1.315035e-01 4.901068e+00 
1.316174e-01 4.900539e+00 
1.317313e-01 4.900025e+00 
1.318452e-01 4.899527e+00 
1.319590e-01 4.899043e+00 
1.320729e-01 4.898575e+00 
1.321867e-01 4.898122e+00 
1.323005e-01 4.897684e+00 
1.324143e-01 4.897261e+00 
1.325281e-01 4.896854e+00 
1.326419e-01 4.896461e+00 
1.327557e-01 4.896084e+00 
1.328694e-01 4.895722e+00 
1.329832e-01 4.895376e+00 
1.330969e-01 4.895044e+00 
1.332106e-01 4.894727e+00 
1.333243e-01 4.894425e+00 
1.334380e-01 4.894139e+00 
1.335517e-01 4.893867e+00 
1.336653e-01 4.893610e+00 
1.337789e-01 4.893368e+00 
1.338926e-01 4.893141e+00 
1.340062e-01 4.892928e+00 
1.341197e-01 4.892730e+00 
1.342333e-01 4.892547e+00 
1.343469e-01 4.892378e+00 
1.344604e-01 4.892223e+00 
1.345739e-01 4.892083e+00 
1.346874e-01 4.891957e+00 
1.348009e-01 4.891846e+00 
1.349144e-01 4.891748e+00 
1.350278e-01 4.891665e+00 
1.351412e-01 4.891595e+00 
1.352547e-01 4.891539e+00 
1.353680e-01 4.891497e+00 
1.354814e-01 4.891469e+00 
1.355948e-01 4.891454e+00 
1.357081e-01 4.891452e+00 
1.358214e-01 4.891464e+00 
1.359347e-01 4.891488e+00 
1.360480e-01 4.891526e+00 
1.361613e-01 4.891577e+00 
1.362745e-01 4.891640e+00 
1.363878e-01 4.891717e+00 
1.365010e-01 4.891805e+00 
1.366141e-01 4.891906e+00 
1.367273e-01 4.892020e+00 
1.368405e-01 4.892145e+00 
1.369536e-01 4.892283e+00 
1.370667e-01 4.892432e+00 
1.371798e-01 4.892593e+00 
1.372929e-01 4.892766e+00 
1.374059e-01 4.892949e+00 
1.375190e-01 4.893145e+00 
1.376320e-01 4.893351e+00 
1.377450e-01 4.893568e+00 
1.378580e-01 4.893796e+00 
1.379709e-01 4.894035e+00 
1.380838e-01 4.894284e+00 
1.381968e-01 4.894544e+00 
1.383097e-01 4.894813e+00 
1.384226e-01 4.895093e+00 
1.385354e-01 4.895383e+00 
1.386483e-01 4.895682e+00 
1.387611e-01 4.895990e+00 
1.388739e-01 4.896308e+00 
1.389867e-01 4.896635e+00 
1.390994e-01 4.896971e+00 
1.392122e-01 4.897316e+00 
1.393249e-01 4.897670e+00 
1.394376e-01 4.898032e+00 
1.395503e-01 4.898402e+00 
1.396630e-01 4.898780e+00 
1.397757e-01 4.899166e+00 
1.398883e-01 4.899560e+00 
1.400009e-01 4.899962e+00 
1.401136e-01 4.900371e+00 
1.402261e-01 4.900787e+00 
1.403387e-01 4.901210e+00 
1.404513e-01 4.901640e+00 
1.405638e-01 4.902077e+00 
1.406763e-01 4.902520e+00 
1.407888e-01 4.902969e+00 
1.409013e-01 4.903425e+00 
1.410138e-01 4.903886e+00 
1.411262e-01 4.904353e+00 
1.412387e-01 4.904826e+00 
1.413511e-01 4.905304e+00 
1.414635e-01 4.905788e+00 
1.415759e-01 4.906276e+00 
1.416882e-01 4.906769e+00 
1.418006e-01 4.907267e+00 
1.419129e-01 4.907769e+00 
1.420253e-01 4.908276e+00 
1.421376e-01 4.908787e+00 
1.422499e-01 4.909301e+00 
1.423622e-01 4.909819e+00 
1.424744e-01 4.910341e+00 
1.425867e-01 4.910866e+00 
1.426989e-01 4.911395e+00 
1.428111e-01 4.911926e+00 
1.429233e-01 4.912460e+00 
1.430355e-01 4.912997e+00 
1.431477e-01 4.913537e+00 
1.432599e-01 4.914078e+00 
1.433721e-01 4.914622e+00 
1.434842e-01 4.915168e+00 
1.435963e-01 4.915715e+00 
1.437085e-01 4.916264e+00 
1.438206e-01 4.916815e+00 
1.439327e-01 4.917366e+00 
1.440447e-01 4.917919e+00 
1.441568e-01 4.918473e+00 
1.442689e-01 4.919027e+00 
1.443809e-01 4.919582e+00 
1.444930e-01 4.920138e+00 
1.446050e-01 4.920693e+00 
1.447170e-01 4.921249e+00 
1.448290e-01 4.921805e+00 
1.449410e-01 4.922360e+00 
1.450530e-01 4.922915e+00 
1.451650e-01 4.923470e+00 
1.452770e-01 4.924024e+00 
1.453889e-01 4.924577e+00 
1.455009e-01 4.925129e+00 
1.456128e-01 4.925679e+00 
1.457247e-01 4.926229e+00 
1.458367e-01 4.926777e+00 
1.459486e-01 4.927323e+00 
1.460605e-01 4.927867e+00 
1.461724e-01 4.928410e+00 
1.462843e-01 4.928951e+00 
1.463962e-01 4.929489e+00 
1.465081e-01 4.930025e+00 
1.466200e-01 4.930559e+00 
1.467318e-01 4.931090e+00 
1.468437e-01 4.931618e+00 
1.469555e-01 4.932144e+00 
1.470674e-01 4.932666e+00 
1.471792e-01 4.933185e+00 
1.472911e-01 4.933701e+00 
1.474029e-01 4.934214e+00 
1.475148e-01 4.934723e+00 
1.476266e-01 4.935229e+00 
1.477384e-01 4.935731e+00 
1.478502e-01 4.936229e+00 
1.479620e-01 4.936723e+00 
1.480739e-01 4.937213e+00 
1.481857e-01 4.937699e+00 
1.482975e-01 4.938181e+00 
1.484093e-01 4.938658e+00 
1.485211e-01 4.939131e+00 
1.486329e-01 4.939599e+00 
1.487447e-01 4.940063e+00 
1.488565e-01 4.940522e+00 
1.489683e-01 4.940976e+00 
1.490801e-01 4.941424e+00 
1.491918e-01 4.941868e+00 
1.493036e-01 4.942307e+00 
1.494154e-01 4.942741e+00 
1.495272e-01 4.943169e+00 
1.496390e-01 4.943592e+00 
1.497508e-01 4.944009e+00 
1.498626e-01 4.944421e+00 
1.499743e-01 4.944828e+00 
1.500861e-01 4.945228e+00 
1.501979e-01 4.945623e+00 
1.503097e-01 4.946012e+00 
1.504215e-01 4.946395e+00 
1.505333e-01 4.946772e+00 
1.506451e-01 4.947144e+00 
1.507569e-01 4.947509e+00 
1.508686e-01 4.947868e+00 
1.509804e-01 4.948221e+00 
1.510922e-01 4.948567e+00 
1.512040e-01 4.948908e+00 
1.513158e-01 4.949242e+00 
1.514276e-01 4.949570e+00 
1.515394e-01 4.949891e+00 
1.516513e-01 4.950206e+00 
1.517631e-01 4.950514e+00 
1.518749e-01 4.950816e+00 
1.519867e-01 4.951112e+00 
1.520985e-01 4.951400e+00 
1.522103e-01 4.951682e+00 
1.523222e-01 4.951958e+00 
1.524340e-01 4.952227e+00 
1.525458e-01 4.952489e+00 
1.526577e-01 4.952745e+00 
1.527695e-01 4.952993e+00 
1.528814e-01 4.953235e+00 
1.529932e-01 4.953471e+00 
1.531051e-01 4.953699e+00 
1.532170e-01 4.953921e+00 
1.533288e-01 4.954136e+00 
1.534407e-01 4.954344e+00 
1.535526e-01 4.954546e+00 
1.536645e-01 4.954740e+00 
1.537764e-01 4.954928e+00 
1.538883e-01 4.955109e+00 
1.540002e-01 4.955283e+00 
1.541121e-01 4.955451e+00 
1.542240e-01 4.955611e+00 
1.543359e-01 4.955765e+00 
1.544478e-01 4.955913e+00 
1.545598e-01 4.956053e+00 
1.546717e-01 4.956187e+00 
1.547837e-01 4.956314e+00 
1.548956e-01 4.956434e+00 
1.550076e-01 4.956548e+00 
1.551196e-01 4.956655e+00 
1.552315e-01 4.956756e+00 
1.553435e-01 4.956849e+00 
1.554555e-01 4.956937e+00 
1.555675e-01 4.957018e+00 
1.556795e-01 4.957092e+00 
1.557915e-01 4.957160e+00 
1.559035e-01 4.957221e+00 
1.560156e-01 4.957276e+00 
1.561276e-01 4.957325e+00 
1.562396e-01 4.957367e+00 
1.563517e-01 4.957403e+00 
1.564637e-01 4.957433e+00 
1.565758e-01 4.957457e+00 
1.566879e-01 4.957474e+00 
1.568000e-01 4.957486e+00 
1.569121e-01 4.957491e+00 
1.570242e-01 4.957491e+00 
1.571363e-01 4.957484e+00 
1.572484e-01 4.957472e+00 
1.573605e-01 4.957453e+00 
1.574726e-01 4.957429e+00 
1.575848e-01 4.957399e+00 
1.576969e-01 4.957364e+00 
1.578091e-01 4.957323e+00 
1.579212e-01 4.957276e+00 
1.580334e-01 4.957224e+00 
1.581456e-01 4.957167e+00 
1.582578e-01 4.957104e+00 
1.583700e-01 4.957035e+00 
1.584822e-01 4.956962e+00 
1.585944e-01 4.956883e+00 
1.587066e-01 4.956800e+00 
1.588188e-01 4.956711e+00 
1.589311e-01 4.956617e+00 
1.590433e-01 4.956518e+00 
1.591556e-01 4.956415e+00 
1.592678e-01 4.956307e+00 
1.593801e-01 4.956194e+00 
1.594924e-01 4.956076e+00 
1.596047e-01 4.955954e+00 
1.597170e-01 4.955827e+00 
1.598293e-01 4.955697e+00 
1.599416e-01 4.955561e+00 
1.600539e-01 4.955422e+00 
1.601663e-01 4.955278e+00 
1.602786e-01 4.955130e+00 
1.603909e-01 4.954979e+00 
1.605033e-01 4.954823e+00 
1.606157e-01 4.954663e+00 
1.607280e-01 4.954500e+00 
1.608404e-01 4.954333e+00 
1.609528e-01 4.954162e+00 
1.610652e-01 4.953988e+00 
1.611776e-01 4.953811e+00 
1.612900e-01 4.953630e+00 
1.614024e-01 4.953445e+00 
1.615149e-01 4.953258e+00 
1.616273e-01 4.953067e+00 
1.617397e-01 4.952874e+00 
1.618522e-01 4.952677e+00 
1.619646e-01 4.952478e+00 
1.620771e-01 4.952275e+00 
1.621896e-01 4.952070e+00 
1.623021e-01 4.951863e+00 
1.624146e-01 4.951653e+00 
1.625270e-01 4.951440e+00 
1.626396e-01 4.951225e+00 
1.627521e-01 4.951008e+00 
1.628646e-01 4.950788e+00 
1.629771e-01 4.950567e+00 
1.630896e-01 4.950343e+00 
1.632022e-01 4.950118e+00 
1.633147e-01 4.949890e+00 
1.634273e-01 4.949661e+00 
1.635398e-01 4.949430e+00 
1.636524e-01 4.949197e+00 
1.637650e-01 4.948963e+00 
1.638775e-01 4.948727e+00 
1.639901e-01 4.948490e+00 
1.641027e-01 4.948252e+00 
1.642153e-01 4.948012e+00 
1.643279e-01 4.947772e+00 
1.644405e-01 4.947530e+00 
1.645531e-01 4.947287e+00 
1.646658e-01 4.947043e+00 
1.647784e-01 4.946799e+00 
1.648910e-01 4.946554e+00 
1.650036e-01 4.946308e+00 
1.651163e-01 4.946061e+00 
1.652289e-01 4.945814e+00 
1.653416e-01 4.945567e+00 
1.654542e-01 4.945319e+00 
1.655669e-01 4.945071e+00 
1.656796e-01 4.944822e+00 
1.657922e-01 4.944574e+00 
1.659049e-01 4.944325e+00 
1.660176e-01 4.944077e+00 
1.661303e-01 4.943829e+00 
1.662430e-01 4.943580e+00 
1.663557e-01 4.943332e+00 
1.664684e-01 4.943084e+00 
1.665811e-01 4.942837e+00 
1.666938e-01 4.942590e+00 
1.668065e-01 4.942344e+00 
1.669192e-01 4.942098e+00 
1.670319e-01 4.941852e+00 
1.671447e-01 4.941608e+00 
1.672574e-01 4.941364e+00 
1.673701e-01 4.941121e+00 
1.674828e-01 4.940879e+00 
1.675956e-01 4.940638e+00 
1.677083e-01 4.940398e+00 
1.678211e-01 4.940159e+00 
1.679338e-01 4.939921e+00 
1.680466e-01 4.939684e+00 
1.681593e-01 4.939449e+00 
1.682721e-01 4.939215e+00 
1.683848e-01 4.938982e+00 
1.684976e-01 4.938751e+00 
1.686103e-01 4.938521e+00 
1.687231e-01 4.938293e+00 
1.688359e-01 4.938067e+00 
1.689486e-01 4.937842e+00 
1.690614e-01 4.937618e+00 
1.691742e-01 4.937397e+00 
1.692869e-01 4.937177e+00 
1.693997e-01 4.936959e+00 
1.695125e-01 4.936743e+00 
1.696253e-01 4.936529e+00 
1.697380e-01 4.936317e+00 
1.698508e-01 4.936107e+00 
1.699636e-01 4.935900e+00 
1.700764e-01 4.935694e+00 
1.701892e-01 4.935490e+00 
1.703019e-01 4.935289e+00 
1.704147e-01 4.935090e+00 
1.705275e-01 4.934893e+00 
1.706403e-01 4.934698e+00 
1.707531e-01 4.934506e+00 
1.708659e-01 4.934316e+00 
1.709787e-01 4.934129e+00 
1.710914e-01 4.933944e+00 
1.712042e-01 4.933762e+00 
1.713170e-01 4.933582e+00 
1.714298e-01 4.933405e+00 
1.715426e-01 4.933230e+00 
1.716554e-01 4.933058e+00 
1.717681e-01 4.932888e+00 
1.718809e-01 4.932722e+00 
1.719937e-01 4.932557e+00 
1.721065e-01 4.932396e+00 
1.722193e-01 4.932238e+00 
1.723321e-01 4.932082e+00 
1.724448e-01 4.931929e+00 
1.725576e-01 4.931779e+00 
1.726704e-01 4.931631e+00 
1.727832e-01 4.931487e+00 
1.728960e-01 4.931345e+00 
1.730087e-01 4.931206e+00 
1.731215e-01 4.931070e+00 
1.732343e-01 4.930937e+00 
1.733470e-01 4.930807e+00 
1.734598e-01 4.930680e+00 
1.735726e-01 4.930556e+00 
1.736853e-01 4.930435e+00 
1.737981e-01 4.930317e+00 
1.739109e-01 4.930202e+00 
1.740236e-01 4.930090e+00 
1.741364e-01 4.929980e+00 
1.742491e-01 4.929874e+00 
1.743619e-01 4.929771e+00 
1.744746e-01 4.929671e+00 
1.745874e-01 4.929574e+00 
1.747001e-01 4.929480e+00 
1.748129e-01 4.929389e+00 
1.749256e-01 4.929301e+00 
1.750384e-01 4.929216e+00 
1.751511e-01 4.929134e+00 
1.752638e-01 4.929055e+00 
1.753765e-01 4.928979e+00 
1.754893e-01 4.928906e+00 
1.756020e-01 4.928836e+00 
1.757147e-01 4.928769e+00 
1.758274e-01 4.928705e+00 
1.759402e-01 4.928644e+00 
1.760529e-01 4.928586e+00 
1.761656e-01 4.928532e+00 
1.762783e-01 4.928480e+00 
1.763910e-01 4.928431e+00 
1.765037e-01 4.928385e+00 
1.766164e-01 4.928341e+00 
1.767291e-01 4.928301e+00 
1.768418e-01 4.928264e+00 
1.769545e-01 4.928230e+00 
1.770672e-01 4.928198e+00 
1.771798e-01 4.928169e+00 
1.772925e-01 4.928144e+00 
1.774052e-01 4.928121e+00 
1.775179e-01 4.928101e+00 
1.776305e-01 4.928083e+00 
1.777432e-01 4.928069e+00 
1.778558e-01 4.928057e+00 
1.779685e-01 4.928048e+00 
1.780812e-01 4.928042e+00 
1.781938e-01 4.928038e+00 
1.783065e-01 4.928037e+00 
1.784191e-01 4.928039e+00 
1.785317e-01 4.928043e+00 
1.786444e-01 4.928050e+00 
1.787570e-01 4.928060e+00 
1.788696e-01 4.928072e+00 
1.789823e-01 4.928086e+00 
1.790949e-01 4.928104e+00 
1.792075e-01 4.928123e+00 
1.793201e-01 4.928145e+00 
1.794327e-01 4.928170e+00 
1.795453e-01 4.928197e+00 
1.796579e-01 4.928226e+00 
1.797705e-01 4.928258e+00 
1.798831e-01 4.928291e+00 
1.799957e-01 4.928328e+00 
1.801083e-01 4.928366e+00 
1.802209e-01 4.928407e+00 
1.803334e-01 4.928450e+00 
1.804460e-01 4.928495e+00 
1.805586e-01 4.928542e+00 
1.806712e-01 4.928591e+00 
1.807837e-01 4.928643e+00 
1.808963e-01 4.928696e+00 
1.810088e-01 4.928751e+00 
1.811214e-01 4.928809e+00 
1.812339e-01 4.928868e+00 
1.813465e-01 4.928929e+00 
1.814590e-01 4.928992e+00 
1.815716e-01 4.929057e+00 
1.816841e-01 4.929124e+00 
1.817966e-01 4.929192e+00 
1.819092e-01 4.929263e+00 
1.820217e-01 4.929335e+00 
1.821342e-01 4.929408e+00 
1.822467e-01 4.929483e+00 
1.823592e-01 4.929560e+00 
1.824717e-01 4.929638e+00 
1.825842e-01 4.929718e+00 
1.826967e-01 4.929800e+00 
1.828092e-01 4.929882e+00 
1.829217e-01 4.929966e+00 
1.830342e-01 4.930052e+00 
1.831467e-01 4.930139e+00 
1.832592e-01 4.930227e+00 
1.833717e-01 4.930316e+00 
1.834842e-01 4.930407e+00 
1.835966e-01 4.930499e+00 
1.837091e-01 4.930592e+00 
1.838216e-01 4.930686e+00 
1.839340e-01 4.930781e+00 
1.840465e-01 4.930877e+00 
1.841589e-01 4.930975e+00 
1.842714e-01 4.931073e+00 
1.843839e-01 4.931172e+00 
1.844963e-01 4.931272e+00 
1.846088e-01 4.931373e+00 
1.847212e-01 4.931475e+00 
1.848336e-01 4.931577e+00 
1.849461e-01 4.931680e+00 
1.850585e-01 4.931784e+00 
1.851709e-01 4.931889e+00 
1.852834e-01 4.931994e+00 
1.853958e-01 4.932100e+00 
1.855082e-01 4.932206e+00 
1.856206e-01 4.932313e+00 
1.857330e-01 4.932421e+00 
1.858455e-01 4.932529e+00 
1.859579e-01 4.932637e+00 
1.860703e-01 4.932746e+00 
1.861827e-01 4.932855e+00 
1.862951e-01 4.932964e+00 
1.864075e-01 4.933074e+00 
1.865199e-01 4.933184e+00 
1.866323e-01 4.933294e+00 
1.867447e-01 4.933404e+00 
1.868571e-01 4.933515e+00 
1.869695e-01 4.933626e+00 
1.870819e-01 4.933736e+00 
1.871942e-01 4.933847e+00 
1.873066e-01 4.933958e+00 
1.874190e-01 4.934068e+00 
1.875314e-01 4.934179e+00 
1.876438e-01 4.934290e+00 
1.877561e-01 4.934400e+00 
1.878685e-01 4.934511e+00 
1.879809e-01 4.934621e+00 
1.880933e-01 4.934731e+00 
1.882056e-01 4.934840e+00 
1.883180e-01 4.934950e+00 
1.884304e-01 4.935059e+00 
1.885427e-01 4.935168e+00 
1.886551e-01 4.935276e+00 
1.887675e-01 4.935385e+00 
1.888798e-01 4.935492e+00 
1.889922e-01 4.935600e+00 
1.891045e-01 4.935706e+00 
1.892169e-01 4.935813e+00 
1.893292e-01 4.935918e+00 
1.894416e-01 4.936024e+00 
1.895539e-01 4.936128e+00 
1.896663e-01 4.936232e+00 
1.897786e-01 4.936336e+00 
1.898910e-01 4.936439e+00 
1.900033e-01 4.936541e+00 
1.901157e-01 4.936642e+00 
1.902280e-01 4.936743e+00 
1.903404e-01 4.936843e+00 
1.904527e-01 4.936942e+00 
1.905651e-01 4.937041e+00 
1.906774e-01 4.937138e+00 
1.907897e-01 4.937235e+00 
1.909021e-01 4.937331e+00 
1.910144e-01 4.937426e+00 
1.911268e-01 4.937520e+00 
1.912391e-01 4.937614e+00 
1.913514e-01 4.937706e+00 
1.914638e-01 4.937797e+00 
1.915761e-01 4.937888e+00 
1.916885e-01 4.937977e+00 
1.918008e-01 4.938066e+00 
1.919131e-01 4.938153e+00 
1.920255e-01 4.938239e+00 
1.921378e-01 4.938325e+00 
1.922501e-01 4.938409e+00 
1.923625e-01 4.938492e+00 
1.924748e-01 4.938574e+00 
1.925872e-01 4.938655e+00 
1.926995e-01 4.938735e+00 
1.928118e-01 4.938813e+00 
1.929242e-01 4.938891e+00 
1.930365e-01 4.938967e+00 
1.931488e-01 4.939042e+00 
1.932612e-01 4.939116e+00 
1.933735e-01 4.939189e+00 
1.934859e-01 4.939260e+00 
1.935982e-01 4.939331e+00 
1.937105e-01 4.939400e+00 
1.938229e-01 4.939467e+00 
1.939352e-01 4.939534e+00 
1.940476e-01 4.939599e+00 
1.941599e-01 4.939663e+00 
1.942722e-01 4.939726e+00 
1.943846e-01 4.939787e+00 
1.944969e-01 4.939847e+00 
1.946093e-01 4.939906e+00 
1.947216e-01 4.939964e+00 
1.948340e-01 4.940020e+00 
1.949463e-01 4.940075e+00 
1.950586e-01 4.940128e+00 
1.951710e-01 4.940180e+00 
1.952833e-01 4.940231e+00 
1.953957e-01 4.940281e+00 
1.955080e-01 4.940329e+00 
1.956204e-01 4.940376e+00 
1.957327e-01 4.940421e+00 
1.958451e-01 4.940465e+00 
1.959575e-01 4.940508e+00 
1.960698e-01 4.940550e+00 
1.961822e-01 4.940590e+00 
1.962945e-01 4.940629e+00 
1.964069e-01 4.940666e+00 
1.965192e-01 4.940702e+00 
1.966316e-01 4.940737e+00 
1.967440e-01 4.940770e+00 
1.968563e-01 4.940802e+00 
1.969687e-01 4.940833e+00 
1.970811e-01 4.940862e+00 
1.971934e-01 4.940890e+00 
1.973058e-01 4.940917e+00 
1.974182e-01 4.940942e+00 
1.975305e-01 4.940966e+00 
1.976429e-01 4.940989e+00 
1.977553e-01 4.941010e+00 
1.978677e-01 4.941030e+00 
1.979800e-01 4.941049e+00 
1.980924e-01 4.941066e+00 
1.982048e-01 4.941082e+00 
1.983172e-01 4.941097e+00 
1.984295e-01 4.941111e+00 
1.985419e-01 4.941123e+00 
1.986543e-01 4.941134e+00 
1.987667e-01 4.941144e+00 
1.988791e-01 4.941152e+00 
1.989915e-01 4.941160e+00 
1.991039e-01 4.941166e+00 
1.992163e-01 4.941170e+00 
1.993287e-01 4.941174e+00 
1.994411e-01 4.941176e+00 
1.995535e-01 4.941177e+00 
1.996659e-01 4.941177e+00 
1.997783e-01 4.941176e+00 
1.998907e-01 4.941174e+00 
2.000031e-01 4.941170e+00 
2.001155e-01 4.941165e+00 
2.002279e-01 4.941160e+00 
2.003403e-01 4.941153e+00 
2.004527e-01 4.941144e+00 
2.005651e-01 4.941135e+00 
2.006775e-01 4.941125e+00 
2.007899e-01 4.941114e+00 
2.009024e-01 4.941101e+00 
2.010148e-01 4.941088e+00 
2.011272e-01 4.941073e+00 
2.012396e-01 4.941057e+00 
2.013520e-01 4.941041e+00 
2.014645e-01 4.941023e+00 
2.015769e-01 4.941005e+00 
2.016893e-01 4.940985e+00 
2.018018e-01 4.940965e+00 
2.019142e-01 4.940943e+00 
2.020266e-01 4.940921e+00 
2.021391e-01 4.940898e+00 
2.022515e-01 4.940873e+00 
2.023639e-01 4.940848e+00 
2.024764e-01 4.940822e+00 
2.025888e-01 4.940795e+00 
2.027013e-01 4.940768e+00 
2.028137e-01 4.940739e+00 
2.029262e-01 4.940710e+00 
2.030386e-01 4.940680e+00 
2.031511e-01 4.940649e+00 
2.032635e-01 4.940617e+00 
2.033760e-01 4.940585e+00 
2.034884e-01 4.940552e+00 
2.036009e-01 4.940518e+00 
2.037133e-01 4.940483e+00 
2.038258e-01 4.940448e+00 
2.039383e-01 4.940412e+00 
2.040507e-01 4.940376e+00 
2.041632e-01 4.940338e+00 
2.042757e-01 4.940300e+00 
2.043881e-01 4.940262e+00 
2.045006e-01 4.940223e+00 
2.046131e-01 4.940183e+00 
2.047255e-01 4.940143e+00 
2.048380e-01 4.940103e+00 
2.049505e-01 4.940061e+00 
2.050630e-01 4.940020e+00 
2.051754e-01 4.939977e+00 
2.052879e-01 4.939935e+00 
2.054004e-01 4.939892e+00 
2.055129e-01 4.939848e+00 
2.056254e-01 4.939804e+00 
2.057379e-01 4.939759e+00 
2.058503e-01 4.939715e+00 
2.059628e-01 4.939669e+00 
2.060753e-01 4.939624e+00 
2.061878e-01 4.939578e+00 
2.063003e-01 4.939532e+00 
2.064128e-01 4.939485e+00 
2.065253e-01 4.939438e+00 
2.066378e-01 4.939391e+00 
2.067503e-01 4.939344e+00 
2.068628e-01 4.939296e+00 
2.069753e-01 4.939249e+00 
2.070878e-01 4.939200e+00 
2.072003e-01 4.939152e+00 
2.073128e-01 4.939104e+00 
2.074253e-01 4.939055e+00 
2.075378e-01 4.939006e+00 
2.076503e-01 4.938958e+00 
2.077628e-01 4.938909e+00 
2.078753e-01 4.938859e+00 
2.079878e-01 4.938810e+00 
2.081004e-01 4.938761e+00 
2.082129e-01 4.938712e+00 
2.083254e-01 4.938662e+00 
2.084379e-01 4.938613e+00 
2.085504e-01 4.938563e+00 
2.086629e-01 4.938514e+00 
2.087754e-01 4.938465e+00 
2.088880e-01 4.938415e+00 
2.090005e-01 4.938366e+00 
2.091130e-01 4.938317e+00 
2.092255e-01 4.938267e+00 
2.093380e-01 4.938218e+00 
2.094506e-01 4.938169e+00 
2.095631e-01 4.938120e+00 
2.096756e-01 4.938071e+00 
2.097881e-01 4.938023e+00 
2.099007e-01 4.937974e+00 
2.100132e-01 4.937926e+00 
2.101257e-01 4.937878e+00 
2.102382e-01 4.937830e+00 
2.103508e-01 4.937782e+00 
2.104633e-01 4.937734e+00 
2.105758e-01 4.937687e+00 
2.106883e-01 4.937640e+00 
2.108009e-01 4.937593e+00 
2.109134e-01 4.937547e+00 
2.110259e-01 4.937500e+00 
2.111385e-01 4.937454e+00 
2.112510e-01 4.937408e+00 
2.113635e-01 4.937363e+00 
2.114761e-01 4.937318e+00 
2.115886e-01 4.937273e+00 
2.117011e-01 4.937229e+00 
2.118137e-01 4.937185e+00 
2.119262e-01 4.937141e+00 
2.120387e-01 4.937097e+00 
2.121513e-01 4.937054e+00 
2.122638e-01 4.937012e+00 
2.123763e-01 4.936970e+00 
2.124889e-01 4.936928e+00 
2.126014e-01 4.936886e+00 
2.127139e-01 4.936845e+00 
2.128265e-01 4.936805e+00 
2.129390e-01 4.936765e+00 
2.130516e-01 4.936725e+00 
2.131641e-01 4.936686e+00 
2.132766e-01 4.936647e+00 
2.133892e-01 4.936609e+00 
2.135017e-01 4.936571e+00 
2.136142e-01 4.936533e+00 
2.137268e-01 4.936497e+00 
2.138393e-01 4.936460e+00 
2.139518e-01 4.936424e+00 
2.140644e-01 4.936389e+00 
2.141769e-01 4.936354e+00 
2.142895e-01 4.936320e+00 
2.144020e-01 4.936286e+00 
2.145145e-01 4.936253e+00 
2.146271e-01 4.936220e+00 
2.147396e-01 4.936188e+00 
2.148521e-01 4.936156e+00 
2.149647e-01 4.936125e+00 
2.150772e-01 4.936095e+00 
2.151897e-01 4.936065e+00 
2.153023e-01 4.936035e+00 
2.154148e-01 4.936006e+00 
2.155273e-01 4.935978e+00 
2.156399e-01 4.935951e+00 
2.157524e-01 4.935923e+00 
2.158649e-01 4.935897e+00 
2.159775e-01 4.935871e+00 
2.160900e-01 4.935846e+00 
2.162025e-01 4.935821e+00 
2.163151e-01 4.935797e+00 
2.164276e-01 4.935773e+00 
2.165401e-01 4.935750e+00 
2.166527e-01 4.935728e+00 
2.167652e-01 4.935706e+00 
2.168777e-01 4.935685e+00 
2.169903e-01 4.935664e+00 
2.171028e-01 4.935644e+00 
2.172153e-01 4.935624e+00 
2.173279e-01 4.935606e+00 
2.174404e-01 4.935587e+00 
2.175529e-01 4.935570e+00 
2.176654e-01 4.935553e+00 
2.177780e-01 4.935536e+00 
2.178905e-01 4.935521e+00 
2.180030e-01 4.935505e+00 
2.181155e-01 4.935491e+00 
2.182281e-01 4.935477e+00 
2.183406e-01 4.935463e+00 
2.184531e-01 4.935451e+00 
2.185656e-01 4.935438e+00 
2.186782e-01 4.935427e+00 
2.187907e-01 4.935416e+00 
2.189032e-01 4.935405e+00 
2.190157e-01 4.935396e+00 
2.191282e-01 4.935386e+00 
2.192408e-01 4.935378e+00 
2.193533e-01 4.935370e+00 
2.194658e-01 4.935362e+00 
2.195783e-01 4.935355e+00 
2.196908e-01 4.935349e+00 
2.198033e-01 4.935343e+00 
2.199159e-01 4.935338e+00 
2.200284e-01 4.935333e+00 
2.201409e-01 4.935329e+00 
2.202534e-01 4.935326e+00 
2.203659e-01 4.935323e+00 
2.204784e-01 4.935320e+00 
2.205909e-01 4.935318e+00 
2.207034e-01 4.935317e+00 
2.208160e-01 4.935316e+00 
2.209285e-01 4.935316e+00 
2.210410e-01 4.935316e+00 
2.211535e-01 4.935317e+00 
2.212660e-01 4.935318e+00 
2.213785e-01 4.935320e+00 
2.214910e-01 4.935323e+00 
2.216035e-01 4.935325e+00 
2.217160e-01 4.935329e+00 
2.218285e-01 4.935333e+00 
2.219410e-01 4.935337e+00 
2.220535e-01 4.935342e+00 
2.221660e-01 4.935347e+00 
2.222785e-01 4.935353e+00 
2.223910e-01 4.935359e+00 
2.225035e-01 4.935366e+00 
2.226160e-01 4.935373e+00 
2.227285e-01 4.935380e+00 
2.228410e-01 4.935389e+00 
2.229535e-01 4.935397e+00 
2.230660e-01 4.935406e+00 
2.231785e-01 4.935415e+00 
2.232910e-01 4.935425e+00 
2.234035e-01 4.935435e+00 
2.235160e-01 4.935446e+00 
2.236285e-01 4.935457e+00 
2.237410e-01 4.935468e+00 
2.238534e-01 4.935480e+00 
2.239659e-01 4.935492e+00 
2.240784e-01 4.935505e+00 
2.241909e-01 4.935517e+00 
2.243034e-01 4.935531e+00 
2.244159e-01 4.935544e+00 
2.245284e-01 4.935558e+00 
2.246408e-01 4.935572e+00 
2.247533e-01 4.935587e+00 
2.248658e-01 4.935602e+00 
2.249783e-01 4.935617e+00 
2.250908e-01 4.935633e+00 
2.252033e-01 4.935649e+00 
2.253157e-01 4.935665e+00 
2.254282e-01 4.935681e+00 
2.255407e-01 4.935698e+00 
2.256532e-01 4.935715e+00 
2.257657e-01 4.935732e+00 
2.258781e-01 4.935750e+00 
2.259906e-01 4.935767e+00 
2.261031e-01 4.935785e+00 
2.262156e-01 4.935804e+00 
2.263280e-01 4.935822e+00 
2.264405e-01 4.935841e+00 
2.265530e-01 4.935860e+00 
2.266655e-01 4.935879e+00 
2.267779e-01 4.935898e+00 
2.268904e-01 4.935918e+00 
2.270029e-01 4.935938e+00 
2.271153e-01 4.935957e+00 
2.272278e-01 4.935978e+00 
2.273403e-01 4.935998e+00 
2.274527e-01 4.936018e+00 
2.275652e-01 4.936039e+00 
2.276777e-01 4.936059e+00 
2.277901e-01 4.936080e+00 
2.279026e-01 4.936101e+00 
2.280151e-01 4.936122e+00 
2.281275e-01 4.936143e+00 
2.282400e-01 4.936165e+00 
2.283525e-01 4.936186e+00 
2.284649e-01 4.936207e+00 
2.285774e-01 4.936229e+00 
2.286898e-01 4.936251e+00 
2.288023e-01 4.936272e+00 
2.289148e-01 4.936294e+00 
2.290272e-01 4.936316e+00 
2.291397e-01 4.936338e+00 
2.292522e-01 4.936360e+00 
2.293646e-01 4.936382e+00 
2.294771e-01 4.936404e+00 
2.295895e-01 4.936426e+00 
2.297020e-01 4.936448e+00 
2.298144e-01 4.936470e+00 
2.299269e-01 4.936492e+00 
2.300394e-01 4.936514e+00 
2.301518e-01 4.936536e+00 
2.302643e-01 4.936558e+00 
2.303767e-01 4.936580e+00 
2.304892e-01 4.936602e+00 
2.306016e-01 4.936624e+00 
2.307141e-01 4.936646e+00 
2.308265e-01 4.936668e+00 
2.309390e-01 4.936689e+00 
2.310514e-01 4.936711e+00 
