#time,vrms
2.429199e-04 1.791122e+00 
4.858398e-04 1.892500e+00 
7.287598e-04 1.999613e+00 
9.716797e-04 2.112784e+00 
1.214600e-03 2.232355e+00 
1.457520e-03 2.358686e+00 
1.700439e-03 2.492160e+00 
1.943359e-03 2.633178e+00 
2.186279e-03 2.782166e+00 
2.429199e-03 2.939573e+00 
2.672119e-03 3.105871e+00 
2.915039e-03 3.281561e+00 
3.157959e-03 3.467170e+00 
3.400879e-03 3.663256e+00 
3.643799e-03 3.870405e+00 
3.886719e-03 4.089237e+00 
4.129639e-03 4.320406e+00 
4.372559e-03 4.564601e+00 
4.615479e-03 4.822547e+00 
4.858398e-03 5.095012e+00 
5.101318e-03 5.382800e+00 
5.344238e-03 5.686763e+00 
5.587158e-03 6.007793e+00 
5.830078e-03 6.346833e+00 
6.072998e-03 6.704872e+00 
6.315918e-03 7.082951e+00 
6.558838e-03 7.482164e+00 
6.801758e-03 7.903660e+00 
7.044678e-03 8.348641e+00 
7.287598e-03 8.818372e+00 
7.530518e-03 9.314175e+00 
7.773438e-03 9.837433e+00 
8.016357e-03 1.038959e+01 
8.259277e-03 1.097216e+01 
8.502197e-03 1.158670e+01 
8.745117e-03 1.223486e+01 
8.988037e-03 1.291832e+01 
9.230957e-03 1.363885e+01 
9.473877e-03 1.439825e+01 
9.716797e-03 1.519838e+01 
9.959717e-03 1.604116e+01 
1.020264e-02 1.692854e+01 
1.044556e-02 1.786250e+01 
1.068848e-02 1.884504e+01 
1.093140e-02 1.987818e+01 
1.117432e-02 2.096392e+01 
1.141724e-02 2.210422e+01 
1.165394e-02 2.330101e+01 
1.187880e-02 2.452415e+01 
1.209299e-02 2.574060e+01 
1.229753e-02 2.695001e+01 
1.249330e-02 2.815206e+01 
1.268107e-02 2.934641e+01 
1.286149e-02 3.053276e+01 
1.303518e-02 3.171079e+01 
1.320265e-02 3.288021e+01 
1.336438e-02 3.404070e+01 
1.352077e-02 3.519198e+01 
1.367221e-02 3.633377e+01 
1.381904e-02 3.746578e+01 
1.396157e-02 3.858774e+01 
1.410006e-02 3.969939e+01 
1.423478e-02 4.080047e+01 
1.436596e-02 4.189072e+01 
1.449381e-02 4.296990e+01 
1.461852e-02 4.403777e+01 
1.474027e-02 4.509409e+01 
1.485924e-02 4.613865e+01 
1.497556e-02 4.717121e+01 
1.508939e-02 4.819158e+01 
1.520085e-02 4.919953e+01 
1.531006e-02 5.019488e+01 
1.541715e-02 5.117744e+01 
1.552221e-02 5.214700e+01 
1.562535e-02 5.310341e+01 
1.572665e-02 5.404648e+01 
1.582621e-02 5.497606e+01 
1.592411e-02 5.589198e+01 
1.602042e-02 5.679409e+01 
1.611521e-02 5.768224e+01 
1.620857e-02 5.855631e+01 
1.630054e-02 5.941615e+01 
1.639119e-02 6.026165e+01 
1.648058e-02 6.109268e+01 
1.656876e-02 6.190913e+01 
1.665578e-02 6.271090e+01 
1.674170e-02 6.349788e+01 
1.682656e-02 6.426999e+01 
1.691041e-02 6.502714e+01 
1.699328e-02 6.576924e+01 
1.707522e-02 6.649622e+01 
1.715627e-02 6.720802e+01 
1.723647e-02 6.790456e+01 
1.731584e-02 6.858580e+01 
1.739443e-02 6.925167e+01 
1.747226e-02 6.990213e+01 
1.754936e-02 7.053713e+01 
1.762576e-02 7.115661e+01 
1.770150e-02 7.176055e+01 
1.777660e-02 7.234893e+01 
1.785108e-02 7.292172e+01 
1.792497e-02 7.347892e+01 
1.799830e-02 7.402051e+01 
1.807109e-02 7.454650e+01 
1.814337e-02 7.505688e+01 
1.821515e-02 7.555165e+01 
1.828645e-02 7.603084e+01 
1.835730e-02 7.649446e+01 
1.842773e-02 7.694251e+01 
1.849773e-02 7.737504e+01 
1.856735e-02 7.779206e+01 
1.863659e-02 7.819361e+01 
1.870547e-02 7.857972e+01 
1.877401e-02 7.895043e+01 
1.884223e-02 7.930579e+01 
1.891014e-02 7.964584e+01 
1.897776e-02 7.997064e+01 
1.904511e-02 8.028022e+01 
1.911220e-02 8.057467e+01 
1.917904e-02 8.085402e+01 
1.924565e-02 8.111835e+01 
1.931205e-02 8.136773e+01 
1.937824e-02 8.160222e+01 
1.944425e-02 8.182190e+01 
1.951008e-02 8.202684e+01 
1.957575e-02 8.221711e+01 
1.964127e-02 8.239282e+01 
1.970666e-02 8.255402e+01 
1.977192e-02 8.270082e+01 
1.983707e-02 8.283330e+01 
1.990212e-02 8.295155e+01 
1.996709e-02 8.305566e+01 
2.003197e-02 8.314574e+01 
2.009678e-02 8.322187e+01 
2.016147e-02 8.328415e+01 
2.022605e-02 8.333267e+01 
2.029055e-02 8.336756e+01 
2.035496e-02 8.338898e+01 
2.041930e-02 8.339707e+01 
2.048357e-02 8.339198e+01 
2.054779e-02 8.337387e+01 
2.061196e-02 8.334288e+01 
2.067609e-02 8.329919e+01 
2.074019e-02 8.324294e+01 
2.080427e-02 8.317430e+01 
2.086834e-02 8.309344e+01 
2.093241e-02 8.300052e+01 
2.099648e-02 8.289570e+01 
2.106057e-02 8.277916e+01 
2.112467e-02 8.265106e+01 
2.118881e-02 8.251159e+01 
2.125298e-02 8.236091e+01 
2.131719e-02 8.219920e+01 
2.138146e-02 8.202663e+01 
2.144580e-02 8.184339e+01 
2.151019e-02 8.164965e+01 
2.157467e-02 8.144559e+01 
2.163923e-02 8.123139e+01 
2.170388e-02 8.100724e+01 
2.176863e-02 8.077331e+01 
2.183349e-02 8.052980e+01 
2.189845e-02 8.027689e+01 
2.196353e-02 8.001478e+01 
2.202874e-02 7.974366e+01 
2.209408e-02 7.946370e+01 
2.215956e-02 7.917511e+01 
2.222518e-02 7.887805e+01 
2.229097e-02 7.857273e+01 
2.235691e-02 7.825932e+01 
2.242303e-02 7.793802e+01 
2.248932e-02 7.760901e+01 
2.255580e-02 7.727248e+01 
2.262248e-02 7.692861e+01 
2.268935e-02 7.657760e+01 
2.275643e-02 7.621962e+01 
2.282373e-02 7.585486e+01 
2.289126e-02 7.548352e+01 
2.295901e-02 7.510576e+01 
2.302700e-02 7.472179e+01 
2.309525e-02 7.433178e+01 
2.316374e-02 7.393591e+01 
2.323250e-02 7.353436e+01 
2.330153e-02 7.312733e+01 
2.337083e-02 7.271499e+01 
2.344043e-02 7.229752e+01 
2.351032e-02 7.187510e+01 
2.358051e-02 7.144791e+01 
2.365101e-02 7.101613e+01 
2.372183e-02 7.057993e+01 
2.379297e-02 7.013950e+01 
2.386445e-02 6.969500e+01 
2.393628e-02 6.924661e+01 
2.400846e-02 6.879451e+01 
2.408099e-02 6.833887e+01 
2.415390e-02 6.787986e+01 
2.422718e-02 6.741765e+01 
2.430084e-02 6.695245e+01 
2.437489e-02 6.648440e+01 
2.444934e-02 6.601370e+01 
2.452420e-02 6.554049e+01 
2.459947e-02 6.506495e+01 
2.467518e-02 6.458723e+01 
2.475131e-02 6.410751e+01 
2.482789e-02 6.362594e+01 
2.490493e-02 6.314268e+01 
2.498243e-02 6.265789e+01 
2.506039e-02 6.217173e+01 
2.513885e-02 6.168436e+01 
2.521779e-02 6.119593e+01 
2.529723e-02 6.070659e+01 
2.537718e-02 6.021650e+01 
2.545766e-02 5.972580e+01 
2.553866e-02 5.923465e+01 
2.562020e-02 5.874319e+01 
2.570229e-02 5.825157e+01 
2.578495e-02 5.775994e+01 
2.586817e-02 5.726844e+01 
2.595197e-02 5.677720e+01 
2.603637e-02 5.628638e+01 
2.612136e-02 5.579612e+01 
2.620697e-02 5.530654e+01 
2.629319e-02 5.481778e+01 
2.638005e-02 5.432999e+01 
2.646756e-02 5.384329e+01 
2.655571e-02 5.335781e+01 
2.664453e-02 5.287369e+01 
2.673403e-02 5.239105e+01 
2.682421e-02 5.191003e+01 
2.691509e-02 5.143074e+01 
2.700668e-02 5.095331e+01 
2.709898e-02 5.047786e+01 
2.719202e-02 5.000452e+01 
2.728580e-02 4.953339e+01 
2.738033e-02 4.906461e+01 
2.747562e-02 4.859828e+01 
2.757168e-02 4.813452e+01 
2.766853e-02 4.767344e+01 
2.776616e-02 4.721519e+01 
2.786459e-02 4.675985e+01 
2.796384e-02 4.630755e+01 
2.806391e-02 4.585839e+01 
2.816482e-02 4.541246e+01 
2.826657e-02 4.496987e+01 
2.836917e-02 4.453073e+01 
2.847264e-02 4.409511e+01 
2.857699e-02 4.366313e+01 
2.868222e-02 4.323487e+01 
2.878835e-02 4.281043e+01 
2.889539e-02 4.238989e+01 
2.900334e-02 4.197335e+01 
2.911222e-02 4.156088e+01 
2.922204e-02 4.115258e+01 
2.933281e-02 4.074852e+01 
2.944453e-02 4.034878e+01 
2.955722e-02 3.995344e+01 
2.967088e-02 3.956258e+01 
2.978552e-02 3.917627e+01 
2.990116e-02 3.879458e+01 
3.001779e-02 3.841759e+01 
3.013543e-02 3.804535e+01 
3.025409e-02 3.767794e+01 
3.037377e-02 3.731541e+01 
3.049447e-02 3.695783e+01 
3.061622e-02 3.660526e+01 
3.073900e-02 3.625775e+01 
3.086284e-02 3.591537e+01 
3.098772e-02 3.557815e+01 
3.111367e-02 3.524616e+01 
3.124067e-02 3.491944e+01 
3.136874e-02 3.459804e+01 
3.149789e-02 3.428200e+01 
3.162810e-02 3.397136e+01 
3.175939e-02 3.366617e+01 
3.189176e-02 3.336647e+01 
3.202520e-02 3.307228e+01 
3.215972e-02 3.278365e+01 
3.229531e-02 3.250062e+01 
3.243197e-02 3.222322e+01 
3.256969e-02 3.195148e+01 
3.270849e-02 3.168541e+01 
3.284835e-02 3.142506e+01 
3.298927e-02 3.117042e+01 
3.313125e-02 3.092154e+01 
3.327428e-02 3.067841e+01 
3.341836e-02 3.044106e+01 
3.356347e-02 3.020949e+01 
3.370963e-02 2.998373e+01 
3.385680e-02 2.976378e+01 
3.400500e-02 2.954965e+01 
3.415420e-02 2.934135e+01 
3.430440e-02 2.913887e+01 
3.445559e-02 2.894222e+01 
3.460775e-02 2.875141e+01 
3.476087e-02 2.856643e+01 
3.491494e-02 2.838728e+01 
3.506994e-02 2.821396e+01 
3.522586e-02 2.804645e+01 
3.538269e-02 2.788476e+01 
3.554040e-02 2.772888e+01 
3.569898e-02 2.757880e+01 
3.585841e-02 2.743449e+01 
3.601867e-02 2.729596e+01 
3.617974e-02 2.716319e+01 
3.634161e-02 2.703617e+01 
3.650424e-02 2.691487e+01 
3.666762e-02 2.679928e+01 
3.683173e-02 2.668938e+01 
3.699653e-02 2.658515e+01 
3.716202e-02 2.648657e+01 
3.732815e-02 2.639362e+01 
3.749492e-02 2.630626e+01 
3.766228e-02 2.622449e+01 
3.783023e-02 2.614827e+01 
3.799872e-02 2.607757e+01 
3.816773e-02 2.601237e+01 
3.833724e-02 2.595264e+01 
3.850721e-02 2.589834e+01 
3.867762e-02 2.584946e+01 
3.884844e-02 2.580594e+01 
3.901964e-02 2.576777e+01 
3.919119e-02 2.573490e+01 
3.936307e-02 2.570731e+01 
3.953523e-02 2.568495e+01 
3.970766e-02 2.566779e+01 
3.988032e-02 2.565579e+01 
4.005318e-02 2.564892e+01 
4.022622e-02 2.564713e+01 
4.039940e-02 2.565038e+01 
4.057270e-02 2.565863e+01 
4.074608e-02 2.567184e+01 
4.091952e-02 2.568996e+01 
4.109298e-02 2.571295e+01 
4.126644e-02 2.574077e+01 
4.143987e-02 2.577337e+01 
4.161324e-02 2.581070e+01 
4.178652e-02 2.585272e+01 
4.195967e-02 2.589937e+01 
4.213267e-02 2.595060e+01 
4.230548e-02 2.600637e+01 
4.247809e-02 2.606662e+01 
4.265047e-02 2.613129e+01 
4.282258e-02 2.620033e+01 
4.299442e-02 2.627370e+01 
4.316595e-02 2.635132e+01 
4.333714e-02 2.643316e+01 
4.350798e-02 2.651914e+01 
4.367845e-02 2.660921e+01 
4.384851e-02 2.670332e+01 
4.401816e-02 2.680140e+01 
4.418737e-02 2.690340e+01 
4.435612e-02 2.700925e+01 
4.452439e-02 2.711889e+01 
4.469217e-02 2.723227e+01 
4.485943e-02 2.734931e+01 
4.502616e-02 2.746996e+01 
4.519235e-02 2.759414e+01 
4.535797e-02 2.772181e+01 
4.552302e-02 2.785288e+01 
4.568748e-02 2.798730e+01 
4.585134e-02 2.812500e+01 
4.601457e-02 2.826592e+01 
4.617718e-02 2.840997e+01 
4.633916e-02 2.855711e+01 
4.650048e-02 2.870726e+01 
4.666112e-02 2.886035e+01 
4.682109e-02 2.901630e+01 
4.698036e-02 2.917503e+01 
4.713893e-02 2.933649e+01 
4.729680e-02 2.950059e+01 
4.745395e-02 2.966727e+01 
4.761039e-02 2.983646e+01 
4.776611e-02 3.000808e+01 
4.792109e-02 3.018206e+01 
4.807535e-02 3.035834e+01 
4.822887e-02 3.053684e+01 
4.838165e-02 3.071749e+01 
4.853369e-02 3.090022e+01 
4.868499e-02 3.108496e+01 
4.883555e-02 3.127163e+01 
4.898536e-02 3.146016e+01 
4.913442e-02 3.165048e+01 
4.928274e-02 3.184252e+01 
4.943032e-02 3.203621e+01 
4.957715e-02 3.223148e+01 
4.972323e-02 3.242825e+01 
4.986858e-02 3.262646e+01 
5.001318e-02 3.282602e+01 
5.015705e-02 3.302688e+01 
5.030018e-02 3.322897e+01 
5.044258e-02 3.343220e+01 
5.058424e-02 3.363651e+01 
5.072518e-02 3.384183e+01 
5.086539e-02 3.404809e+01 
5.100486e-02 3.425521e+01 
5.114361e-02 3.446311e+01 
5.128164e-02 3.467174e+01 
5.141896e-02 3.488101e+01 
5.155557e-02 3.509087e+01 
5.169147e-02 3.530125e+01 
5.182668e-02 3.551208e+01 
5.196119e-02 3.572329e+01 
5.209501e-02 3.593483e+01 
5.222816e-02 3.614661e+01 
5.236062e-02 3.635859e+01 
5.249242e-02 3.657068e+01 
5.262355e-02 3.678284e+01 
5.275403e-02 3.699500e+01 
5.288386e-02 3.720709e+01 
5.301304e-02 3.741906e+01 
5.314159e-02 3.763084e+01 
5.326950e-02 3.784237e+01 
5.339679e-02 3.805359e+01 
5.352347e-02 3.826445e+01 
5.364954e-02 3.847488e+01 
5.377500e-02 3.868482e+01 
5.389987e-02 3.889423e+01 
5.402415e-02 3.910303e+01 
5.414784e-02 3.931118e+01 
5.427097e-02 3.951862e+01 
5.439352e-02 3.972530e+01 
5.451552e-02 3.993116e+01 
5.463696e-02 4.013614e+01 
5.475786e-02 4.034020e+01 
5.487822e-02 4.054329e+01 
5.499804e-02 4.074535e+01 
5.511735e-02 4.094633e+01 
5.523613e-02 4.114619e+01 
5.535441e-02 4.134487e+01 
5.547218e-02 4.154233e+01 
5.558946e-02 4.173852e+01 
5.570625e-02 4.193340e+01 
5.582256e-02 4.212691e+01 
5.593839e-02 4.231901e+01 
5.605376e-02 4.250967e+01 
5.616867e-02 4.269883e+01 
5.628312e-02 4.288645e+01 
5.639713e-02 4.307250e+01 
5.651070e-02 4.325693e+01 
5.662383e-02 4.343970e+01 
5.673655e-02 4.362077e+01 
5.684884e-02 4.380011e+01 
5.696072e-02 4.397768e+01 
5.707219e-02 4.415344e+01 
5.718327e-02 4.432734e+01 
5.729395e-02 4.449937e+01 
5.740424e-02 4.466947e+01 
5.751416e-02 4.483763e+01 
5.762370e-02 4.500381e+01 
5.773287e-02 4.516797e+01 
5.784169e-02 4.533008e+01 
5.795015e-02 4.549013e+01 
5.805827e-02 4.564807e+01 
5.816604e-02 4.580388e+01 
5.827348e-02 4.595753e+01 
5.838059e-02 4.610900e+01 
5.848739e-02 4.625826e+01 
5.859386e-02 4.640528e+01 
5.870003e-02 4.655005e+01 
5.880590e-02 4.669254e+01 
5.891147e-02 4.683272e+01 
5.901675e-02 4.697058e+01 
5.912174e-02 4.710610e+01 
5.922646e-02 4.723925e+01 
5.933090e-02 4.737001e+01 
5.943508e-02 4.749838e+01 
5.953899e-02 4.762433e+01 
5.964266e-02 4.774784e+01 
5.974607e-02 4.786891e+01 
5.984924e-02 4.798750e+01 
5.995217e-02 4.810362e+01 
6.005487e-02 4.821725e+01 
6.015735e-02 4.832838e+01 
6.025960e-02 4.843699e+01 
6.036164e-02 4.854307e+01 
6.046346e-02 4.864662e+01 
6.056509e-02 4.874762e+01 
6.066651e-02 4.884607e+01 
6.076774e-02 4.894197e+01 
6.086878e-02 4.903529e+01 
6.096964e-02 4.912604e+01 
6.107032e-02 4.921421e+01 
6.117083e-02 4.929980e+01 
6.127117e-02 4.938280e+01 
6.137134e-02 4.946322e+01 
6.147136e-02 4.954104e+01 
6.157123e-02 4.961628e+01 
6.167095e-02 4.968892e+01 
6.177053e-02 4.975897e+01 
6.186996e-02 4.982642e+01 
6.196927e-02 4.989129e+01 
6.206844e-02 4.995357e+01 
6.216750e-02 5.001327e+01 
6.226643e-02 5.007038e+01 
6.236525e-02 5.012492e+01 
6.246396e-02 5.017689e+01 
6.256257e-02 5.022630e+01 
6.266108e-02 5.027315e+01 
6.275949e-02 5.031744e+01 
6.285781e-02 5.035920e+01 
6.295604e-02 5.039842e+01 
6.305419e-02 5.043512e+01 
6.315226e-02 5.046930e+01 
6.325026e-02 5.050098e+01 
6.334820e-02 5.053017e+01 
6.344606e-02 5.055688e+01 
6.354387e-02 5.058112e+01 
6.364162e-02 5.060290e+01 
6.373932e-02 5.062225e+01 
6.383696e-02 5.063916e+01 
6.393457e-02 5.065367e+01 
6.403213e-02 5.066578e+01 
6.412965e-02 5.067551e+01 
6.422715e-02 5.068288e+01 
6.432461e-02 5.068790e+01 
6.442205e-02 5.069059e+01 
6.451947e-02 5.069098e+01 
6.461687e-02 5.068907e+01 
6.471426e-02 5.068490e+01 
6.481164e-02 5.067847e+01 
6.490901e-02 5.066981e+01 
6.500639e-02 5.065895e+01 
6.510376e-02 5.064589e+01 
6.520115e-02 5.063068e+01 
6.529854e-02 5.061331e+01 
6.539595e-02 5.059383e+01 
6.549337e-02 5.057225e+01 
6.559081e-02 5.054860e+01 
6.568828e-02 5.052289e+01 
6.578578e-02 5.049517e+01 
6.588331e-02 5.046544e+01 
6.598087e-02 5.043374e+01 
6.607847e-02 5.040009e+01 
6.617611e-02 5.036452e+01 
6.627380e-02 5.032705e+01 
6.637154e-02 5.028771e+01 
6.646933e-02 5.024654e+01 
6.656718e-02 5.020354e+01 
6.666508e-02 5.015876e+01 
6.676305e-02 5.011222e+01 
6.686108e-02 5.006396e+01 
6.695918e-02 5.001399e+01 
6.705735e-02 4.996235e+01 
6.715560e-02 4.990906e+01 
6.725392e-02 4.985416e+01 
6.735233e-02 4.979768e+01 
6.745082e-02 4.973965e+01 
6.754940e-02 4.968009e+01 
6.764806e-02 4.961903e+01 
6.774682e-02 4.955652e+01 
6.784568e-02 4.949257e+01 
6.794464e-02 4.942722e+01 
6.804369e-02 4.936050e+01 
6.814285e-02 4.929244e+01 
6.824212e-02 4.922308e+01 
6.834150e-02 4.915244e+01 
6.844099e-02 4.908056e+01 
6.854060e-02 4.900746e+01 
6.864032e-02 4.893318e+01 
6.874017e-02 4.885776e+01 
6.884014e-02 4.878121e+01 
6.894023e-02 4.870359e+01 
6.904046e-02 4.862491e+01 
6.914081e-02 4.854521e+01 
6.924130e-02 4.846452e+01 
6.934192e-02 4.838288e+01 
6.944268e-02 4.830032e+01 
6.954358e-02 4.821686e+01 
6.964463e-02 4.813254e+01 
6.974581e-02 4.804740e+01 
6.984715e-02 4.796147e+01 
6.994863e-02 4.787477e+01 
7.005027e-02 4.778735e+01 
7.015206e-02 4.769922e+01 
7.025400e-02 4.761043e+01 
7.035611e-02 4.752101e+01 
7.045837e-02 4.743098e+01 
7.056079e-02 4.734039e+01 
7.066338e-02 4.724926e+01 
7.076613e-02 4.715762e+01 
7.086904e-02 4.706550e+01 
7.097213e-02 4.697294e+01 
7.107539e-02 4.687997e+01 
7.117881e-02 4.678662e+01 
7.128242e-02 4.669292e+01 
7.138619e-02 4.659890e+01 
7.149014e-02 4.650459e+01 
7.159427e-02 4.641002e+01 
7.169858e-02 4.631522e+01 
7.180307e-02 4.622022e+01 
7.190775e-02 4.612506e+01 
7.201260e-02 4.602975e+01 
7.211764e-02 4.593434e+01 
7.222287e-02 4.583884e+01 
7.232828e-02 4.574330e+01 
7.243388e-02 4.564773e+01 
7.253967e-02 4.555217e+01 
7.264564e-02 4.545664e+01 
7.275181e-02 4.536117e+01 
7.285817e-02 4.526579e+01 
7.296472e-02 4.517053e+01 
7.307147e-02 4.507542e+01 
7.317841e-02 4.498047e+01 
7.328554e-02 4.488573e+01 
7.339287e-02 4.479120e+01 
7.350039e-02 4.469693e+01 
7.360811e-02 4.460293e+01 
7.371603e-02 4.450924e+01 
7.382414e-02 4.441587e+01 
7.393245e-02 4.432285e+01 
7.404095e-02 4.423021e+01 
7.414966e-02 4.413796e+01 
7.425856e-02 4.404614e+01 
7.436766e-02 4.395476e+01 
7.447695e-02 4.386386e+01 
7.458645e-02 4.377344e+01 
7.469614e-02 4.368355e+01 
7.480603e-02 4.359418e+01 
7.491611e-02 4.350538e+01 
7.502639e-02 4.341716e+01 
7.513687e-02 4.332953e+01 
7.524755e-02 4.324253e+01 
7.535842e-02 4.315617e+01 
7.546948e-02 4.307047e+01 
7.558074e-02 4.298545e+01 
7.569220e-02 4.290113e+01 
7.580385e-02 4.281753e+01 
7.591569e-02 4.273467e+01 
7.602772e-02 4.265256e+01 
7.613994e-02 4.257122e+01 
7.625236e-02 4.249067e+01 
7.636496e-02 4.241093e+01 
7.647775e-02 4.233201e+01 
7.659073e-02 4.225393e+01 
7.670389e-02 4.217671e+01 
7.681724e-02 4.210035e+01 
7.693077e-02 4.202488e+01 
7.704449e-02 4.195030e+01 
7.715838e-02 4.187664e+01 
7.727246e-02 4.180390e+01 
7.738671e-02 4.173211e+01 
7.750114e-02 4.166126e+01 
7.761574e-02 4.159138e+01 
7.773052e-02 4.152248e+01 
7.784547e-02 4.145457e+01 
7.796059e-02 4.138765e+01 
7.807588e-02 4.132175e+01 
7.819133e-02 4.125687e+01 
7.830695e-02 4.119302e+01 
7.842273e-02 4.113021e+01 
7.853867e-02 4.106845e+01 
7.865477e-02 4.100775e+01 
7.877103e-02 4.094811e+01 
7.888744e-02 4.088956e+01 
7.900400e-02 4.083208e+01 
7.912071e-02 4.077570e+01 
7.923757e-02 4.072042e+01 
7.935457e-02 4.066623e+01 
7.947172e-02 4.061316e+01 
7.958901e-02 4.056121e+01 
7.970644e-02 4.051038e+01 
7.982400e-02 4.046067e+01 
7.994170e-02 4.041210e+01 
8.005953e-02 4.036466e+01 
8.017749e-02 4.031836e+01 
8.029557e-02 4.027320e+01 
8.041378e-02 4.022919e+01 
8.053211e-02 4.018633e+01 
8.065056e-02 4.014462e+01 
8.076913e-02 4.010406e+01 
8.088781e-02 4.006466e+01 
8.100660e-02 4.002642e+01 
8.112550e-02 3.998933e+01 
8.124450e-02 3.995341e+01 
8.136361e-02 3.991864e+01 
8.148282e-02 3.988503e+01 
8.160212e-02 3.985258e+01 
8.172152e-02 3.982129e+01 
8.184101e-02 3.979115e+01 
8.196059e-02 3.976217e+01 
8.208026e-02 3.973435e+01 
8.220001e-02 3.970768e+01 
8.231984e-02 3.968216e+01 
8.243975e-02 3.965778e+01 
8.255973e-02 3.963455e+01 
8.267978e-02 3.961247e+01 
8.279990e-02 3.959152e+01 
8.292009e-02 3.957170e+01 
8.304034e-02 3.955302e+01 
8.316065e-02 3.953546e+01 
8.328102e-02 3.951903e+01 
8.340145e-02 3.950371e+01 
8.352192e-02 3.948950e+01 
8.364245e-02 3.947640e+01 
8.376301e-02 3.946440e+01 
8.388363e-02 3.945349e+01 
8.400428e-02 3.944367e+01 
8.412497e-02 3.943493e+01 
8.424569e-02 3.942727e+01 
8.436644e-02 3.942068e+01 
8.448722e-02 3.941514e+01 
8.460803e-02 3.941066e+01 
8.472885e-02 3.940723e+01 
8.484970e-02 3.940483e+01 
8.497056e-02 3.940346e+01 
8.509144e-02 3.940311e+01 
8.521232e-02 3.940378e+01 
8.533322e-02 3.940545e+01 
8.545412e-02 3.940811e+01 
8.557502e-02 3.941175e+01 
8.569593e-02 3.941638e+01 
8.581683e-02 3.942197e+01 
8.593772e-02 3.942851e+01 
8.605861e-02 3.943600e+01 
8.617948e-02 3.944442e+01 
8.630035e-02 3.945377e+01 
8.642120e-02 3.946404e+01 
8.654203e-02 3.947521e+01 
8.666283e-02 3.948727e+01 
8.678362e-02 3.950021e+01 
8.690438e-02 3.951402e+01 
8.702511e-02 3.952870e+01 
8.714582e-02 3.954422e+01 
8.726649e-02 3.956057e+01 
8.738712e-02 3.957775e+01 
8.750772e-02 3.959574e+01 
8.762828e-02 3.961453e+01 
8.774880e-02 3.963411e+01 
8.786927e-02 3.965446e+01 
8.798970e-02 3.967557e+01 
8.811008e-02 3.969744e+01 
8.823041e-02 3.972004e+01 
8.835069e-02 3.974337e+01 
8.847092e-02 3.976741e+01 
8.859109e-02 3.979214e+01 
8.871120e-02 3.981756e+01 
8.883125e-02 3.984366e+01 
8.895124e-02 3.987041e+01 
8.907117e-02 3.989781e+01 
8.919104e-02 3.992584e+01 
8.931083e-02 3.995449e+01 
8.943056e-02 3.998374e+01 
8.955023e-02 4.001359e+01 
8.966981e-02 4.004401e+01 
8.978933e-02 4.007500e+01 
8.990877e-02 4.010654e+01 
9.002814e-02 4.013861e+01 
9.014743e-02 4.017121e+01 
9.026664e-02 4.020431e+01 
9.038578e-02 4.023791e+01 
9.050483e-02 4.027199e+01 
9.062380e-02 4.030654e+01 
9.074269e-02 4.034154e+01 
9.086149e-02 4.037698e+01 
9.098020e-02 4.041285e+01 
9.109883e-02 4.044912e+01 
9.121738e-02 4.048580e+01 
9.133583e-02 4.052285e+01 
9.145420e-02 4.056028e+01 
9.157247e-02 4.059806e+01 
9.169065e-02 4.063618e+01 
9.180874e-02 4.067463e+01 
9.192674e-02 4.071339e+01 
9.204464e-02 4.075245e+01 
9.216245e-02 4.079180e+01 
9.228017e-02 4.083142e+01 
9.239779e-02 4.087129e+01 
9.251531e-02 4.091141e+01 
9.263274e-02 4.095176e+01 
9.275006e-02 4.099233e+01 
9.286730e-02 4.103310e+01 
9.298443e-02 4.107406e+01 
9.310146e-02 4.111520e+01 
9.321840e-02 4.115650e+01 
9.333523e-02 4.119794e+01 
9.345197e-02 4.123953e+01 
9.356860e-02 4.128123e+01 
9.368514e-02 4.132305e+01 
9.380158e-02 4.136496e+01 
9.391791e-02 4.140696e+01 
9.403414e-02 4.144902e+01 
9.415028e-02 4.149115e+01 
9.426631e-02 4.153331e+01 
9.438224e-02 4.157552e+01 
9.449807e-02 4.161774e+01 
9.461380e-02 4.165997e+01 
9.472943e-02 4.170219e+01 
9.484496e-02 4.174440e+01 
9.496039e-02 4.178657e+01 
9.507572e-02 4.182871e+01 
9.519095e-02 4.187079e+01 
9.530608e-02 4.191281e+01 
9.542110e-02 4.195475e+01 
9.553603e-02 4.199660e+01 
9.565086e-02 4.203836e+01 
9.576559e-02 4.208000e+01 
9.588022e-02 4.212152e+01 
9.599476e-02 4.216290e+01 
9.610920e-02 4.220415e+01 
9.622353e-02 4.224523e+01 
9.633778e-02 4.228616e+01 
9.645192e-02 4.232690e+01 
9.656597e-02 4.236746e+01 
9.667993e-02 4.240782e+01 
9.679379e-02 4.244798e+01 
9.690755e-02 4.248792e+01 
9.702122e-02 4.252763e+01 
9.713480e-02 4.256711e+01 
9.724829e-02 4.260634e+01 
9.736168e-02 4.264531e+01 
9.747498e-02 4.268402e+01 
9.758820e-02 4.272246e+01 
9.770132e-02 4.276062e+01 
9.781435e-02 4.279848e+01 
9.792730e-02 4.283605e+01 
9.804016e-02 4.287330e+01 
9.815293e-02 4.291024e+01 
9.826561e-02 4.294686e+01 
9.837821e-02 4.298314e+01 
9.849073e-02 4.301909e+01 
9.860316e-02 4.305468e+01 
9.871551e-02 4.308992e+01 
9.882777e-02 4.312480e+01 
9.893996e-02 4.315931e+01 
9.905206e-02 4.319344e+01 
9.916409e-02 4.322719e+01 
9.927604e-02 4.326055e+01 
9.938791e-02 4.329352e+01 
9.949970e-02 4.332608e+01 
9.961142e-02 4.335823e+01 
9.972307e-02 4.338997e+01 
9.983464e-02 4.342128e+01 
9.994614e-02 4.345217e+01 
1.000576e-01 4.348263e+01 
1.001689e-01 4.351265e+01 
1.002802e-01 4.354224e+01 
1.003914e-01 4.357137e+01 
1.005026e-01 4.360005e+01 
1.006137e-01 4.362828e+01 
1.007247e-01 4.365604e+01 
1.008356e-01 4.368335e+01 
1.009465e-01 4.371018e+01 
1.010573e-01 4.373654e+01 
1.011681e-01 4.376242e+01 
1.012788e-01 4.378783e+01 
1.013895e-01 4.381275e+01 
1.015001e-01 4.383718e+01 
1.016106e-01 4.386113e+01 
1.017211e-01 4.388458e+01 
1.018315e-01 4.390754e+01 
1.019419e-01 4.393000e+01 
1.020522e-01 4.395196e+01 
1.021624e-01 4.397342e+01 
1.022727e-01 4.399437e+01 
1.023828e-01 4.401482e+01 
1.024929e-01 4.403476e+01 
1.026030e-01 4.405419e+01 
1.027130e-01 4.407311e+01 
1.028230e-01 4.409152e+01 
1.029330e-01 4.410942e+01 
1.030428e-01 4.412680e+01 
1.031527e-01 4.414367e+01 
1.032625e-01 4.416002e+01 
1.033723e-01 4.417586e+01 
1.034820e-01 4.419118e+01 
1.035917e-01 4.420598e+01 
1.037014e-01 4.422027e+01 
1.038110e-01 4.423404e+01 
1.039206e-01 4.424730e+01 
1.040302e-01 4.426004e+01 
1.041397e-01 4.427227e+01 
1.042492e-01 4.428398e+01 
1.043587e-01 4.429519e+01 
1.044681e-01 4.430588e+01 
1.045775e-01 4.431605e+01 
1.046869e-01 4.432572e+01 
1.047963e-01 4.433489e+01 
1.049056e-01 4.434354e+01 
1.050150e-01 4.435170e+01 
1.051243e-01 4.435935e+01 
1.052335e-01 4.436650e+01 
1.053428e-01 4.437315e+01 
1.054520e-01 4.437930e+01 
1.055613e-01 4.438496e+01 
1.056705e-01 4.439013e+01 
1.057797e-01 4.439481e+01 
1.058889e-01 4.439901e+01 
1.059980e-01 4.440272e+01 
1.061072e-01 4.440596e+01 
1.062163e-01 4.440871e+01 
1.063255e-01 4.441099e+01 
1.064346e-01 4.441281e+01 
1.065437e-01 4.441415e+01 
1.066528e-01 4.441504e+01 
1.067619e-01 4.441546e+01 
1.068710e-01 4.441543e+01 
1.069801e-01 4.441494e+01 
1.070892e-01 4.441401e+01 
1.071983e-01 4.441263e+01 
1.073074e-01 4.441081e+01 
1.074165e-01 4.440856e+01 
1.075256e-01 4.440588e+01 
1.076347e-01 4.440277e+01 
1.077438e-01 4.439924e+01 
1.078529e-01 4.439529e+01 
1.079620e-01 4.439092e+01 
1.080711e-01 4.438615e+01 
1.081803e-01 4.438098e+01 
1.082894e-01 4.437541e+01 
1.083985e-01 4.436944e+01 
1.085077e-01 4.436309e+01 
1.086168e-01 4.435635e+01 
1.087260e-01 4.434923e+01 
1.088352e-01 4.434174e+01 
1.089444e-01 4.433389e+01 
1.090536e-01 4.432567e+01 
1.091628e-01 4.431710e+01 
1.092720e-01 4.430817e+01 
1.093813e-01 4.429890e+01 
1.094906e-01 4.428929e+01 
1.095999e-01 4.427935e+01 
1.097092e-01 4.426908e+01 
1.098185e-01 4.425848e+01 
1.099278e-01 4.424757e+01 
1.100372e-01 4.423635e+01 
1.101466e-01 4.422482e+01 
1.102560e-01 4.421299e+01 
1.103654e-01 4.420087e+01 
1.104749e-01 4.418847e+01 
1.105844e-01 4.417578e+01 
1.106939e-01 4.416282e+01 
1.108034e-01 4.414959e+01 
1.109129e-01 4.413610e+01 
1.110225e-01 4.412235e+01 
1.111321e-01 4.410835e+01 
1.112418e-01 4.409410e+01 
1.113514e-01 4.407962e+01 
1.114611e-01 4.406491e+01 
1.115709e-01 4.404997e+01 
1.116806e-01 4.403482e+01 
1.117904e-01 4.401945e+01 
1.119002e-01 4.400387e+01 
1.120100e-01 4.398810e+01 
1.121199e-01 4.397213e+01 
1.122298e-01 4.395597e+01 
1.123398e-01 4.393963e+01 
1.124498e-01 4.392312e+01 
1.125598e-01 4.390644e+01 
1.126698e-01 4.388960e+01 
1.127799e-01 4.387260e+01 
1.128900e-01 4.385545e+01 
1.130002e-01 4.383816e+01 
1.131103e-01 4.382073e+01 
1.132206e-01 4.380317e+01 
1.133308e-01 4.378549e+01 
1.134411e-01 4.376768e+01 
1.135515e-01 4.374977e+01 
1.136618e-01 4.373175e+01 
1.137722e-01 4.371363e+01 
1.138827e-01 4.369542e+01 
1.139932e-01 4.367712e+01 
1.141037e-01 4.365873e+01 
1.142143e-01 4.364028e+01 
1.143249e-01 4.362175e+01 
1.144355e-01 4.360316e+01 
1.145462e-01 4.358451e+01 
1.146569e-01 4.356581e+01 
1.147677e-01 4.354707e+01 
1.148785e-01 4.352828e+01 
1.149894e-01 4.350946e+01 
1.151002e-01 4.349062e+01 
1.152112e-01 4.347175e+01 
1.153221e-01 4.345287e+01 
1.154332e-01 4.343397e+01 
1.155442e-01 4.341507e+01 
1.156553e-01 4.339617e+01 
1.157664e-01 4.337727e+01 
1.158776e-01 4.335839e+01 
1.159888e-01 4.333952e+01 
1.161001e-01 4.332068e+01 
1.162114e-01 4.330186e+01 
1.163227e-01 4.328308e+01 
1.164341e-01 4.326433e+01 
1.165455e-01 4.324562e+01 
1.166570e-01 4.322697e+01 
1.167685e-01 4.320836e+01 
1.168801e-01 4.318982e+01 
1.169917e-01 4.317134e+01 
1.171033e-01 4.315292e+01 
1.172150e-01 4.313458e+01 
1.173267e-01 4.311632e+01 
1.174384e-01 4.309813e+01 
1.175502e-01 4.308004e+01 
1.176621e-01 4.306204e+01 
1.177740e-01 4.304413e+01 
1.178859e-01 4.302632e+01 
1.179978e-01 4.300861e+01 
1.181098e-01 4.299102e+01 
1.182219e-01 4.297354e+01 
1.183340e-01 4.295617e+01 
1.184461e-01 4.293893e+01 
1.185582e-01 4.292181e+01 
1.186704e-01 4.290482e+01 
1.187827e-01 4.288796e+01 
1.188950e-01 4.287124e+01 
1.190073e-01 4.285466e+01 
1.191196e-01 4.283823e+01 
1.192320e-01 4.282194e+01 
1.193445e-01 4.280580e+01 
1.194569e-01 4.278982e+01 
1.195694e-01 4.277399e+01 
1.196820e-01 4.275833e+01 
1.197946e-01 4.274283e+01 
1.199072e-01 4.272750e+01 
1.200198e-01 4.271234e+01 
1.201325e-01 4.269735e+01 
1.202453e-01 4.268254e+01 
1.203580e-01 4.266791e+01 
1.204708e-01 4.265346e+01 
1.205836e-01 4.263920e+01 
1.206965e-01 4.262512e+01 
1.208094e-01 4.261123e+01 
1.209223e-01 4.259753e+01 
1.210353e-01 4.258403e+01 
1.211483e-01 4.257073e+01 
1.212613e-01 4.255762e+01 
1.213744e-01 4.254472e+01 
1.214874e-01 4.253202e+01 
1.216006e-01 4.251952e+01 
1.217137e-01 4.250723e+01 
1.218269e-01 4.249515e+01 
1.219401e-01 4.248328e+01 
1.220533e-01 4.247162e+01 
1.221666e-01 4.246018e+01 
1.222799e-01 4.244895e+01 
1.223932e-01 4.243794e+01 
1.225066e-01 4.242715e+01 
1.226200e-01 4.241657e+01 
1.227334e-01 4.240622e+01 
1.228468e-01 4.239609e+01 
1.229602e-01 4.238618e+01 
1.230737e-01 4.237650e+01 
1.231872e-01 4.236704e+01 
1.233007e-01 4.235780e+01 
1.234143e-01 4.234880e+01 
1.235279e-01 4.234002e+01 
1.236414e-01 4.233147e+01 
1.237551e-01 4.232314e+01 
1.238687e-01 4.231505e+01 
1.239824e-01 4.230718e+01 
1.240960e-01 4.229954e+01 
1.242097e-01 4.229214e+01 
1.243234e-01 4.228496e+01 
1.244372e-01 4.227801e+01 
1.245509e-01 4.227130e+01 
1.246647e-01 4.226481e+01 
1.247785e-01 4.225856e+01 
1.248923e-01 4.225253e+01 
1.250061e-01 4.224673e+01 
1.251199e-01 4.224117e+01 
1.252338e-01 4.223583e+01 
1.253477e-01 4.223072e+01 
1.254615e-01 4.222584e+01 
1.255754e-01 4.222119e+01 
1.256893e-01 4.221676e+01 
1.258032e-01 4.221257e+01 
1.259172e-01 4.220859e+01 
1.260311e-01 4.220485e+01 
1.261451e-01 4.220132e+01 
1.262590e-01 4.219802e+01 
1.263730e-01 4.219495e+01 
1.264870e-01 4.219209e+01 
1.266009e-01 4.218946e+01 
1.267149e-01 4.218704e+01 
1.268289e-01 4.218484e+01 
1.269429e-01 4.218286e+01 
1.270570e-01 4.218110e+01 
1.271710e-01 4.217955e+01 
1.272850e-01 4.217821e+01 
1.273990e-01 4.217709e+01 
1.275131e-01 4.217617e+01 
1.276271e-01 4.217546e+01 
1.277412e-01 4.217496e+01 
1.278552e-01 4.217467e+01 
1.279693e-01 4.217458e+01 
1.280833e-01 4.217469e+01 
1.281974e-01 4.217500e+01 
1.283114e-01 4.217551e+01 
1.284255e-01 4.217622e+01 
1.285395e-01 4.217712e+01 
1.286536e-01 4.217822e+01 
1.287676e-01 4.217950e+01 
1.288817e-01 4.218098e+01 
1.289957e-01 4.218264e+01 
1.291098e-01 4.218448e+01 
1.292238e-01 4.218651e+01 
1.293379e-01 4.218872e+01 
1.294519e-01 4.219111e+01 
1.295659e-01 4.219368e+01 
1.296800e-01 4.219641e+01 
1.297940e-01 4.219932e+01 
1.299080e-01 4.220240e+01 
1.300220e-01 4.220565e+01 
1.301360e-01 4.220906e+01 
1.302500e-01 4.221264e+01 
1.303640e-01 4.221637e+01 
1.304780e-01 4.222026e+01 
1.305920e-01 4.222431e+01 
1.307060e-01 4.222850e+01 
1.308199e-01 4.223285e+01 
1.309339e-01 4.223735e+01 
1.310478e-01 4.224199e+01 
1.311618e-01 4.224677e+01 
1.312757e-01 4.225169e+01 
1.313896e-01 4.225675e+01 
1.315035e-01 4.226195e+01 
1.316174e-01 4.226727e+01 
1.317313e-01 4.227273e+01 
1.318452e-01 4.227831e+01 
1.319590e-01 4.228401e+01 
1.320729e-01 4.228984e+01 
1.321867e-01 4.229578e+01 
1.323005e-01 4.230184e+01 
1.324143e-01 4.230801e+01 
1.325281e-01 4.231430e+01 
1.326419e-01 4.232069e+01 
1.327557e-01 4.232718e+01 
1.328694e-01 4.233378e+01 
1.329832e-01 4.234047e+01 
1.330969e-01 4.234726e+01 
1.332106e-01 4.235415e+01 
1.333243e-01 4.236112e+01 
1.334380e-01 4.236818e+01 
1.335517e-01 4.237533e+01 
1.336653e-01 4.238256e+01 
1.337789e-01 4.238987e+01 
1.338926e-01 4.239726e+01 
1.340062e-01 4.240472e+01 
1.341197e-01 4.241225e+01 
1.342333e-01 4.241984e+01 
1.343469e-01 4.242751e+01 
1.344604e-01 4.243524e+01 
1.345739e-01 4.244302e+01 
1.346874e-01 4.245087e+01 
1.348009e-01 4.245876e+01 
1.349144e-01 4.246671e+01 
1.350278e-01 4.247471e+01 
1.351412e-01 4.248275e+01 
1.352547e-01 4.249084e+01 
1.353680e-01 4.249897e+01 
1.354814e-01 4.250713e+01 
1.355948e-01 4.251534e+01 
1.357081e-01 4.252357e+01 
1.358214e-01 4.253183e+01 
1.359347e-01 4.254012e+01 
1.360480e-01 4.254844e+01 
1.361613e-01 4.255677e+01 
1.362745e-01 4.256513e+01 
1.363878e-01 4.257350e+01 
1.365010e-01 4.258189e+01 
1.366141e-01 4.259028e+01 
1.367273e-01 4.259869e+01 
1.368405e-01 4.260710e+01 
1.369536e-01 4.261552e+01 
1.370667e-01 4.262394e+01 
1.371798e-01 4.263236e+01 
1.372929e-01 4.264077e+01 
1.374059e-01 4.264918e+01 
1.375190e-01 4.265758e+01 
1.376320e-01 4.266597e+01 
1.377450e-01 4.267434e+01 
1.378580e-01 4.268270e+01 
1.379709e-01 4.269105e+01 
1.380838e-01 4.269937e+01 
1.381968e-01 4.270767e+01 
1.383097e-01 4.271595e+01 
1.384226e-01 4.272420e+01 
1.385354e-01 4.273242e+01 
1.386483e-01 4.274061e+01 
1.387611e-01 4.274876e+01 
1.388739e-01 4.275688e+01 
1.389867e-01 4.276497e+01 
1.390994e-01 4.277301e+01 
1.392122e-01 4.278102e+01 
1.393249e-01 4.278898e+01 
1.394376e-01 4.279689e+01 
1.395503e-01 4.280476e+01 
1.396630e-01 4.281258e+01 
1.397757e-01 4.282035e+01 
1.398883e-01 4.282806e+01 
1.400009e-01 4.283572e+01 
1.401136e-01 4.284333e+01 
1.402261e-01 4.285087e+01 
1.403387e-01 4.285836e+01 
1.404513e-01 4.286578e+01 
1.405638e-01 4.287315e+01 
1.406763e-01 4.288044e+01 
1.407888e-01 4.288767e+01 
1.409013e-01 4.289484e+01 
1.410138e-01 4.290193e+01 
1.411262e-01 4.290895e+01 
1.412387e-01 4.291590e+01 
1.413511e-01 4.292278e+01 
1.414635e-01 4.292958e+01 
1.415759e-01 4.293631e+01 
1.416882e-01 4.294295e+01 
1.418006e-01 4.294952e+01 
1.419129e-01 4.295601e+01 
1.420253e-01 4.296242e+01 
1.421376e-01 4.296874e+01 
1.422499e-01 4.297498e+01 
1.423622e-01 4.298114e+01 
1.424744e-01 4.298721e+01 
1.425867e-01 4.299319e+01 
1.426989e-01 4.299908e+01 
1.428111e-01 4.300489e+01 
1.429233e-01 4.301060e+01 
1.430355e-01 4.301623e+01 
1.431477e-01 4.302176e+01 
1.432599e-01 4.302720e+01 
1.433721e-01 4.303255e+01 
1.434842e-01 4.303780e+01 
1.435963e-01 4.304296e+01 
1.437085e-01 4.304802e+01 
1.438206e-01 4.305299e+01 
1.439327e-01 4.305786e+01 
1.440447e-01 4.306263e+01 
1.441568e-01 4.306730e+01 
1.442689e-01 4.307188e+01 
1.443809e-01 4.307635e+01 
1.444930e-01 4.308073e+01 
1.446050e-01 4.308501e+01 
1.447170e-01 4.308918e+01 
1.448290e-01 4.309326e+01 
1.449410e-01 4.309723e+01 
1.450530e-01 4.310110e+01 
1.451650e-01 4.310488e+01 
1.452770e-01 4.310855e+01 
1.453889e-01 4.311211e+01 
1.455009e-01 4.311558e+01 
1.456128e-01 4.311894e+01 
1.457247e-01 4.312220e+01 
1.458367e-01 4.312536e+01 
1.459486e-01 4.312841e+01 
1.460605e-01 4.313137e+01 
1.461724e-01 4.313422e+01 
1.462843e-01 4.313696e+01 
1.463962e-01 4.313961e+01 
1.465081e-01 4.314215e+01 
1.466200e-01 4.314459e+01 
1.467318e-01 4.314693e+01 
1.468437e-01 4.314916e+01 
1.469555e-01 4.315130e+01 
1.470674e-01 4.315333e+01 
1.471792e-01 4.315526e+01 
1.472911e-01 4.315709e+01 
1.474029e-01 4.315882e+01 
1.475148e-01 4.316045e+01 
1.476266e-01 4.316198e+01 
1.477384e-01 4.316340e+01 
1.478502e-01 4.316473e+01 
1.479620e-01 4.316597e+01 
1.480739e-01 4.316710e+01 
1.481857e-01 4.316814e+01 
1.482975e-01 4.316907e+01 
1.484093e-01 4.316992e+01 
1.485211e-01 4.317066e+01 
1.486329e-01 4.317131e+01 
1.487447e-01 4.317187e+01 
1.488565e-01 4.317233e+01 
1.489683e-01 4.317270e+01 
1.490801e-01 4.317297e+01 
1.491918e-01 4.317316e+01 
1.493036e-01 4.317325e+01 
1.494154e-01 4.317325e+01 
1.495272e-01 4.317316e+01 
1.496390e-01 4.317298e+01 
1.497508e-01 4.317272e+01 
1.498626e-01 4.317236e+01 
1.499743e-01 4.317192e+01 
1.500861e-01 4.317140e+01 
1.501979e-01 4.317079e+01 
1.503097e-01 4.317009e+01 
1.504215e-01 4.316931e+01 
1.505333e-01 4.316845e+01 
1.506451e-01 4.316751e+01 
1.507569e-01 4.316649e+01 
1.508686e-01 4.316539e+01 
1.509804e-01 4.316421e+01 
1.510922e-01 4.316295e+01 
1.512040e-01 4.316162e+01 
1.513158e-01 4.316021e+01 
1.514276e-01 4.315873e+01 
1.515394e-01 4.315718e+01 
1.516513e-01 4.315555e+01 
1.517631e-01 4.315385e+01 
1.518749e-01 4.315209e+01 
1.519867e-01 4.315025e+01 
1.520985e-01 4.314835e+01 
1.522103e-01 4.314637e+01 
1.523222e-01 4.314434e+01 
1.524340e-01 4.314224e+01 
1.525458e-01 4.314008e+01 
1.526577e-01 4.313785e+01 
1.527695e-01 4.313557e+01 
1.528814e-01 4.313322e+01 
1.529932e-01 4.313082e+01 
1.531051e-01 4.312836e+01 
1.532170e-01 4.312584e+01 
1.533288e-01 4.312327e+01 
1.534407e-01 4.312065e+01 
1.535526e-01 4.311797e+01 
1.536645e-01 4.311524e+01 
1.537764e-01 4.311246e+01 
1.538883e-01 4.310964e+01 
1.540002e-01 4.310676e+01 
1.541121e-01 4.310384e+01 
1.542240e-01 4.310088e+01 
1.543359e-01 4.309787e+01 
1.544478e-01 4.309482e+01 
1.545598e-01 4.309173e+01 
1.546717e-01 4.308860e+01 
1.547837e-01 4.308543e+01 
1.548956e-01 4.308222e+01 
1.550076e-01 4.307898e+01 
1.551196e-01 4.307570e+01 
1.552315e-01 4.307238e+01 
1.553435e-01 4.306904e+01 
1.554555e-01 4.306566e+01 
1.555675e-01 4.306226e+01 
1.556795e-01 4.305882e+01 
1.557915e-01 4.305536e+01 
1.559035e-01 4.305187e+01 
1.560156e-01 4.304836e+01 
1.561276e-01 4.304483e+01 
1.562396e-01 4.304127e+01 
1.563517e-01 4.303769e+01 
1.564637e-01 4.303409e+01 
1.565758e-01 4.303047e+01 
1.566879e-01 4.302683e+01 
1.568000e-01 4.302318e+01 
1.569121e-01 4.301951e+01 
1.570242e-01 4.301583e+01 
1.571363e-01 4.301214e+01 
1.572484e-01 4.300843e+01 
1.573605e-01 4.300471e+01 
1.574726e-01 4.300099e+01 
1.575848e-01 4.299726e+01 
1.576969e-01 4.299351e+01 
1.578091e-01 4.298977e+01 
1.579212e-01 4.298602e+01 
1.580334e-01 4.298226e+01 
1.581456e-01 4.297851e+01 
1.582578e-01 4.297475e+01 
1.583700e-01 4.297099e+01 
1.584822e-01 4.296724e+01 
1.585944e-01 4.296348e+01 
1.587066e-01 4.295973e+01 
1.588188e-01 4.295598e+01 
1.589311e-01 4.295224e+01 
1.590433e-01 4.294850e+01 
1.591556e-01 4.294478e+01 
1.592678e-01 4.294106e+01 
1.593801e-01 4.293734e+01 
1.594924e-01 4.293364e+01 
1.596047e-01 4.292996e+01 
1.597170e-01 4.292628e+01 
1.598293e-01 4.292262e+01 
1.599416e-01 4.291897e+01 
1.600539e-01 4.291533e+01 
1.601663e-01 4.291172e+01 
1.602786e-01 4.290812e+01 
1.603909e-01 4.290453e+01 
1.605033e-01 4.290097e+01 
1.606157e-01 4.289743e+01 
1.607280e-01 4.289390e+01 
1.608404e-01 4.289040e+01 
1.609528e-01 4.288692e+01 
1.610652e-01 4.288347e+01 
1.611776e-01 4.288003e+01 
1.612900e-01 4.287663e+01 
1.614024e-01 4.287324e+01 
1.615149e-01 4.286989e+01 
1.616273e-01 4.286656e+01 
1.617397e-01 4.286326e+01 
1.618522e-01 4.285999e+01 
1.619646e-01 4.285674e+01 
1.620771e-01 4.285353e+01 
1.621896e-01 4.285035e+01 
1.623021e-01 4.284720e+01 
1.624146e-01 4.284408e+01 
1.625270e-01 4.284099e+01 
1.626396e-01 4.283794e+01 
1.627521e-01 4.283492e+01 
1.628646e-01 4.283193e+01 
1.629771e-01 4.282898e+01 
1.630896e-01 4.282607e+01 
1.632022e-01 4.282319e+01 
1.633147e-01 4.282035e+01 
1.634273e-01 4.281754e+01 
1.635398e-01 4.281478e+01 
1.636524e-01 4.281205e+01 
1.637650e-01 4.280936e+01 
1.638775e-01 4.280670e+01 
1.639901e-01 4.280409e+01 
1.641027e-01 4.280152e+01 
1.642153e-01 4.279899e+01 
1.643279e-01 4.279650e+01 
1.644405e-01 4.279405e+01 
1.645531e-01 4.279164e+01 
1.646658e-01 4.278927e+01 
1.647784e-01 4.278695e+01 
1.648910e-01 4.278467e+01 
1.650036e-01 4.278243e+01 
1.651163e-01 4.278023e+01 
1.652289e-01 4.277808e+01 
1.653416e-01 4.277597e+01 
1.654542e-01 4.277391e+01 
1.655669e-01 4.277189e+01 
1.656796e-01 4.276991e+01 
1.657922e-01 4.276798e+01 
1.659049e-01 4.276609e+01 
1.660176e-01 4.276425e+01 
1.661303e-01 4.276245e+01 
1.662430e-01 4.276070e+01 
1.663557e-01 4.275899e+01 
1.664684e-01 4.275733e+01 
1.665811e-01 4.275571e+01 
1.666938e-01 4.275414e+01 
1.668065e-01 4.275262e+01 
1.669192e-01 4.275114e+01 
1.670319e-01 4.274970e+01 
1.671447e-01 4.274832e+01 
1.672574e-01 4.274697e+01 
1.673701e-01 4.274568e+01 
1.674828e-01 4.274443e+01 
1.675956e-01 4.274322e+01 
1.677083e-01 4.274206e+01 
1.678211e-01 4.274095e+01 
1.679338e-01 4.273988e+01 
1.680466e-01 4.273886e+01 
1.681593e-01 4.273789e+01 
1.682721e-01 4.273695e+01 
1.683848e-01 4.273607e+01 
1.684976e-01 4.273523e+01 
1.686103e-01 4.273443e+01 
1.687231e-01 4.273368e+01 
1.688359e-01 4.273297e+01 
1.689486e-01 4.273231e+01 
1.690614e-01 4.273170e+01 
1.691742e-01 4.273112e+01 
1.692869e-01 4.273059e+01 
1.693997e-01 4.273011e+01 
1.695125e-01 4.272966e+01 
1.696253e-01 4.272927e+01 
1.697380e-01 4.272891e+01 
1.698508e-01 4.272860e+01 
1.699636e-01 4.272833e+01 
1.700764e-01 4.272810e+01 
1.701892e-01 4.272791e+01 
1.703019e-01 4.272776e+01 
1.704147e-01 4.272766e+01 
1.705275e-01 4.272760e+01 
1.706403e-01 4.272757e+01 
1.707531e-01 4.272759e+01 
1.708659e-01 4.272765e+01 
1.709787e-01 4.272775e+01 
1.710914e-01 4.272788e+01 
1.712042e-01 4.272806e+01 
1.713170e-01 4.272827e+01 
1.714298e-01 4.272852e+01 
1.715426e-01 4.272881e+01 
1.716554e-01 4.272914e+01 
1.717681e-01 4.272950e+01 
1.718809e-01 4.272990e+01 
1.719937e-01 4.273034e+01 
1.721065e-01 4.273081e+01 
1.722193e-01 4.273132e+01 
1.723321e-01 4.273186e+01 
1.724448e-01 4.273243e+01 
1.725576e-01 4.273304e+01 
1.726704e-01 4.273369e+01 
1.727832e-01 4.273436e+01 
1.728960e-01 4.273507e+01 
1.730087e-01 4.273581e+01 
1.731215e-01 4.273658e+01 
1.732343e-01 4.273738e+01 
1.733470e-01 4.273821e+01 
1.734598e-01 4.273908e+01 
1.735726e-01 4.273997e+01 
1.736853e-01 4.274089e+01 
1.737981e-01 4.274184e+01 
1.739109e-01 4.274282e+01 
1.740236e-01 4.274382e+01 
1.741364e-01 4.274485e+01 
1.742491e-01 4.274591e+01 
1.743619e-01 4.274699e+01 
1.744746e-01 4.274810e+01 
1.745874e-01 4.274923e+01 
1.747001e-01 4.275039e+01 
1.748129e-01 4.275157e+01 
1.749256e-01 4.275277e+01 
1.750384e-01 4.275400e+01 
1.751511e-01 4.275525e+01 
1.752638e-01 4.275652e+01 
1.753765e-01 4.275781e+01 
1.754893e-01 4.275912e+01 
1.756020e-01 4.276045e+01 
1.757147e-01 4.276180e+01 
1.758274e-01 4.276317e+01 
1.759402e-01 4.276456e+01 
1.760529e-01 4.276596e+01 
1.761656e-01 4.276738e+01 
1.762783e-01 4.276882e+01 
1.763910e-01 4.277027e+01 
1.765037e-01 4.277174e+01 
1.766164e-01 4.277323e+01 
1.767291e-01 4.277472e+01 
1.768418e-01 4.277623e+01 
1.769545e-01 4.277776e+01 
1.770672e-01 4.277930e+01 
1.771798e-01 4.278084e+01 
1.772925e-01 4.278240e+01 
1.774052e-01 4.278398e+01 
1.775179e-01 4.278556e+01 
1.776305e-01 4.278715e+01 
1.777432e-01 4.278875e+01 
1.778558e-01 4.279036e+01 
1.779685e-01 4.279197e+01 
1.780812e-01 4.279360e+01 
1.781938e-01 4.279523e+01 
1.783065e-01 4.279687e+01 
1.784191e-01 4.279851e+01 
1.785317e-01 4.280016e+01 
1.786444e-01 4.280182e+01 
1.787570e-01 4.280348e+01 
1.788696e-01 4.280514e+01 
1.789823e-01 4.280681e+01 
1.790949e-01 4.280848e+01 
1.792075e-01 4.281015e+01 
1.793201e-01 4.281182e+01 
1.794327e-01 4.281350e+01 
1.795453e-01 4.281517e+01 
1.796579e-01 4.281685e+01 
1.797705e-01 4.281852e+01 
1.798831e-01 4.282020e+01 
1.799957e-01 4.282187e+01 
1.801083e-01 4.282354e+01 
1.802209e-01 4.282521e+01 
1.803334e-01 4.282688e+01 
1.804460e-01 4.282855e+01 
1.805586e-01 4.283021e+01 
1.806712e-01 4.283186e+01 
1.807837e-01 4.283352e+01 
1.808963e-01 4.283517e+01 
1.810088e-01 4.283681e+01 
1.811214e-01 4.283844e+01 
1.812339e-01 4.284008e+01 
1.813465e-01 4.284170e+01 
1.814590e-01 4.284332e+01 
1.815716e-01 4.284493e+01 
1.816841e-01 4.284653e+01 
1.817966e-01 4.284812e+01 
1.819092e-01 4.284971e+01 
1.820217e-01 4.285129e+01 
1.821342e-01 4.285285e+01 
1.822467e-01 4.285441e+01 
1.823592e-01 4.285596e+01 
1.824717e-01 4.285749e+01 
1.825842e-01 4.285902e+01 
1.826967e-01 4.286053e+01 
1.828092e-01 4.286204e+01 
1.829217e-01 4.286353e+01 
1.830342e-01 4.286501e+01 
1.831467e-01 4.286647e+01 
1.832592e-01 4.286793e+01 
1.833717e-01 4.286937e+01 
1.834842e-01 4.287080e+01 
1.835966e-01 4.287221e+01 
1.837091e-01 4.287361e+01 
1.838216e-01 4.287499e+01 
1.839340e-01 4.287636e+01 
1.840465e-01 4.287772e+01 
1.841589e-01 4.287906e+01 
1.842714e-01 4.288038e+01 
1.843839e-01 4.288169e+01 
1.844963e-01 4.288298e+01 
1.846088e-01 4.288426e+01 
1.847212e-01 4.288552e+01 
1.848336e-01 4.288677e+01 
1.849461e-01 4.288799e+01 
1.850585e-01 4.288920e+01 
1.851709e-01 4.289039e+01 
1.852834e-01 4.289157e+01 
1.853958e-01 4.289273e+01 
1.855082e-01 4.289387e+01 
1.856206e-01 4.289499e+01 
1.857330e-01 4.289609e+01 
1.858455e-01 4.289717e+01 
1.859579e-01 4.289824e+01 
1.860703e-01 4.289929e+01 
1.861827e-01 4.290032e+01 
1.862951e-01 4.290133e+01 
1.864075e-01 4.290232e+01 
1.865199e-01 4.290329e+01 
1.866323e-01 4.290424e+01 
1.867447e-01 4.290517e+01 
1.868571e-01 4.290608e+01 
1.869695e-01 4.290698e+01 
1.870819e-01 4.290785e+01 
1.871942e-01 4.290870e+01 
1.873066e-01 4.290953e+01 
1.874190e-01 4.291035e+01 
1.875314e-01 4.291114e+01 
1.876438e-01 4.291191e+01 
1.877561e-01 4.291267e+01 
1.878685e-01 4.291340e+01 
1.879809e-01 4.291411e+01 
1.880933e-01 4.291480e+01 
1.882056e-01 4.291547e+01 
1.883180e-01 4.291612e+01 
1.884304e-01 4.291675e+01 
1.885427e-01 4.291736e+01 
1.886551e-01 4.291795e+01 
1.887675e-01 4.291852e+01 
1.888798e-01 4.291907e+01 
1.889922e-01 4.291960e+01 
1.891045e-01 4.292011e+01 
1.892169e-01 4.292060e+01 
1.893292e-01 4.292106e+01 
1.894416e-01 4.292151e+01 
1.895539e-01 4.292194e+01 
1.896663e-01 4.292234e+01 
1.897786e-01 4.292273e+01 
1.898910e-01 4.292310e+01 
1.900033e-01 4.292344e+01 
1.901157e-01 4.292377e+01 
1.902280e-01 4.292407e+01 
1.903404e-01 4.292436e+01 
1.904527e-01 4.292463e+01 
1.905651e-01 4.292487e+01 
1.906774e-01 4.292510e+01 
1.907897e-01 4.292531e+01 
1.909021e-01 4.292550e+01 
1.910144e-01 4.292567e+01 
1.911268e-01 4.292582e+01 
1.912391e-01 4.292595e+01 
1.913514e-01 4.292606e+01 
1.914638e-01 4.292616e+01 
1.915761e-01 4.292623e+01 
1.916885e-01 4.292629e+01 
1.918008e-01 4.292633e+01 
1.919131e-01 4.292635e+01 
1.920255e-01 4.292635e+01 
1.921378e-01 4.292633e+01 
1.922501e-01 4.292630e+01 
1.923625e-01 4.292625e+01 
1.924748e-01 4.292618e+01 
1.925872e-01 4.292609e+01 
1.926995e-01 4.292599e+01 
1.928118e-01 4.292587e+01 
1.929242e-01 4.292574e+01 
1.930365e-01 4.292558e+01 
1.931488e-01 4.292541e+01 
1.932612e-01 4.292523e+01 
1.933735e-01 4.292503e+01 
1.934859e-01 4.292481e+01 
1.935982e-01 4.292458e+01 
1.937105e-01 4.292433e+01 
1.938229e-01 4.292406e+01 
1.939352e-01 4.292379e+01 
1.940476e-01 4.292349e+01 
1.941599e-01 4.292318e+01 
1.942722e-01 4.292286e+01 
1.943846e-01 4.292253e+01 
1.944969e-01 4.292218e+01 
1.946093e-01 4.292181e+01 
1.947216e-01 4.292143e+01 
1.948340e-01 4.292104e+01 
1.949463e-01 4.292064e+01 
1.950586e-01 4.292022e+01 
1.951710e-01 4.291979e+01 
1.952833e-01 4.291935e+01 
1.953957e-01 4.291890e+01 
1.955080e-01 4.291843e+01 
1.956204e-01 4.291796e+01 
1.957327e-01 4.291747e+01 
1.958451e-01 4.291697e+01 
1.959575e-01 4.291646e+01 
1.960698e-01 4.291594e+01 
1.961822e-01 4.291541e+01 
1.962945e-01 4.291487e+01 
1.964069e-01 4.291431e+01 
1.965192e-01 4.291375e+01 
1.966316e-01 4.291318e+01 
1.967440e-01 4.291260e+01 
1.968563e-01 4.291201e+01 
1.969687e-01 4.291142e+01 
1.970811e-01 4.291081e+01 
1.971934e-01 4.291020e+01 
1.973058e-01 4.290957e+01 
1.974182e-01 4.290894e+01 
1.975305e-01 4.290831e+01 
1.976429e-01 4.290766e+01 
1.977553e-01 4.290701e+01 
1.978677e-01 4.290635e+01 
1.979800e-01 4.290569e+01 
1.980924e-01 4.290502e+01 
1.982048e-01 4.290434e+01 
1.983172e-01 4.290366e+01 
1.984295e-01 4.290297e+01 
1.985419e-01 4.290228e+01 
1.986543e-01 4.290158e+01 
1.987667e-01 4.290087e+01 
1.988791e-01 4.290017e+01 
1.989915e-01 4.289945e+01 
1.991039e-01 4.289874e+01 
1.992163e-01 4.289802e+01 
1.993287e-01 4.289730e+01 
1.994411e-01 4.289657e+01 
1.995535e-01 4.289584e+01 
1.996659e-01 4.289511e+01 
1.997783e-01 4.289437e+01 
1.998907e-01 4.289364e+01 
2.000031e-01 4.289290e+01 
2.001155e-01 4.289216e+01 
2.002279e-01 4.289141e+01 
2.003403e-01 4.289067e+01 
2.004527e-01 4.288992e+01 
2.005651e-01 4.288918e+01 
2.006775e-01 4.288843e+01 
2.007899e-01 4.288768e+01 
2.009024e-01 4.288694e+01 
2.010148e-01 4.288619e+01 
2.011272e-01 4.288544e+01 
2.012396e-01 4.288469e+01 
2.013520e-01 4.288395e+01 
2.014645e-01 4.288320e+01 
2.015769e-01 4.288246e+01 
2.016893e-01 4.288171e+01 
2.018018e-01 4.288097e+01 
2.019142e-01 4.288023e+01 
2.020266e-01 4.287949e+01 
2.021391e-01 4.287876e+01 
2.022515e-01 4.287802e+01 
2.023639e-01 4.287729e+01 
2.024764e-01 4.287656e+01 
2.025888e-01 4.287584e+01 
2.027013e-01 4.287511e+01 
2.028137e-01 4.287439e+01 
2.029262e-01 4.287368e+01 
2.030386e-01 4.287296e+01 
2.031511e-01 4.287225e+01 
2.032635e-01 4.287155e+01 
2.033760e-01 4.287085e+01 
2.034884e-01 4.287015e+01 
2.036009e-01 4.286946e+01 
2.037133e-01 4.286877e+01 
2.038258e-01 4.286808e+01 
2.039383e-01 4.286741e+01 
2.040507e-01 4.286673e+01 
2.041632e-01 4.286606e+01 
2.042757e-01 4.286540e+01 
2.043881e-01 4.286474e+01 
2.045006e-01 4.286409e+01 
2.046131e-01 4.286345e+01 
2.047255e-01 4.286281e+01 
2.048380e-01 4.286217e+01 
2.049505e-01 4.286154e+01 
2.050630e-01 4.286092e+01 
2.051754e-01 4.286031e+01 
2.052879e-01 4.285970e+01 
2.054004e-01 4.285910e+01 
2.055129e-01 4.285850e+01 
2.056254e-01 4.285792e+01 
2.057379e-01 4.285733e+01 
2.058503e-01 4.285676e+01 
2.059628e-01 4.285619e+01 
2.060753e-01 4.285564e+01 
2.061878e-01 4.285508e+01 
2.063003e-01 4.285454e+01 
2.064128e-01 4.285400e+01 
2.065253e-01 4.285348e+01 
2.066378e-01 4.285296e+01 
2.067503e-01 4.285244e+01 
2.068628e-01 4.285194e+01 
2.069753e-01 4.285144e+01 
2.070878e-01 4.285095e+01 
2.072003e-01 4.285047e+01 
2.073128e-01 4.285000e+01 
2.074253e-01 4.284954e+01 
2.075378e-01 4.284908e+01 
2.076503e-01 4.284864e+01 
2.077628e-01 4.284820e+01 
2.078753e-01 4.284777e+01 
2.079878e-01 4.284735e+01 
2.081004e-01 4.284694e+01 
2.082129e-01 4.284653e+01 
2.083254e-01 4.284614e+01 
2.084379e-01 4.284575e+01 
2.085504e-01 4.284538e+01 
2.086629e-01 4.284501e+01 
2.087754e-01 4.284465e+01 
2.088880e-01 4.284430e+01 
2.090005e-01 4.284396e+01 
2.091130e-01 4.284363e+01 
2.092255e-01 4.284331e+01 
2.093380e-01 4.284299e+01 
2.094506e-01 4.284269e+01 
2.095631e-01 4.284239e+01 
2.096756e-01 4.284211e+01 
2.097881e-01 4.284183e+01 
2.099007e-01 4.284156e+01 
2.100132e-01 4.284130e+01 
2.101257e-01 4.284105e+01 
2.102382e-01 4.284081e+01 
2.103508e-01 4.284058e+01 
2.104633e-01 4.284036e+01 
2.105758e-01 4.284014e+01 
2.106883e-01 4.283994e+01 
2.108009e-01 4.283974e+01 
2.109134e-01 4.283956e+01 
2.110259e-01 4.283938e+01 
2.111385e-01 4.283921e+01 
2.112510e-01 4.283905e+01 
2.113635e-01 4.283890e+01 
2.114761e-01 4.283876e+01 
2.115886e-01 4.283863e+01 
2.117011e-01 4.283851e+01 
2.118137e-01 4.283839e+01 
2.119262e-01 4.283828e+01 
2.120387e-01 4.283819e+01 
2.121513e-01 4.283810e+01 
2.122638e-01 4.283802e+01 
2.123763e-01 4.283795e+01 
2.124889e-01 4.283788e+01 
2.126014e-01 4.283783e+01 
2.127139e-01 4.283778e+01 
2.128265e-01 4.283774e+01 
2.129390e-01 4.283771e+01 
2.130516e-01 4.283769e+01 
2.131641e-01 4.283768e+01 
2.132766e-01 4.283767e+01 
2.133892e-01 4.283767e+01 
2.135017e-01 4.283769e+01 
2.136142e-01 4.283770e+01 
2.137268e-01 4.283773e+01 
2.138393e-01 4.283776e+01 
2.139518e-01 4.283781e+01 
2.140644e-01 4.283785e+01 
2.141769e-01 4.283791e+01 
2.142895e-01 4.283798e+01 
2.144020e-01 4.283805e+01 
2.145145e-01 4.283813e+01 
2.146271e-01 4.283821e+01 
2.147396e-01 4.283831e+01 
2.148521e-01 4.283841e+01 
2.149647e-01 4.283851e+01 
2.150772e-01 4.283863e+01 
2.151897e-01 4.283875e+01 
2.153023e-01 4.283887e+01 
2.154148e-01 4.283901e+01 
2.155273e-01 4.283915e+01 
2.156399e-01 4.283929e+01 
2.157524e-01 4.283945e+01 
2.158649e-01 4.283961e+01 
2.159775e-01 4.283977e+01 
2.160900e-01 4.283994e+01 
2.162025e-01 4.284012e+01 
2.163151e-01 4.284030e+01 
2.164276e-01 4.284049e+01 
2.165401e-01 4.284068e+01 
2.166527e-01 4.284088e+01 
2.167652e-01 4.284109e+01 
2.168777e-01 4.284130e+01 
2.169903e-01 4.284151e+01 
2.171028e-01 4.284173e+01 
2.172153e-01 4.284196e+01 
2.173279e-01 4.284219e+01 
2.174404e-01 4.284242e+01 
2.175529e-01 4.284266e+01 
2.176654e-01 4.284290e+01 
2.177780e-01 4.284315e+01 
2.178905e-01 4.284340e+01 
2.180030e-01 4.284366e+01 
2.181155e-01 4.284392e+01 
2.182281e-01 4.284419e+01 
2.183406e-01 4.284445e+01 
2.184531e-01 4.284473e+01 
2.185656e-01 4.284500e+01 
2.186782e-01 4.284528e+01 
2.187907e-01 4.284556e+01 
2.189032e-01 4.284585e+01 
2.190157e-01 4.284614e+01 
2.191282e-01 4.284643e+01 
2.192408e-01 4.284672e+01 
2.193533e-01 4.284702e+01 
2.194658e-01 4.284732e+01 
2.195783e-01 4.284763e+01 
2.196908e-01 4.284793e+01 
2.198033e-01 4.284824e+01 
2.199159e-01 4.284855e+01 
2.200284e-01 4.284886e+01 
2.201409e-01 4.284918e+01 
2.202534e-01 4.284949e+01 
2.203659e-01 4.284981e+01 
2.204784e-01 4.285013e+01 
2.205909e-01 4.285045e+01 
2.207034e-01 4.285078e+01 
2.208160e-01 4.285110e+01 
2.209285e-01 4.285143e+01 
2.210410e-01 4.285175e+01 
2.211535e-01 4.285208e+01 
2.212660e-01 4.285241e+01 
2.213785e-01 4.285274e+01 
2.214910e-01 4.285307e+01 
2.216035e-01 4.285340e+01 
2.217160e-01 4.285374e+01 
2.218285e-01 4.285407e+01 
2.219410e-01 4.285440e+01 
2.220535e-01 4.285473e+01 
2.221660e-01 4.285507e+01 
2.222785e-01 4.285540e+01 
2.223910e-01 4.285574e+01 
2.225035e-01 4.285607e+01 
2.226160e-01 4.285640e+01 
2.227285e-01 4.285673e+01 
2.228410e-01 4.285707e+01 
2.229535e-01 4.285740e+01 
2.230660e-01 4.285773e+01 
2.231785e-01 4.285806e+01 
2.232910e-01 4.285839e+01 
2.234035e-01 4.285872e+01 
2.235160e-01 4.285905e+01 
2.236285e-01 4.285937e+01 
2.237410e-01 4.285970e+01 
2.238534e-01 4.286003e+01 
2.239659e-01 4.286035e+01 
2.240784e-01 4.286067e+01 
2.241909e-01 4.286099e+01 
2.243034e-01 4.286131e+01 
2.244159e-01 4.286163e+01 
2.245284e-01 4.286194e+01 
2.246408e-01 4.286226e+01 
2.247533e-01 4.286257e+01 
2.248658e-01 4.286288e+01 
2.249783e-01 4.286319e+01 
2.250908e-01 4.286349e+01 
2.252033e-01 4.286380e+01 
2.253157e-01 4.286410e+01 
2.254282e-01 4.286440e+01 
2.255407e-01 4.286470e+01 
2.256532e-01 4.286499e+01 
2.257657e-01 4.286528e+01 
2.258781e-01 4.286557e+01 
2.259906e-01 4.286586e+01 
2.261031e-01 4.286614e+01 
2.262156e-01 4.286642e+01 
2.263280e-01 4.286670e+01 
2.264405e-01 4.286698e+01 
2.265530e-01 4.286725e+01 
2.266655e-01 4.286752e+01 
2.267779e-01 4.286779e+01 
2.268904e-01 4.286805e+01 
2.270029e-01 4.286831e+01 
2.271153e-01 4.286857e+01 
2.272278e-01 4.286883e+01 
2.273403e-01 4.286908e+01 
2.274527e-01 4.286932e+01 
2.275652e-01 4.286957e+01 
2.276777e-01 4.286981e+01 
2.277901e-01 4.287005e+01 
2.279026e-01 4.287028e+01 
2.280151e-01 4.287051e+01 
2.281275e-01 4.287074e+01 
2.282400e-01 4.287096e+01 
2.283525e-01 4.287118e+01 
2.284649e-01 4.287140e+01 
2.285774e-01 4.287161e+01 
2.286898e-01 4.287182e+01 
2.288023e-01 4.287203e+01 
2.289148e-01 4.287223e+01 
2.290272e-01 4.287242e+01 
2.291397e-01 4.287262e+01 
2.292522e-01 4.287281e+01 
2.293646e-01 4.287299e+01 
2.294771e-01 4.287318e+01 
2.295895e-01 4.287335e+01 
2.297020e-01 4.287353e+01 
2.298144e-01 4.287370e+01 
2.299269e-01 4.287386e+01 
2.300394e-01 4.287403e+01 
2.301518e-01 4.287419e+01 
2.302643e-01 4.287434e+01 
2.303767e-01 4.287449e+01 
2.304892e-01 4.287464e+01 
2.306016e-01 4.287478e+01 
2.307141e-01 4.287492e+01 
2.308265e-01 4.287505e+01 
2.309390e-01 4.287518e+01 
2.310514e-01 4.287531e+01 
