1.570796326794896558e+00 -1.492704759451865117e-14
1.563456157043518591e+00 -1.497665226623059668e-14
1.556115987292140623e+00 -1.477645862572126238e-14
1.548775817540762434e+00 -1.467518455146685641e-14
1.541435647789384467e+00 -1.433192356125141554e-14
1.534095478038006499e+00 -1.408931592042417355e-14
1.526755308286628532e+00 -1.361921939797121360e-14
1.519415138535250342e+00 -1.325137702171122244e-14
1.512074968783872375e+00 -1.267671404166354289e-14
1.504734799032494408e+00 -1.220535605217135928e-14
1.497394629281116440e+00 -1.155216687624933548e-14
1.490054459529738251e+00 -1.100230531633944436e-14
1.482714289778360284e+00 -1.029804990693924038e-14
1.475374120026982316e+00 -9.695635755878387037e-15
1.468033950275604349e+00 -8.966998917550906538e-15
1.460693780524226160e+00 -8.336882485301020881e-15
1.453353610772848192e+00 -7.608013712216092971e-15
1.446013441021470225e+00 -6.972404580735245402e-15
1.438673271270092258e+00 -6.263733910195997035e-15
1.431333101518714068e+00 -5.641233617854396651e-15
1.423992931767336101e+00 -4.968876437576696847e-15
1.416652762015958134e+00 -4.374055704437784264e-15
1.409312592264580166e+00 -3.749727564979365704e-15
1.401972422513201977e+00 -3.193150233133536349e-15
1.394632252761824009e+00 -2.624463331390227169e-15
1.387292083010446042e+00 -2.113027371502028657e-15
1.379951913259068075e+00 -1.604028470514632969e-15
1.372611743507690107e+00 -1.141494229979743200e-15
1.365271573756311918e+00 -6.933182740334411827e-16
1.357931404004933951e+00 -2.809142002514248072e-16
1.350591234253555983e+00 1.075437766587087646e-16
1.343251064502177794e+00 4.705187845913325047e-16
1.335910894750799827e+00 8.019790443290815330e-16
1.328570724999421859e+00 1.117608220148413486e-15
1.321230555248043892e+00 1.395865999389909245e-15
1.313890385496665925e+00 1.667149072689519545e-15
1.306550215745287735e+00 1.896633375869417803e-15
1.299210045993909768e+00 2.127111293164945974e-15
1.291869876242531801e+00 2.312542462660012402e-15
1.284529706491153611e+00 2.506009146129811742e-15
1.277189536739775644e+00 2.652145872245492831e-15
1.269849366988397676e+00 2.812437042678721705e-15
1.262509197237019709e+00 2.923899166804727772e-15
1.255169027485641742e+00 3.054745422131569441e-15
1.247828857734263552e+00 3.135897763129919972e-15
1.240488687982885585e+00 3.240828753285863308e-15
1.233148518231507618e+00 3.295711984343082097e-15
1.225808348480129428e+00 3.377999595378297596e-15
1.218468178728751461e+00 3.410295976904227545e-15
1.211128008977373494e+00 3.472926181986239849e-15
1.203787839225995526e+00 3.485950089943740962e-15
1.196447669474617559e+00 3.531615054562674139e-15
1.189107499723239592e+00 3.528320355896943572e-15
1.181767329971861402e+00 3.559424222703075074e-15
1.174427160220483435e+00 3.542422440796967277e-15
1.167086990469105467e+00 3.561095827453633699e-15
1.159746820717727278e+00 3.532680630981347237e-15
1.152406650966349311e+00 3.540800204412300036e-15
1.145066481214971343e+00 3.502975030096894290e-15
1.137726311463593376e+00 3.502185576379434745e-15
1.130386141712215409e+00 3.456692186597588650e-15
1.123045971960837219e+00 3.448429406928293980e-15
1.115705802209459252e+00 3.396775928260342292e-15
1.108365632458081285e+00 3.382288797456553290e-15
1.101025462706703095e+00 3.325776332346506252e-15
1.093685292955325128e+00 3.306148297590211177e-15
1.086345123203947161e+00 3.245895590943062065e-15
1.079004953452569193e+00 3.222064201775255118e-15
1.071664783701191226e+00 3.159030114786615056e-15
1.064324613949813259e+00 3.131804891731621903e-15
1.056984444198435069e+00 3.066808617065105404e-15
1.049644274447057102e+00 3.036887111032862740e-15
1.042304104695678912e+00 2.970626180684065282e-15
1.034963934944300945e+00 2.938608268169661414e-15
1.027623765192922978e+00 2.871674476685704604e-15
1.020283595441545010e+00 2.838074991772748613e-15
1.012943425690167043e+00 2.770968396611418037e-15
1.005603255938789076e+00 2.736228231476253605e-15
9.982630861874108863e-01 2.669369409956016995e-15
9.909229164360329190e-01 2.633865228689134463e-15
9.835827466846548406e-01 2.567605973993063093e-15
9.762425769332768732e-01 2.531658686612960664e-15
9.689024071818987949e-01 2.466291319587257568e-15
9.615622374305208275e-01 2.430173458084246137e-15
9.542220676791427492e-01 2.365938920488938100e-15
9.468818979277647818e-01 2.329881049445940500e-15
9.395417281763867035e-01 2.266975930331863875e-15
9.322015584250087361e-01 2.231172213227535964e-15
9.248613886736306577e-01 2.169754845145516557e-15
9.175212189222526904e-01 2.134367875494213072e-15
9.101810491708746120e-01 2.074563622207847009e-15
9.028408794194966447e-01 2.039728616331777036e-15
8.955007096681185663e-01 1.981634459355251955e-15
8.881605399167405990e-01 1.947462896145810769e-15
8.808203701653625206e-01 1.891151414032148247e-15
8.734802004139845533e-01 1.857734196267138150e-15
8.661400306626065859e-01 1.803257018577741161e-15
8.587998609112286186e-01 1.770667220600083083e-15
8.514596911598505402e-01 1.718058027319108984e-15
8.441195214084725729e-01 1.686353285498422514e-15
8.367793516570944945e-01 1.635630413445116343e-15
8.294391819057165272e-01 1.604855007552144220e-15
8.220990121543384488e-01 1.556023716684087388e-15
8.147588424029604814e-01 1.526210384293061446e-15
8.074186726515824031e-01 1.479264829391813109e-15
8.000785029002044357e-01 1.450436349059308835e-15
7.927383331488263574e-01 1.405361296149606984e-15
7.853981633974483900e-01 1.377531870317671112e-15
7.780579936460703117e-01 1.334304191549415354e-15
7.707178238946922333e-01 1.307480655695201795e-15
7.633776541433142659e-01 1.266070631703248085e-15
7.560374843919361876e-01 1.240253512490059905e-15
7.486973146405582202e-01 1.200625967272046102e-15
7.413571448891801419e-01 1.175810409329772726e-15
7.340169751378021745e-01 1.137925699143002732e-15
7.266768053864240962e-01 1.114102277294662941e-15
7.193366356350461288e-01 1.077917152177361896e-15
7.119964658836680504e-01 1.055072583610321855e-15
7.046562961322900831e-01 1.020540937501517810e-15
6.973161263809120047e-01 9.986587064514770246e-16
6.899759566295340374e-01 9.657322298750702766e-16
6.826357868781559590e-01 9.447931355218765945e-16
6.752956171267779917e-01 9.134218828093427482e-16
6.679554473753999133e-01 8.934045198085614610e-16
6.606152776240219460e-01 8.635374012360910023e-16
6.532751078726438676e-01 8.444185810332722815e-16
6.459349381212659003e-01 8.160037890687795348e-16
6.385947683698878219e-01 7.977589088972262638e-16
6.312545986185098545e-01 7.707442863659583073e-16
6.239144288671319982e-01 7.533476522964352647e-16
6.165742591157538088e-01 7.276810094832535469e-16
6.092340893643759525e-01 7.111061185690067525e-16
6.018939196129977631e-01 6.867355051590858448e-16
5.945537498616199068e-01 6.709552917401966089e-16
5.872135801102417174e-01 6.478292291150109287e-16
5.798734103588638611e-01 6.328162790741304973e-16
5.725332406074856717e-01 6.108839574314942895e-16
5.651930708561077044e-01 5.966106942407179457e-16
5.578529011047297370e-01 5.758221388503256204e-16
5.505127313533517697e-01 5.622609844109732501e-16
5.431725616019735803e-01 5.425671944612018595e-16
5.358323918505956129e-01 5.296907078118434266e-16
5.284922220992176456e-01 5.110437711759503454e-16
5.211520523478396782e-01 4.988247672985051219e-16
5.138118825964614889e-01 4.811779540829973524e-16
5.064717128450835215e-01 4.695896051712430424e-16
4.991315430937055542e-01 4.528974424543915041e-16
4.917913733423275868e-01 4.419133636570806183e-16
4.844512035909493974e-01 4.261316938231170273e-16
4.771110338395714301e-01 4.157260150589320317e-16
4.697708640881934627e-01 4.008120396321189337e-16
4.624306943368154954e-01 3.909594651742960010e-16
4.550905245854373060e-01 3.768717759515373598e-16
4.477503548340593387e-01 3.675476331543768438e-16
4.404101850826813713e-01 3.542462322349931002e-16
4.330700153313034040e-01 3.454265106027702067e-16
4.257298455799252146e-01 3.328728207514917343e-16
4.183896758285472472e-01 3.245342025249339236e-16
4.110495060771692799e-01 3.126910691052238818e-16
4.037093363257913126e-01 3.048109523519680256e-16
3.963691665744131232e-01 2.936426379503039848e-16
3.890289968230351558e-01 2.861991530587865663e-16
3.816888270716571885e-01 2.756713258773936393e-16
3.743486573202792211e-01 2.686433462306994351e-16
3.670084875689010318e-01 2.587230630518673009e-16
3.596683178175230644e-01 2.520902106767252957e-16
3.523281480661450971e-01 2.427458952881418485e-16
3.449879783147671297e-01 2.364885420568092553e-16
3.376478085633889403e-01 2.276899597965346439e-16
3.303076388120109730e-01 2.217892247951968117e-16
3.229674690606330056e-01 2.135074538968761949e-16
3.156272993092550383e-01 2.079451974881769803e-16
3.082871295578768489e-01 2.001525977439861326e-16
3.009469598064991036e-01 1.949114127948384525e-16
2.936067900551209142e-01 1.875815921020228212e-16
2.862666203037429469e-01 1.826447927498751880e-16
2.789264505523647575e-01 1.757525719443162725e-16
2.715862808009870122e-01 1.711041803495922114e-16
2.642461110496088228e-01 1.646255567333802747e-16
2.569059412982308555e-01 1.602502880915815231e-16
2.495657715468526661e-01 1.541623980009909045e-16
2.422256017954749208e-01 1.500456441567892534e-16
2.348854320440967314e-01 1.443267248978942752e-16
2.275452622927187640e-01 1.404545367950399159e-16
2.202050925413405746e-01 1.350838882087474784e-16
2.128649227899628293e-01 1.314429574029396951e-16
2.055247530385846400e-01 1.264009032621554768e-16
1.981845832872066726e-01 1.229785427971202146e-16
1.908444135358284832e-01 1.182463922982419035e-16
1.835042437844507379e-01 1.150305169944714785e-16
1.761640740330725485e-01 1.105905264838060634e-16
1.688239042816945812e-01 1.075696328976251004e-16
1.614837345303166138e-01 1.034049680099309372e-16
1.541435647789386465e-01 1.005681141845791410e-16
1.468033950275606792e-01 9.666281250166882373e-17
1.394632252761824898e-01 9.399959763258286380e-17
1.321230555248045224e-01 9.033853199370327550e-17
1.247828857734265551e-01 8.783907612227960546e-17
1.174427160220485877e-01 8.440791865948333130e-17
1.101025462706703983e-01 8.206284247703463425e-17
1.027623765192924310e-01 7.884802951486583885e-17
9.542220676791446365e-02 7.664843436772529380e-17
8.808203701653649631e-02 7.363713211375488949e-17
8.074186726515830692e-02 7.157458032194718728e-17
7.340169751378033958e-02 6.875465159874178225e-17
6.606152776240237223e-02 6.682114705882163496e-17
5.872135801102440489e-02 6.418111892400883454e-17
5.138118825964621550e-02 6.236908810493916342e-17
4.404101850826824815e-02 5.989812052513853210e-17
3.670084875689028081e-02 5.820039395011048602e-17
2.936067900551231347e-02 5.588824950846902984e-17
2.202050925413412408e-02 5.429804356964874949e-17
1.468033950275615673e-02 5.213505809691011517e-17
7.340169751378189389e-03 5.064595757580362417e-17
2.220446049250313081e-16 4.862301201387489656e-17
-7.340169751377745300e-03 4.722895286143027748e-17
-1.468033950275593469e-02 4.533744602915901640e-17
-2.202050925413390203e-02 4.403269886360435675e-17
-2.936067900551209142e-02 4.226452133343350498e-17
-3.670084875688983672e-02 4.104367535475269786e-17
-4.404101850826802611e-02 3.939118431232346660e-17
-5.138118825964599345e-02 3.824913189593283218e-17
-5.872135801102418284e-02 3.670512704974937239e-17
-6.606152776240192814e-02 3.563704876556450265e-17
-7.340169751378011753e-02 3.419474931247807313e-17
-8.074186726515808488e-02 3.319609953862184526e-17
-8.808203701653627427e-02 3.184912198332492522e-17
-9.542220676791401957e-02 3.091561511709080846e-17
-1.027623765192922090e-01 2.965795220666540321e-17
-1.101025462706701763e-01 2.878554932899151987e-17
-1.174427160220483657e-01 2.761154977753115292e-17
-1.247828857734261110e-01 2.679644599644375578e-17
-1.321230555248043004e-01 2.570079526824851366e-17
-1.394632252761822677e-01 2.493940742625248178e-17
-1.468033950275604571e-01 2.391710930978869489e-17
-1.541435647789382024e-01 2.320606432364556989e-17
-1.614837345303163918e-01 2.225242342137217247e-17
-1.688239042816943591e-01 2.158854711038731148e-17
-1.761640740330725485e-01 2.069915215887194282e-17
-1.835042437844502938e-01 2.007945851066236838e-17
-1.908444135358284832e-01 1.925016644709355929e-17
-1.981845832872064506e-01 1.867184750990941205e-17
-2.055247530385846400e-01 1.789876839198143015e-17
-2.128649227899623853e-01 1.735918447459600865e-17
-2.202050925413405746e-01 1.663866715388272068e-17
-2.275452622927185420e-01 1.613533756968803105e-17
-2.348854320440967314e-01 1.546395599337486283e-17
-2.422256017954744767e-01 1.499455026798735710e-17
-2.495657715468526661e-01 1.436909062141925887e-17
-2.569059412982306334e-01 1.393142002234250291e-17
-2.642461110496088228e-01 1.334886837266111498e-17
-2.715862808009865681e-01 1.294087799261895224e-17
-2.789264505523647575e-01 1.239840872183512826e-17
-2.862666203037427248e-01 1.201816982731858563e-17
-2.936067900551209142e-01 1.151313458550147356e-17
-3.009469598064986595e-01 1.115883743834500948e-17
-3.082871295578768489e-01 1.068875469100365191e-17
-3.156272993092548163e-01 1.035870169768282847e-17
-3.229674690606325616e-01 9.921246866133939961e-18
-3.303076388120107509e-01 9.613846106965883630e-18
-3.376478085633889403e-01 9.206842205180102670e-18
-3.449879783147669077e-01 8.920601251991124886e-18
-3.523281480661446530e-01 8.542010081594671605e-18
-3.596683178175228424e-01 8.275530179153044454e-18
-3.670084875689010318e-01 7.923443935021501667e-18
-3.743486573202789991e-01 7.675414504337993739e-18
-3.816888270716567444e-01 7.348047961748117163e-18
-3.890289968230349338e-01 7.117241322030648561e-18
-3.963691665744131232e-01 6.812924307650456731e-18
-4.037093363257910905e-01 6.598190801600793462e-18
-4.110495060771688358e-01 6.315361208860965003e-18
-4.183896758285470252e-01 6.115624501926889453e-18
-4.257298455799252146e-01 5.852821667135512857e-18
-4.330700153313031819e-01 5.667074309281086965e-18
-4.404101850826811493e-01 5.422932752278860890e-18
-4.477503548340591166e-01 5.250232040481911685e-18
-4.550905245854370840e-01 5.023475555225992528e-18
-4.624306943368154954e-01 4.862939605664972853e-18
-4.697708640881930187e-01 4.652375728668714905e-18
-4.771110338395709860e-01 4.503179730762603301e-18
-4.844512035909493974e-01 4.307694504835410157e-18
-4.917913733423273648e-01 4.169067230497241277e-18
-4.991315430937053321e-01 3.987620297874688754e-18
-5.064717128450832995e-01 3.858840796302852168e-18
-5.138118825964612668e-01 3.690460720845431994e-18
-5.211520523478396782e-01 3.570855227509627872e-18
-5.284922220992172015e-01 3.414635185456873730e-18
-5.358323918505951688e-01 3.303574137403593976e-18
-5.431725616019735803e-01 3.158667793364979286e-18
-5.505127313533515476e-01 3.055563119225243347e-18
-5.578529011047295150e-01 2.921180767224664684e-18
-5.651930708561074823e-01 2.825483241041071365e-18
-5.725332406074854497e-01 2.700888199498760702e-18
-5.798734103588638611e-01 2.612085018882273384e-18
-5.872135801102413843e-01 2.496590212818584684e-18
-5.945537498616193517e-01 2.414202697780220350e-18
-6.018939196129977631e-01 2.307167460577968190e-18
-6.092340893643757305e-01 2.230748862757662820e-18
-6.165742591157536978e-01 2.131575945676433489e-18
-6.239144288671316652e-01 2.060709437310291333e-18
-6.312545986185096325e-01 1.968842173943724619e-18
-6.385947683698880439e-01 1.903138913492609233e-18
-6.459349381212655672e-01 1.818058597758756272e-18
-6.532751078726435345e-01 1.757155951380402074e-18
-6.606152776240219460e-01 1.678379336358769370e-18
-6.679554473753999133e-01 1.621939165048431082e-18
-6.752956171267778807e-01 1.549016147016586348e-18
-6.826357868781558480e-01 1.496723250235274212e-18
-6.899759566295338153e-01 1.429234678286891163e-18
-6.973161263809122268e-01 1.380795273368745347e-18
-7.046562961322897500e-01 1.318350917777312397e-18
-7.119964658836677174e-01 1.273491278557461608e-18
-7.193366356350461288e-01 1.215727919225500323e-18
-7.266768053864240962e-01 1.174193015082251319e-18
-7.340169751378020635e-01 1.120772626442254900e-18
-7.413571448891800308e-01 1.082324935165445566e-18
-7.486973146405579982e-01 1.032933012727402091e-18
-7.560374843919364096e-01 9.973513670403711601e-19
-7.633776541433139329e-01 9.516953590701720291e-19
-7.707178238946919002e-01 9.187738505207764761e-19
-7.780579936460703117e-01 8.765816691645760876e-19
-7.853981633974478349e-01 8.461286553147726474e-19
-7.927383331488262463e-01 8.071473378926350484e-19
-8.000785029002042137e-01 7.789844527530878691e-19
-8.074186726515821810e-01 7.429788228910538532e-19
-8.147588424029601484e-01 7.169401489038064935e-19
-8.220990121543381157e-01 6.836916226688729959e-19
-8.294391819057160831e-01 6.596228333974167554e-19
-8.367793516570944945e-01 6.289283637920784179e-19
-8.441195214084720178e-01 6.066858724830694442e-19
-8.514596911598504292e-01 5.783567676226916187e-19
-8.587998609112283965e-01 5.578071465762894804e-19
-8.661400306626063639e-01 5.316681571210515291e-19
-8.734802004139843312e-01 5.126873657006547510e-19
-8.808203701653622986e-01 4.885757707196770757e-19
-8.881605399167402659e-01 4.710485168375019052e-19
-8.955007096681186773e-01 4.488132592256302132e-19
-9.028408794194962006e-01 4.326324161681190573e-19
-9.101810491708746120e-01 4.121332610315771732e-19
-9.175212189222525794e-01 3.971993279766032063e-19
-9.248613886736305467e-01 3.783061607331333776e-19
-9.322015584250085141e-01 3.645267218504221813e-19
-9.395417281763864814e-01 3.471188292386252677e-19
-9.468818979277644488e-01 3.344080803989254151e-19
-9.542220676791428602e-01 3.183734809112722376e-19
-9.615622374305203834e-01 3.066517630576384631e-19
-9.689024071818983508e-01 2.918866293938433876e-19
-9.762425769332767622e-01 2.810800169025995703e-19
-9.835827466846547296e-01 2.674880794221564681e-19
-9.909229164360326969e-01 2.575279852161674918e-19
-9.982630861874106643e-01 2.450200185258469239e-19
-1.005603255938788632e+00 2.358428117370477392e-19
-1.012943425690167043e+00 2.243361297322679176e-19
-1.020283595441544566e+00 2.158828057763185217e-19
-1.027623765192922534e+00 2.053008083704615210e-19
-1.034963934944300945e+00 1.975166718071344481e-19
-1.042304104695678912e+00 1.877884060564319572e-19
-1.049644274447056880e+00 1.806227341737110712e-19
-1.056984444198434847e+00 1.716825155503081595e-19
-1.064324613949812814e+00 1.650883339574489132e-19
-1.071664783701191226e+00 1.568753508697872399e-19
-1.079004953452568749e+00 1.508091350282584051e-19
-1.086345123203946716e+00 1.432671074269956384e-19
-1.093685292955325128e+00 1.376885494377256597e-19
-1.101025462706703095e+00 1.307654168322511660e-19
-1.108365632458081063e+00 1.256372052316423048e-19
-1.115705802209459030e+00 1.192848138636525182e-19
-1.123045971960836997e+00 1.145724248893673813e-19
-1.130386141712215409e+00 1.087462501166838140e-19
-1.137726311463592932e+00 1.044177383071178875e-19
-1.145066481214970899e+00 9.907663495138488156e-20
-1.152406650966349311e+00 9.510247062441637580e-20
-1.159746820717727278e+00 9.020842482052165286e-20
-1.167086990469105245e+00 8.656130797802535252e-20
-1.174427160220483213e+00 8.207921176908865499e-20
-1.181767329971861180e+00 7.873392418235492036e-20
-1.189107499723239592e+00 7.463136271453422314e-20
-1.196447669474617115e+00 7.156461874293783198e-20
-1.203787839225995082e+00 6.781168075202436540e-20
-1.211128008977373494e+00 6.500201680974754766e-20
-1.218468178728751461e+00 6.157113165454721968e-20
-1.225808348480129428e+00 5.899872884899694371e-20
-1.233148518231507396e+00 5.586445583899346468e-20
-1.240488687982885363e+00 5.351107306237328336e-20
-1.247828857734263330e+00 5.065000887442162853e-20
-1.255169027485641298e+00 4.849884430563748944e-20
-1.262509197237019265e+00 4.588941862253362105e-20
-1.269849366988397676e+00 4.392503246845079034e-20
-1.277189536739775200e+00 4.154742252001549861e-20
-1.284529706491153611e+00 3.975562936815365484e-20
-1.291869876242531578e+00 3.759160477882080171e-20
-1.299210045993909546e+00 3.595939744967707377e-20
-1.306550215745287513e+00 3.399223321114377567e-20
-1.313890385496665481e+00 3.250769507785155107e-20
-1.321230555248043448e+00 3.072207031827761599e-20
-1.328570724999421859e+00 2.937431354546809033e-20
-1.335910894750799383e+00 2.775614950876842891e-20
-1.343251064502177794e+00 2.653525306368462295e-20
-1.350591234253555761e+00 2.507172175674829632e-20
-1.357931404004933729e+00 2.396866371267225635e-20
-1.365271573756311696e+00 2.264803389439484586e-20
-1.372611743507689663e+00 2.165462872356093748e-20
-1.379951913259067631e+00 2.046623184016717446e-20
-1.387292083010446042e+00 1.957510199555138600e-20
-1.394632252761823565e+00 1.850923880838052065e-20
-1.401972422513201977e+00 1.771375107179268491e-20
-1.409312592264579944e+00 1.676164766591205348e-20
-1.416652762015957912e+00 1.605587335238143713e-20
-1.423992931767335879e+00 1.520961985531152461e-20
-1.431333101518713846e+00 1.458830572475255705e-20
-1.438673271270091814e+00 1.384076481948827748e-20
-1.446013441021470225e+00 1.329933356910924373e-20
-1.453353610772847748e+00 1.264417455442621692e-20
-1.460693780524226160e+00 1.217860821291485296e-20
-1.468033950275604127e+00 1.161019160486640392e-20
-1.475374120026982094e+00 1.121710843246353651e-20
-1.482714289778360062e+00 1.073047999810600282e-20
-1.490054459529738029e+00 1.040704710758514045e-20
-1.497394629281115996e+00 9.997906324857860543e-21
-1.504734799032494408e+00 9.741853053710299644e-21
-1.512074968783871931e+00 9.406525284369936096e-21
-1.519415138535250342e+00 9.216109213306893670e-21
-1.526755308286628310e+00 8.951515785137923742e-21
-1.534095478038006277e+00 8.825506415926456565e-21
-1.541435647789384245e+00 8.629191271217883732e-21
-1.548775817540762212e+00 8.566843452561983239e-21
-1.556115987292140179e+00 8.436961485613636215e-21
-1.563456157043518591e+00 8.438011469043953488e-21
-1.570796326794896114e+00 8.372786991850404557e-21
