0 1.016e-05 9.844e-01
1 1.016e-05 9.844e-01
2 1.015e-05 9.844e-01
3 1.015e-05 9.844e-01
4 1.015e-05 9.844e-01
5 1.015e-05 9.844e-01
6 1.014e-05 9.844e-01
7 1.014e-05 9.844e-01
8 1.013e-05 9.844e-01
9 1.013e-05 9.844e-01
10 1.013e-05 9.844e-01
11 1.012e-05 9.844e-01
12 1.012e-05 9.844e-01
13 1.011e-05 9.844e-01
14 1.011e-05 9.844e-01
15 1.010e-05 9.844e-01
16 1.010e-05 9.844e-01
17 1.010e-05 9.844e-01
18 1.009e-05 9.844e-01
19 1.009e-05 9.844e-01
20 1.008e-05 9.844e-01
21 1.008e-05 9.844e-01
22 1.007e-05 9.844e-01
23 1.007e-05 9.844e-01
24 1.007e-05 9.844e-01
25 1.006e-05 9.844e-01
26 1.006e-05 9.844e-01
27 1.006e-05 9.844e-01
28 1.005e-05 9.844e-01
29 1.005e-05 9.844e-01
30 1.005e-05 9.844e-01
31 1.004e-05 9.844e-01
32 1.004e-05 9.844e-01
33 1.004e-05 9.844e-01
34 1.004e-05 9.844e-01
35 1.003e-05 9.844e-01
36 1.003e-05 9.844e-01
37 1.003e-05 9.844e-01
38 1.003e-05 9.844e-01
39 1.003e-05 9.844e-01
40 1.002e-05 9.844e-01
41 1.002e-05 9.844e-01
42 1.002e-05 9.844e-01
43 1.002e-05 9.844e-01
44 1.002e-05 9.844e-01
45 1.002e-05 9.844e-01
46 1.002e-05 9.844e-01
47 1.001e-05 9.844e-01
48 1.001e-05 9.844e-01
49 1.001e-05 9.844e-01
50 1.001e-05 9.844e-01
51 1.001e-05 9.844e-01
52 1.001e-05 9.844e-01
53 1.001e-05 9.844e-01
54 1.001e-05 9.844e-01
55 1.001e-05 9.844e-01
56 1.001e-05 9.844e-01
57 1.001e-05 9.844e-01
58 1.001e-05 9.844e-01
59 1.001e-05 9.844e-01
60 1.001e-05 9.844e-01
61 1.001e-05 9.844e-01
62 1.001e-05 9.844e-01
63 1.001e-05 9.844e-01
64 1.001e-05 9.844e-01
65 1.001e-05 9.844e-01
66 1.001e-05 9.844e-01
67 1.001e-05 9.844e-01
68 1.001e-05 9.844e-01
69 1.001e-05 9.844e-01
70 1.001e-05 9.844e-01
71 1.001e-05 9.844e-01
72 1.001e-05 9.844e-01
73 1.001e-05 9.844e-01
74 1.001e-05 9.844e-01
75 1.002e-05 9.844e-01
76 1.002e-05 9.844e-01
77 1.002e-05 9.844e-01
78 1.002e-05 9.844e-01
79 1.002e-05 9.844e-01
80 1.002e-05 9.844e-01
81 1.002e-05 9.844e-01
82 1.002e-05 9.844e-01
83 1.002e-05 9.844e-01
84 1.002e-05 9.844e-01
85 1.002e-05 9.844e-01
86 1.002e-05 9.844e-01
87 1.002e-05 9.844e-01
88 1.002e-05 9.844e-01
89 1.003e-05 9.844e-01
90 1.003e-05 9.844e-01
91 1.003e-05 9.844e-01
92 1.003e-05 9.844e-01
93 1.003e-05 9.844e-01
94 1.003e-05 9.844e-01
95 1.003e-05 9.844e-01
96 1.003e-05 9.844e-01
97 1.003e-05 9.844e-01
98 1.003e-05 9.844e-01
99 1.003e-05 9.844e-01
100 1.003e-05 9.844e-01
101 1.003e-05 9.844e-01
102 1.004e-05 9.844e-01
103 1.004e-05 9.844e-01
104 1.004e-05 9.844e-01
105 1.004e-05 9.844e-01
106 1.004e-05 9.844e-01
107 1.004e-05 9.844e-01
108 1.004e-05 9.844e-01
109 1.004e-05 9.844e-01
110 1.004e-05 9.844e-01
111 1.004e-05 9.844e-01
112 1.004e-05 9.844e-01
113 1.004e-05 9.844e-01
114 1.004e-05 9.844e-01
115 1.004e-05 9.844e-01
116 1.004e-05 9.844e-01
117 1.004e-05 9.844e-01
118 1.004e-05 9.844e-01
119 1.004e-05 9.844e-01
120 1.005e-05 9.844e-01
121 1.005e-05 9.844e-01
122 1.005e-05 9.844e-01
123 1.005e-05 9.844e-01
124 1.005e-05 9.844e-01
125 1.005e-05 9.844e-01
126 1.005e-05 9.844e-01
127 1.005e-05 9.844e-01
128 1.005e-05 9.844e-01
129 1.005e-05 9.844e-01
130 1.005e-05 9.844e-01
131 1.005e-05 9.844e-01
132 1.005e-05 9.844e-01
133 1.005e-05 9.844e-01
134 1.005e-05 9.844e-01
135 1.005e-05 9.844e-01
136 1.005e-05 9.844e-01
137 1.005e-05 9.844e-01
138 1.005e-05 9.844e-01
139 1.005e-05 9.844e-01
140 1.005e-05 9.844e-01
141 1.005e-05 9.844e-01
142 1.005e-05 9.844e-01
143 1.005e-05 9.844e-01
144 1.005e-05 9.844e-01
145 1.006e-05 9.844e-01
146 1.006e-05 9.844e-01
147 1.006e-05 9.844e-01
148 1.006e-05 9.844e-01
149 1.006e-05 9.844e-01
150 1.006e-05 9.844e-01
151 1.006e-05 9.844e-01
152 1.006e-05 9.844e-01
153 1.006e-05 9.844e-01
154 1.006e-05 9.844e-01
155 1.006e-05 9.844e-01
156 1.006e-05 9.844e-01
157 1.006e-05 9.844e-01
158 1.006e-05 9.844e-01
159 1.006e-05 9.844e-01
160 1.006e-05 9.844e-01
161 1.006e-05 9.844e-01
162 1.006e-05 9.844e-01
163 1.006e-05 9.844e-01
164 1.006e-05 9.844e-01
165 1.006e-05 9.844e-01
166 1.006e-05 9.844e-01
167 1.006e-05 9.844e-01
168 1.006e-05 9.844e-01
169 1.007e-05 9.844e-01
170 1.007e-05 9.844e-01
171 1.007e-05 9.844e-01
172 1.007e-05 9.845e-01
173 1.007e-05 9.845e-01
174 1.007e-05 9.845e-01
175 1.007e-05 9.845e-01
176 1.007e-05 9.845e-01
177 1.007e-05 9.845e-01
178 1.007e-05 9.845e-01
179 1.007e-05 9.845e-01
180 1.007e-05 9.845e-01
181 1.007e-05 9.845e-01
182 1.007e-05 9.845e-01
183 1.007e-05 9.845e-01
184 1.007e-05 9.845e-01
185 1.007e-05 9.845e-01
186 1.007e-05 9.845e-01
187 1.007e-05 9.845e-01
188 1.007e-05 9.845e-01
189 1.007e-05 9.845e-01
190 1.007e-05 9.845e-01
191 1.007e-05 9.845e-01
