1.570796326794896558e+00 9.261362157026290894e+06
1.568353408712789498e+00 7.226514541674613953e+06
1.565910490630682217e+00 5.191666926322937012e+06
1.563467572548575157e+00 5.591856034906387329e+06
1.561024654466467876e+00 5.992045143489837646e+06
1.558581736384360816e+00 5.908927101944923401e+06
1.556138818302253757e+00 5.825809060400009155e+06
1.553695900220146475e+00 5.832729723647117615e+06
1.551252982138039416e+00 5.839650386894226074e+06
1.548810064055932134e+00 5.820657443562507629e+06
1.546367145973825075e+00 5.801664500230789185e+06
1.543924227891718015e+00 5.784610880783081055e+06
1.541481309809610734e+00 5.767557261335372925e+06
1.539038391727503674e+00 5.746018007063865662e+06
1.536595473645396392e+00 5.724478752792358398e+06
1.534152555563289333e+00 5.700231886143684387e+06
1.531709637481182273e+00 5.675985019495010376e+06
1.529266719399074992e+00 5.648751733859062195e+06
1.526823801316967932e+00 5.621518448223114014e+06
1.524380883234860651e+00 5.591537718504905701e+06
1.521937965152753591e+00 5.561556988786697388e+06
1.519495047070646532e+00 5.528943207934379578e+06
1.517052128988539250e+00 5.496329427082061768e+06
1.514609210906432191e+00 5.461237441817283630e+06
1.512166292824324909e+00 5.426145456552505493e+06
1.509723374742217850e+00 5.388727858283042908e+06
1.507280456660110790e+00 5.351310260013580322e+06
1.504837538578003509e+00 5.311727186908721924e+06
1.502394620495896449e+00 5.272144113803863525e+06
1.499951702413789167e+00 5.230559273693084717e+06
1.497508784331682108e+00 5.188974433582305908e+06
1.495065866249575048e+00 5.145554463928222656e+06
1.492622948167467767e+00 5.102134494274139404e+06
1.490180030085360707e+00 5.057047571351051331e+06
1.487737112003253426e+00 5.011960648427963257e+06
1.485294193921146366e+00 4.965375204230308533e+06
1.482851275839039307e+00 4.918789760032653809e+06
1.480408357756932025e+00 4.870873276900291443e+06
1.477965439674824966e+00 4.822956793767929077e+06
1.475522521592717684e+00 4.773874711630821228e+06
1.473079603510610625e+00 4.724792629493713379e+06
1.470636685428503565e+00 4.674707300299644470e+06
1.468193767346396283e+00 4.624621971105575562e+06
1.465750849264289224e+00 4.573691759875297546e+06
1.463307931182181942e+00 4.522761548645019531e+06
1.460865013100074883e+00 4.471139944974899292e+06
1.458422095017967823e+00 4.419518341304779053e+06
1.455979176935860542e+00 4.367353369496345520e+06
1.453536258853753482e+00 4.315188397687911987e+06
1.451093340771646201e+00 4.262621823904037476e+06
1.448650422689539141e+00 4.210055250120162964e+06
1.446207504607432082e+00 4.157222409770965576e+06
1.443764586525324800e+00 4.104389569421768188e+06
1.441321668443217741e+00 4.051418480834960938e+06
1.438878750361110459e+00 3.998447392248153687e+06
1.436435832279003399e+00 3.945458960535049438e+06
1.433992914196896340e+00 3.892470528821945190e+06
1.431549996114789058e+00 3.839578077577590942e+06
1.429107078032681999e+00 3.786685626333236694e+06
1.426664159950574717e+00 3.733994833435058594e+06
1.424221241868467658e+00 3.681304040536880493e+06
1.421778323786360598e+00 3.628912906929969788e+06
1.419335405704253317e+00 3.576521773323059082e+06
1.416892487622146257e+00 3.524520654266357422e+06
1.414449569540038976e+00 3.472519535209655762e+06
1.412006651457931916e+00 3.420991228967666626e+06
1.409563733375824857e+00 3.369462922725677490e+06
1.407120815293717575e+00 3.318482842695236206e+06
1.404677897211610516e+00 3.267502762664794922e+06
1.402234979129503234e+00 3.217139090330123901e+06
1.399792061047396174e+00 3.166775417995452881e+06
1.397349142965289115e+00 3.117089376205444336e+06
1.394906224883181833e+00 3.067403334415435791e+06
1.392463306801074774e+00 3.018449436046600342e+06
1.390020388718967492e+00 2.969495537677764893e+06
1.387577470636860433e+00 2.921321883476257324e+06
1.385134552554753373e+00 2.873148229274749756e+06
1.382691634472646092e+00 2.825796823545455933e+06
1.380248716390539032e+00 2.778445417816162109e+06
1.377805798308431751e+00 2.731952487013816833e+06
1.375362880226324691e+00 2.685459556211471558e+06
1.372919962144217632e+00 2.639855882554054260e+06
1.370477044062110350e+00 2.594252208896636963e+06
1.368034125980003290e+00 2.549563472885131836e+06
1.365591207897896009e+00 2.504874736873626709e+06
1.363148289815788949e+00 2.461121860356330872e+06
1.360705371733681890e+00 2.417368983839035034e+06
1.358262453651574608e+00 2.374568453354835510e+06
1.355819535569467549e+00 2.331767922870635986e+06
1.353376617487360267e+00 2.289932134455680847e+06
1.350933699405253208e+00 2.248096346040725708e+06
1.348490781323146148e+00 2.207233918155670166e+06
1.346047863241038867e+00 2.166371490270614624e+06
1.343604945158931807e+00 2.126487584767341614e+06
1.341162027076824526e+00 2.086603679264068604e+06
1.338719108994717466e+00 2.047700293471336365e+06
1.336276190912610184e+00 2.008796907678604126e+06
1.333833272830503125e+00 1.970873175742149353e+06
1.331390354748396065e+00 1.932949443805694580e+06
1.328947436666288784e+00 1.896001902307510376e+06
1.326504518584181724e+00 1.859054360809326172e+06
1.324061600502074443e+00 1.823077197268486023e+06
1.321618682419967383e+00 1.787100033727645874e+06
1.319175764337860324e+00 1.752085362970352173e+06
1.316732846255753042e+00 1.717070692213058472e+06
1.314289928173645983e+00 1.683008757164001465e+06
1.311847010091538923e+00 1.648946822114944458e+06
1.309404092009431642e+00 1.615826228791236877e+06
1.306961173927324582e+00 1.582705635467529297e+06
1.304518255845217301e+00 1.550513542877197266e+06
1.302075337763110241e+00 1.518321450286865234e+06
1.299632419681003181e+00 1.487043764810562134e+06
1.297189501598895900e+00 1.455766079334259033e+06
1.294746583516788840e+00 1.425387623984336853e+06
1.292303665434681559e+00 1.395009168634414673e+06
1.289860747352574499e+00 1.365513852168083191e+06
1.287417829270467440e+00 1.336018535701751709e+06
1.284974911188360158e+00 1.307389472148895264e+06
1.282531993106252877e+00 1.278760408596038818e+06
1.280089075024145817e+00 1.250980095814704895e+06
1.277646156942038758e+00 1.223199783033370972e+06
1.275203238859931476e+00 1.196250180425643921e+06
1.272760320777824417e+00 1.169300577817916870e+06
1.270317402695717135e+00 1.143163251860618591e+06
1.267874484613610075e+00 1.117025925903320312e+06
1.265431566531503016e+00 1.091682125888824463e+06
1.262988648449395956e+00 1.066338325874328613e+06
1.260545730367288675e+00 1.041769100984573364e+06
1.258102812285181615e+00 1.017199876094818115e+06
1.255659894203074334e+00 9.933861306705474854e+05
1.253216976120967274e+00 9.695723852462768555e+05
1.250774058038860215e+00 9.464949799613952637e+05
1.248331139956752933e+00 9.234175746765136719e+05
1.245888221874645874e+00 9.010573681449890137e+05
1.243445303792538592e+00 8.786971616134643555e+05
1.241002385710431533e+00 8.570350903978347778e+05
1.238559467628324473e+00 8.353730191822052002e+05
1.236116549546217191e+00 8.143901265134811401e+05
1.233673631464110132e+00 7.934072338447570801e+05
1.231230713382002850e+00 7.730847453441619873e+05
1.228787795299895791e+00 7.527622568435668945e+05
1.226344877217788731e+00 7.330815842666625977e+05
1.223901959135681450e+00 7.134009116897583008e+05
1.221459041053574168e+00 6.943437154884338379e+05
1.219016122971467109e+00 6.752865192871093750e+05
1.216573204889360049e+00 6.568347421703338623e+05
1.214130286807252768e+00 6.383829650535583496e+05
1.211687368725145708e+00 6.205188428144454956e+05
1.209244450643038427e+00 6.026547205753326416e+05
1.206801532560931367e+00 5.853607655735015869e+05
1.204358614478824308e+00 5.680668105716705322e+05
1.201915696396717026e+00 5.513259227676391602e+05
1.199472778314609966e+00 5.345850349636077881e+05
1.197029860232502685e+00 5.183804499969482422e+05
1.194586942150395625e+00 5.021758650302886963e+05
1.192144024068288566e+00 4.864911721363067627e+05
1.189701105986181506e+00 4.708064792423248291e+05
1.187258187904074225e+00 4.556256422853469849e+05
1.184815269821967165e+00 4.404448053283691406e+05
1.182372351739859884e+00 4.257521712751388550e+05
1.179929433657752824e+00 4.110595372219085693e+05
1.177486515575645543e+00 3.968398307819366455e+05
1.175043597493538483e+00 3.826201243419647217e+05
1.172600679411431424e+00 3.688584625911712646e+05
1.170157761329324142e+00 3.550968008403778076e+05
1.167714843247217082e+00 3.417786859464645386e+05
1.165271925165110023e+00 3.284605710525512695e+05
1.162829007083002741e+00 3.155718935184478760e+05
1.160386089000895460e+00 3.026832159843444824e+05
1.157943170918788400e+00 2.902102495861053467e+05
1.155500252836681341e+00 2.777372831878662109e+05
1.153057334754574059e+00 2.656666911573410034e+05
1.150614416672467000e+00 2.535960991268157959e+05
1.148171498590359940e+00 2.419149223060607910e+05
1.145728580508252659e+00 2.302337454853057861e+05
1.143285662426145599e+00 2.189293997707366943e+05
1.140842744344038540e+00 2.076250540561676025e+05
1.138399826261931258e+00 1.966853265266418457e+05
1.135956908179823976e+00 1.857455989971160889e+05
1.133513990097716917e+00 1.751586426382064819e+05
1.131071072015609857e+00 1.645716862792968750e+05
1.128628153933502576e+00 1.543260084514617920e+05
1.126185235851395516e+00 1.440803306236267090e+05
1.123742317769288235e+00 1.341647987308502197e+05
1.121299399687181175e+00 1.242492668380737305e+05
1.118856481605074116e+00 1.146530812816619873e+05
1.116413563522966834e+00 1.050568957252502441e+05
1.113970645440859775e+00 9.576960697078704834e+04
1.111527727358752715e+00 8.648231821632385254e+04
1.109084809276645434e+00 7.749379632568359375e+04
1.106641891194538374e+00 6.850527443504333496e+04
1.104198973112431315e+00 5.980571503067016602e+04
1.101756055030324033e+00 5.110615562629699707e+04
1.099313136948216751e+00 4.268606638431549072e+04
1.096870218866109692e+00 3.426597714233398438e+04
1.094427300784002632e+00 2.611617521762847900e+04
1.091984382701895351e+00 1.796637329292297363e+04
1.089541464619788291e+00 1.007796828746795654e+04
1.087098546537681232e+00 2.189563282012939453e+03
1.084655628455573950e+00 -5.446041788101196289e+03
1.082212710373466891e+00 -1.308164685821533203e+04
1.079769792291359831e+00 -2.047276932621002197e+04
1.077326874209252550e+00 -2.786389179420471191e+04
1.074883956127145268e+00 -3.501857509326934814e+04
1.072441038045038209e+00 -4.217325839233398438e+04
1.069998119962931149e+00 -4.909927922630310059e+04
1.067555201880824089e+00 -5.602530006027221680e+04
1.065112283798716808e+00 -6.273018182754516602e+04
1.062669365716609526e+00 -6.943506359481811523e+04
1.060226447634502467e+00 -7.592607534027099609e+04
1.057783529552395407e+00 -8.241708708572387695e+04
1.055340611470288126e+00 -8.870125597000122070e+04
1.052897693388181066e+00 -9.498542485427856445e+04
1.050454775306073785e+00 -1.010695495491027832e+05
1.048011857223966725e+00 -1.071536742439270020e+05
1.045568939141859666e+00 -1.130443176412582397e+05
1.043126021059752606e+00 -1.189349610385894775e+05
1.040683102977645103e+00 -1.246384721527099609e+05
1.038240184895538043e+00 -1.303419832668304443e+05
1.035797266813430983e+00 -1.358644946136474609e+05
1.033354348731323924e+00 -1.413870059604644775e+05
1.030911430649216642e+00 -1.467344459819793701e+05
1.028468512567109583e+00 -1.520818860034942627e+05
1.026025594485002301e+00 -1.572599804439544678e+05
1.023582676402895242e+00 -1.624380748844146729e+05
1.021139758320788182e+00 -1.674523633575439453e+05
1.018696840238681123e+00 -1.724666518306732178e+05
1.016253922156573841e+00 -1.773224801349639893e+05
1.013811004074466560e+00 -1.821783084392547607e+05
1.011368085992359500e+00 -1.868808463487625122e+05
1.008925167910252441e+00 -1.915833842582702637e+05
1.006482249828145381e+00 -1.961376258907318115e+05
1.004039331746038100e+00 -2.006918675231933594e+05
1.001596413663930818e+00 -2.051026382961273193e+05
9.991534955818237584e-01 -2.095134090690612793e+05
9.967105774997166989e-01 -2.137853681621551514e+05
9.942676594176094174e-01 -2.180573272552490234e+05
9.918247413355023578e-01 -2.221950097389221191e+05
9.893818232533951873e-01 -2.263326922225952148e+05
9.869389051712880168e-01 -2.303403313846588135e+05
9.844959870891808462e-01 -2.343479705467224121e+05
9.820530690070737867e-01 -2.382301707096099854e+05
9.796101509249665051e-01 -2.421123708724975586e+05
9.771672328428594456e-01 -2.458732770471572876e+05
9.747243147607522751e-01 -2.496341832218170166e+05
9.722813966786452156e-01 -2.532763239278793335e+05
9.698384785965379340e-01 -2.569184646339416504e+05
9.673955605144308745e-01 -2.604471386919021606e+05
9.649526424323237039e-01 -2.639758127498626709e+05
9.625097243502165334e-01 -2.673941262912750244e+05
9.600668062681093629e-01 -2.708124398326873779e+05
9.576238881860023033e-01 -2.741240709981918335e+05
9.551809701038951328e-01 -2.774357021636962891e+05
9.527380520217879623e-01 -2.806440396347045898e+05
9.502951339396807917e-01 -2.838523771057128906e+05
9.478522158575736212e-01 -2.869607370862960815e+05
9.454092977754665617e-01 -2.900690970668792725e+05
9.429663796933593911e-01 -2.930806808433532715e+05
9.405234616112522206e-01 -2.960922646198272705e+05
9.380805435291450500e-01 -2.990101655111312866e+05
9.356376254470379905e-01 -3.019280664024353027e+05
9.331947073649307089e-01 -3.047552791996002197e+05
9.307517892828236494e-01 -3.075824919967651367e+05
9.283088712007164789e-01 -3.103219057178497314e+05
9.258659531186093083e-01 -3.130613194389343262e+05
9.234230350365021378e-01 -3.157157331924438477e+05
9.209801169543950783e-01 -3.183701469459533691e+05
9.185371988722877967e-01 -3.209422628059387207e+05
9.160942807901807372e-01 -3.235143786659240723e+05
9.136513627080735667e-01 -3.260068121843338013e+05
9.112084446259665071e-01 -3.284992457027435303e+05
9.087655265438592256e-01 -3.309145255661010742e+05
9.063226084617521661e-01 -3.333298054294586182e+05
9.038796903796449955e-01 -3.356703749074935913e+05
9.014367722975378250e-01 -3.380109443855285645e+05
8.989938542154306544e-01 -3.402791659984588623e+05
8.965509361333235949e-01 -3.425473876113891602e+05
8.941080180512164244e-01 -3.447455500431060791e+05
8.916650999691092538e-01 -3.469437124748229980e+05
8.892221818870020833e-01 -3.490740215673446655e+05
8.867792638048949128e-01 -3.512043306598663330e+05
8.843363457227878532e-01 -3.532689301023483276e+05
8.818934276406806827e-01 -3.553335295448303223e+05
8.794505095585735122e-01 -3.573344825754165649e+05
8.770075914764663416e-01 -3.593354356060028076e+05
8.745646733943592821e-01 -3.612747462644577026e+05
8.721217553122520005e-01 -3.632140569229125977e+05
8.696788372301449410e-01 -3.650936561250686646e+05
8.672359191480377705e-01 -3.669732553272247314e+05
8.647930010659305999e-01 -3.687950173530578613e+05
8.623500829838234294e-01 -3.706167793788909912e+05
8.599071649017163699e-01 -3.723825157337188721e+05
8.574642468196090883e-01 -3.741482520885467529e+05
8.550213287375020288e-01 -3.758597120113372803e+05
8.525784106553948583e-01 -3.775711719341278076e+05
8.501354925732877987e-01 -3.792300552768707275e+05
8.476925744911805172e-01 -3.808889386196136475e+05
8.452496564090734577e-01 -3.824968810310363770e+05
8.428067383269662871e-01 -3.841048234424591064e+05
8.403638202448591166e-01 -3.856634157829284668e+05
8.379209021627519460e-01 -3.872220081233978271e+05
8.354779840806448865e-01 -3.887327828636169434e+05
8.330350659985376049e-01 -3.902435576038360596e+05
8.305921479164305454e-01 -3.917080063343048096e+05
8.281492298343233749e-01 -3.931724550647735596e+05
8.257063117522162043e-01 -3.945920095539093018e+05
8.232633936701090338e-01 -3.960115640430450439e+05
8.208204755880019743e-01 -3.973876232061386108e+05
8.183775575058948037e-01 -3.987636823692321777e+05
8.159346394237876332e-01 -4.000975917215347290e+05
8.134917213416804627e-01 -4.014315010738372803e+05
8.110488032595732921e-01 -4.027245643215179443e+05
8.086058851774662326e-01 -4.040176275691986084e+05
8.061629670953590621e-01 -4.052711106338500977e+05
8.037200490132518915e-01 -4.065245936985015869e+05
8.012771309311447210e-01 -4.077397160272598267e+05
7.988342128490376615e-01 -4.089548383560180664e+05
7.963912947669303799e-01 -4.101327857313156128e+05
7.939483766848233204e-01 -4.113107331066131592e+05
7.915054586027161498e-01 -4.124526492786407471e+05
7.890625405206090903e-01 -4.135945654506683350e+05
7.866196224385018088e-01 -4.147015637569427490e+05
7.841767043563946382e-01 -4.158085620632171631e+05
7.817337862742874677e-01 -4.168817138137817383e+05
7.792908681921804082e-01 -4.179548655643463135e+05
7.768479501100732376e-01 -4.189952139453887939e+05
7.744050320279661781e-01 -4.200355623264312744e+05
7.719621139458590076e-01 -4.210441136388778687e+05
7.695191958637517260e-01 -4.220526649513244629e+05
7.670762777816446665e-01 -4.230303957586288452e+05
7.646333596995374959e-01 -4.240081265659332275e+05
7.621904416174303254e-01 -4.249559853172302246e+05
7.597475235353232659e-01 -4.259038440685272217e+05
7.573046054532160953e-01 -4.268227447967529297e+05
7.548616873711090358e-01 -4.277416455249786377e+05
7.524187692890017543e-01 -4.286324840774536133e+05
7.499758512068945837e-01 -4.295233226299285889e+05
7.475329331247875242e-01 -4.303869146251678467e+05
7.450900150426803537e-01 -4.312505066204071045e+05
7.426470969605731831e-01 -4.320877182664871216e+05
7.402041788784661236e-01 -4.329249299125671387e+05
7.377612607963588420e-01 -4.337365857877731323e+05
7.353183427142516715e-01 -4.345482416629791260e+05
7.328754246321446120e-01 -4.353350785579681396e+05
7.304325065500374414e-01 -4.361219154529571533e+05
7.279895884679303819e-01 -4.368847165060043335e+05
7.255466703858232114e-01 -4.376475175590515137e+05
7.231037523037159298e-01 -4.383870172023773193e+05
7.206608342216087593e-01 -4.391265168457031250e+05
7.182179161395016997e-01 -4.398434224128723145e+05
7.157749980573945292e-01 -4.405603279800415039e+05
7.133320799752874697e-01 -4.412553270416259766e+05
7.108891618931802991e-01 -4.419503261032104492e+05
7.084462438110730176e-01 -4.426240839452743530e+05
7.060033257289658470e-01 -4.432978417873382568e+05
7.035604076468587875e-01 -4.439510057935714722e+05
7.011174895647516170e-01 -4.446041697998046875e+05
6.986745714826445575e-01 -4.452373640651702881e+05
6.962316534005373869e-01 -4.458705583305358887e+05
6.937887353184303274e-01 -4.464843915395736694e+05
6.913458172363230458e-01 -4.470982247486114502e+05
6.889028991542158753e-01 -4.476932825155258179e+05
6.864599810721087048e-01 -4.482883402824401855e+05
6.840170629900016452e-01 -4.488651935281753540e+05
6.815741449078944747e-01 -4.494420467739105225e+05
6.791312268257874152e-01 -4.500012488250732422e+05
6.766883087436801336e-01 -4.505604508762359619e+05
6.742453906615729631e-01 -4.511025360383987427e+05
6.718024725794659036e-01 -4.516446212005615234e+05
6.693595544973587330e-01 -4.521701096658706665e+05
6.669166364152516735e-01 -4.526955981311798096e+05
6.644737183331445030e-01 -4.532049913492202759e+05
6.620308002510372214e-01 -4.537143845672607422e+05
6.595878821689300509e-01 -4.542081715469360352e+05
6.571449640868229913e-01 -4.547019585266113281e+05
6.547020460047158208e-01 -4.551806095657348633e+05
6.522591279226087613e-01 -4.556592606048583984e+05
6.498162098405015907e-01 -4.561232342195510864e+05
6.473732917583943092e-01 -4.565872078342437744e+05
6.449303736762871386e-01 -4.570369488105773926e+05
6.424874555941800791e-01 -4.574866897869110107e+05
6.400445375120729086e-01 -4.579226299667358398e+05
6.376016194299658491e-01 -4.583585701465606689e+05
6.351587013478586785e-01 -4.587811273040771484e+05
6.327157832657513969e-01 -4.592036844615936279e+05
6.302728651836443374e-01 -4.596132630004882812e+05
6.278299471015371669e-01 -4.600228415393829346e+05
6.253870290194299963e-01 -4.604198335380554199e+05
6.229441109373229368e-01 -4.608168255367279053e+05
6.205011928552157663e-01 -4.612016108846664429e+05
6.180582747731087068e-01 -4.615863962326049805e+05
6.156153566910014252e-01 -4.619593443698883057e+05
6.131724386088942547e-01 -4.623322925071716309e+05
6.107295205267871951e-01 -4.626937628679275513e+05
6.082866024446800246e-01 -4.630552332286834717e+05
6.058436843625728541e-01 -4.634055711374282837e+05
6.034007662804657945e-01 -4.637559090461730957e+05
6.009578481983585130e-01 -4.640954501676559448e+05
5.985149301162513424e-01 -4.644349912891387939e+05
5.960720120341442829e-01 -4.647640634775161743e+05
5.936290939520371124e-01 -4.650931356658935547e+05
5.911861758699300529e-01 -4.654120537405014038e+05
5.887432577878228823e-01 -4.657309718151092529e+05
5.863003397057156008e-01 -4.660400421276092529e+05
5.838574216236084302e-01 -4.663491124401092529e+05
5.814145035415013707e-01 -4.666486343336105347e+05
5.789715854593942002e-01 -4.669481562271118164e+05
5.765286673772871406e-01 -4.672384183616638184e+05
5.740857492951799701e-01 -4.675286804962158203e+05
5.716428312130726885e-01 -4.678099605665206909e+05
5.691999131309655180e-01 -4.680912406368255615e+05
5.667569950488584585e-01 -4.683638109693527222e+05
5.643140769667513990e-01 -4.686363813018798828e+05
5.618711588846441174e-01 -4.689005058164596558e+05
5.594282408025370579e-01 -4.691646303310394287e+05
5.569853227204299984e-01 -4.694205639324188232e+05
5.545424046383227168e-01 -4.696764975337982178e+05
5.520994865562156573e-01 -4.699244875888824463e+05
5.496565684741083757e-01 -4.701724776439666748e+05
5.472136503920013162e-01 -4.704127643527984619e+05
5.447707323098942567e-01 -4.706530510616302490e+05
5.423278142277869751e-01 -4.708858685636520386e+05
5.398848961456796935e-01 -4.711186860656738281e+05
5.374419780635726340e-01 -4.713442574729919434e+05
5.349990599814655745e-01 -4.715698288803100586e+05
5.325561418993585150e-01 -4.717883758239746094e+05
5.301132238172512334e-01 -4.720069227676391602e+05
5.276703057351441739e-01 -4.722186553487777710e+05
5.252273876530368923e-01 -4.724303879299163818e+05
5.227844695709298328e-01 -4.726355161085128784e+05
5.203415514888225513e-01 -4.728406442871093750e+05
5.178986334067154917e-01 -4.730393565950393677e+05
5.154557153246084322e-01 -4.732380689029693604e+05
5.130127972425013727e-01 -4.734306067447662354e+05
5.105698791603938691e-01 -4.736231445865631104e+05
5.081269610782868096e-01 -4.738095970211029053e+05
5.056840429961797501e-01 -4.739960494556427002e+05
5.032411249140726905e-01 -4.741766865100860596e+05
5.007982068319654090e-01 -4.743573235645294189e+05
4.983552887498583495e-01 -4.745322831630706787e+05
4.959123706677512899e-01 -4.747072427616119385e+05
4.934694525856440084e-01 -4.748767137250900269e+05
4.910265345035367268e-01 -4.750461846885681152e+05
4.885836164214296673e-01 -4.752103300743103027e+05
4.861406983393226078e-01 -4.753744754600524902e+05
4.836977802572155483e-01 -4.755334543523788452e+05
4.812548621751082667e-01 -4.756924332447052002e+05
4.788119440930009851e-01 -4.758464043292999268e+05
4.763690260108939256e-01 -4.760003754138946533e+05
4.739261079287868661e-01 -4.761494890241622925e+05
4.714831898466798066e-01 -4.762986026344299316e+05
4.690402717645725250e-01 -4.764430065269470215e+05
4.665973536824654655e-01 -4.765874104194641113e+05
4.641544356003581839e-01 -4.767272478542327881e+05
4.617115175182511244e-01 -4.768670852890014648e+05
4.592685994361438429e-01 -4.770024939498901367e+05
4.568256813540367833e-01 -4.771379026107788086e+05
4.543827632719297238e-01 -4.772690192346572876e+05
4.519398451898226643e-01 -4.774001358585357666e+05
4.494969271077151607e-01 -4.775270892009735107e+05
4.470540090256081012e-01 -4.776540425434112549e+05
4.446110909435010417e-01 -4.777769604539871216e+05
4.421681728613939821e-01 -4.778998783645629883e+05
4.397252547792867006e-01 -4.780188826942443848e+05
4.372823366971796410e-01 -4.781378870239257812e+05
4.348394186150725815e-01 -4.782530984792709351e+05
4.323965005329653000e-01 -4.783683099346160889e+05
4.299535824508580184e-01 -4.784798428192138672e+05
4.275106643687509589e-01 -4.785913757038116455e+05
4.250677462866438994e-01 -4.786993429794311523e+05
4.226248282045368398e-01 -4.788073102550506592e+05
4.201819101224295583e-01 -4.789118203878402710e+05
4.177389920403222767e-01 -4.790163305206298828e+05
4.152960739582152172e-01 -4.791174882144927979e+05
4.128531558761081577e-01 -4.792186459083557129e+05
4.104102377940008761e-01 -4.793165550012588501e+05
4.079673197118938166e-01 -4.794144640941619873e+05
4.055244016297867571e-01 -4.795092228841781616e+05
4.030814835476794755e-01 -4.796039816741943359e+05
4.006385654655724160e-01 -4.796956872472763062e+05
3.981956473834651344e-01 -4.797873928203582764e+05
3.957527293013580749e-01 -4.798761375102996826e+05
3.933098112192510154e-01 -4.799648822002410889e+05
3.908668931371437338e-01 -4.800507587718963623e+05
3.884239750550364523e-01 -4.801366353435516357e+05
3.859810569729293928e-01 -4.802197308101654053e+05
3.835381388908223332e-01 -4.803028262767791748e+05
3.810952208087152737e-01 -4.803832254800796509e+05
3.786523027266079922e-01 -4.804636246833801270e+05
3.762093846445009326e-01 -4.805414108839035034e+05
3.737664665623938731e-01 -4.806191970844268799e+05
3.713235484802865916e-01 -4.806944503145217896e+05
3.688806303981793100e-01 -4.807697035446166992e+05
3.664377123160722505e-01 -4.808425023679733276e+05
3.639947942339651910e-01 -4.809153011913299561e+05
3.615518761518581314e-01 -4.809857201881408691e+05
3.591089580697508499e-01 -4.810561391849517822e+05
3.566660399876435683e-01 -4.811242533302307129e+05
3.542231219055365088e-01 -4.811923674755096436e+05
3.517802038234294493e-01 -4.812582452592849731e+05
3.493372857413221677e-01 -4.813241230430603027e+05
3.468943676592151082e-01 -4.813878359107971191e+05
3.444514495771080487e-01 -4.814515487785339355e+05
3.420085314950007671e-01 -4.815131648721694946e+05
3.395656134128937076e-01 -4.815747809658050537e+05
3.371226953307864260e-01 -4.816343628797531128e+05
3.346797772486793665e-01 -4.816939447937011719e+05
3.322368591665723070e-01 -4.817515553359985352e+05
3.297939410844650254e-01 -4.818091658782958984e+05
3.273510230023577439e-01 -4.818648676052093506e+05
3.249081049202506843e-01 -4.819205693321228027e+05
3.224651868381436248e-01 -4.819744209003448486e+05
3.200222687560365653e-01 -4.820282724685668945e+05
3.175793506739292837e-01 -4.820803321752548218e+05
3.151364325918222242e-01 -4.821323918819427490e+05
3.126935145097151647e-01 -4.821827126293182373e+05
3.102505964276078831e-01 -4.822330333766937256e+05
3.078076783455006016e-01 -4.822816744470596313e+05
3.053647602633935421e-01 -4.823303155174255371e+05
3.029218421812864825e-01 -4.823773235158920288e+05
3.004789240991794230e-01 -4.824243315143585205e+05
2.980360060170721415e-01 -4.824697623443603516e+05
2.955930879349648599e-01 -4.825151931743621826e+05
2.931501698528578004e-01 -4.825590988540649414e+05
2.907072517707507409e-01 -4.826030045337677002e+05
2.882643336886434593e-01 -4.826454205627441406e+05
2.858214156065363998e-01 -4.826878365917205811e+05
2.833784975244293403e-01 -4.827288532171249390e+05
2.809355794423220587e-01 -4.827698698425292969e+05
2.784926613602149992e-01 -4.828093908271789551e+05
2.760497432781077176e-01 -4.828489118118286133e+05
2.736068251960006581e-01 -4.828871874141693115e+05
2.711639071138935986e-01 -4.829254630165100098e+05
2.687209890317863170e-01 -4.829622726011276245e+05
2.662780709496790355e-01 -4.829990821857452393e+05
2.638351528675719759e-01 -4.830347920455932617e+05
2.613922347854649164e-01 -4.830705019054412842e+05
2.589493167033578569e-01 -4.831049394569396973e+05
2.565063986212505753e-01 -4.831393770084381104e+05
2.540634805391435158e-01 -4.831726398172378540e+05
2.516205624570364563e-01 -4.832059026260375977e+05
2.491776443749291747e-01 -4.832380136604309082e+05
2.467347262928218932e-01 -4.832701246948242188e+05
2.442918082107148336e-01 -4.833011254529953003e+05
2.418488901286077741e-01 -4.833321262111663818e+05
2.394059720465007146e-01 -4.833620456218719482e+05
2.369630539643934330e-01 -4.833919650325775146e+05
2.345201358822861515e-01 -4.834208455228805542e+05
2.320772178001790920e-01 -4.834497260131835938e+05
2.296342997180720324e-01 -4.834775949993133545e+05
2.271913816359647509e-01 -4.835054639854431152e+05
2.247484635538576914e-01 -4.835323568649291992e+05
2.223055454717506318e-01 -4.835592497444152832e+05
2.198626273896433503e-01 -4.835851970157623291e+05
2.174197093075362908e-01 -4.836111442871093750e+05
2.149767912254290092e-01 -4.836361781463623047e+05
2.125338731433219497e-01 -4.836612120056152344e+05
2.100909550612148902e-01 -4.836853548412322998e+05
2.076480369791076086e-01 -4.837094976768493652e+05
2.052051188970003270e-01 -4.837327826890945435e+05
2.027622008148932675e-01 -4.837560677013397217e+05
2.003192827327862080e-01 -4.837785209169387817e+05
1.978763646506791485e-01 -4.838009741325378418e+05
1.954334465685718669e-01 -4.838226230516433716e+05
1.929905284864648074e-01 -4.838442719707489014e+05
1.905476104043577479e-01 -4.838651453323364258e+05
1.881046923222504663e-01 -4.838860186939239502e+05
1.856617742401431848e-01 -4.839061396369934082e+05
1.832188561580361252e-01 -4.839262605800628662e+05
1.807759380759290657e-01 -4.839456545286178589e+05
1.783330199938220062e-01 -4.839650484771728516e+05
1.758901019117147246e-01 -4.839837341690063477e+05
1.734471838296074431e-01 -4.840024198608398438e+05
1.710042657475003836e-01 -4.840204256782531738e+05
1.685613476653933240e-01 -4.840384314956665039e+05
1.661184295832860425e-01 -4.840557746086120605e+05
1.636755115011789830e-01 -4.840731177215576172e+05
1.612325934190719234e-01 -4.840898239793777466e+05
1.587896753369646419e-01 -4.841065302371978760e+05
1.563467572548573603e-01 -4.841226186895370483e+05
1.539038391727503008e-01 -4.841387071418762207e+05
1.514609210906432413e-01 -4.841541973628997803e+05
1.490180030085361818e-01 -4.841696875839233398e+05
1.465750849264289002e-01 -4.841846026000976562e+05
1.441321668443216186e-01 -4.841995176162719727e+05
1.416892487622145591e-01 -4.842138702783584595e+05
1.392463306801074996e-01 -4.842282229404449463e+05
1.368034125980002180e-01 -4.842420374765396118e+05
1.343604945158931585e-01 -4.842558520126342773e+05
1.319175764337860990e-01 -4.842691395320892334e+05
1.294746583516790395e-01 -4.842824270515441895e+05
1.270317402695717579e-01 -4.842952093572616577e+05
1.245888221874644763e-01 -4.843079916629791260e+05
1.221459041053574168e-01 -4.843202876424789429e+05
1.197029860232503573e-01 -4.843325836219787598e+05
1.172600679411432978e-01 -4.843444025583267212e+05
1.148171498590360162e-01 -4.843562214946746826e+05
1.123742317769287347e-01 -4.843675842075347900e+05
1.099313136948216751e-01 -4.843789469203948975e+05
1.074883956127146156e-01 -4.843898668565750122e+05
1.050454775306073341e-01 -4.844007867927551270e+05
1.026025594485002745e-01 -4.844112799072265625e+05
1.001596413663932150e-01 -4.844217730216979980e+05
9.771672328428593346e-02 -4.844318576574325562e+05
9.527380520217865190e-02 -4.844419422931671143e+05
9.283088712007159238e-02 -4.844516266403198242e+05
9.038796903796453286e-02 -4.844613109874725342e+05
8.794505095585747334e-02 -4.844706105690002441e+05
8.550213287375019178e-02 -4.844799101505279541e+05
8.305921479164291021e-02 -4.844888408565521240e+05
8.061629670953585070e-02 -4.844977715625762939e+05
7.817337862742879118e-02 -4.845063392934799194e+05
7.573046054532150961e-02 -4.845149070243835449e+05
7.328754246321445009e-02 -4.845231303081512451e+05
7.084462438110739058e-02 -4.845313535919189453e+05
6.840170629900033106e-02 -4.845392383308410645e+05
6.595878821689304949e-02 -4.845471230697631836e+05
6.351587013478576793e-02 -4.845546870727539062e+05
6.107295205267870841e-02 -4.845622510757446289e+05
5.863003397057164889e-02 -4.845694945716857910e+05
5.618711588846436733e-02 -4.845767380676269531e+05
5.374419780635730781e-02 -4.845836963577270508e+05
5.130127972425002625e-02 -4.845906546478271484e+05
4.885836164214296673e-02 -4.845972740335464478e+05
4.641544356003590721e-02 -4.846038934192657471e+05
4.397252547792862565e-02 -4.846104121284484863e+05
4.152960739582156613e-02 -4.846169308376312256e+05
3.908668931371450661e-02 -4.846228319644927979e+05
3.664377123160722505e-02 -4.846287330913543701e+05
3.420085314949994348e-02 -4.846346679000854492e+05
3.175793506739288397e-02 -4.846406027088165283e+05
2.931501698528582445e-02 -4.846461587724685669e+05
2.687209890317876493e-02 -4.846517148361206055e+05
2.442918082107148336e-02 -4.846570451650619507e+05
2.198626273896420180e-02 -4.846623754940032959e+05
1.954334465685714228e-02 -4.846674627981185913e+05
1.710042657475008276e-02 -4.846725501022338867e+05
1.465750849264280120e-02 -4.846774131479263306e+05
1.221459041053574168e-02 -4.846822761936187744e+05
9.771672328428682164e-03 -4.846869209384918213e+05
7.328754246321622645e-03 -4.846915656833648682e+05
4.885836164214341082e-03 -4.846959967155456543e+05
2.442918082107059519e-03 -4.847004277477264404e+05
0.000000000000000000e+00 -4.847046572618484497e+05
-2.442918082107281563e-03 -4.847088867759704590e+05
-4.885836164214341082e-03 -4.847129184789657593e+05
-7.328754246321622645e-03 -4.847169501819610596e+05
-9.771672328428460119e-03 -4.847207916584014893e+05
-1.221459041053574168e-02 -4.847246331348419189e+05
-1.465750849264280120e-02 -4.847282902822494507e+05
-1.710042657475008276e-02 -4.847319474296569824e+05
-1.954334465685736433e-02 -4.847354292392730713e+05
-2.198626273896420180e-02 -4.847389110488891602e+05
-2.442918082107148336e-02 -4.847422182483673096e+05
-2.687209890317854288e-02 -4.847455254478454590e+05
-2.931501698528582445e-02 -4.847486742801666260e+05
-3.175793506739310601e-02 -4.847518231124877930e+05
-3.420085314949994348e-02 -4.847548084602355957e+05
-3.664377123160722505e-02 -4.847577938079833984e+05
-3.908668931371428457e-02 -4.847606306161880493e+05
-4.152960739582156613e-02 -4.847634674243927002e+05
-4.397252547792862565e-02 -4.847661571598052979e+05
-4.641544356003590721e-02 -4.847688468952178955e+05
-4.885836164214318877e-02 -4.847713929710388184e+05
-5.130127972425002625e-02 -4.847739390468597412e+05
-5.374419780635730781e-02 -4.847763512363433838e+05
-5.618711588846436733e-02 -4.847787634258270264e+05
-5.863003397057164889e-02 -4.847810432243347168e+05
-6.107295205267848637e-02 -4.847833230228424072e+05
-6.351587013478576793e-02 -4.847854797353744507e+05
-6.595878821689304949e-02 -4.847876364479064941e+05
-6.840170629900010901e-02 -4.847896680631637573e+05
-7.084462438110739058e-02 -4.847916996784210205e+05
-7.328754246321422805e-02 -4.847936167268753052e+05
-7.573046054532150961e-02 -4.847955337753295898e+05
-7.817337862742901322e-02 -4.847973357553482056e+05
-8.061629670953585070e-02 -4.847991377353668213e+05
-8.305921479164313226e-02 -4.848008352499008179e+05
-8.550213287375019178e-02 -4.848025327644348145e+05
-8.794505095585747334e-02 -4.848041247692108154e+05
-9.038796903796431081e-02 -4.848057167739868164e+05
-9.283088712007159238e-02 -4.848072071828842163e+05
-9.527380520217887394e-02 -4.848086975917816162e+05
-9.771672328428593346e-02 -4.848100913887023926e+05
-1.001596413663932150e-01 -4.848114851856231689e+05
-1.026025594485000525e-01 -4.848127884759902954e+05
-1.050454775306073341e-01 -4.848140917663574219e+05
-1.074883956127146156e-01 -4.848153094244003296e+05
-1.099313136948216751e-01 -4.848165270824432373e+05
-1.123742317769289567e-01 -4.848176606616973877e+05
-1.148171498590357942e-01 -4.848187942409515381e+05
-1.172600679411432978e-01 -4.848198399887084961e+05
-1.197029860232501353e-01 -4.848208857364654541e+05
-1.221459041053574168e-01 -4.848218572769165039e+05
-1.245888221874646984e-01 -4.848228288173675537e+05
-1.270317402695717579e-01 -4.848237211523056030e+05
-1.294746583516790395e-01 -4.848246134872436523e+05
-1.319175764337858769e-01 -4.848254332284927368e+05
-1.343604945158931585e-01 -4.848262529697418213e+05
-1.368034125980002180e-01 -4.848270028705596924e+05
-1.392463306801074996e-01 -4.848277527713775635e+05
-1.416892487622147812e-01 -4.848284390258789062e+05
-1.441321668443216186e-01 -4.848291252803802490e+05
-1.465750849264289002e-01 -4.848297490034103394e+05
-1.490180030085359597e-01 -4.848303727264404297e+05
-1.514609210906432413e-01 -4.848309334077835083e+05
-1.539038391727505228e-01 -4.848314940891265869e+05
-1.563467572548573603e-01 -4.848320018777847290e+05
-1.587896753369648639e-01 -4.848325096664428711e+05
-1.612325934190717014e-01 -4.848329595460891724e+05
-1.636755115011789830e-01 -4.848334094257354736e+05
-1.661184295832860425e-01 -4.848338069467544556e+05
-1.685613476653933240e-01 -4.848342044677734375e+05
-1.710042657475006056e-01 -4.848345540723800659e+05
-1.734471838296074431e-01 -4.848349036769866943e+05
-1.758901019117147246e-01 -4.848352092638015747e+05
-1.783330199938217842e-01 -4.848355148506164551e+05
-1.807759380759290657e-01 -4.848357658128738403e+05
-1.832188561580359032e-01 -4.848360167751312256e+05
-1.856617742401431848e-01 -4.848362816715240479e+05
-1.881046923222504663e-01 -4.848365465679168701e+05
-1.905476104043575258e-01 -4.848366538858413696e+05
-1.929905284864648074e-01 -4.848367612037658691e+05
-1.954334465685716449e-01 -4.848368682861328125e+05
-1.978763646506791485e-01 -4.848369753684997559e+05
-2.003192827327864300e-01 -4.848369988985061646e+05
-2.027622008148932675e-01 -4.848370224285125732e+05
-2.052051188970005491e-01 -4.848370841188430786e+05
-2.076480369791076086e-01 -4.848371458091735840e+05
-2.100909550612148902e-01 -4.848371505174636841e+05
-2.125338731433217276e-01 -4.848371552257537842e+05
-2.149767912254290092e-01 -4.848371261959075928e+05
-2.174197093075362908e-01 -4.848370971660614014e+05
-2.198626273896433503e-01 -4.848370334272384644e+05
-2.223055454717506318e-01 -4.848369696884155273e+05
-2.247484635538574693e-01 -4.848368743314743042e+05
-2.271913816359647509e-01 -4.848367789745330811e+05
-2.296342997180720324e-01 -4.848366557874679565e+05
-2.320772178001790920e-01 -4.848365326004028320e+05
-2.345201358822863735e-01 -4.848363823804855347e+05
-2.369630539643932110e-01 -4.848362321605682373e+05
-2.394059720465007146e-01 -4.848360539159774780e+05
-2.418488901286075521e-01 -4.848358756713867188e+05
-2.442918082107148336e-01 -4.848356745796203613e+05
-2.467347262928221152e-01 -4.848354734878540039e+05
-2.491776443749291747e-01 -4.848352483434677124e+05
-2.516205624570364563e-01 -4.848350231990814209e+05
-2.540634805391432938e-01 -4.848347756586074829e+05
-2.565063986212505753e-01 -4.848345281181335449e+05
-2.589493167033576349e-01 -4.848342586631774902e+05
-2.613922347854649164e-01 -4.848339892082214355e+05
-2.638351528675721980e-01 -4.848336997289657593e+05
-2.662780709496790355e-01 -4.848334102497100830e+05
-2.687209890317863170e-01 -4.848331025810241699e+05
-2.711639071138933765e-01 -4.848327949123382568e+05
-2.736068251960006581e-01 -4.848324684534072876e+05
-2.760497432781079397e-01 -4.848321419944763184e+05
-2.784926613602149992e-01 -4.848317990531921387e+05
-2.809355794423222807e-01 -4.848314561119079590e+05
-2.833784975244291182e-01 -4.848310962076187134e+05
-2.858214156065363998e-01 -4.848307363033294678e+05
-2.882643336886434593e-01 -4.848303630046844482e+05
-2.907072517707507409e-01 -4.848299897060394287e+05
-2.931501698528580224e-01 -4.848296014356613159e+05
-2.955930879349648599e-01 -4.848292131652832031e+05
-2.980360060170721415e-01 -4.848288115720748901e+05
-3.004789240991792010e-01 -4.848284099788665771e+05
-3.029218421812864825e-01 -4.848279976091384888e+05
-3.053647602633937641e-01 -4.848275852394104004e+05
-3.078076783455006016e-01 -4.848271608295440674e+05
-3.102505964276078831e-01 -4.848267364196777344e+05
-3.126935145097149427e-01 -4.848263017368316650e+05
-3.151364325918222242e-01 -4.848258670539855957e+05
-3.175793506739292837e-01 -4.848254220638275146e+05
-3.200222687560365653e-01 -4.848249770736694336e+05
-3.224651868381438469e-01 -4.848245226144790649e+05
-3.249081049202506843e-01 -4.848240681552886963e+05
-3.273510230023579659e-01 -4.848236054124832153e+05
-3.297939410844650254e-01 -4.848231426696777344e+05
-3.322368591665723070e-01 -4.848226717948913574e+05
-3.346797772486791445e-01 -4.848222009201049805e+05
-3.371226953307864260e-01 -4.848217217931747437e+05
-3.395656134128937076e-01 -4.848212426662445068e+05
-3.420085314950007671e-01 -4.848207581720352173e+05
-3.444514495771080487e-01 -4.848202736778259277e+05
-3.468943676592148861e-01 -4.848197826557159424e+05
-3.493372857413221677e-01 -4.848192916336059570e+05
-3.517802038234296713e-01 -4.848187957057952881e+05
-3.542231219055365088e-01 -4.848182997779846191e+05
-3.566660399876437904e-01 -4.848177995986938477e+05
-3.591089580697508499e-01 -4.848172994194030762e+05
-3.615518761518581314e-01 -4.848167937383651733e+05
-3.639947942339649689e-01 -4.848162880573272705e+05
-3.664377123160722505e-01 -4.848157790508270264e+05
-3.688806303981795320e-01 -4.848152700443267822e+05
-3.713235484802865916e-01 -4.848147561359405518e+05
-3.737664665623938731e-01 -4.848142422275543213e+05
-3.762093846445007106e-01 -4.848137263488769531e+05
-3.786523027266079922e-01 -4.848132104701995850e+05
-3.810952208087150517e-01 -4.848126906824111938e+05
-3.835381388908223332e-01 -4.848121708946228027e+05
-3.859810569729296148e-01 -4.848116498136520386e+05
-3.884239750550364523e-01 -4.848111287326812744e+05
-3.908668931371437338e-01 -4.848106050806045532e+05
-3.933098112192507934e-01 -4.848100814285278320e+05
-3.957527293013580749e-01 -4.848095582141876221e+05
-3.981956473834653565e-01 -4.848090349998474121e+05
-4.006385654655724160e-01 -4.848085090141296387e+05
-4.030814835476796976e-01 -4.848079830284118652e+05
-4.055244016297865350e-01 -4.848074589605331421e+05
-4.079673197118938166e-01 -4.848069348926544189e+05
-4.104102377940008761e-01 -4.848064079513549805e+05
-4.128531558761081577e-01 -4.848058810100555420e+05
-4.152960739582154392e-01 -4.848053578691482544e+05
-4.177389920403222767e-01 -4.848048347282409668e+05
-4.201819101224295583e-01 -4.848043035001754761e+05
-4.226248282045366178e-01 -4.848037722721099854e+05
-4.250677462866438994e-01 -4.848032414541244507e+05
-4.275106643687511809e-01 -4.848027106361389160e+05
-4.299535824508580184e-01 -4.848021711282730103e+05
-4.323965005329655220e-01 -4.848016316204071045e+05
-4.348394186150725815e-01 -4.848011288747787476e+05
-4.372823366971796410e-01 -4.848006261291503906e+05
-4.397252547792867006e-01 -4.848000990276336670e+05
-4.421681728613937601e-01 -4.847995719261169434e+05
-4.446110909435012637e-01 -4.847990537662506104e+05
-4.470540090256083232e-01 -4.847985356063842773e+05
-4.494969271077153827e-01 -4.847980169267654419e+05
-4.519398451898224423e-01 -4.847974982471466064e+05
-4.543827632719295018e-01 -4.847969819145202637e+05
-4.568256813540365613e-01 -4.847964655818939209e+05
-4.592685994361440649e-01 -4.847959508628845215e+05
-4.617115175182511244e-01 -4.847954361438751221e+05
-4.641544356003581839e-01 -4.847949230899810791e+05
-4.665973536824652435e-01 -4.847944100360870361e+05
-4.690402717645723030e-01 -4.847938993949890137e+05
-4.714831898466798066e-01 -4.847933887538909912e+05
-4.739261079287868661e-01 -4.847928813276290894e+05
-4.763690260108939256e-01 -4.847923739013671875e+05
-4.788119440930014292e-01 -4.847918699712753296e+05
-4.812548621751080447e-01 -4.847913660411834717e+05
-4.836977802572155483e-01 -4.847908649406433105e+05
-4.861406983393226078e-01 -4.847903638401031494e+05
-4.885836164214296673e-01 -4.847898637466430664e+05
-4.910265345035371709e-01 -4.847893636531829834e+05
-4.934694525856437863e-01 -4.847888697052001953e+05
-4.959123706677512899e-01 -4.847883757572174072e+05
-4.983552887498583495e-01 -4.847878834295272827e+05
-5.007982068319654090e-01 -4.847873911018371582e+05
-5.032411249140724685e-01 -4.847869034299850464e+05
-5.056840429961795280e-01 -4.847864157581329346e+05
-5.081269610782870316e-01 -4.847859303932189941e+05
-5.105698791603940911e-01 -4.847854450283050537e+05
-5.130127972425011507e-01 -4.847849638538360596e+05
-5.154557153246082102e-01 -4.847844826793670654e+05
-5.178986334067157138e-01 -4.847840045967102051e+05
-5.203415514888227733e-01 -4.847835265140533447e+05
-5.227844695709298328e-01 -4.847830541830062866e+05
-5.252273876530368923e-01 -4.847825818519592285e+05
-5.276703057351439519e-01 -4.847821124858856201e+05
-5.301132238172514555e-01 -4.847816431198120117e+05
-5.325561418993580709e-01 -4.847811784229278564e+05
-5.349990599814655745e-01 -4.847807137260437012e+05
-5.374419780635726340e-01 -4.847802515764236450e+05
-5.398848961456796935e-01 -4.847797894268035889e+05
-5.423278142277871972e-01 -4.847793327770233154e+05
-5.447707323098938126e-01 -4.847788761272430420e+05
-5.472136503920013162e-01 -4.847784236431121826e+05
-5.496565684741088198e-01 -4.847779711589813232e+05
-5.520994865562154352e-01 -4.847775222301483154e+05
-5.545424046383229388e-01 -4.847770733013153076e+05
-5.569853227204299984e-01 -4.847766290025711060e+05
-5.594282408025370579e-01 -4.847761847038269043e+05
-5.618711588846441174e-01 -4.847757443590164185e+05
-5.643140769667511769e-01 -4.847753040142059326e+05
-5.667569950488586805e-01 -4.847748692493438721e+05
-5.691999131309657400e-01 -4.847744344844818115e+05
-5.716428312130727996e-01 -4.847740021457672119e+05
-5.740857492951798591e-01 -4.847735698070526123e+05
-5.765286673772869186e-01 -4.847731434412002563e+05
-5.789715854593939781e-01 -4.847727170753479004e+05
-5.814145035415014817e-01 -4.847722939233779907e+05
-5.838574216236085412e-01 -4.847718707714080811e+05
-5.863003397057156008e-01 -4.847714536190032959e+05
-5.887432577878231044e-01 -4.847710364665985107e+05
-5.911861758699297198e-01 -4.847706220750808716e+05
-5.936290939520372234e-01 -4.847702076835632324e+05
-5.960720120341442829e-01 -4.847697993583679199e+05
-5.985149301162513424e-01 -4.847693910331726074e+05
-6.009578481983588460e-01 -4.847689864883422852e+05
-6.034007662804654615e-01 -4.847685819435119629e+05
-6.058436843625729651e-01 -4.847681811408996582e+05
-6.082866024446800246e-01 -4.847677803382873535e+05
-6.107295205267870841e-01 -4.847673839502334595e+05
-6.131724386088945877e-01 -4.847669875621795654e+05
-6.156153566910012032e-01 -4.847665968809127808e+05
-6.180582747731087068e-01 -4.847662061996459961e+05
-6.205011928552157663e-01 -4.847658190002441406e+05
-6.229441109373228258e-01 -4.847654318008422852e+05
-6.253870290194298853e-01 -4.847650502424240112e+05
-6.278299471015369448e-01 -4.847646686840057373e+05
-6.302728651836444485e-01 -4.847642884693145752e+05
-6.327157832657515080e-01 -4.847639082546234131e+05
-6.351587013478585675e-01 -4.847635344362258911e+05
-6.376016194299656270e-01 -4.847631606178283691e+05
-6.400445375120731306e-01 -4.847627852430343628e+05
-6.424874555941801901e-01 -4.847624098682403564e+05
-6.449303736762872497e-01 -4.847620362558364868e+05
-6.473732917583943092e-01 -4.847616626434326172e+05
-6.498162098405013687e-01 -4.847612758827209473e+05
-6.522591279226088723e-01 -4.847608891220092773e+05
-6.547020460047154877e-01 -4.847605193672180176e+05
-6.571449640868229913e-01 -4.847601496124267578e+05
-6.595878821689300509e-01 -4.847597748727798462e+05
-6.620308002510371104e-01 -4.847594001331329346e+05
-6.644737183331446140e-01 -4.847593103599548340e+05
-6.669166364152512294e-01 -4.847592205867767334e+05
-6.693595544973587330e-01 -4.847586335926055908e+05
-6.718024725794662366e-01 -4.847580465984344482e+05
-6.742453906615728521e-01 -4.847578170223236084e+05
-6.766883087436803557e-01 -4.847575874462127686e+05
-6.791312268257874152e-01 -4.847572367515563965e+05
-6.815741449078944747e-01 -4.847568860569000244e+05
-6.840170629900015342e-01 -4.847565664634704590e+05
-6.864599810721085937e-01 -4.847562468700408936e+05
-6.889028991542160973e-01 -4.847559225816726685e+05
-6.913458172363231569e-01 -4.847555982933044434e+05
-6.937887353184302164e-01 -4.847552800149917603e+05
-6.962316534005372759e-01 -4.847549617366790771e+05
-6.986745714826443354e-01 -4.847546474275588989e+05
-7.011174895647513949e-01 -4.847543331184387207e+05
-7.035604076468588985e-01 -4.847540223779678345e+05
-7.060033257289659581e-01 -4.847537116374969482e+05
-7.084462438110730176e-01 -4.847534085683822632e+05
-7.108891618931805212e-01 -4.847531054992675781e+05
-7.133320799752871366e-01 -4.847528023147583008e+05
-7.157749980573946402e-01 -4.847524991302490234e+05
-7.182179161395016997e-01 -4.847522044277191162e+05
-7.206608342216087593e-01 -4.847519097251892090e+05
-7.231037523037162629e-01 -4.847516179151535034e+05
-7.255466703858228783e-01 -4.847513261051177979e+05
-7.279895884679303819e-01 -4.847510366287231445e+05
-7.304325065500374414e-01 -4.847507471523284912e+05
-7.328754246321445009e-01 -4.847504629268646240e+05
-7.353183427142520046e-01 -4.847501787014007568e+05
-7.377612607963586200e-01 -4.847498988475799561e+05
-7.402041788784661236e-01 -4.847496189937591553e+05
-7.426470969605731831e-01 -4.847493417997360229e+05
-7.450900150426802426e-01 -4.847490646057128906e+05
-7.475329331247873021e-01 -4.847487931060791016e+05
-7.499758512068948058e-01 -4.847485216064453125e+05
-7.524187692890018653e-01 -4.847482549057006836e+05
-7.548616873711089248e-01 -4.847479882049560547e+05
-7.573046054532159843e-01 -4.847477252874374390e+05
-7.597475235353230438e-01 -4.847474623699188232e+05
-7.621904416174305474e-01 -4.847472036676406860e+05
-7.646333596995376070e-01 -4.847469449653625488e+05
-7.670762777816446665e-01 -4.847466895008087158e+05
-7.695191958637517260e-01 -4.847464340362548828e+05
-7.719621139458587855e-01 -4.847461806106567383e+05
-7.744050320279662891e-01 -4.847459271850585938e+05
-7.768479501100729046e-01 -4.847456781015396118e+05
-7.792908681921804082e-01 -4.847454290180206299e+05
-7.817337862742874677e-01 -4.847451846084594727e+05
-7.841767043563945272e-01 -4.847449401988983154e+05
-7.866196224385020308e-01 -4.847446999683380127e+05
-7.890625405206090903e-01 -4.847444597377777100e+05
-7.915054586027161498e-01 -4.847442223958969116e+05
-7.939483766848236534e-01 -4.847439850540161133e+05
-7.963912947669302689e-01 -4.847437512540817261e+05
-7.988342128490377725e-01 -4.847435174541473389e+05
-8.012771309311448320e-01 -4.847432878837585449e+05
-8.037200490132518915e-01 -4.847430583133697510e+05
-8.061629670953589510e-01 -4.847428296737670898e+05
-8.086058851774660106e-01 -4.847426010341644287e+05
-8.110488032595735142e-01 -4.847423768157958984e+05
-8.134917213416805737e-01 -4.847421525974273682e+05
-8.159346394237876332e-01 -4.847419319381713867e+05
-8.183775575058946927e-01 -4.847417112789154053e+05
-8.208204755880017522e-01 -4.847414928646087646e+05
-8.232633936701088118e-01 -4.847412744503021240e+05
-8.257063117522163154e-01 -4.847410593929290771e+05
-8.281492298343233749e-01 -4.847408443355560303e+05
-8.305921479164304344e-01 -4.847406325368881226e+05
-8.330350659985379380e-01 -4.847404207382202148e+05
-8.354779840806445534e-01 -4.847402140512466431e+05
-8.379209021627520571e-01 -4.847400073642730713e+05
-8.403638202448591166e-01 -4.847398033332824707e+05
-8.428067383269661761e-01 -4.847395993022918701e+05
-8.452496564090736797e-01 -4.847393982210159302e+05
-8.476925744911802951e-01 -4.847391971397399902e+05
-8.501354925732877987e-01 -4.847389990310668945e+05
-8.525784106553948583e-01 -4.847388009223937988e+05
-8.550213287375019178e-01 -4.847386052236557007e+05
-8.574642468196094214e-01 -4.847384095249176025e+05
-8.599071649017160368e-01 -4.847382178726196289e+05
-8.623500829838235404e-01 -4.847380262203216553e+05
-8.647930010659305999e-01 -4.847378367424011230e+05
-8.672359191480376595e-01 -4.847376472644805908e+05
-8.696788372301447190e-01 -4.847374612569808960e+05
-8.721217553122522226e-01 -4.847372752494812012e+05
-8.745646733943592821e-01 -4.847370919942855835e+05
-8.770075914764663416e-01 -4.847369087390899658e+05
-8.794505095585734011e-01 -4.847367288713455200e+05
-8.818934276406804607e-01 -4.847365490036010742e+05
-8.843363457227879643e-01 -4.847363720693588257e+05
-8.867792638048950238e-01 -4.847361951351165771e+05
-8.892221818870020833e-01 -4.847360147237777710e+05
-8.916650999691091428e-01 -4.847358343124389648e+05
-8.941080180512162023e-01 -4.847356787567138672e+05
-8.965509361333237059e-01 -4.847355232009887695e+05
-8.989938542154303214e-01 -4.847352865467071533e+05
-9.014367722975378250e-01 -4.847350498924255371e+05
-9.038796903796453286e-01 -4.847349004020690918e+05
-9.063226084617519440e-01 -4.847347509117126465e+05
-9.087655265438594476e-01 -4.847346165380477905e+05
-9.112084446259665071e-01 -4.847344821643829346e+05
-9.136513627080735667e-01 -4.847343254489898682e+05
-9.160942807901810703e-01 -4.847341687335968018e+05
-9.185371988722876857e-01 -4.847340160121917725e+05
-9.209801169543951893e-01 -4.847338632907867432e+05
-9.234230350365022488e-01 -4.847337102289199829e+05
-9.258659531186093083e-01 -4.847335571670532227e+05
-9.283088712007163679e-01 -4.847334066696166992e+05
-9.307517892828234274e-01 -4.847332561721801758e+05
-9.331947073649309310e-01 -4.847331084146499634e+05
-9.356376254470379905e-01 -4.847329606571197510e+05
-9.380805435291450500e-01 -4.847328148069381714e+05
-9.405234616112521095e-01 -4.847326689567565918e+05
-9.429663796933596132e-01 -4.847325258836746216e+05
-9.454092977754662286e-01 -4.847323828105926514e+05
-9.478522158575737322e-01 -4.847322416057586670e+05
-9.502951339396807917e-01 -4.847321004009246826e+05
-9.527380520217878512e-01 -4.847319601354598999e+05
-9.551809701038953548e-01 -4.847318198699951172e+05
-9.576238881860019703e-01 -4.847316821651458740e+05
-9.600668062681094739e-01 -4.847315444602966309e+05
-9.625097243502165334e-01 -4.847314083938598633e+05
-9.649526424323235929e-01 -4.847312723274230957e+05
-9.673955605144310965e-01 -4.847311383895874023e+05
-9.698384785965377120e-01 -4.847310044517517090e+05
-9.722813966786452156e-01 -4.847308724832534790e+05
-9.747243147607522751e-01 -4.847307405147552490e+05
-9.771672328428593346e-01 -4.847306111240386963e+05
-9.796101509249668382e-01 -4.847304817333221436e+05
-9.820530690070734536e-01 -4.847303544559478760e+05
-9.844959870891809572e-01 -4.847302271785736084e+05
-9.869389051712880168e-01 -4.847301025266647339e+05
-9.893818232533950763e-01 -4.847299778747558594e+05
-9.918247413355025799e-01 -4.847298548526763916e+05
-9.942676594176096394e-01 -4.847297318305969238e+05
-9.967105774997166989e-01 -4.847296113185882568e+05
-9.991534955818237584e-01 -4.847294908065795898e+05
-1.001596413663930818e+00 -4.847293744421005249e+05
-1.004039331746037877e+00 -4.847292580776214600e+05
-1.006482249828145381e+00 -4.847291409215927124e+05
-1.008925167910252441e+00 -4.847290237655639648e+05
-1.011368085992359500e+00 -4.847289098768234253e+05
-1.013811004074466560e+00 -4.847287959880828857e+05
-1.016253922156573619e+00 -4.847286837635040283e+05
-1.018696840238681123e+00 -4.847285715389251709e+05
-1.021139758320787738e+00 -4.847284623680114746e+05
-1.023582676402895242e+00 -4.847283531970977783e+05
-1.026025594485002745e+00 -4.847282446470260620e+05
-1.028468512567109361e+00 -4.847281360969543457e+05
-1.030911430649216864e+00 -4.847280294399261475e+05
-1.033354348731323924e+00 -4.847279227828979492e+05
-1.035797266813430983e+00 -4.847278170232772827e+05
-1.038240184895538487e+00 -4.847277112636566162e+05
-1.040683102977645103e+00 -4.847276073904037476e+05
-1.043126021059752606e+00 -4.847275035171508789e+05
-1.045568939141859666e+00 -4.847274025983810425e+05
-1.048011857223966725e+00 -4.847273016796112061e+05
-1.050454775306073785e+00 -4.847272030200958252e+05
-1.052897693388180844e+00 -4.847271043605804443e+05
-1.055340611470288348e+00 -4.847270075778961182e+05
-1.057783529552395407e+00 -4.847269107952117920e+05
-1.060226447634502467e+00 -4.847268152427673340e+05
-1.062669365716609526e+00 -4.847267196903228760e+05
-1.065112283798717030e+00 -4.847266257190704346e+05
-1.067555201880823645e+00 -4.847265317478179932e+05
-1.069998119962931149e+00 -4.847264391107559204e+05
-1.072441038045038209e+00 -4.847263464736938477e+05
-1.074883956127145268e+00 -4.847262556152343750e+05
-1.077326874209252772e+00 -4.847261647567749023e+05
-1.079769792291359387e+00 -4.847260757083892822e+05
-1.082212710373466891e+00 -4.847259866600036621e+05
-1.084655628455573950e+00 -4.847258981533050537e+05
-1.087098546537681010e+00 -4.847258096466064453e+05
-1.089541464619788513e+00 -4.847257218151092529e+05
-1.091984382701895129e+00 -4.847256339836120605e+05
-1.094427300784002632e+00 -4.847255494117736816e+05
-1.096870218866109692e+00 -4.847254648399353027e+05
-1.099313136948216751e+00 -4.847253800306320190e+05
-1.101756055030324255e+00 -4.847252952213287354e+05
-1.104198973112431315e+00 -4.847252141714096069e+05
-1.106641891194538374e+00 -4.847251331214904785e+05
-1.109084809276645434e+00 -4.847250532226562500e+05
-1.111527727358752493e+00 -4.847249733238220215e+05
-1.113970645440859997e+00 -4.847248968000411987e+05
-1.116413563522967056e+00 -4.847248202762603760e+05
-1.118856481605074116e+00 -4.847247443981170654e+05
-1.121299399687181175e+00 -4.847246685199737549e+05
-1.123742317769288235e+00 -4.847246008529663086e+05
-1.126185235851395294e+00 -4.847245331859588623e+05
-1.128628153933502798e+00 -4.847244527759552002e+05
-1.131071072015609857e+00 -4.847243723659515381e+05
-1.133513990097716917e+00 -4.847243016357421875e+05
-1.135956908179823976e+00 -4.847242309055328369e+05
-1.138399826261931036e+00 -4.847241576766967773e+05
-1.140842744344038540e+00 -4.847240844478607178e+05
-1.143285662426145599e+00 -4.847240110101699829e+05
-1.145728580508252659e+00 -4.847239375724792480e+05
-1.148171498590360162e+00 -4.847238682832717896e+05
-1.150614416672466778e+00 -4.847237989940643311e+05
-1.153057334754574281e+00 -4.847237312335968018e+05
-1.155500252836681341e+00 -4.847236634731292725e+05
-1.157943170918788400e+00 -4.847235973453521729e+05
-1.160386089000895904e+00 -4.847235312175750732e+05
-1.162829007083002519e+00 -4.847234661216735840e+05
-1.165271925165110023e+00 -4.847234010257720947e+05
-1.167714843247217082e+00 -4.847233371057510376e+05
-1.170157761329324142e+00 -4.847232731857299805e+05
-1.172600679411431202e+00 -4.847232104759216309e+05
-1.175043597493538261e+00 -4.847231477661132812e+05
-1.177486515575645765e+00 -4.847230862836837769e+05
-1.179929433657752824e+00 -4.847230248012542725e+05
-1.182372351739859884e+00 -4.847229655046463013e+05
-1.184815269821966943e+00 -4.847229062080383301e+05
-1.187258187904074447e+00 -4.847228481626510620e+05
-1.189701105986181062e+00 -4.847227901172637939e+05
-1.192144024068288566e+00 -4.847227342405319214e+05
-1.194586942150395625e+00 -4.847226783638000488e+05
-1.197029860232502685e+00 -4.847226243381500244e+05
-1.199472778314610188e+00 -4.847225703125000000e+05
-1.201915696396716804e+00 -4.847225160646438599e+05
-1.204358614478824308e+00 -4.847224618167877197e+05
-1.206801532560931367e+00 -4.847224101057052612e+05
-1.209244450643038427e+00 -4.847223583946228027e+05
-1.211687368725145930e+00 -4.847223070001602173e+05
-1.214130286807252546e+00 -4.847222556056976318e+05
-1.216573204889360049e+00 -4.847222046680450439e+05
-1.219016122971467109e+00 -4.847221537303924561e+05
-1.221459041053574168e+00 -4.847221048002243042e+05
-1.223901959135681672e+00 -4.847220558700561523e+05
-1.226344877217788731e+00 -4.847220089950561523e+05
-1.228787795299895791e+00 -4.847219621200561523e+05
-1.231230713382002850e+00 -4.847219155988693237e+05
-1.233673631464109910e+00 -4.847218690776824951e+05
-1.236116549546217414e+00 -4.847218237438201904e+05
-1.238559467628324473e+00 -4.847217784099578857e+05
-1.241002385710431533e+00 -4.847217333078384399e+05
-1.243445303792538592e+00 -4.847216882057189941e+05
-1.245888221874645652e+00 -4.847216448211669922e+05
-1.248331139956752711e+00 -4.847216014366149902e+05
-1.250774058038860215e+00 -4.847215588827133179e+05
-1.253216976120967274e+00 -4.847215163288116455e+05
-1.255659894203074334e+00 -4.847214756650924683e+05
-1.258102812285181837e+00 -4.847214350013732910e+05
-1.260545730367288453e+00 -4.847213969116210938e+05
-1.262988648449395956e+00 -4.847213588218688965e+05
-1.265431566531503016e+00 -4.847213205089569092e+05
-1.267874484613610075e+00 -4.847212821960449219e+05
-1.270317402695717579e+00 -4.847212471389770508e+05
-1.272760320777824194e+00 -4.847212120819091797e+05
-1.275203238859931698e+00 -4.847211772766113281e+05
-1.277646156942038758e+00 -4.847211424713134766e+05
-1.280089075024145817e+00 -4.847211108570098877e+05
-1.282531993106253321e+00 -4.847210792427062988e+05
-1.284974911188359936e+00 -4.847210476741790771e+05
-1.287417829270467440e+00 -4.847210161056518555e+05
-1.289860747352574499e+00 -4.847209867982864380e+05
-1.292303665434681559e+00 -4.847209574909210205e+05
-1.294746583516788618e+00 -4.847209308528900146e+05
-1.297189501598896122e+00 -4.847209042148590088e+05
-1.299632419681003181e+00 -4.847208780994415283e+05
-1.302075337763110241e+00 -4.847208519840240479e+05
-1.304518255845217301e+00 -4.847208288946151733e+05
-1.306961173927324360e+00 -4.847208058052062988e+05
-1.309404092009431864e+00 -4.847207837991714478e+05
-1.311847010091538479e+00 -4.847207617931365967e+05
-1.314289928173645983e+00 -4.847207430429458618e+05
-1.316732846255753042e+00 -4.847207242927551270e+05
-1.319175764337860102e+00 -4.847207067756652832e+05
-1.321618682419967605e+00 -4.847206892585754395e+05
-1.324061600502074221e+00 -4.847206753368377686e+05
-1.326504518584181724e+00 -4.847206614151000977e+05
-1.328947436666288784e+00 -4.847206490516662598e+05
-1.331390354748395843e+00 -4.847206366882324219e+05
-1.333833272830503347e+00 -4.847206281080245972e+05
-1.336276190912609962e+00 -4.847206195278167725e+05
-1.338719108994717466e+00 -4.847206141700744629e+05
-1.341162027076824526e+00 -4.847206088123321533e+05
-1.343604945158931585e+00 -4.847206057500839233e+05
-1.346047863241039089e+00 -4.847206026878356934e+05
-1.348490781323146148e+00 -4.847206046037673950e+05
-1.350933699405253208e+00 -4.847206065196990967e+05
-1.353376617487360267e+00 -4.847206107397079468e+05
-1.355819535569467327e+00 -4.847206149597167969e+05
-1.358262453651574830e+00 -4.847206248226165771e+05
-1.360705371733681890e+00 -4.847206346855163574e+05
-1.363148289815788949e+00 -4.847206530761718750e+05
-1.365591207897896009e+00 -4.847206714668273926e+05
-1.368034125980003068e+00 -4.847206852569580078e+05
-1.370477044062110128e+00 -4.847206990470886230e+05
-1.372919962144217632e+00 -4.847207338352203369e+05
-1.375362880226324691e+00 -4.847207686233520508e+05
-1.377805798308431751e+00 -4.847207984561920166e+05
-1.380248716390539254e+00 -4.847208282890319824e+05
-1.382691634472645870e+00 -4.847208686256408691e+05
-1.385134552554753373e+00 -4.847209089622497559e+05
-1.387577470636860433e+00 -4.847209573230743408e+05
-1.390020388718967492e+00 -4.847210056838989258e+05
-1.392463306801074996e+00 -4.847210628833770752e+05
-1.394906224883181611e+00 -4.847211200828552246e+05
-1.397349142965289115e+00 -4.847211884107589722e+05
-1.399792061047396174e+00 -4.847212567386627197e+05
-1.402234979129503234e+00 -4.847213378000259399e+05
-1.404677897211610738e+00 -4.847214188613891602e+05
-1.407120815293717353e+00 -4.847215135002136230e+05
-1.409563733375824857e+00 -4.847216081390380859e+05
-1.412006651457931916e+00 -4.847217185239791870e+05
-1.414449569540038976e+00 -4.847218289089202881e+05
-1.416892487622146035e+00 -4.847219585103988647e+05
-1.419335405704253539e+00 -4.847220881118774414e+05
-1.421778323786360598e+00 -4.847222380199432373e+05
-1.424221241868467658e+00 -4.847223879280090332e+05
-1.426664159950574717e+00 -4.847225618829727173e+05
-1.429107078032681777e+00 -4.847227358379364014e+05
-1.431549996114789280e+00 -4.847229401626586914e+05
-1.433992914196895896e+00 -4.847231444873809814e+05
-1.436435832279003399e+00 -4.847233751239776611e+05
-1.438878750361110459e+00 -4.847236057605743408e+05
-1.441321668443217519e+00 -4.847239292974472046e+05
-1.443764586525325022e+00 -4.847242528343200684e+05
-1.446207504607431638e+00 -4.847245949382781982e+05
-1.448650422689539141e+00 -4.847249370422363281e+05
-1.451093340771646645e+00 -4.847253776283264160e+05
-1.453536258853753260e+00 -4.847258182144165039e+05
-1.455979176935860764e+00 -4.847262956676483154e+05
-1.458422095017967823e+00 -4.847267731208801270e+05
-1.460865013100074883e+00 -4.847273502187728882e+05
-1.463307931182181942e+00 -4.847279273166656494e+05
-1.465750849264289002e+00 -4.847286210937500000e+05
-1.468193767346396506e+00 -4.847293148708343506e+05
-1.470636685428503565e+00 -4.847301648044586182e+05
-1.473079603510610625e+00 -4.847310147380828857e+05
-1.475522521592717684e+00 -4.847320568561553955e+05
-1.477965439674824744e+00 -4.847330989742279053e+05
-1.480408357756932247e+00 -4.847343916244506836e+05
-1.482851275839039307e+00 -4.847356842746734619e+05
-1.485294193921146366e+00 -4.847372850255966187e+05
-1.487737112003253426e+00 -4.847388857765197754e+05
-1.490180030085360485e+00 -4.847409298563003540e+05
-1.492622948167467545e+00 -4.847429739360809326e+05
-1.495065866249575048e+00 -4.847455877656936646e+05
-1.497508784331682108e+00 -4.847482015953063965e+05
-1.499951702413789167e+00 -4.847516084613800049e+05
-1.502394620495896671e+00 -4.847550153274536133e+05
-1.504837538578003286e+00 -4.847595632867813110e+05
-1.507280456660110790e+00 -4.847641112461090088e+05
-1.509723374742217850e+00 -4.847701733188629150e+05
-1.512166292824324909e+00 -4.847762353916168213e+05
-1.514609210906432413e+00 -4.847850546264648438e+05
-1.517052128988539028e+00 -4.847938738613128662e+05
-1.519495047070646532e+00 -4.848049521017074585e+05
-1.521937965152753591e+00 -4.848160303421020508e+05
-1.524380883234860651e+00 -4.848384495573043823e+05
-1.526823801316968154e+00 -4.848608687725067139e+05
-1.529266719399074770e+00 -4.848719039001464844e+05
-1.531709637481182273e+00 -4.848829390277862549e+05
-1.534152555563289333e+00 -4.849947563438415527e+05
-1.536595473645396392e+00 -4.851065736598968506e+05
-1.539038391727503452e+00 -4.849241441116333008e+05
-1.541481309809610956e+00 -4.847417145633697510e+05
-1.543924227891718015e+00 -4.859429519510269165e+05
-1.546367145973825075e+00 -4.871441893386840820e+05
-1.548810064055932134e+00 -4.832040884561538696e+05
-1.551252982138039194e+00 -4.792639875736236572e+05
-1.553695900220146697e+00 -4.980076512136459351e+05
-1.556138818302253313e+00 -5.167513148536682129e+05
-1.558581736384360816e+00 -4.419735834341049194e+05
-1.561024654466467876e+00 -3.671958520145416260e+05
-1.563467572548574935e+00 -7.731610071086883545e+05
-1.565910490630682439e+00 -1.179126162202835083e+06
-1.568353408712789054e+00 8.573734845390319824e+05
-1.570796326794896558e+00 2.893873131280899048e+06
