1.570796326794896558e+00 7.856152901497039425e-15
1.563456157043518591e+00 7.819825923249556155e-15
1.556115987292140623e+00 7.814222632027937860e-15
1.548775817540762434e+00 7.736073271904869234e-15
1.541435647789384467e+00 7.688893933908752411e-15
1.534095478038006499e+00 7.571442762324284113e-15
1.526755308286628532e+00 7.485199486203921965e-15
1.519415138535250342e+00 7.331833755724661015e-15
1.512074968783872375e+00 7.210064995430763951e-15
1.504734799032494408e+00 7.025309441651280590e-15
1.497394629281116440e+00 6.872598929939264699e-15
1.490054459529738251e+00 6.661813151905216131e-15
1.482714289778360284e+00 6.483452693754081347e-15
1.475374120026982316e+00 6.252483809458947412e-15
1.468033950275604349e+00 6.054161169524317994e-15
1.460693780524226160e+00 5.809016962685710507e-15
1.453353610772848192e+00 5.596502516882579932e-15
1.446013441021470225e+00 5.343052876251332378e-15
1.438673271270092258e+00 5.121923789891702334e-15
1.431333101518714068e+00 4.865651572213334853e-15
1.423992931767336101e+00 4.641067394669974492e-15
1.416652762015958134e+00 4.386879978194216141e-15
1.409312592264580166e+00 4.163419389313138245e-15
1.401972422513201977e+00 3.915524935779882948e-15
1.394632252761824009e+00 3.697084637428104863e-15
1.387292083010446042e+00 3.458930014180859042e-15
1.379951913259068075e+00 3.248680881984439172e-15
1.372611743507690107e+00 3.022943182969980045e-15
1.365271573756311918e+00 2.823334594989288086e-15
1.357931404004933951e+00 2.611955253906252256e-15
1.350591234253555983e+00 2.424756451069761089e-15
1.343251064502177794e+00 2.229005948062240342e-15
1.335910894750799827e+00 2.055372935663383479e-15
1.328570724999421859e+00 1.875934616411852813e-15
1.321230555248043892e+00 1.716492044848577398e-15
1.313890385496665925e+00 1.553555088077889958e-15
1.306550215745287735e+00 1.408484247015644913e-15
1.299210045993909768e+00 1.261837845208198934e-15
1.291869876242531801e+00 1.130963931166313714e-15
1.284529706491153611e+00 1.000086897901589970e-15
1.277189536739775644e+00 8.829607386398454543e-16
1.269849366988397676e+00 7.671027527252140478e-16
1.262509197237019709e+00 6.630739784135347688e-16
1.255169027485641742e+00 5.613263635150683043e-16
1.247828857734263552e+00 4.696064938453044482e-16
1.240488687982885585e+00 3.809617497982611122e-16
1.233148518231507618e+00 3.006767864439500557e-16
1.225808348480129428e+00 2.240770377158242830e-16
1.218468178728751461e+00 1.543099335567026996e-16
1.211128008977373494e+00 8.868508381889089265e-17
1.203787839225995526e+00 2.850895371418984147e-17
1.196447669474617559e+00 -2.719430597980217830e-17
1.189107499723239592e+00 -7.869110263530366125e-17
1.181767329971861402e+00 -1.254881263658131734e-16
1.174427160220483435e+00 -1.691838033044422892e-16
1.167086990469105467e+00 -2.080373405582236489e-16
1.159746820717727278e+00 -2.447641913658462869e-16
1.152406650966349311e+00 -2.765750060896882405e-16
1.145066481214971343e+00 -3.071114771646230881e-16
1.137726311463593376e+00 -3.327131131013844314e-16
1.130386141712215409e+00 -3.577794471475139904e-16
1.123045971960837219e+00 -3.779361676271845272e-16
1.115705802209459252e+00 -3.981927645964611255e-16
1.108365632458081285e+00 -4.135998505097581531e-16
1.101025462706703095e+00 -4.296476355254874863e-16
1.093685292955325128e+00 -4.409333733861205841e-16
1.086345123203947161e+00 -4.533155942893581467e-16
1.079004953452569193e+00 -4.610444202027651452e-16
1.071664783701191226e+00 -4.702494159386778244e-16
1.064324613949813259e+00 -4.749257976723012985e-16
1.056984444198435069e+00 -4.813903806727984127e-16
1.049644274447057102e+00 -4.834631182468170858e-16
1.042304104695678912e+00 -4.875762992685846384e-16
1.034963934944300945e+00 -4.874430053203285469e-16
1.027623765192922978e+00 -4.895498588707674683e-16
1.020283595441545010e+00 -4.875614451553893424e-16
1.012943425690167043e+00 -4.879669694906779444e-16
1.005603255938789076e+00 -4.844320173894704271e-16
9.982630861874108863e-01 -4.834048869138681960e-16
9.909229164360329190e-01 -4.785938197531807613e-16
9.835827466846548406e-01 -4.763699616166616564e-16
9.762425769332768732e-01 -4.705189670644160447e-16
9.689024071818987949e-01 -4.673049194093114285e-16
9.615622374305208275e-01 -4.606195929502837304e-16
9.542220676791427492e-01 -4.565956214638512809e-16
9.468818979277647818e-01 -4.492543186585370651e-16
9.395417281763867035e-01 -4.445772820009938212e-16
9.322015584250087361e-01 -4.367341790961609273e-16
9.248613886736306577e-01 -4.315401437141887530e-16
9.175212189222526904e-01 -4.233280143765173054e-16
9.101810491708746120e-01 -4.177346259990338535e-16
9.028408794194966447e-01 -4.092673473892885751e-16
8.955007096681185663e-01 -4.033759709617508611e-16
8.881605399167405990e-01 -3.947507756928865724e-16
8.808203701653625206e-01 -3.886484182289714268e-16
8.734802004139845533e-01 -3.799479105566391605e-16
8.661400306626065859e-01 -3.737089428176521544e-16
8.587998609112286186e-01 -3.650028981413206305e-16
8.514596911598505402e-01 -3.586905915748292143e-16
8.441195214084725729e-01 -3.500375582480947531e-16
8.367793516570944945e-01 -3.437054535121776636e-16
8.294391819057165272e-01 -3.351541753914988193e-16
8.220990121543384488e-01 -3.288472982381520905e-16
8.147588424029604814e-01 -3.204379754809269862e-16
8.074186726515824031e-01 -3.141939149599597068e-16
8.000785029002044357e-01 -3.059593194558946981e-16
7.927383331488263574e-01 -2.998091824191502708e-16
7.853981633974483900e-01 -2.917756430189972849e-16
7.780579936460703117e-01 -2.857448978447345234e-16
7.707178238946922333e-01 -2.779331692919520108e-16
7.633776541433142659e-01 -2.720423906605564680e-16
7.560374843919361876e-01 -2.644684188938125230e-16
7.486973146405582202e-01 -2.587339443921057539e-16
7.413571448891801419e-01 -2.514095396751019277e-16
7.340169751378021745e-01 -2.458440479646529553e-16
7.266768053864240962e-01 -2.387774761837287002e-16
7.193366356350461288e-01 -2.333904955134742388e-16
7.119964658836680504e-01 -2.265869969154300564e-16
7.046562961322900831e-01 -2.213853518570107744e-16
6.973161263809120047e-01 -2.148475955383959848e-16
6.899759566295340374e-01 -2.098357989937348380e-16
6.826357868781559590e-01 -2.035642805467400598e-16
6.752956171267779917e-01 -1.987448773202147643e-16
6.679554473753999133e-01 -1.927382662553292422e-16
6.606152776240219460e-01 -1.881121337987583332e-16
6.532751078726438676e-01 -1.823675766166174957e-16
6.459349381212659003e-01 -1.779341879366152821e-16
6.385947683698878219e-01 -1.724475720699195574e-16
6.312545986185098545e-01 -1.682052252296608266e-16
6.239144288671319982e-01 -1.629714084907560800e-16
6.165742591157538088e-01 -1.589174266343402775e-16
6.092340893643759525e-01 -1.539304362806724295e-16
6.018939196129977631e-01 -1.500613416746019633e-16
5.945537498616199068e-01 -1.453145467242092215e-16
5.872135801102417174e-01 -1.416262118985738879e-16
5.798734103588638611e-01 -1.371124719219184362e-16
5.725332406074856717e-01 -1.336002506499508035e-16
5.651930708561077044e-01 -1.293120438865482992e-16
5.578529011047297370e-01 -1.259708844266848771e-16
5.505127313533517697e-01 -1.219004177452744988e-16
5.431725616019735803e-01 -1.187249604793516779e-16
5.358323918505956129e-01 -1.148642634105564837e-16
5.284922220992176456e-01 -1.118489247832907925e-16
5.211520523478396782e-01 -1.081899295943061067e-16
5.138118825964614889e-01 -1.053289740158201568e-16
5.064717128450835215e-01 -1.018635835607333862e-16
4.991315430937055542e-01 -9.915118476234759361e-17
4.917913733423275868e-01 -9.587132964748606601e-17
4.844512035909493974e-01 -9.330162279197558822e-17
4.771110338395714301e-01 -9.019930920661212267e-17
4.697708640881934627e-01 -8.776643490728682481e-17
4.624306943368154954e-01 -8.483378431588143151e-17
4.550905245854373060e-01 -8.253192558567761881e-17
4.477503548340593387e-01 -7.976120733691552399e-17
4.404101850826813713e-01 -7.758462036497375965e-17
4.330700153313034040e-01 -7.496827814478686526e-17
4.257298455799252146e-01 -7.291131769829930106e-17
4.183896758285472472e-01 -7.044199063337658442e-17
4.110495060771692799e-01 -6.849913077111698307e-17
4.037093363257913126e-01 -6.616966993298017329e-17
3.963691665744131232e-01 -6.433552066631669503e-17
3.890289968230351558e-01 -6.213900157409902104e-17
3.816888270716571885e-01 -6.040832200774413742e-17
3.743486573202792211e-01 -5.833805369758038536e-17
3.670084875689010318e-01 -5.670576212129486063e-17
3.596683178175230644e-01 -5.475529329491118328e-17
3.523281480661450971e-01 -5.321647465870668041e-17
3.449879783147671297e-01 -5.137959731531661894e-17
3.376478085633889403e-01 -4.992950846298394894e-17
3.303076388120109730e-01 -4.820025938339393182e-17
3.229674690606330056e-01 -4.683433234536581905e-17
3.156272993092550383e-01 -4.520699279024802539e-17
3.082871295578768489e-01 -4.392083644657156912e-17
3.009469598064991036e-01 -4.238993033196030836e-17
2.936067900551209142e-01 -4.117933068037835140e-17
2.862666203037429469e-01 -3.973962149070531292e-17
2.789264505523647575e-01 -3.860054074483976978e-17
2.715862808009870122e-01 -3.724702740263989056e-17
2.642461110496088228e-01 -3.617560210758121652e-17
2.569059412982308555e-01 -3.490351399496829239e-17
2.495657715468526661e-01 -3.389605233174390868e-17
2.422256017954749208e-01 -3.270084362207307935e-17
2.348854320440967314e-01 -3.175382204344873585e-17
2.275452622927187640e-01 -3.063116549466190294e-17
2.202050925413405746e-01 -2.974122482080376061e-17
2.128649227899628293e-01 -2.868700515266181128e-17
2.055247530385846400e-01 -2.785094623503134082e-17
1.981845832872066726e-01 -2.686125319795012453e-17
1.908444135358284832e-01 -2.607603224833682603e-17
1.835042437844507379e-01 -2.514715347601590917e-17
1.761640740330725485e-01 -2.440987714270861577e-17
1.688239042816945812e-01 -2.353829086820483016e-17
1.614837345303166138e-01 -2.284621113178444681e-17
1.541435647789386465e-01 -2.202857883222052005e-17
1.468033950275606792e-01 -2.137908777398739115e-17
1.394632252761824898e-01 -2.061224681095313771e-17
1.321230555248045224e-01 -2.000287132009208703e-17
1.247828857734265551e-01 -1.928382760670894064e-17
1.174427160220485877e-01 -1.871222405494134434e-17
1.101025462706703983e-01 -1.803814481228960230e-17
1.027623765192924310e-01 -1.750209375140534939e-17
9.542220676791446365e-02 -1.687030035808954305e-17
8.808203701653649631e-02 -1.636770124812731444e-17
8.074186726515830692e-02 -1.577566224716197765e-17
7.340169751378033958e-02 -1.530452826340284326e-17
6.606152776240237223e-02 -1.474985252450638125e-17
5.872135801102440489e-02 -1.430830545519375983e-17
5.138118825964621550e-02 -1.378873550701089504e-17
4.404101850826824815e-02 -1.337500076015348044e-17
3.670084875689028081e-02 -1.288840632684165305e-17
2.936067900551231347e-02 -1.250080805934820888e-17
2.202050925413412408e-02 -1.204517979704623604e-17
1.468033950275615673e-02 -1.168213618320323680e-17
7.340169751378189389e-03 -1.125557962144633238e-17
2.220446049250313081e-16 -1.091559825963315375e-17
-7.340169751377745300e-03 -1.051632797051039820e-17
-1.468033950275593469e-02 -1.019800144500577225e-17
-2.202050925413390203e-02 -9.824335422352311503e-18
-2.936067900551209142e-02 -9.526337015615298582e-18
-3.670084875688983672e-02 -9.176691279651041086e-18
-4.404101850826802611e-02 -8.897770846156895585e-18
-5.138118825964599345e-02 -8.570654265701604325e-18
-5.872135801102418284e-02 -8.309634261332821894e-18
-6.606152776240192814e-02 -8.003643596826151706e-18
-7.340169751378011753e-02 -7.759415269015215912e-18
-8.074186726515808488e-02 -7.473230427783718581e-18
-8.808203701653627427e-02 -7.244750163757892644e-18
-9.542220676791401957e-02 -6.977129668837597553e-18
-1.027623765192922090e-01 -6.763415499285531515e-18
-1.101025462706701763e-01 -6.513192166407877768e-18
-1.174427160220483657e-01 -6.313320423672811084e-18
-1.247828857734261110e-01 -6.079397239974125222e-18
-1.321230555248043004e-01 -5.892499368619724735e-18
-1.394632252761822677e-01 -5.673845565666627498e-18
-1.468033950275604571e-01 -5.499105079583366663e-18
-1.541435647789382024e-01 -5.294752400632827633e-18
-1.614837345303163918e-01 -5.131401981430655798e-18
-1.688239042816943591e-01 -4.940441132120829827e-18
-1.761640740330725485e-01 -4.787759873418655321e-18
-1.835042437844502938e-01 -4.609337148804641621e-18
-1.908444135358284832e-01 -4.466647928658106258e-18
-1.981845832872064506e-01 -4.299962015671618118e-18
-2.055247530385846400e-01 -4.166629004945413252e-18
-2.128649227899623853e-01 -4.010927946582264715e-18
-2.202050925413405746e-01 -3.886354240029885128e-18
-2.275452622927185420e-01 -3.740932561323290562e-18
-2.348854320440967314e-01 -3.624557933175768795e-18
-2.422256017954744767e-01 -3.488753915571755242e-18
-2.495657715468526661e-01 -3.380052689999978124e-18
-2.569059412982306334e-01 -3.253245793789677860e-18
-2.642461110496088228e-01 -3.151724825550870013e-18
-2.715862808009865681e-01 -3.033333251367487504e-18
-2.789264505523647575e-01 -2.938530017422074553e-18
-2.862666203037427248e-01 -2.828008401932508107e-18
-2.936067900551209142e-01 -2.739489191900337123e-18
-3.009469598064986595e-01 -2.636326426580527340e-18
-3.082871295578768489e-01 -2.553684634961494897e-18
-3.156272993092548163e-01 -2.457401810158705224e-18
-3.229674690606325616e-01 -2.380256319802313036e-18
-3.303076388120107509e-01 -2.290404779601424369e-18
-3.376478085633889403e-01 -2.218398433848038129e-18
-3.449879783147669077e-01 -2.134557946365402407e-18
-3.523281480661446530e-01 -2.067356107907699070e-18
-3.596683178175228424e-01 -1.989133131788966109e-18
-3.670084875689010318e-01 -1.926422322352848439e-18
-3.743486573202789991e-01 -1.853448380634494646e-18
-3.816888270716567444e-01 -1.794934997377085864e-18
-3.890289968230349338e-01 -1.726865135362823628e-18
-3.963691665744131232e-01 -1.672274237897064886e-18
-4.037093363257910905e-01 -1.608785582242808087e-18
-4.110495060771688358e-01 -1.557859753510128284e-18
-4.183896758285470252e-01 -1.498650143739353490e-18
-4.257298455799252146e-01 -1.451148413214438891e-18
-4.330700153313031819e-01 -1.395935118606018718e-18
-4.404101850826811493e-01 -1.351631949181995497e-18
-4.477503548340591166e-01 -1.300150466316976634e-18
-4.550905245854370840e-01 -1.258834799833751795e-18
-4.624306943368154954e-01 -1.210837710660479640e-18
-4.697708640881930187e-01 -1.172312071878356404e-18
-4.771110338395709860e-01 -1.127567970238933611e-18
-4.844512035909493974e-01 -1.091647620200935879e-18
-4.917913733423273648e-01 -1.049940119099966918e-18
-4.991315430937053321e-01 -1.016452257956103990e-18
-5.064717128450832995e-01 -9.775790376231870142e-19
-5.138118825964612668e-01 -9.463620601811077004e-19
-5.211520523478396782e-01 -9.101339805363499888e-19
-5.284922220992172015e-01 -8.810367717414681364e-19
-5.358323918505951688e-01 -8.472770415165637144e-19
-5.431725616019735803e-01 -8.201583184618009896e-19
-5.505127313533515476e-01 -7.887017009548149066e-19
-5.578529011047295150e-01 -7.634293860928771403e-19
-5.651930708561074823e-01 -7.341214834736118140e-19
-5.725332406074854497e-01 -7.105721308626823494e-19
-5.798734103588638611e-01 -6.832686720758352173e-19
-5.872135801102413843e-01 -6.613269075520106941e-19
-5.945537498616193517e-01 -6.358931214718599569e-19
-6.018939196129977631e-01 -6.154511388220645775e-19
-6.092340893643757305e-01 -5.917611281767997864e-19
-6.165742591157536978e-01 -5.727182044967690638e-19
-6.239144288671316652e-01 -5.506543816463926306e-19
-6.312545986185096325e-01 -5.329164179995011710e-19
-6.385947683698880439e-01 -5.123689735816986520e-19
-6.459349381212655672e-01 -4.958480784695340792e-19
-6.532751078726435345e-01 -4.767144812748581727e-19
-6.606152776240219460e-01 -4.613285646698699864e-19
-6.679554473753999133e-01 -4.435130792266559871e-19
-6.752956171267778807e-01 -4.291854897833199433e-19
-6.826357868781558480e-01 -4.125987432719414138e-19
-6.899759566295338153e-01 -3.992578981382230987e-19
-6.973161263809122268e-01 -3.838164804252784581e-19
-7.046562961322897500e-01 -3.713955557684151763e-19
-7.119964658836677174e-01 -3.570216099744810140e-19
-7.193366356350461288e-01 -3.454582320269102174e-19
-7.266768053864240962e-01 -3.320790933436635907e-19
-7.340169751378020635e-01 -3.213150337818175924e-19
-7.413571448891800308e-01 -3.088629109998135110e-19
-7.486973146405579982e-01 -2.988438305801208512e-19
-7.560374843919364096e-01 -2.872554705159138434e-19
-7.633776541433139329e-01 -2.779306606313437605e-19
-7.707178238946919002e-01 -2.671470548864727245e-19
-7.780579936460703117e-01 -2.584692033522437959e-19
-7.853981633974478349e-01 -2.484353082575696182e-19
-7.927383331488262463e-01 -2.403602739646333959e-19
-8.000785029002042137e-01 -2.310247523326706679e-19
-8.074186726515821810e-01 -2.235113574132054086e-19
-8.147588424029601484e-01 -2.148263345641142926e-19
-8.220990121543381157e-01 -2.078361725244346281e-19
-8.294391819057160831e-01 -1.997570059058911254e-19
-8.367793516570944945e-01 -1.932542591614187726e-19
-8.441195214084720178e-01 -1.857393206749359947e-19
-8.514596911598504292e-01 -1.796905871563967519e-19
-8.587998609112283965e-01 -1.727010730534060972e-19
-8.661400306626063639e-01 -1.670752085587589997e-19
-8.734802004139843312e-01 -1.605749452226762172e-19
-8.808203701653622986e-01 -1.553429130268668603e-19
-8.881605399167402659e-01 -1.492981858956990235e-19
-8.955007096681186773e-01 -1.444329218793078362e-19
-9.028408794194962006e-01 -1.388123064395394481e-19
-9.101810491708746120e-01 -1.342885826813119023e-19
-9.175212189222525794e-01 -1.290627986747604309e-19
-9.248613886736305467e-01 -1.248571040270985785e-19
-9.322015584250085141e-01 -1.199988695838992396e-19
-9.395417281763864814e-01 -1.160892972003323026e-19
-9.468818979277644488e-01 -1.115731940216061407e-19
-9.542220676791428602e-01 -1.079393319440967455e-19
-9.615622374305203834e-01 -1.037416839257706317e-19
-9.689024071818983508e-01 -1.003645175810449411e-19
-9.762425769332767622e-01 -9.646327117747306195e-20
-9.835827466846547296e-01 -9.332508590019183484e-20
-9.909229164360326969e-01 -8.969970861834299759e-20
-9.982630861874106643e-01 -8.678401470080690660e-20
-1.005603255938788632e+00 -8.341537706575997483e-20
-1.012943425690167043e+00 -8.070681158634432653e-20
-1.020283595441544566e+00 -7.757711500623544049e-20
-1.027623765192922534e+00 -7.506138142851517830e-20
-1.034963934944300945e+00 -7.215404921769504371e-20
-1.042304104695678912e+00 -6.981783768768789961e-20
-1.049644274447056880e+00 -6.711744505158666932e-20
-1.056984444198434847e+00 -6.494836967461776768e-20
-1.064324613949812814e+00 -6.244056140750012133e-20
-1.071664783701191226e+00 -6.042709989140309232e-20
-1.079004953452568749e+00 -5.809852072764517790e-20
-1.086345123203946716e+00 -5.622995049282067771e-20
-1.093685292955325128e+00 -5.406817878839984878e-20
-1.101025462706703095e+00 -5.233453318826663006e-20
-1.108365632458081063e+00 -5.032801324500078074e-20
-1.115705802209459030e+00 -4.872002359064238047e-20
-1.123045971960836997e+00 -4.685801557832802626e-20
-1.130386141712215409e+00 -4.536707027114085002e-20
-1.137726311463592932e+00 -4.363958612015577069e-20
-1.145066481214970899e+00 -4.225768172646427813e-20
-1.152406650966349311e+00 -4.065544726953039995e-20
-1.159746820717727278e+00 -3.937515561264185334e-20
-1.167086990469105245e+00 -3.788954925082342956e-20
-1.174427160220483213e+00 -3.670397414689568594e-20
-1.181767329971861180e+00 -3.532699294220427437e-20
-1.189107499723239592e+00 -3.422973697533234404e-20
-1.196447669474617115e+00 -3.295395403139463851e-20
-1.203787839225995082e+00 -3.193908511763314850e-20
-1.211128008977373494e+00 -3.075761042319507826e-20
-1.218468178728751461e+00 -2.981963618940632245e-20
-1.225808348480129428e+00 -2.872608052746415669e-20
-1.233148518231507396e+00 -2.785991526366195612e-20
-1.240488687982885363e+00 -2.684836037643006441e-20
-1.247828857734263330e+00 -2.604930160654903577e-20
-1.255169027485641298e+00 -2.511426625978082998e-20
-1.262509197237019265e+00 -2.437797124197163439e-20
-1.269849366988397676e+00 -2.351438526155926303e-20
-1.277189536739775200e+00 -2.283684690113177490e-20
-1.284529706491153611e+00 -2.204002698299042143e-20
-1.291869876242531578e+00 -2.141755382004433788e-20
-1.299210045993909546e+00 -2.068317271466412159e-20
-1.306550215745287513e+00 -2.011237027233392969e-20
-1.313890385496665481e+00 -1.943643947986466095e-20
-1.321230555248043448e+00 -1.891419030193527620e-20
-1.328570724999421859e+00 -1.829303593506220859e-20
-1.335910894750799383e+00 -1.781648551760242284e-20
-1.343251064502177794e+00 -1.724672783863125420e-20
-1.350591234253555761e+00 -1.681326531033160882e-20
-1.357931404004933729e+00 -1.629180085454961766e-20
-1.365271573756311696e+00 -1.589904601215718634e-20
-1.372611743507689663e+00 -1.542302755582675857e-20
-1.379951913259067631e+00 -1.506881240324628128e-20
-1.387292083010446042e+00 -1.463563445672534019e-20
-1.394632252761823565e+00 -1.431799346659569539e-20
-1.401972422513201977e+00 -1.392527131431171032e-20
-1.409312592264579944e+00 -1.364242823863477351e-20
-1.416652762015957912e+00 -1.328798372611595549e-20
-1.423992931767335879e+00 -1.303833321723430998e-20
-1.431333101518713846e+00 -1.272018387866409311e-20
-1.438673271270091814e+00 -1.250228377183385685e-20
-1.446013441021470225e+00 -1.221862707751082662e-20
-1.453353610772847748e+00 -1.203119247819437180e-20
-1.460693780524226160e+00 -1.178039377659529653e-20
-1.468033950275604127e+00 -1.162228495410793395e-20
-1.475374120026982094e+00 -1.140287139916365908e-20
-1.482714289778360062e+00 -1.127309134226868858e-20
-1.490054459529738029e+00 -1.108374814419879424e-20
-1.497394629281115996e+00 -1.098144277465630812e-20
-1.504734799032494408e+00 -1.082100938081820491e-20
-1.512074968783871931e+00 -1.074547129632673364e-20
-1.519415138535250342e+00 -1.061294759079762910e-20
-1.526755308286628310e+00 -1.056362705322464672e-20
-1.534095478038006277e+00 -1.045816749938868112e-20
-1.541435647789384245e+00 -1.043470943608075222e-20
-1.548775817540762212e+00 -1.035567710981367697e-20
-1.556115987292140179e+00 -1.035795227739569301e-20
-1.563456157043518591e+00 -1.030460115926314581e-20
-1.570796326794896114e+00 -1.033211780185753666e-20
