1.570796326794896558e+00 -1.750233606163462158e+06
1.563456157043518591e+00 -1.735857540136668365e+06
1.556115987292140623e+00 -1.721481474109874573e+06
1.548775817540762434e+00 -1.688275251269407105e+06
1.541435647789384467e+00 -1.655069028428939870e+06
1.534095478038006499e+00 -1.599450591201259289e+06
1.526755308286628532e+00 -1.543832153973578475e+06
1.519415138535250342e+00 -1.468024274657332338e+06
1.512074968783872375e+00 -1.392216395341086434e+06
1.504734799032494408e+00 -1.297806254606665112e+06
1.497394629281116440e+00 -1.203396113872244023e+06
1.490054459529738251e+00 -1.092523856476841727e+06
1.482714289778360284e+00 -9.816515990814394318e+05
1.475374120026982316e+00 -8.566453469114548061e+05
1.468033950275604349e+00 -7.316390947414701805e+05
1.460693780524226160e+00 -5.949747701199429575e+05
1.453353610772848192e+00 -4.583104454984156182e+05
1.446013441021470225e+00 -3.124983335393387824e+05
1.438673271270092258e+00 -1.666862215802619467e+05
1.431333101518714068e+00 -1.418649276223039487e+04
1.423992931767336101e+00 1.383132360558011569e+05
1.416652762015958134e+00 2.951650191839628969e+05
1.409312592264580166e+00 4.520168023121246370e+05
1.401972422513201977e+00 6.110662380606743973e+05
1.394632252761824009e+00 7.701156738092242740e+05
1.387292083010446042e+00 9.294291635061390698e+05
1.379951913259068075e+00 1.088742653203053866e+06
1.372611743507690107e+00 1.246630742000238504e+06
1.365271573756311918e+00 1.404518830797423143e+06
1.357931404004933951e+00 1.559545298653258244e+06
1.350591234253555983e+00 1.714571766509093344e+06
1.343251064502177794e+00 1.865550966087471228e+06
1.335910894750799827e+00 2.016530165665848879e+06
1.328570724999421859e+00 2.162515331518306397e+06
1.321230555248043892e+00 2.308500497370763682e+06
1.313890385496665925e+00 2.448765660728283692e+06
1.306550215745287735e+00 2.589030824085803702e+06
1.299210045993909768e+00 2.723048698315843474e+06
1.291869876242531801e+00 2.857066572545883246e+06
1.284529706491153611e+00 2.984484397172482684e+06
1.277189536739775644e+00 3.111902221799082588e+06
1.269849366988397676e+00 3.232517138750976883e+06
1.262509197237019709e+00 3.353132055702870712e+06
1.255169027485641742e+00 3.466867187827911694e+06
1.247828857734263552e+00 3.580602319952952676e+06
1.240488687982885585e+00 3.687484359826305415e+06
1.233148518231507618e+00 3.794366399699658155e+06
1.225808348480129428e+00 3.894505212154909037e+06
1.218468178728751461e+00 3.994644024610160384e+06
1.211128008977373494e+00 4.088214523914057296e+06
1.203787839225995526e+00 4.181785023217954207e+06
1.196447669474617559e+00 4.269011402874232270e+06
1.189107499723239592e+00 4.356237782530509867e+06
1.181767329971861402e+00 4.437380045387899503e+06
1.174427160220483435e+00 4.518522308245288208e+06
1.167086990469105467e+00 4.593864958083289675e+06
1.159746820717727278e+00 4.669207607921291143e+06
1.152406650966349311e+00 4.739050311880649067e+06
1.145066481214971343e+00 4.808893015840006992e+06
1.137726311463593376e+00 4.873543021429133601e+06
1.130386141712215409e+00 4.938193027018260211e+06
1.123045971960837219e+00 4.997959110597789288e+06
1.115705802209459252e+00 5.057725194177318364e+06
1.108365632458081285e+00 5.112912923854730092e+06
1.101025462706703095e+00 5.168100653532141820e+06
1.093685292955325128e+00 5.219008763510926627e+06
1.086345123203947161e+00 5.269916873489711434e+06
1.079004953452569193e+00 5.316834565632383339e+06
1.071664783701191226e+00 5.363752257775055245e+06
1.064324613949813259e+00 5.406957266915824264e+06
1.056984444198435069e+00 5.450162276056593284e+06
1.049644274447057102e+00 5.489919556667411700e+06
1.042304104695678912e+00 5.529676837278230116e+06
1.034963934944300945e+00 5.566237749310329556e+06
1.027623765192922978e+00 5.602798661342428997e+06
1.020283595441545010e+00 5.636400551833820529e+06
1.012943425690167043e+00 5.670002442325212061e+06
1.005603255938789076e+00 5.700868536171130836e+06
9.982630861874108863e-01 5.731734630017049611e+06
9.909229164360329190e-01 5.760074158229016699e+06
9.835827466846548406e-01 5.788413686440983787e+06
9.762425769332768732e-01 5.814422193012591451e+06
9.689024071818987949e-01 5.840430699584199116e+06
9.615622374305208275e-01 5.864290479242006317e+06
9.542220676791427492e-01 5.888150258899813518e+06
9.468818979277647818e-01 5.910030887170691974e+06
9.395417281763867035e-01 5.931911515441570431e+06
9.322015584250087361e-01 5.951970440407479182e+06
9.248613886736306577e-01 5.972029365373387933e+06
9.175212189222526904e-01 5.990412536857523955e+06
9.101810491708746120e-01 6.008795708341659978e+06
9.028408794194966447e-01 6.025638225656456314e+06
8.955007096681185663e-01 6.042480742971252650e+06
8.881605399167405990e-01 6.057907506661953405e+06
8.808203701653625206e-01 6.073334270352654159e+06
8.734802004139845533e-01 6.087460626936553977e+06
8.661400306626065859e-01 6.101586983520453796e+06
8.587998609112286186e-01 6.114519355035270564e+06
8.514596911598505402e-01 6.127451726550087333e+06
8.441195214084725729e-01 6.139288219020840712e+06
8.367793516570944945e-01 6.151124711491594091e+06
8.294391819057165272e-01 6.161955698206658475e+06
8.220990121543384488e-01 6.172786684921722859e+06
8.147588424029604814e-01 6.182695361852695234e+06
8.074186726515824031e-01 6.192604038783667609e+06
8.000785029002044357e-01 6.201666950569389388e+06
7.927383331488263574e-01 6.210729862355111167e+06
7.853981633974483900e-01 6.219017398150661029e+06
7.780579936460703117e-01 6.227304933946210891e+06
7.707178238946922333e-01 6.234881793049072847e+06
7.633776541433142659e-01 6.242458652151934803e+06
7.560374843919361876e-01 6.249384279862608761e+06
7.486973146405582202e-01 6.256309907573282719e+06
7.413571448891801419e-01 6.262638902037519030e+06
7.340169751378021745e-01 6.268967896501755342e+06
7.266768053864240962e-01 6.274750387601695955e+06
7.193366356350461288e-01 6.280532878701636568e+06
7.119964658836680504e-01 6.285814880183359608e+06
7.046562961322900831e-01 6.291096881665082648e+06
6.973161263809120047e-01 6.295920617838617414e+06
6.899759566295340374e-01 6.300744354012152180e+06
6.826357868781559590e-01 6.305148562396860681e+06
6.752956171267779917e-01 6.309552770781569183e+06
6.679554473753999133e-01 6.313572982107384130e+06
6.606152776240219460e-01 6.317593193433199078e+06
6.532751078726438676e-01 6.321261990399218164e+06
6.459349381212659003e-01 6.324930787365237251e+06
6.385947683698878219e-01 6.328278043530791067e+06
6.312545986185098545e-01 6.331625299696344882e+06
6.239144288671319982e-01 6.334678399844719097e+06
6.165742591157538088e-01 6.337731499993093312e+06
6.092340893643759525e-01 6.340515543246060610e+06
6.018939196129977631e-01 6.343299586499027908e+06
5.945537498616199068e-01 6.345837573415487073e+06
5.872135801102417174e-01 6.348375560331946239e+06
5.798734103588638611e-01 6.350688565153981559e+06
5.725332406074856717e-01 6.353001569976016879e+06
5.651930708561077044e-01 6.355108899115946144e+06
5.578529011047297370e-01 6.357216228255875409e+06
5.505127313533517697e-01 6.359135566068429500e+06
5.431725616019735803e-01 6.361054903880983591e+06
5.358323918505956129e-01 6.362802446674587205e+06
5.284922220992176456e-01 6.364549989468190819e+06
5.211520523478396782e-01 6.366140568676787429e+06
5.138118825964614889e-01 6.367731147885384038e+06
5.064717128450835215e-01 6.369178343228869140e+06
4.991315430937055542e-01 6.370625538572354242e+06
4.917913733423275868e-01 6.371941782003309578e+06
4.844512035909493974e-01 6.373258025434264913e+06
4.771110338395714301e-01 6.374454696587391198e+06
4.697708640881934627e-01 6.375651367740517482e+06
4.624306943368154954e-01 6.376738881570176221e+06
4.550905245854373060e-01 6.377826395399834961e+06
4.477503548340593387e-01 6.378814282618722878e+06
4.404101850826813713e-01 6.379802169837610796e+06
4.330700153313034040e-01 6.380699150749390945e+06
4.257298455799252146e-01 6.381596131661171094e+06
4.183896758285472472e-01 6.382410183905107901e+06
4.110495060771692799e-01 6.383224236149044707e+06
4.037093363257913126e-01 6.383962656850621104e+06
3.963691665744131232e-01 6.384701077552197501e+06
3.890289968230351558e-01 6.385370540361888707e+06
3.816888270716571885e-01 6.386040003171579912e+06
3.743486573202792211e-01 6.386646610543527640e+06
3.670084875689010318e-01 6.387253217915475368e+06
3.596683178175230644e-01 6.387802549106030725e+06
3.523281480661450971e-01 6.388351880296586081e+06
3.449879783147671297e-01 6.388849035333346575e+06
3.376478085633889403e-01 6.389346190370107070e+06
3.303076388120109730e-01 6.389795830414270982e+06
3.229674690606330056e-01 6.390245470458434895e+06
3.156272993092550383e-01 6.390651854779798537e+06
3.082871295578768489e-01 6.391058239101162180e+06
3.009469598064991036e-01 6.391425258997717872e+06
2.936067900551209142e-01 6.391792278894273564e+06
2.862666203037429469e-01 6.392123488778268918e+06
2.789264505523647575e-01 6.392454698662264273e+06
2.715862808009870122e-01 6.392753344561439939e+06
2.642461110496088228e-01 6.393051990460615605e+06
2.569059412982308555e-01 6.393321036136285402e+06
2.495657715468526661e-01 6.393590081811955199e+06
2.422256017954749208e-01 6.393832232706374489e+06
2.348854320440967314e-01 6.394074383600793779e+06
2.275452622927187640e-01 6.394292108769989572e+06
2.202050925413405746e-01 6.394509833939185366e+06
2.128649227899628293e-01 6.394705386169088073e+06
2.055247530385846400e-01 6.394900938398990780e+06
1.981845832872066726e-01 6.395076372618139721e+06
1.908444135358284832e-01 6.395251806837288663e+06
1.835042437844507379e-01 6.395408997008098289e+06
1.761640740330725485e-01 6.395566187178907916e+06
1.688239042816945812e-01 6.395706841753768735e+06
1.614837345303166138e-01 6.395847496328629553e+06
1.541435647789386465e-01 6.395973172422583215e+06
1.468033950275606792e-01 6.396098848516536877e+06
1.394632252761824898e-01 6.396210964880479500e+06
1.321230555248045224e-01 6.396323081244422123e+06
1.247828857734265551e-01 6.396422930154230446e+06
1.174427160220485877e-01 6.396522779064038768e+06
1.101025462706703983e-01 6.396611537201234140e+06
1.027623765192924310e-01 6.396700295338429511e+06
9.542220676791446365e-02 6.396779033763010055e+06
8.808203701653649631e-02 6.396857772187590599e+06
8.074186726515830692e-02 6.396927465460455976e+06
7.340169751378033958e-02 6.396997158733321354e+06
6.606152776240237223e-02 6.397058693276354112e+06
5.872135801102440489e-02 6.397120227819386870e+06
5.138118825964621550e-02 6.397174409561038017e+06
4.404101850826824815e-02 6.397228591302689165e+06
3.670084875689028081e-02 6.397276152681476437e+06
2.936067900551231347e-02 6.397323714060263708e+06
2.202050925413412408e-02 6.397365320434752852e+06
1.468033950275615673e-02 6.397406926809241995e+06
7.340169751378189389e-03 6.397443182317976840e+06
2.220446049250313081e-16 6.397479437826711684e+06
-7.340169751377745300e-03 6.397510890756413341e+06
-1.468033950275593469e-02 6.397542343686114997e+06
-2.202050925413390203e-02 6.397569491379327141e+06
-2.936067900551209142e-02 6.397596639072539285e+06
-3.670084875688983672e-02 6.397619932418162934e+06
-4.404101850826802611e-02 6.397643225763786584e+06
-5.138118825964599345e-02 6.397663073301701806e+06
-5.872135801102418284e-02 6.397682920839617029e+06
-6.606152776240192814e-02 6.397699692518185824e+06
-7.340169751378011753e-02 6.397716464196754619e+06
-8.074186726515808488e-02 6.397730494802587666e+06
-8.808203701653627427e-02 6.397744525408420712e+06
-9.542220676791401957e-02 6.397756117708154023e+06
-1.027623765192922090e-01 6.397767710007887334e+06
-1.101025462706701763e-01 6.397777137612557039e+06
-1.174427160220483657e-01 6.397786565217226744e+06
-1.247828857734261110e-01 6.397794075207572430e+06
-1.321230555248043004e-01 6.397801585197918117e+06
-1.394632252761822677e-01 6.397807400513310917e+06
-1.468033950275604571e-01 6.397813215828703716e+06
-1.541435647789382024e-01 6.397817537458200008e+06
-1.614837345303163918e-01 6.397821859087696299e+06
-1.688239042816943591e-01 6.397824868066150695e+06
-1.761640740330725485e-01 6.397827877044605091e+06
-1.835042437844502938e-01 6.397829736273779534e+06
-1.908444135358284832e-01 6.397831595502953976e+06
-1.981845832872064506e-01 6.397832451420456171e+06
-2.055247530385846400e-01 6.397833307337958366e+06
-2.128649227899623853e-01 6.397833291432227008e+06
-2.202050925413405746e-01 6.397833275526495650e+06
-2.275452622927185420e-01 6.397832505722355098e+06
-2.348854320440967314e-01 6.397831735918214545e+06
-2.422256017954744767e-01 6.397830317842461169e+06
-2.495657715468526661e-01 6.397828899766707793e+06
-2.569059412982306334e-01 6.397826927899022587e+06
-2.642461110496088228e-01 6.397824956031337380e+06
-2.715862808009865681e-01 6.397822514754761942e+06
-2.789264505523647575e-01 6.397820073478186503e+06
-2.862666203037427248e-01 6.397817238039110787e+06
-2.936067900551209142e-01 6.397814402600035071e+06
-3.009469598064986595e-01 6.397811239974958822e+06
-3.082871295578768489e-01 6.397808077349882573e+06
-3.156272993092548163e-01 6.397804647040208802e+06
-3.229674690606325616e-01 6.397801216730535030e+06
-3.303076388120107509e-01 6.397797571490632370e+06
-3.376478085633889403e-01 6.397793926250729710e+06
-3.449879783147669077e-01 6.397790112738223746e+06
-3.523281480661446530e-01 6.397786299225717783e+06
-3.596683178175228424e-01 6.397782358605794609e+06
-3.670084875689010318e-01 6.397778417985871434e+06
-3.743486573202789991e-01 6.397774386471082456e+06
-3.816888270716567444e-01 6.397770354956293479e+06
-3.890289968230349338e-01 6.397766264302850701e+06
-3.963691665744131232e-01 6.397762173649407923e+06
-4.037093363257910905e-01 6.397758051605579443e+06
-4.110495060771688358e-01 6.397753929561750963e+06
-4.183896758285470252e-01 6.397749800273607485e+06
-4.257298455799252146e-01 6.397745670985464007e+06
-4.330700153313031819e-01 6.397741555377196521e+06
-4.404101850826811493e-01 6.397737439768929034e+06
-4.477503548340591166e-01 6.397733355853868648e+06
-4.550905245854370840e-01 6.397729271938808262e+06
-4.624306943368154954e-01 6.397725235158269294e+06
-4.697708640881930187e-01 6.397721198377730325e+06
-4.771110338395709860e-01 6.397717221846704371e+06
-4.844512035909493974e-01 6.397713245315678418e+06
-4.917913733423273648e-01 6.397709340087671764e+06
-4.991315430937053321e-01 6.397705434859665111e+06
-5.064717128450832995e-01 6.397701610152687877e+06
-5.138118825964612668e-01 6.397697785445710644e+06
-5.211520523478396782e-01 6.397694048834822141e+06
-5.284922220992172015e-01 6.397690312223933637e+06
-5.358323918505951688e-01 6.397686669838373549e+06
-5.431725616019735803e-01 6.397683027452813461e+06
-5.505127313533515476e-01 6.397679484138815664e+06
-5.578529011047295150e-01 6.397675940824817866e+06
-5.651930708561074823e-01 6.397672500298258848e+06
-5.725332406074854497e-01 6.397669059771699831e+06
-5.798734103588638611e-01 6.397665724739992060e+06
-5.872135801102413843e-01 6.397662389708284289e+06
-5.945537498616193517e-01 6.397659162013094872e+06
-6.018939196129977631e-01 6.397655934317905456e+06
-6.092340893643757305e-01 6.397652815030951984e+06
-6.165742591157536978e-01 6.397649695743998513e+06
-6.239144288671316652e-01 6.397646685269474052e+06
-6.312545986185096325e-01 6.397643674794949591e+06
-6.385947683698880439e-01 6.397640772950442508e+06
-6.459349381212655672e-01 6.397637871105935425e+06
-6.532751078726435345e-01 6.397635077227672562e+06
-6.606152776240219460e-01 6.397632283349409699e+06
-6.679554473753999133e-01 6.397629596330529079e+06
-6.752956171267778807e-01 6.397626909311648458e+06
-6.826357868781558480e-01 6.397624327679054812e+06
-6.899759566295338153e-01 6.397621746046461165e+06
-6.973161263809122268e-01 6.397619268030656502e+06
-7.046562961322897500e-01 6.397616790014851838e+06
-7.119964658836677174e-01 6.397614413573909551e+06
-7.193366356350461288e-01 6.397612037132967263e+06
-7.266768053864240962e-01 6.397609760028709657e+06
-7.340169751378020635e-01 6.397607482924452052e+06
-7.413571448891800308e-01 6.397605302724933252e+06
-7.486973146405579982e-01 6.397603122525414452e+06
-7.560374843919364096e-01 6.397601036681261845e+06
-7.633776541433139329e-01 6.397598950837109238e+06
-7.707178238946919002e-01 6.397596956680486910e+06
-7.780579936460703117e-01 6.397594962523864582e+06
-7.853981633974478349e-01 6.397593057315505110e+06
-7.927383331488262463e-01 6.397591152107145637e+06
-8.000785029002042137e-01 6.397589333045682870e+06
-8.074186726515821810e-01 6.397587513984220102e+06
-8.147588424029601484e-01 6.397585778241177090e+06
-8.220990121543381157e-01 6.397584042498134077e+06
-8.294391819057160831e-01 6.397582387228369713e+06
-8.367793516570944945e-01 6.397580731958605349e+06
-8.441195214084720178e-01 6.397579154318708926e+06
-8.514596911598504292e-01 6.397577576678812504e+06
-8.587998609112283965e-01 6.397576073840631172e+06
-8.661400306626063639e-01 6.397574571002449840e+06
-8.734802004139843312e-01 6.397573140164331533e+06
-8.808203701653622986e-01 6.397571709326213226e+06
-8.881605399167402659e-01 6.397570347726113163e+06
-8.955007096681186773e-01 6.397568986126013100e+06
-9.028408794194962006e-01 6.397567691045378335e+06
-9.101810491708746120e-01 6.397566395964743569e+06
-9.175212189222525794e-01 6.397565164743279107e+06
-9.248613886736305467e-01 6.397563933521814644e+06
-9.322015584250085141e-01 6.397562763553777710e+06
-9.395417281763864814e-01 6.397561593585740775e+06
-9.468818979277644488e-01 6.397560482333455235e+06
-9.542220676791428602e-01 6.397559371081169695e+06
-9.615622374305203834e-01 6.397558316075173207e+06
-9.689024071818983508e-01 6.397557261069176719e+06
-9.762425769332767622e-01 6.397556259912531823e+06
-9.835827466846547296e-01 6.397555258755886927e+06
-9.909229164360326969e-01 6.397554309124244377e+06
-9.982630861874106643e-01 6.397553359492601827e+06
-1.005603255938788632e+00 6.397552459140140563e+06
-1.012943425690167043e+00 6.397551558787679300e+06
-1.020283595441544566e+00 6.397550705544274300e+06
-1.027623765192922534e+00 6.397549852300869301e+06
-1.034963934944300945e+00 6.397549044076517224e+06
-1.042304104695678912e+00 6.397548235852165148e+06
-1.049644274447056880e+00 6.397547470632821321e+06
-1.056984444198434847e+00 6.397546705413477495e+06
-1.064324613949812814e+00 6.397545981265938841e+06
-1.071664783701191226e+00 6.397545257118400186e+06
-1.079004953452568749e+00 6.397544572185433470e+06
-1.086345123203946716e+00 6.397543887252466753e+06
-1.093685292955325128e+00 6.397543239755833521e+06
-1.101025462706703095e+00 6.397542592259200290e+06
-1.108365632458081063e+00 6.397541980494370684e+06
-1.115705802209459030e+00 6.397541368729541078e+06
-1.123045971960836997e+00 6.397540791069867089e+06
-1.130386141712215409e+00 6.397540213410193101e+06
-1.137726311463592932e+00 6.397539668301737867e+06
-1.145066481214970899e+00 6.397539123193282634e+06
-1.152406650966349311e+00 6.397538609154333360e+06
-1.159746820717727278e+00 6.397538095115384087e+06
-1.167086990469105245e+00 6.397537610735665075e+06
-1.174427160220483213e+00 6.397537126355946064e+06
-1.181767329971861180e+00 6.397536670294040814e+06
-1.189107499723239592e+00 6.397536214232135564e+06
-1.196447669474617115e+00 6.397535785214532167e+06
-1.203787839225995082e+00 6.397535356196928769e+06
-1.211128008977373494e+00 6.397534953017259948e+06
-1.218468178728751461e+00 6.397534549837591127e+06
-1.225808348480129428e+00 6.397534171350318007e+06
-1.233148518231507396e+00 6.397533792863044888e+06
-1.240488687982885363e+00 6.397533437988847494e+06
-1.247828857734263330e+00 6.397533083114650100e+06
-1.255169027485641298e+00 6.397532750833108090e+06
-1.262509197237019265e+00 6.397532418551566079e+06
-1.269849366988397676e+00 6.397532107899249531e+06
-1.277189536739775200e+00 6.397531797246932983e+06
-1.284529706491153611e+00 6.397531507320484146e+06
-1.291869876242531578e+00 6.397531217394035310e+06
-1.299210045993909546e+00 6.397530947342337109e+06
-1.306550215745287513e+00 6.397530677290638909e+06
-1.313890385496665481e+00 6.397530426316889934e+06
-1.321230555248043448e+00 6.397530175343140960e+06
-1.328570724999421859e+00 6.397529942700309679e+06
-1.335910894750799383e+00 6.397529710057478398e+06
-1.343251064502177794e+00 6.397529495047321543e+06
-1.350591234253555761e+00 6.397529280037164688e+06
-1.357931404004933729e+00 6.397529082010854036e+06
-1.365271573756311696e+00 6.397528883984543383e+06
-1.372611743507689663e+00 6.397528702333184890e+06
-1.379951913259067631e+00 6.397528520681826398e+06
-1.387292083010446042e+00 6.397528354842904955e+06
-1.394632252761823565e+00 6.397528189003983513e+06
-1.401972422513201977e+00 6.397528038455431350e+06
-1.409312592264579944e+00 6.397527887906879187e+06
-1.416652762015957912e+00 6.397527752163255587e+06
-1.423992931767335879e+00 6.397527616419631988e+06
-1.431333101518713846e+00 6.397527495034555905e+06
-1.438673271270091814e+00 6.397527373649479821e+06
-1.446013441021470225e+00 6.397527266213594005e+06
-1.453353610772847748e+00 6.397527158777708188e+06
-1.460693780524226160e+00 6.397527064916393720e+06
-1.468033950275604127e+00 6.397526971055079252e+06
-1.475374120026982094e+00 6.397526890432228334e+06
-1.482714289778360062e+00 6.397526809809377417e+06
-1.490054459529738029e+00 6.397526742121593095e+06
-1.497394629281115996e+00 6.397526674433808774e+06
-1.504734799032494408e+00 6.397526619428736158e+06
-1.512074968783871931e+00 6.397526564423663542e+06
-1.519415138535250342e+00 6.397526521851424128e+06
-1.526755308286628310e+00 6.397526479279184714e+06
-1.534095478038006277e+00 6.397526449075225741e+06
-1.541435647789384245e+00 6.397526418871266767e+06
-1.548775817540762212e+00 6.397526400268081576e+06
-1.556115987292140179e+00 6.397526381664896384e+06
-1.563456157043518591e+00 6.397526376870309003e+06
-1.570796326794896114e+00 6.397526372075721622e+06
