1.570796326794896558e+00 -3.063130087170444012e-15
1.567126241919207574e+00 -5.582185947001703815e-15
1.563456157043518591e+00 -6.159903746469977496e-15
1.559786072167829607e+00 -6.033879227429736834e-15
1.556115987292140623e+00 -6.013960260242971091e-15
1.552445902416451418e+00 -5.908791217759884401e-15
1.548775817540762434e+00 -5.923415529103050493e-15
1.545105732665073450e+00 -5.847726890151967578e-15
1.541435647789384467e+00 -5.814645239990632274e-15
1.537765562913695483e+00 -5.740218885423988502e-15
1.534095478038006499e+00 -5.692195370187439392e-15
1.530425393162317516e+00 -5.613073048127068056e-15
1.526755308286628532e+00 -5.548956087362211696e-15
1.523085223410939326e+00 -5.462931680598392311e-15
1.519415138535250342e+00 -5.386815293503369438e-15
1.515745053659561359e+00 -5.293656639061325663e-15
1.512074968783872375e+00 -5.207241578910002781e-15
1.508404883908183391e+00 -5.107409774707710408e-15
1.504734799032494408e+00 -5.012529608783697469e-15
1.501064714156805424e+00 -4.906865296083691413e-15
1.497394629281116440e+00 -4.805089811762776926e-15
1.493724544405427235e+00 -4.694615434943306720e-15
1.490054459529738251e+00 -4.587440213900342307e-15
1.486384374654049267e+00 -4.473262672176819021e-15
1.482714289778360284e+00 -4.362088555053921909e-15
1.479044204902671300e+00 -4.245334125990189989e-15
1.475374120026982316e+00 -4.131475124901524052e-15
1.471704035151293333e+00 -4.013245976945101649e-15
1.468033950275604349e+00 -3.897919862648561901e-15
1.464363865399915365e+00 -3.779262989569462650e-15
1.460693780524226160e+00 -3.663583792818231983e-15
1.457023695648537176e+00 -3.545469156647580332e-15
1.453353610772848192e+00 -3.430440185566131306e-15
1.449683525897159209e+00 -3.313745882655408959e-15
1.446013441021470225e+00 -3.200255323804017560e-15
1.442343356145781241e+00 -3.085758486658674076e-15
1.438673271270092258e+00 -2.974577723194104832e-15
1.435003186394403052e+00 -2.862950131272107713e-15
1.431333101518714068e+00 -2.754734788936184015e-15
1.427663016643025085e+00 -2.646542324327430389e-15
1.423992931767336101e+00 -2.541835777014943504e-15
1.420322846891647117e+00 -2.437541002350067500e-15
1.416652762015958134e+00 -2.336779918051170897e-15
1.412982677140269150e+00 -2.236747005115174536e-15
1.409312592264580166e+00 -2.140268536007770827e-15
1.405642507388891183e+00 -2.044770007016301941e-15
1.401972422513201977e+00 -1.952820077884637172e-15
1.398302337637512993e+00 -1.862044703335333610e-15
1.394632252761824009e+00 -1.774787066105127596e-15
1.390962167886135026e+00 -1.688848523130809162e-15
1.387292083010446042e+00 -1.606374116081593538e-15
1.383621998134757058e+00 -1.525319955165484984e-15
1.379951913259068075e+00 -1.447656322220059703e-15
1.376281828383379091e+00 -1.371476839297612183e-15
1.372611743507690107e+00 -1.298597259623505227e-15
1.368941658632000902e+00 -1.227234224770334836e-15
1.365271573756311918e+00 -1.159066425667248502e-15
1.361601488880622934e+00 -1.092421269649714872e-15
1.357931404004933951e+00 -1.028855527233350553e-15
1.354261319129244967e+00 -9.667969198904217121e-16
1.350591234253555983e+00 -9.076934960112093637e-16
1.346921149377867000e+00 -8.500642690166040947e-16
1.343251064502177794e+00 -7.952600890153550717e-16
1.339580979626488810e+00 -7.418834222851994986e-16
1.335910894750799827e+00 -6.911980022476986511e-16
1.332240809875110843e+00 -6.418828803736822902e-16
1.328570724999421859e+00 -5.951235042825126212e-16
1.324900640123732876e+00 -5.496694465700569591e-16
1.321230555248043892e+00 -5.066356208952477563e-16
1.317560470372354908e+00 -4.648367254208606199e-16
1.313890385496665925e+00 -4.253239576112234753e-16
1.310220300620976719e+00 -3.869723095972964998e-16
1.306550215745287735e+00 -3.507752649027296214e-16
1.302880130869598752e+00 -3.156637547850419115e-16
1.299210045993909768e+00 -2.825788415291803003e-16
1.295539961118220784e+00 -2.505034604323022311e-16
1.291869876242531801e+00 -2.203309215469581134e-16
1.288199791366842817e+00 -1.910925756815483054e-16
1.284529706491153611e+00 -1.636381249814036641e-16
1.280859621615464849e+00 -1.370440599259030229e-16
1.277189536739775644e+00 -1.121201418746645218e-16
1.273519451864086660e+00 -8.798499884324974543e-17
1.269849366988397676e+00 -6.541170987460268250e-17
1.266179282112708693e+00 -4.355828279012841043e-17
1.262509197237019709e+00 -2.316401542406404464e-17
1.258839112361330725e+00 -3.423755325622926673e-18
1.255169027485641742e+00 1.495439329461215665e-17
1.251498942609952536e+00 3.274109089220210683e-17
1.247828857734263552e+00 4.925710755747421905e-17
1.244158772858574569e+00 6.524078033337880239e-17
1.240488687982885585e+00 8.003968007125594276e-17
1.236818603107196601e+00 9.436182674527142762e-17
1.233148518231507618e+00 1.075797236587502308e-16
1.229478433355818634e+00 1.203729367149004183e-16
1.225808348480129428e+00 1.321372167089917134e-16
1.222138263604440667e+00 1.435254080061293118e-16
1.218468178728751461e+00 1.539549841563963454e-16
1.214798093853062699e+00 1.640536661941967477e-16
1.211128008977373494e+00 1.732592759972439727e-16
1.207457924101684510e+00 1.821759037067110675e-16
1.203787839225995526e+00 1.902604627478165610e-16
1.200117754350306543e+00 1.980948001127361158e-16
1.196447669474617559e+00 2.051537767186877550e-16
1.192777584598928575e+00 2.119982868212310990e-16
1.189107499723239592e+00 2.181200942609457164e-16
1.185437414847550386e+00 2.240603413413758037e-16
1.181767329971861402e+00 2.293267370753272992e-16
1.178097245096172418e+00 2.344417909640301242e-16
1.174427160220483435e+00 2.389282764310602760e-16
1.170757075344794451e+00 2.432911119412396662e-16
1.167086990469105467e+00 2.470673271388534895e-16
1.163416905593416484e+00 2.507452198542741735e-16
1.159746820717727278e+00 2.538753284796679667e-16
1.156076735842038294e+00 2.569302371605946885e-16
1.152406650966349311e+00 2.594732998080211843e-16
1.148736566090660327e+00 2.619622349617320742e-16
1.145066481214971343e+00 2.639725664806973520e-16
1.141396396339282360e+00 2.659479393091029369e-16
1.137726311463593376e+00 2.674754503697157762e-16
1.134056226587904170e+00 2.689854099799856588e-16
1.130386141712215409e+00 2.700759302452731609e-16
1.126716056836526203e+00 2.711646779289770366e-16
1.123045971960837219e+00 2.718602612866238499e-16
1.119375887085148236e+00 2.725683509229899989e-16
1.115705802209459252e+00 2.729075635928177647e-16
1.112035717333770268e+00 2.732721776323292017e-16
1.108365632458081285e+00 2.732903667402975458e-16
1.104695547582392301e+00 2.733455810275964462e-16
1.101025462706703095e+00 2.730751253655991959e-16
1.097355377831014334e+00 2.728521533382461550e-16
1.093685292955325128e+00 2.723226977852172583e-16
1.090015208079636366e+00 2.718501161775655576e-16
1.086345123203947161e+00 2.710887901983680520e-16
1.082675038328258177e+00 2.703927488228159437e-16
1.079004953452569193e+00 2.694243686219883362e-16
1.075334868576880210e+00 2.685287878373531302e-16
1.071664783701191226e+00 2.673760427250183732e-16
1.067994698825502020e+00 2.663027930321775953e-16
1.064324613949813259e+00 2.649864179515675462e-16
1.060654529074124053e+00 2.637554885574323419e-16
1.056984444198435069e+00 2.622944256268319916e-16
1.053314359322746085e+00 2.609240774302718087e-16
1.049644274447057102e+00 2.593356223503702330e-16
1.045974189571368118e+00 2.578425296387950897e-16
1.042304104695678912e+00 2.561424665283966620e-16
1.038634019819990151e+00 2.545418472122838928e-16
1.034963934944300945e+00 2.527445738940506908e-16
1.031293850068612183e+00 2.510503139631616548e-16
1.027623765192922978e+00 2.491689530680747668e-16
1.023953680317233994e+00 2.473937159104665101e-16
1.020283595441545010e+00 2.454402404536650879e-16
1.016613510565856027e+00 2.435955515022223163e-16
1.012943425690167043e+00 2.415808521489144637e-16
1.009273340814477837e+00 2.396772267181892313e-16
1.005603255938789076e+00 2.376112161246635188e-16
1.001933171063099870e+00 2.356582194443502832e-16
9.982630861874108863e-01 2.335499161662777325e-16
9.945930013117219026e-01 2.315562490621204541e-16
9.909229164360329190e-01 2.294138484233209764e-16
9.872528315603439353e-01 2.273874186813075744e-16
9.835827466846548406e-01 2.252183616070240870e-16
9.799126618089658569e-01 2.231663509221487193e-16
9.762425769332768732e-01 2.209773881591854553e-16
9.725724920575878896e-01 2.189063122130301172e-16
9.689024071818987949e-01 2.167035614102856159e-16
9.652323223062098112e-01 2.146193263392104533e-16
9.615622374305208275e-01 2.124083259231511525e-16
9.578921525548318439e-01 2.103162796141868796e-16
9.542220676791427492e-01 2.081020377169895999e-16
9.505519828034537655e-01 2.060070149540011398e-16
9.468818979277647818e-01 2.037940516388962379e-16
9.432118130520757981e-01 2.017004183951305296e-16
9.395417281763867035e-01 1.994928078948129276e-16
9.358716433006978308e-01 1.974044974419433545e-16
9.322015584250087361e-01 1.952059038909590098e-16
9.285314735493197524e-01 1.931264613274967494e-16
9.248613886736306577e-01 1.909401801830398342e-16
9.211913037979417851e-01 1.888727842458747278e-16
9.175212189222526904e-01 1.867017627384959573e-16
9.138511340465637067e-01 1.846492645506947430e-16
9.101810491708746120e-01 1.824961393439789691e-16
9.065109642951857394e-01 1.804610833597194043e-16
9.028408794194966447e-01 1.783282014513238201e-16
8.991707945438076610e-01 1.763128581573312448e-16
8.955007096681185663e-01 1.742023052593520296e-16
8.918306247924296937e-01 1.722086899290366427e-16
8.881605399167405990e-01 1.701223107407959501e-16
8.844904550410516153e-01 1.681522050666756117e-16
8.808203701653625206e-01 1.660916221833987928e-16
8.771502852896736480e-01 1.641465950638856408e-16
8.734802004139845533e-01 1.621132289610364844e-16
8.698101155382955696e-01 1.601946557829473286e-16
8.661400306626065859e-01 1.581897458181579512e-16
8.624699457869176022e-01 1.562988197269597949e-16
8.587998609112286186e-01 1.543234315131464059e-16
8.551297760355395239e-01 1.524611855557350788e-16
8.514596911598505402e-01 1.505162353401030721e-16
8.477896062841615565e-01 1.486835529813294308e-16
8.441195214084725729e-01 1.467698120304501946e-16
8.404494365327834782e-01 1.449674377163533467e-16
8.367793516570944945e-01 1.430855494338683127e-16
8.331092667814055108e-01 1.413141069325390192e-16
8.294391819057165272e-01 1.394645973238696577e-16
8.257690970300274325e-01 1.377245934753773622e-16
8.220990121543384488e-01 1.359078801587246179e-16
8.184289272786494651e-01 1.341997194188404446e-16
8.147588424029604814e-01 1.324161259680763941e-16
8.110887575272713867e-01 1.307401159335237557e-16
8.074186726515824031e-01 1.289898710182517221e-16
8.037485877758934194e-01 1.273462347475920228e-16
8.000785029002044357e-01 1.256294906994933435e-16
7.964084180245153410e-01 1.240183722168126798e-16
7.927383331488263574e-01 1.223352045234151396e-16
7.890682482731373737e-01 1.207566762753830253e-16
7.853981633974483900e-01 1.191070938806073687e-16
7.817280785217594063e-01 1.175611639240360709e-16
7.780579936460703117e-01 1.159451168380139678e-16
7.743879087703813280e-01 1.144317336042006085e-16
7.707178238946922333e-01 1.128491158645962717e-16
7.670477390190033606e-01 1.113681746966521488e-16
7.633776541433142659e-01 1.098188297864117352e-16
7.597075692676252823e-01 1.083701772846713355e-16
7.560374843919361876e-01 1.068539034707754971e-16
7.523673995162473149e-01 1.054373438173498537e-16
7.486973146405582202e-01 1.039539011110813413e-16
7.450272297648692366e-01 1.025691981311392776e-16
7.413571448891801419e-01 1.011183082050266978e-16
7.376870600134912692e-01 9.976519127102618279e-17
7.340169751378021745e-01 9.834654393415609426e-17
7.303468902621131909e-01 9.702470993737605449e-17
7.266768053864240962e-01 9.563796566157261065e-17
7.230067205107352235e-01 9.434708528206011524e-17
7.193366356350461288e-01 9.299187969182107452e-17
7.156665507593571451e-01 9.173159641400290981e-17
7.119964658836680504e-01 9.040754103536300028e-17
7.083263810079791778e-01 8.917747758407571025e-17
7.046562961322900831e-01 8.788416516695476820e-17
7.009862112566010994e-01 8.668392394311168919e-17
6.973161263809120047e-01 8.542092854196657786e-17
6.936460415052231321e-01 8.425009546197914119e-17
6.899759566295340374e-01 8.301697645225489443e-17
6.863058717538450537e-01 8.187512257884391293e-17
6.826357868781559590e-01 8.067141976952617910e-17
6.789657020024670864e-01 7.955810012976387375e-17
6.752956171267779917e-01 7.838335747587671052e-17
6.716255322510890080e-01 7.729812394326420303e-17
6.679554473753999133e-01 7.615186464138839244e-17
6.642853624997110407e-01 7.509424939354309019e-17
6.606152776240219460e-01 7.397598644722350091e-17
6.569451927483329623e-01 7.294552133227142534e-17
6.532751078726438676e-01 7.185476664559397685e-17
6.496050229969549950e-01 7.085097515101206661e-17
6.459349381212659003e-01 6.978723393157872238e-17
6.422648532455769166e-01 6.880963521369410616e-17
6.385947683698878219e-01 6.777240956152967379e-17
6.349246834941989492e-01 6.682051874689666991e-17
6.312545986185098545e-01 6.580930758362559633e-17
6.275845137428208709e-01 6.488263758652201715e-17
6.239144288671319982e-01 6.389693856776526391e-17
6.202443439914429035e-01 6.299500069678937551e-17
6.165742591157538088e-01 6.203431138403537565e-17
6.129041742400648252e-01 6.115661617200453064e-17
6.092340893643759525e-01 6.022043398166307234e-17
6.055640044886868578e-01 5.936649313838096105e-17
6.018939196129977631e-01 5.845431636960671338e-17
5.982238347373087795e-01 5.762364131445115393e-17
5.945537498616199068e-01 5.673497010896018428e-17
5.908836649859308121e-01 5.592707545390209715e-17
5.872135801102417174e-01 5.506141328054615688e-17
5.835434952345527337e-01 5.427581542982313404e-17
5.798734103588638611e-01 5.343266826348118572e-17
5.762033254831747664e-01 5.266888739786238621e-17
5.725332406074856717e-01 5.184776542249461935e-17
5.688631557317966880e-01 5.110532381308694212e-17
5.651930708561077044e-01 5.030573997735312929e-17
5.615229859804187207e-01 4.958416581222966320e-17
5.578529011047297370e-01 4.880563906228703301e-17
5.541828162290405313e-01 4.810446297900919057e-17
5.505127313533517697e-01 4.734651642773154533e-17
5.468426464776627860e-01 4.666527639782247768e-17
5.431725616019735803e-01 4.592744029597611886e-17
5.395024767262845966e-01 4.526567859896440930e-17
5.358323918505956129e-01 4.454748722155298099e-17
5.321623069749066293e-01 4.390475031761152638e-17
5.284922220992176456e-01 4.320574383065949241e-17
5.248221372235284399e-01 4.258158577662554121e-17
5.211520523478396782e-01 4.190131096323887829e-17
5.174819674721506946e-01 4.129529164072785168e-17
5.138118825964614889e-01 4.063330254085395114e-17
5.101417977207725052e-01 4.004498807721497999e-17
5.064717128450835215e-01 3.940084426736176491e-17
5.028016279693945378e-01 3.882980620367107886e-17
4.991315430937055542e-01 3.820307317706120665e-17
4.954614582180163485e-01 3.764889039776544402e-17
4.917913733423275868e-01 3.703914313095337950e-17
4.881212884666386032e-01 3.650140161751678835e-17
4.844512035909493974e-01 3.590822063784256372e-17
4.807811187152604138e-01 3.538651404410500803e-17
4.771110338395714301e-01 3.480948708289086128e-17
4.734409489638824464e-01 3.430341465844623980e-17
4.697708640881934627e-01 3.374213674649236263e-17
4.661007792125042570e-01 3.325130466605612009e-17
4.624306943368154954e-01 3.270537818429736710e-17
4.587606094611265117e-01 3.222940180687928946e-17
4.550905245854373060e-01 3.169843754950052276e-17
4.514204397097483223e-01 3.123693644817976302e-17
4.477503548340593387e-01 3.072054983770930633e-17
4.440802699583703550e-01 3.027315259068272510e-17
4.404101850826813713e-01 2.977096902660714228e-17
4.367401002069921656e-01 2.933731073115611520e-17
4.330700153313034040e-01 2.884896169050612210e-17
4.293999304556144203e-01 2.842868484222846295e-17
4.257298455799252146e-01 2.795380889232460343e-17
4.220597607042362309e-01 2.754656368980181307e-17
4.183896758285472472e-01 2.708480749855851494e-17
4.147195909528582636e-01 2.669025122247077273e-17
4.110495060771692799e-01 2.624126991623147211e-17
4.073794212014800742e-01 2.585906595068204266e-17
4.037093363257913126e-01 2.542251960308546868e-17
4.000392514501023289e-01 2.505233913527811257e-17
3.963691665744131232e-01 2.462789567729272866e-17
3.926990816987243615e-01 2.426941751825430413e-17
3.890289968230351558e-01 2.385675259114836026e-17
3.853589119473461722e-01 2.350966159071144222e-17
3.816888270716571885e-01 2.310845793368975635e-17
3.780187421959682048e-01 2.277244692500013184e-17
3.743486573202792211e-01 2.238239485543259222e-17
3.706785724445902375e-01 2.205716322551060806e-17
3.670084875689010318e-01 2.167795801721763211e-17
3.633384026932122701e-01 2.136321218140492920e-17
3.596683178175230644e-01 2.099455793224101409e-17
3.559982329418340807e-01 2.069000907820796318e-17
3.523281480661450971e-01 2.033161537453203805e-17
3.486580631904561134e-01 2.003698155423199123e-17
3.449879783147671297e-01 1.968856277762034473e-17
3.413178934390781460e-01 1.940357082558532292e-17
3.376478085633889403e-01 1.906484439547122259e-17
3.339777236877001787e-01 1.878923549492582686e-17
3.303076388120109730e-01 1.845997597836246805e-17
3.266375539363219893e-01 1.819344284289637203e-17
3.229674690606330056e-01 1.787344732669918130e-17
3.192973841849440220e-01 1.761575234328348199e-17
3.156272993092550383e-01 1.730453370035577447e-17
3.119572144335660546e-01 1.705548179426153779e-17
3.082871295578768489e-01 1.675293534430047091e-17
3.046170446821880873e-01 1.651227122373081796e-17
3.009469598064991036e-01 1.621814694764028050e-17
2.972768749308098979e-01 1.598561366901633423e-17
2.936067900551209142e-01 1.569966350197870489e-17
2.899367051794319305e-01 1.547502969348781995e-17
2.862666203037429469e-01 1.519702349989954984e-17
2.825965354280539632e-01 1.498006494994722495e-17
2.789264505523647575e-01 1.470977575733885852e-17
2.752563656766759959e-01 1.450027144043254975e-17
2.715862808009870122e-01 1.423747629329606954e-17
2.679161959252978065e-01 1.403521272712515400e-17
2.642461110496088228e-01 1.377969704335454645e-17
2.605760261739198391e-01 1.358446645802447916e-17
2.569059412982308555e-01 1.333602044899767628e-17
2.532358564225418718e-01 1.314762020367844566e-17
2.495657715468526661e-01 1.290603803224070712e-17
2.458956866711639044e-01 1.272427061004109417e-17
2.422256017954749208e-01 1.248935319095183152e-17
2.385555169197857150e-01 1.231402464114871134e-17
2.348854320440967314e-01 1.208557650674766327e-17
2.312153471684077477e-01 1.191649945590468835e-17
2.275452622927187640e-01 1.169433199046782008e-17
2.238751774170297804e-01 1.153132450412739037e-17
2.202050925413405746e-01 1.131525418550921409e-17
2.165350076656518130e-01 1.115814057604045222e-17
2.128649227899628293e-01 1.094798818807171704e-17
2.091948379142736236e-01 1.079659356325925760e-17
2.055247530385846400e-01 1.059218215667811348e-17
2.018546681628956563e-01 1.044633714892024655e-17
1.981845832872066726e-01 1.024749718431222319e-17
1.945144984115176889e-01 1.010703916003685863e-17
1.908444135358284832e-01 9.913605949386955032e-18
1.871743286601397216e-01 9.778378243565752063e-18
1.835042437844507379e-01 9.590192648387190502e-18
1.798341589087615322e-01 9.460037979249418008e-18
1.761640740330725485e-01 9.276939912307449242e-18
1.724939891573835649e-01 9.151707517897038924e-18
1.688239042816945812e-01 8.973545390798999651e-18
1.651538194060055975e-01 8.853088619104921679e-18
1.614837345303166138e-01 8.679713731047249242e-18
1.578136496546276302e-01 8.563888970865330206e-18
1.541435647789386465e-01 8.395155397550559492e-18
1.504734799032494408e-01 8.283826146977014176e-18
1.468033950275606792e-01 8.119596331402287390e-18
1.431333101518714734e-01 8.012629428847227210e-18
1.394632252761824898e-01 7.852767614376460391e-18
1.357931404004935061e-01 7.750031334750328545e-18
1.321230555248045224e-01 7.594403470182727215e-18
1.284529706491155387e-01 7.495770096442273766e-18
1.247828857734265551e-01 7.344246440943181930e-18
1.211128008977373494e-01 7.249591562926613804e-18
1.174427160220485877e-01 7.102046017287457175e-18
1.137726311463593820e-01 7.011249125024219148e-18
1.101025462706703983e-01 6.867560462701620618e-18
1.064324613949814147e-01 6.780508256362151328e-18
1.027623765192924310e-01 6.640559906698285526e-18
9.909229164360344733e-02 6.557137622191945489e-18
9.542220676791446365e-02 6.420812046784318186e-18
9.175212189222525794e-02 6.340909639651149225e-18
8.808203701653649631e-02 6.208095354353821325e-18
8.441195214084729059e-02 6.131604599095652950e-18
8.074186726515830692e-02 6.002191791374766962e-18
7.707178238946932325e-02 5.929010737580491637e-18
7.340169751378033958e-02 5.802896230279763941e-18
6.973161263809135590e-02 5.732924124248410950e-18
6.606152776240237223e-02 5.610004901399627637e-18
6.239144288671316652e-02 5.543144909987816601e-18
5.872135801102440489e-02 5.423320787792450638e-18
5.505127313533519917e-02 5.359477847785964007e-18
5.138118825964621550e-02 5.242649863656200453e-18
4.771110338395723183e-02 5.181729837309487615e-18
4.404101850826824815e-02 5.067803831289876241e-18
4.037093363257926448e-02 5.009717562515479086e-18
3.670084875689028081e-02 4.898603833458597549e-18
3.303076388120107509e-02 4.843268604758075282e-18
2.936067900551231347e-02 4.734879890393241344e-18
2.569059412982310775e-02 4.682208117701031827e-18
2.202050925413412408e-02 4.576454879397975571e-18
1.835042437844514041e-02 4.526366672031874424e-18
1.468033950275615673e-02 4.423167352616181233e-18
1.101025462706717306e-02 4.375583934961498463e-18
7.340169751378189389e-03 4.274856612464065816e-18
3.670084875688983672e-03 4.229699378497639803e-18
2.220446049250313081e-16 4.131362905215695003e-18
-3.670084875688983672e-03 4.088557783507503441e-18
-7.340169751377745300e-03 3.992536264602164104e-18
-1.101025462706695102e-02 3.952009504799897581e-18
-1.468033950275593469e-02 3.858230011176920269e-18
-1.835042437844514041e-02 3.819919358914675827e-18
-2.202050925413390203e-02 3.728316779851227292e-18
-2.569059412982288571e-02 3.692136754648873594e-18
-2.936067900551209142e-02 3.602603719386412632e-18
-3.303076388120107509e-02 3.568518953858303737e-18
-3.670084875688983672e-02 3.481032248928428232e-18
-4.037093363257904244e-02 3.448958076027233174e-18
-4.404101850826802611e-02 3.363441975926519012e-18
-4.771110338395723183e-02 3.333316998860501588e-18
-5.138118825964599345e-02 3.249700069901319309e-18
-5.505127313533497713e-02 3.221467144126012598e-18
-5.872135801102418284e-02 3.139687765646482657e-18
-6.239144288671316652e-02 3.113287750198919712e-18
-6.606152776240192814e-02 3.033284391709248012e-18
-6.973161263809113386e-02 3.008663488559450474e-18
-7.340169751378011753e-02 2.930379416270260202e-18
-7.707178238946887916e-02 2.907482805338312547e-18
-8.074186726515808488e-02 2.830859912823738227e-18
-8.441195214084706855e-02 2.809634801148153783e-18
-8.808203701653627427e-02 2.734617055941158063e-18
-9.175212189222503589e-02 2.715011788898977602e-18
-9.542220676791401957e-02 2.641545864133533771e-18
-9.909229164360322528e-02 2.623512218455214754e-18
-1.027623765192922090e-01 2.551547000424523141e-18
-1.064324613949809706e-01 2.535036973056051755e-18
-1.101025462706701763e-01 2.464521118518556401e-18
-1.137726311463591600e-01 2.449488316290178487e-18
-1.174427160220483657e-01 2.380372585500632594e-18
-1.211128008977371273e-01 2.366772516660580478e-18
-1.247828857734261110e-01 2.299009188316269102e-18
-1.284529706491153167e-01 2.286798701874276941e-18
-1.321230555248043004e-01 2.220341396985251893e-18
-1.357931404004930620e-01 2.209477725111636956e-18
-1.394632252761822677e-01 2.144281013442771317e-18
-1.431333101518712514e-01 2.134724896468619851e-18
-1.468033950275604571e-01 2.070746077862949450e-18
-1.504734799032492187e-01 2.062457579322741932e-18
-1.541435647789382024e-01 1.999654063019470325e-18
-1.578136496546274081e-01 1.992596055836488264e-18
-1.614837345303163918e-01 1.930927397113673403e-18
-1.651538194060051534e-01 1.925062129932214208e-18
-1.688239042816943591e-01 1.864486720692990275e-18
-1.724939891573833428e-01 1.859779200056174966e-18
-1.761640740330725485e-01 1.800259376918711135e-18
-1.798341589087613102e-01 1.796674878842658544e-18
-1.835042437844502938e-01 1.738172564652957539e-18
-1.871743286601394995e-01 1.735679227470529343e-18
-1.908444135358284832e-01 1.678158640621857795e-18
-1.945144984115172448e-01 1.676724096449332795e-18
-1.981845832872064506e-01 1.620148131214266374e-18
-2.018546681628954342e-01 1.619742073441472361e-18
-2.055247530385846400e-01 1.564078044172653860e-18
-2.091948379142734016e-01 1.564669420748464371e-18
-2.128649227899623853e-01 1.509884038852766476e-18
-2.165350076656515910e-01 1.511443908906928688e-18
-2.202050925413405746e-01 1.457503977609803026e-18
-2.238751774170293363e-01 1.460005299100487761e-18
-2.275452622927185420e-01 1.406879353253993794e-18
-2.312153471684075257e-01 1.410294898612368654e-18
-2.348854320440967314e-01 1.357951999206020888e-18
-2.385555169197854930e-01 1.362255976608840855e-18
-2.422256017954744767e-01 1.310667013546293479e-18
-2.458956866711636824e-01 1.315833939494186689e-18
-2.495657715468526661e-01 1.264969339129985554e-18
-2.532358564225414277e-01 1.270976640096442378e-18
-2.569059412982306334e-01 1.220808842895734083e-18
-2.605760261739196171e-01 1.227632436696760849e-18
-2.642461110496088228e-01 1.178133212814023356e-18
-2.679161959252975844e-01 1.185750455465188638e-18
-2.715862808009865681e-01 1.136893796643596641e-18
-2.752563656766757738e-01 1.145284057137805784e-18
-2.789264505523647575e-01 1.097044601484217418e-18
-2.825965354280535191e-01 1.106186359169032314e-18
-2.862666203037427248e-01 1.058539417732015944e-18
-2.899367051794317085e-01 1.068412497891283603e-18
-2.936067900551209142e-01 1.021332391532933077e-18
-2.972768749308096758e-01 1.031918378382925182e-18
-3.009469598064986595e-01 9.853817027545744074e-19
-3.046170446821878652e-01 9.966619430383819662e-19
-3.082871295578768489e-01 9.506456292713571294e-19
-3.119572144335656105e-01 9.626011022163516166e-19
-3.156272993092548163e-01 9.170817960639459490e-19
-3.192973841849437999e-01 9.296967955911966210e-19
-3.229674690606325616e-01 8.846540831020766638e-19
-3.266375539363217673e-01 8.979117479854041868e-19
-3.303076388120107509e-01 8.533231934283874068e-19
-3.339777236876999567e-01 8.672086112622789440e-19
-3.376478085633889403e-01 8.230546370824565902e-19
-3.413178934390777020e-01 8.375511725732245282e-19
-3.449879783147669077e-01 7.938111550404004005e-19
-3.486580631904558913e-01 8.089046886719063288e-19
-3.523281480661446530e-01 7.655588731419169492e-19
-3.559982329418338587e-01 7.812363524554922923e-19
-3.596683178175228424e-01 7.382652193890463155e-19
-3.633384026932120481e-01 7.545104846132661059e-19
-3.670084875689010318e-01 7.118963067231898987e-19
-3.706785724445897934e-01 7.287082427611282965e-19
-3.743486573202789991e-01 6.864365287781803248e-19
-3.780187421959679828e-01 7.037631185383808693e-19
-3.816888270716567444e-01 6.617217753621070816e-19
-3.853589119473459501e-01 6.796674911669709559e-19
-3.890289968230349338e-01 6.380229944643186607e-19
-3.926990816987241395e-01 6.564372064275575065e-19
-3.963691665744131232e-01 6.150662436406813163e-19
-4.000392514501018848e-01 6.339852527712134079e-19
-4.037093363257910905e-01 5.928877459023560615e-19
-4.073794212014800742e-01 6.123077434265951020e-19
-4.110495060771688358e-01 5.714622245809756461e-19
-4.147195909528580415e-01 5.913750442371180942e-19
-4.183896758285470252e-01 5.507671800346423866e-19
-4.220597607042362309e-01 5.711624225003539958e-19
-4.257298455799252146e-01 5.307751883724285251e-19
-4.293999304556139762e-01 5.516445330736203956e-19
-4.330700153313031819e-01 5.114633420582441347e-19
-4.367401002069919436e-01 5.327996224265696716e-19
-4.404101850826811493e-01 4.928104673690510602e-19
-4.440802699583703550e-01 5.146049034543968441e-19
-4.477503548340591166e-01 4.747919656513921029e-19
-4.514204397097483223e-01 4.970381799776481980e-19
-4.550905245854370840e-01 4.573876961355046282e-19
-4.587606094611262897e-01 4.800784006809513601e-19
-4.624306943368154954e-01 4.405766690418749985e-19
-4.661007792125042570e-01 4.637049464023644395e-19
-4.697708640881930187e-01 4.243371227180785708e-19
-4.734409489638822244e-01 4.478983094836105400e-19
-4.771110338395709860e-01 4.086519435705088975e-19
-4.807811187152601917e-01 4.326403851630324040e-19
-4.844512035909493974e-01 3.935022427361273050e-19
-4.881212884666381591e-01 4.179127992872393832e-19
-4.917913733423273648e-01 3.788695461884646926e-19
-4.954614582180161264e-01 4.036963652657891870e-19
-4.991315430937053321e-01 3.647348124277490502e-19
-5.028016279693945378e-01 3.899743073304542492e-19
-5.064717128450832995e-01 3.510815578583671348e-19
-5.101417977207725052e-01 3.767294240022185564e-19
-5.138118825964612668e-01 3.378933299302124208e-19
-5.174819674721504725e-01 3.639457377952767400e-19
-5.211520523478396782e-01 3.251535909408949044e-19
-5.248221372235284399e-01 3.516089925532609631e-19
-5.284922220992172015e-01 3.128499656584279209e-19
-5.321623069749064072e-01 3.397049730597906031e-19
-5.358323918505951688e-01 3.009653097739457941e-19
-5.395024767262843746e-01 3.282174535833943333e-19
-5.431725616019735803e-01 2.894852294222391129e-19
-5.468426464776623419e-01 3.171311158417043491e-19
-5.505127313533515476e-01 2.783945053366104991e-19
-5.541828162290403093e-01 3.064334708350777646e-19
-5.578529011047295150e-01 2.676812847636425824e-19
-5.615229859804187207e-01 2.961123256352897739e-19
-5.651930708561074823e-01 2.573322367950267935e-19
-5.688631557317962439e-01 2.861540593155168755e-19
-5.725332406074854497e-01 2.473351858832668286e-19
-5.762033254831742113e-01 2.765464248844219938e-19
-5.798734103588638611e-01 2.376767015019833316e-19
-5.835434952345526227e-01 2.672770979821334829e-19
-5.872135801102413843e-01 2.283446027847734043e-19
-5.908836649859305901e-01 2.583349229570489526e-19
-5.945537498616193517e-01 2.193285534047362108e-19
-5.982238347373085574e-01 2.497094717644661825e-19
-6.018939196129977631e-01 2.106177525628808735e-19
-6.055640044886865248e-01 2.413902490643224362e-19
-6.092340893643757305e-01 2.022015589763768125e-19
-6.129041742400644921e-01 2.333658343271376770e-19
-6.165742591157536978e-01 1.940687594321982169e-19
-6.202443439914429035e-01 2.256270296539962259e-19
-6.239144288671316652e-01 1.862104038494409850e-19
-6.275845137428204268e-01 2.181635716597148179e-19
-6.312545986185096325e-01 1.786150987235876008e-19
-6.349246834941983941e-01 2.109668863293919703e-19
-6.385947683698880439e-01 1.712765999064116958e-19
-6.422648532455768056e-01 2.040267321812526973e-19
-6.459349381212655672e-01 1.641799451261405573e-19
-6.496050229969547729e-01 1.973341963952588051e-19
-6.532751078726435345e-01 1.573224094033245333e-19
-6.569451927483327403e-01 1.908833135739189915e-19
-6.606152776240219460e-01 1.506938658546138074e-19
-6.642853624997107076e-01 1.846645729334203419e-19
-6.679554473753999133e-01 1.442844730698948564e-19
-6.716255322510886749e-01 1.786701205480706132e-19
-6.752956171267778807e-01 1.380882734519310830e-19
-6.789657020024670864e-01 1.728916846315751907e-19
-6.826357868781558480e-01 1.320951604310494257e-19
-6.863058717538446096e-01 1.673232289282977114e-19
-6.899759566295338153e-01 1.263021674983156580e-19
-6.936460415052225770e-01 1.619578192775549667e-19
-6.973161263809122268e-01 1.206968104633835655e-19
-7.009862112566009884e-01 1.567875375696686896e-19
-7.046562961322897500e-01 1.152748902421687778e-19
-7.083263810079789558e-01 1.518055056246247124e-19
-7.119964658836677174e-01 1.100285084866142901e-19
-7.156665507593569231e-01 1.470069738516361633e-19
-7.193366356350461288e-01 1.049532733182961030e-19
-7.230067205107348904e-01 1.423832822598729556e-19
-7.266768053864240962e-01 1.000423344801089174e-19
-7.303468902621128578e-01 1.379476660846747328e-19
-7.340169751378020635e-01 9.530445849494234416e-20
-7.376870600134912692e-01 1.336615020255562083e-19
-7.413571448891800308e-01 9.068206925081183868e-20
-7.450272297648687925e-01 1.295184682303493875e-19
-7.486973146405579982e-01 8.622076933947884657e-20
-7.523673995162467598e-01 1.255461615116194969e-19
-7.560374843919364096e-01 8.190139702950567894e-20
-7.597075692676251712e-01 1.217228648790479554e-19
-7.633776541433139329e-01 7.771811568027996686e-20
-7.670477390190031386e-01 1.180445654320129986e-19
-7.707178238946919002e-01 7.366380990176555103e-20
-7.743879087703811059e-01 1.145059741160587243e-19
-7.780579936460703117e-01 6.973411548337559793e-20
-7.817280785217590733e-01 1.111019908317036340e-19
-7.853981633974478349e-01 6.592197945987993124e-20
-7.890682482731370406e-01 1.078278956859717096e-19
-7.927383331488262463e-01 6.222507111858516792e-20
-7.964084180245154521e-01 1.046802108924770825e-19
-8.000785029002042137e-01 5.863730500145743963e-20
-8.037485877758929753e-01 1.016554566302741724e-19
-8.074186726515821810e-01 5.515597762657911947e-20
-8.110887575272709427e-01 9.874958275854303915e-20
-8.147588424029601484e-01 5.177474407113057949e-20
-8.184289272786493541e-01 9.595774385475614642e-20
-8.220990121543381157e-01 4.848993664116772311e-20
-8.257690970300273214e-01 9.327686505141439189e-20
-8.294391819057160831e-01 4.529700380897249363e-20
-8.331092667814052888e-01 9.070237764816833253e-20
-8.367793516570944945e-01 4.219054253351770362e-20
-8.404494365327832561e-01 8.823208060724001185e-20
-8.441195214084720178e-01 3.917036567849229976e-20
-8.477896062841612235e-01 8.586403915913421365e-20
-8.514596911598504292e-01 3.622982049886780395e-20
-8.551297760355396349e-01 8.359386067298922024e-20
-8.587998609112283965e-01 3.336645855379378544e-20
-8.624699457869171582e-01 8.141837763846652586e-20
-8.661400306626063639e-01 3.057575117879657325e-20
-8.698101155382951255e-01 7.933414700166473153e-20
-8.734802004139843312e-01 2.785268087859848955e-20
-8.771502852896735369e-01 7.733929181760293143e-20
-8.808203701653622986e-01 2.519635519009616170e-20
-8.844904550410515043e-01 7.543166312961859210e-20
-8.881605399167402659e-01 2.260071071238749183e-20
-8.918306247924294716e-01 7.360730172513737684e-20
-8.955007096681186773e-01 2.006316404151129249e-20
-8.991707945438074390e-01 7.186512370830484329e-20
-9.028408794194962006e-01 1.758196745581619402e-20
-9.065109642951854063e-01 7.020393235254443099e-20
-9.101810491708746120e-01 1.515476082606346527e-20
-9.138511340465638177e-01 6.862087068095436358e-20
-9.175212189222525794e-01 1.277490010616793407e-20
-9.211913037979413410e-01 6.711415757282833967e-20
-9.248613886736305467e-01 1.044348630514733466e-20
-9.285314735493193083e-01 6.568237150057941718e-20
-9.322015584250085141e-01 8.152490383237603188e-21
-9.358716433006977198e-01 6.431969451706723859e-20
-9.395417281763864814e-01 5.897649513765488579e-21
-9.432118130520756871e-01 6.302494777703877513e-20
-9.468818979277644488e-01 3.676869214611748371e-21
-9.505519828034536545e-01 6.179499411578334103e-20
-9.542220676791428602e-01 1.483881273804930684e-21
-9.578921525548316218e-01 6.063016750073601267e-20
-9.615622374305203834e-01 -6.774236248010947469e-22
-9.652323223062095892e-01 5.953455486679480513e-20
-9.689024071818983508e-01 -2.809227246820398891e-21
-9.725724920575880006e-01 5.850469800519600243e-20
-9.762425769332767622e-01 -4.918002490946505969e-21
-9.799126618089655238e-01 5.753760691154906578e-20
-9.835827466846547296e-01 -7.005892113638671954e-21
-9.872528315603434912e-01 5.663279959475445194e-20
-9.909229164360326969e-01 -9.077922050585667126e-21
-9.945930013117219026e-01 5.578803280040869703e-20
-9.982630861874106643e-01 -1.113766873874283924e-20
-1.001933171063099870e+00 5.500150802306759671e-20
-1.005603255938788632e+00 -1.318896552756117028e-20
-1.009273340814477837e+00 5.427244992629456363e-20
-1.012943425690167043e+00 -1.523443511458724134e-20
-1.016613510565855805e+00 5.360152574017647261e-20
-1.020283595441544566e+00 -1.727594418310516940e-20
-1.023953680317233772e+00 5.298880974032246300e-20
-1.027623765192922534e+00 -1.931798917607499507e-20
-1.031293850068611739e+00 5.243413937852872540e-20
-1.034963934944300945e+00 -2.136258089574714018e-20
-1.038634019819989707e+00 5.193506536273926042e-20
-1.042304104695678912e+00 -2.341770189806115397e-20
-1.045974189571367674e+00 5.149233116798586531e-20
-1.049644274447056880e+00 -2.548163722819634601e-20
-1.053314359322746085e+00 5.110780469889730908e-20
-1.056984444198434847e+00 -2.755928938519649845e-20
-1.060654529074123609e+00 5.078401916027569768e-20
-1.064324613949812814e+00 -2.965240086475754364e-20
-1.067994698825502020e+00 5.049616263641936343e-20
-1.071664783701191226e+00 -3.180071100511951914e-20
-1.075334868576879988e+00 5.027973618658400057e-20
-1.079004953452568749e+00 -3.398206821590042667e-20
-1.082675038328257955e+00 5.006758028115165113e-20
-1.086345123203946716e+00 -3.529487705528783628e-20
-1.090015208079635922e+00 5.025371577853858609e-20
-1.093685292955325128e+00 -3.792037362043276619e-20
-1.097355377831013890e+00 5.032677212377132768e-20
-1.101025462706703095e+00 -4.032930880582998658e-20
-1.104695547582391857e+00 5.024540028149356859e-20
-1.108365632458081063e+00 -4.270597701006710499e-20
-1.112035717333770268e+00 5.028064457041345114e-20
-1.115705802209459030e+00 -4.511405780630575715e-20
-1.119375887085147792e+00 5.039152972732924156e-20
-1.123045971960836997e+00 -4.756313766033635357e-20
-1.126716056836526203e+00 5.058167885475925549e-20
-1.130386141712215409e+00 -5.006916136598244344e-20
-1.134056226587904170e+00 5.084496055239195847e-20
-1.137726311463592932e+00 -5.264304036334531310e-20
-1.141396396339282138e+00 5.118102215883800981e-20
-1.145066481214970899e+00 -5.529417500265335321e-20
-1.148736566090660105e+00 5.159112456861295298e-20
-1.152406650966349311e+00 -5.803153364566335673e-20
-1.156076735842038072e+00 5.207689612494722218e-20
-1.159746820717727278e+00 -6.086481878635141267e-20
-1.163416905593416040e+00 5.264045511828908420e-20
-1.167086990469105245e+00 -6.380454916382971651e-20
-1.170757075344794451e+00 5.328496828789863593e-20
-1.174427160220483213e+00 -6.685979823886901743e-20
-1.178097245096171974e+00 5.401494310647662050e-20
-1.181767329971861180e+00 -7.004255013301539336e-20
-1.185437414847550386e+00 5.483393416616575451e-20
-1.189107499723239592e+00 -7.336552314801606654e-20
-1.192777584598928353e+00 5.574615813907175768e-20
-1.196447669474617115e+00 -7.684136833121707334e-20
-1.200117754350306321e+00 5.675836662476667226e-20
-1.203787839225995082e+00 -8.048257142725557491e-20
-1.207457924101684288e+00 5.787738389554720949e-20
-1.211128008977373494e+00 -8.430560559070080675e-20
-1.214798093853062255e+00 5.911016374960321101e-20
-1.218468178728751461e+00 -8.832751627604108839e-20
-1.222138263604440223e+00 6.046333429906648421e-20
-1.225808348480129428e+00 -9.256893029474078243e-20
-1.229478433355818634e+00 6.194595408714160085e-20
-1.233148518231507396e+00 -9.704812429491795860e-20
-1.236818603107196157e+00 6.356869031697141614e-20
-1.240488687982885363e+00 -1.017906241780615006e-19
-1.244158772858574569e+00 6.533961614049890829e-20
-1.247828857734263330e+00 -1.068235317063136654e-19
-1.251498942609952536e+00 6.727255694303077498e-20
-1.255169027485641298e+00 -1.121723780152924209e-19
-1.258839112361330503e+00 6.938281963258198422e-20
-1.262509197237019265e+00 -1.178700824785176070e-19
-1.266179282112708471e+00 7.168602823416232561e-20
-1.269849366988397676e+00 -1.239518922693389468e-19
-1.273519451864086438e+00 7.419899362505446490e-20
-1.277189536739775200e+00 -1.304600275302954130e-19
-1.280859621615464405e+00 7.694171714337243772e-20
-1.284529706491153611e+00 -1.374389545357843347e-19
-1.288199791366842817e+00 7.993792547548809446e-20
-1.291869876242531578e+00 -1.449401346576586688e-19
-1.295539961118220340e+00 8.321212229241609706e-20
-1.299210045993909546e+00 -1.530242014011007129e-19
-1.302880130869598752e+00 8.679384022441735674e-20
-1.306550215745287513e+00 -1.617568479281551834e-19
-1.310220300620976719e+00 9.071656395826247175e-20
-1.313890385496665481e+00 -1.712160838953844168e-19
-1.317560470372354686e+00 9.501874265871825297e-20
-1.321230555248043448e+00 -1.814893157928803653e-19
-1.324900640123732654e+00 9.974577014655220360e-20
-1.328570724999421859e+00 -1.926774457491773053e-19
-1.332240809875110621e+00 1.049493057655014015e-19
-1.335910894750799383e+00 -2.048990969404943645e-19
-1.339580979626488588e+00 1.106872758132384477e-19
-1.343251064502177794e+00 -2.182937330420475894e-19
-1.346921149377867000e+00 1.170288384436654534e-19
-1.350591234253555761e+00 -2.330204747697124470e-19
-1.354261319129244523e+00 1.240568808753181948e-19
-1.357931404004933729e+00 -2.492674279956488752e-19
-1.361601488880622490e+00 1.318691934048954009e-19
-1.365271573756311696e+00 -2.672561149910169573e-19
-1.368941658632000902e+00 1.405761092188385067e-19
-1.372611743507689663e+00 -2.872593871503572925e-19
-1.376281828383378869e+00 1.503331178689055022e-19
-1.379951913259067631e+00 -3.097222124054232963e-19
-1.383621998134756836e+00 1.612753288240904154e-19
-1.387292083010446042e+00 -3.345954829138209284e-19
-1.390962167886134804e+00 1.735518539945644367e-19
-1.394632252761823565e+00 -3.628684840099009434e-19
-1.398302337637512771e+00 1.874588303510634596e-19
-1.401972422513201977e+00 -3.948651999216889116e-19
-1.405642507388891183e+00 2.032817508526480524e-19
-1.409312592264579944e+00 -4.313184729312730224e-19
-1.412982677140268706e+00 2.213623296228617347e-19
-1.416652762015957912e+00 -4.731104938143811030e-19
-1.420322846891646673e+00 2.421484140632231043e-19
-1.423992931767335879e+00 -5.213526474723541702e-19
-1.427663016643025085e+00 2.661758359453356603e-19
-1.431333101518713846e+00 -5.774526674568733526e-19
-1.435003186394403052e+00 2.941696160743785351e-19
-1.438673271270091814e+00 -6.432257741159253812e-19
-1.442343356145781019e+00 3.270259287404867979e-19
-1.446013441021470225e+00 -7.210516028367948297e-19
-1.449683525897158987e+00 3.659307984434541163e-19
-1.453353610772847748e+00 -8.140712427503081350e-19
-1.457023695648536954e+00 4.124428016755474566e-19
-1.460693780524226160e+00 -9.265401474432717672e-19
-1.464363865399915365e+00 4.686707660738556959e-19
-1.468033950275604127e+00 -1.064298924239425975e-18
-1.471704035151292889e+00 5.374953350675938268e-19
-1.475374120026982094e+00 -1.235562890599125068e-18
-1.479044204902670856e+00 6.229861419158314617e-19
-1.482714289778360062e+00 -1.452157776718850673e-18
-1.486384374654049267e+00 7.308428762245791143e-19
-1.490054459529738029e+00 -1.731758851866360589e-18
-1.493724544405426791e+00 8.700273974346613350e-19
-1.497394629281115996e+00 -2.101041745601555670e-18
-1.501064714156805202e+00 1.052071396063697703e-18
-1.504734799032494408e+00 -2.604618538098475194e-18
-1.508404883908183169e+00 1.303579953716973211e-18
-1.512074968783871931e+00 -3.310284236594316952e-18
-1.515745053659561137e+00 1.635959601693510800e-18
-1.519415138535250342e+00 -4.368528957403359239e-18
-1.523085223410939104e+00 2.199093294241165313e-18
-1.526755308286628310e+00 -5.957274064460963306e-18
-1.530425393162317071e+00 2.750942619126960534e-18
-1.534095478038006277e+00 -8.927535731570607213e-18
-1.537765562913695039e+00 4.940050322463140762e-18
-1.541435647789384245e+00 -1.349005103975130768e-17
-1.545105732665073450e+00 3.434569891735249689e-18
-1.548775817540762212e+00 -2.858653709799820890e-17
-1.552445902416450974e+00 2.343235431134820095e-17
-1.556115987292140179e+00 -5.114256720072486851e-17
-1.559786072167829385e+00 -4.702336286162917505e-17
-1.563456157043518591e+00 -1.560062997484731257e-16
-1.567126241919207352e+00 4.331400918081917711e-16
-1.570796326794896114e+00 2.960179158911659161e-15
