#time Nu
6.168471e-04 1.002732e+00 
8.597018e-04 1.007862e+00 
1.010781e-03 1.015409e+00 
1.120485e-03 1.025392e+00 
1.206670e-03 1.037837e+00 
1.277701e-03 1.052773e+00 
1.338165e-03 1.070238e+00 
1.390847e-03 1.090274e+00 
1.437567e-03 1.112931e+00 
1.479578e-03 1.138262e+00 
1.517780e-03 1.166331e+00 
1.552840e-03 1.197205e+00 
1.585268e-03 1.230959e+00 
1.615461e-03 1.267675e+00 
1.643737e-03 1.307440e+00 
1.670350e-03 1.350352e+00 
1.695510e-03 1.396513e+00 
1.719392e-03 1.446033e+00 
1.742141e-03 1.499031e+00 
1.763883e-03 1.555632e+00 
1.784723e-03 1.615971e+00 
1.804752e-03 1.680188e+00 
1.824052e-03 1.748436e+00 
1.842690e-03 1.820871e+00 
1.860730e-03 1.897660e+00 
1.878224e-03 1.978980e+00 
1.895222e-03 2.065013e+00 
1.911768e-03 2.155951e+00 
1.927899e-03 2.251995e+00 
1.943652e-03 2.353352e+00 
1.959059e-03 2.460237e+00 
1.974148e-03 2.572874e+00 
1.988948e-03 2.691490e+00 
2.003481e-03 2.816321e+00 
2.017771e-03 2.947605e+00 
2.031840e-03 3.085585e+00 
2.045706e-03 3.230505e+00 
2.059388e-03 3.382611e+00 
2.072903e-03 3.542146e+00 
2.086264e-03 3.709297e+00 
2.099484e-03 3.884291e+00 
2.112580e-03 4.067347e+00 
2.125564e-03 4.258672e+00 
2.138449e-03 4.458460e+00 
2.151249e-03 4.666890e+00 
2.163975e-03 4.884122e+00 
2.176639e-03 5.110292e+00 
2.189245e-03 5.345400e+00 
2.201785e-03 5.589100e+00 
2.214267e-03 5.841348e+00 
2.226700e-03 6.102059e+00 
2.239091e-03 6.371112e+00 
2.251448e-03 6.648340e+00 
2.263781e-03 6.933536e+00 
2.276094e-03 7.226453e+00 
2.288398e-03 7.526798e+00 
2.300697e-03 7.834240e+00 
2.313000e-03 8.148406e+00 
2.325313e-03 8.468884e+00 
2.337643e-03 8.795227e+00 
2.349996e-03 9.126950e+00 
2.362381e-03 9.463540e+00 
2.374802e-03 9.804450e+00 
2.387267e-03 1.014911e+01 
2.399781e-03 1.049688e+01 
2.412348e-03 1.084707e+01 
2.424973e-03 1.119905e+01 
2.437665e-03 1.155218e+01 
2.450430e-03 1.190580e+01 
2.463274e-03 1.225926e+01 
2.476205e-03 1.261190e+01 
2.489229e-03 1.296306e+01 
2.502354e-03 1.331209e+01 
2.515587e-03 1.365834e+01 
2.528936e-03 1.400118e+01 
2.542408e-03 1.433998e+01 
2.556010e-03 1.467412e+01 
2.569752e-03 1.500302e+01 
2.583641e-03 1.532608e+01 
2.597687e-03 1.564275e+01 
2.611897e-03 1.595249e+01 
2.626281e-03 1.625476e+01 
2.640848e-03 1.654908e+01 
2.655609e-03 1.683497e+01 
2.670574e-03 1.711197e+01 
2.685753e-03 1.737964e+01 
2.701157e-03 1.763758e+01 
2.716798e-03 1.788541e+01 
2.732689e-03 1.812276e+01 
2.748841e-03 1.834929e+01 
2.765268e-03 1.856469e+01 
2.781984e-03 1.876866e+01 
2.799004e-03 1.896093e+01 
2.816343e-03 1.914125e+01 
2.834017e-03 1.930940e+01 
2.852044e-03 1.946517e+01 
2.870440e-03 1.960837e+01 
2.889226e-03 1.973884e+01 
2.908420e-03 1.985643e+01 
2.928045e-03 1.996101e+01 
2.948119e-03 2.005247e+01 
2.968665e-03 2.013071e+01 
2.989708e-03 2.019568e+01 
3.011274e-03 2.024733e+01 
3.033390e-03 2.028563e+01 
3.056086e-03 2.031057e+01 
3.079393e-03 2.032217e+01 
3.103343e-03 2.032046e+01 
3.127971e-03 2.030547e+01 
3.153315e-03 2.027729e+01 
3.179413e-03 2.023599e+01 
3.206308e-03 2.018168e+01 
3.234043e-03 2.011451e+01 
3.262665e-03 2.003461e+01 
3.292224e-03 1.994217e+01 
3.322773e-03 1.983738e+01 
3.354367e-03 1.972048e+01 
3.387065e-03 1.959172e+01 
3.420930e-03 1.945138e+01 
3.456026e-03 1.929978e+01 
3.492425e-03 1.913727e+01 
3.530173e-03 1.896433e+01 
3.569336e-03 1.878144e+01 
3.609988e-03 1.858907e+01 
3.652205e-03 1.838775e+01 
3.696064e-03 1.817803e+01 
3.741646e-03 1.796050e+01 
3.789019e-03 1.773584e+01 
3.838210e-03 1.750495e+01 
3.889292e-03 1.726853e+01 
3.942335e-03 1.702732e+01 
3.997406e-03 1.678205e+01 
4.054559e-03 1.653353e+01 
4.113766e-03 1.628284e+01 
4.175072e-03 1.603074e+01 
4.238516e-03 1.577794e+01 
4.304132e-03 1.552511e+01 
4.371940e-03 1.527292e+01 
4.441842e-03 1.502237e+01 
4.513840e-03 1.477399e+01 
4.587933e-03 1.452825e+01 
4.664111e-03 1.428555e+01 
4.742362e-03 1.404625e+01 
4.822665e-03 1.381063e+01 
4.904998e-03 1.357895e+01 
4.989273e-03 1.335156e+01 
5.075388e-03 1.312877e+01 
5.163302e-03 1.291068e+01 
5.252973e-03 1.269735e+01 
5.344353e-03 1.248881e+01 
5.437395e-03 1.228508e+01 
5.532048e-03 1.208618e+01 
5.628257e-03 1.189208e+01 
5.725968e-03 1.170278e+01 
5.825121e-03 1.151824e+01 
5.925655e-03 1.133843e+01 
6.027508e-03 1.116333e+01 
6.130613e-03 1.099291e+01 
6.234901e-03 1.082711e+01 
6.340303e-03 1.066590e+01 
6.446745e-03 1.050924e+01 
6.554154e-03 1.035708e+01 
6.662453e-03 1.020938e+01 
6.771521e-03 1.006615e+01 
6.881276e-03 9.927319e+00 
6.991644e-03 9.792828e+00 
7.102553e-03 9.662600e+00 
7.213929e-03 9.536561e+00 
7.325702e-03 9.414630e+00 
7.437801e-03 9.296726e+00 
7.550157e-03 9.182764e+00 
7.662703e-03 9.072655e+00 
7.775376e-03 8.966309e+00 
7.888112e-03 8.863634e+00 
8.000852e-03 8.764533e+00 
8.113541e-03 8.668912e+00 
8.226124e-03 8.576671e+00 
8.338553e-03 8.487713e+00 
8.450780e-03 8.401937e+00 
8.562762e-03 8.319244e+00 
8.674459e-03 8.239535e+00 
8.785820e-03 8.162721e+00 
8.896772e-03 8.088728e+00 
9.007283e-03 8.017459e+00 
9.117322e-03 7.948817e+00 
9.226862e-03 7.882705e+00 
9.335882e-03 7.819031e+00 
9.444360e-03 7.757701e+00 
9.552281e-03 7.698627e+00 
9.659631e-03 7.641721e+00 
9.766397e-03 7.586897e+00 
9.872572e-03 7.534072e+00 
9.978147e-03 7.483168e+00 
1.008312e-02 7.434105e+00 
1.018749e-02 7.386810e+00 
1.029125e-02 7.341209e+00 
1.039440e-02 7.297233e+00 
1.049695e-02 7.254815e+00 
1.059889e-02 7.213891e+00 
1.070024e-02 7.174397e+00 
1.080099e-02 7.136275e+00 
1.090116e-02 7.099466e+00 
1.100075e-02 7.063916e+00 
1.109977e-02 7.029572e+00 
1.119822e-02 6.996383e+00 
1.129611e-02 6.964299e+00 
1.139345e-02 6.933275e+00 
1.149025e-02 6.903265e+00 
1.158653e-02 6.874226e+00 
1.168227e-02 6.846116e+00 
1.177751e-02 6.818896e+00 
1.187224e-02 6.792527e+00 
1.196643e-02 6.766982e+00 
1.206007e-02 6.742236e+00 
1.215315e-02 6.718252e+00 
1.224570e-02 6.694998e+00 
1.233771e-02 6.672440e+00 
1.242921e-02 6.650547e+00 
1.252019e-02 6.629289e+00 
1.261068e-02 6.608638e+00 
1.270067e-02 6.588568e+00 
1.279018e-02 6.569052e+00 
1.287923e-02 6.550067e+00 
1.296781e-02 6.531590e+00 
1.305593e-02 6.513600e+00 
1.314361e-02 6.496075e+00 
1.323086e-02 6.478998e+00 
1.331767e-02 6.462351e+00 
1.340406e-02 6.446118e+00 
1.349004e-02 6.430284e+00 
1.357562e-02 6.414837e+00 
1.366079e-02 6.399763e+00 
1.374557e-02 6.385052e+00 
1.382997e-02 6.370696e+00 
1.391399e-02 6.356686e+00 
1.399764e-02 6.343017e+00 
1.408091e-02 6.329686e+00 
1.416376e-02 6.316696e+00 
1.424620e-02 6.304045e+00 
1.432824e-02 6.291730e+00 
1.440989e-02 6.279752e+00 
1.449115e-02 6.268114e+00 
1.457204e-02 6.256816e+00 
1.465255e-02 6.245865e+00 
1.473270e-02 6.235265e+00 
1.481249e-02 6.225023e+00 
1.489193e-02 6.215147e+00 
1.497103e-02 6.205645e+00 
1.504978e-02 6.196529e+00 
1.512821e-02 6.187808e+00 
1.520631e-02 6.179495e+00 
1.528410e-02 6.171602e+00 
1.536157e-02 6.164142e+00 
1.543873e-02 6.157128e+00 
1.551560e-02 6.150576e+00 
1.559217e-02 6.144501e+00 
1.566841e-02 6.138919e+00 
1.574432e-02 6.133847e+00 
1.581991e-02 6.129299e+00 
1.589518e-02 6.125291e+00 
1.597014e-02 6.121839e+00 
1.604480e-02 6.118957e+00 
1.611916e-02 6.116663e+00 
1.619323e-02 6.114974e+00 
1.626701e-02 6.113908e+00 
1.634051e-02 6.113482e+00 
1.641374e-02 6.113715e+00 
1.648670e-02 6.114629e+00 
1.655939e-02 6.116244e+00 
1.663182e-02 6.118582e+00 
1.670399e-02 6.121667e+00 
1.677591e-02 6.125524e+00 
1.684759e-02 6.130178e+00 
1.691899e-02 6.135654e+00 
1.699011e-02 6.141979e+00 
1.706096e-02 6.149178e+00 
1.713152e-02 6.157280e+00 
1.720182e-02 6.166311e+00 
1.727184e-02 6.176301e+00 
1.734159e-02 6.187276e+00 
1.741107e-02 6.199262e+00 
1.748028e-02 6.212284e+00 
1.754922e-02 6.226367e+00 
1.761789e-02 6.241534e+00 
1.768629e-02 6.257803e+00 
1.775441e-02 6.275194e+00 
1.782226e-02 6.293724e+00 
1.788982e-02 6.313405e+00 
1.795710e-02 6.334250e+00 
1.802410e-02 6.356270e+00 
1.809077e-02 6.379462e+00 
1.815711e-02 6.403833e+00 
1.822311e-02 6.429386e+00 
1.828878e-02 6.456125e+00 
1.835410e-02 6.484053e+00 
1.841906e-02 6.513173e+00 
1.848365e-02 6.543490e+00 
1.854787e-02 6.575006e+00 
1.861171e-02 6.607729e+00 
1.867515e-02 6.641663e+00 
1.873818e-02 6.676818e+00 
1.880079e-02 6.713204e+00 
1.886296e-02 6.750832e+00 
1.892470e-02 6.789717e+00 
1.898596e-02 6.829874e+00 
1.904676e-02 6.871319e+00 
1.910706e-02 6.914071e+00 
1.916686e-02 6.958149e+00 
1.922614e-02 7.003572e+00 
1.928489e-02 7.050360e+00 
1.934308e-02 7.098530e+00 
1.940071e-02 7.148100e+00 
1.945776e-02 7.199084e+00 
1.951421e-02 7.251496e+00 
1.957006e-02 7.305342e+00 
1.962528e-02 7.360629e+00 
1.967986e-02 7.417355e+00 
1.973380e-02 7.475514e+00 
1.978708e-02 7.535095e+00 
1.983969e-02 7.596080e+00 
1.989162e-02 7.658442e+00 
1.994286e-02 7.722151e+00 
1.999342e-02 7.787167e+00 
2.004327e-02 7.853442e+00 
2.009243e-02 7.920925e+00 
2.014089e-02 7.989553e+00 
2.018864e-02 8.059262e+00 
2.023570e-02 8.129976e+00 
2.028206e-02 8.201620e+00 
2.032773e-02 8.274109e+00 
2.037271e-02 8.347358e+00 
2.041701e-02 8.421277e+00 
2.046065e-02 8.495773e+00 
2.050363e-02 8.570754e+00 
2.054597e-02 8.646126e+00 
2.058768e-02 8.721797e+00 
2.062877e-02 8.797673e+00 
2.066926e-02 8.873666e+00 
2.070917e-02 8.949689e+00 
2.074851e-02 9.025656e+00 
2.078730e-02 9.101489e+00 
2.082557e-02 9.177112e+00 
2.086333e-02 9.252452e+00 
2.090059e-02 9.327418e+00 
2.093736e-02 9.401946e+00 
2.097368e-02 9.475981e+00 
2.100956e-02 9.549467e+00 
2.104502e-02 9.622359e+00 
2.108009e-02 9.694612e+00 
2.111478e-02 9.766189e+00 
2.114912e-02 9.837056e+00 
2.118313e-02 9.907181e+00 
2.121683e-02 9.976538e+00 
2.125024e-02 1.004510e+01 
2.128339e-02 1.011286e+01 
2.131629e-02 1.017978e+01 
2.134897e-02 1.024585e+01 
2.138145e-02 1.031106e+01 
2.141374e-02 1.037537e+01 
2.144585e-02 1.043876e+01 
2.147780e-02 1.050120e+01 
2.150961e-02 1.056271e+01 
2.154130e-02 1.062326e+01 
2.157290e-02 1.068285e+01 
2.160442e-02 1.074148e+01 
2.163588e-02 1.079914e+01 
2.166730e-02 1.085582e+01 
2.169870e-02 1.091153e+01 
2.173011e-02 1.096626e+01 
2.176153e-02 1.102001e+01 
2.179297e-02 1.107278e+01 
2.182446e-02 1.112455e+01 
2.185600e-02 1.117534e+01 
2.188761e-02 1.122516e+01 
2.191930e-02 1.127404e+01 
2.195111e-02 1.132200e+01 
2.198303e-02 1.136907e+01 
2.201509e-02 1.141529e+01 
2.204730e-02 1.146071e+01 
2.207968e-02 1.150537e+01 
2.211223e-02 1.154934e+01 
2.214498e-02 1.159269e+01 
2.217794e-02 1.163548e+01 
2.221111e-02 1.167781e+01 
2.224451e-02 1.171976e+01 
2.227815e-02 1.176142e+01 
2.231203e-02 1.180290e+01 
2.234618e-02 1.184429e+01 
2.238058e-02 1.188569e+01 
2.241525e-02 1.192720e+01 
2.245020e-02 1.196892e+01 
2.248543e-02 1.201092e+01 
2.252094e-02 1.205328e+01 
2.255673e-02 1.209606e+01 
2.259280e-02 1.213931e+01 
2.262916e-02 1.218305e+01 
2.266580e-02 1.222729e+01 
2.270271e-02 1.227201e+01 
2.273990e-02 1.231717e+01 
2.277736e-02 1.236273e+01 
2.281509e-02 1.240859e+01 
2.285307e-02 1.245467e+01 
2.289129e-02 1.250084e+01 
2.292976e-02 1.254698e+01 
2.296845e-02 1.259294e+01 
2.300736e-02 1.263855e+01 
2.304648e-02 1.268367e+01 
2.308579e-02 1.272813e+01 
2.312528e-02 1.277175e+01 
2.316495e-02 1.281438e+01 
2.320477e-02 1.285585e+01 
2.324473e-02 1.289599e+01 
2.328480e-02 1.293465e+01 
2.332497e-02 1.297171e+01 
2.336524e-02 1.300703e+01 
2.340559e-02 1.304051e+01 
2.344601e-02 1.307205e+01 
2.348649e-02 1.310156e+01 
2.352702e-02 1.312896e+01 
2.356759e-02 1.315419e+01 
2.360819e-02 1.317721e+01 
2.364881e-02 1.319796e+01 
2.368945e-02 1.321642e+01 
2.373010e-02 1.323257e+01 
2.377076e-02 1.324639e+01 
2.381141e-02 1.325788e+01 
2.385206e-02 1.326704e+01 
2.389270e-02 1.327389e+01 
2.393333e-02 1.327842e+01 
2.397394e-02 1.328067e+01 
2.401455e-02 1.328066e+01 
2.405514e-02 1.327841e+01 
2.409572e-02 1.327396e+01 
2.413629e-02 1.326735e+01 
2.417684e-02 1.325862e+01 
2.421739e-02 1.324780e+01 
2.425794e-02 1.323494e+01 
2.429849e-02 1.322010e+01 
2.433904e-02 1.320331e+01 
2.437960e-02 1.318465e+01 
2.442018e-02 1.316416e+01 
2.446077e-02 1.314190e+01 
2.450139e-02 1.311793e+01 
2.454205e-02 1.309232e+01 
2.458274e-02 1.306514e+01 
2.462348e-02 1.303644e+01 
2.466428e-02 1.300632e+01 
2.470514e-02 1.297482e+01 
2.474607e-02 1.294204e+01 
2.478708e-02 1.290805e+01 
2.482818e-02 1.287292e+01 
2.486937e-02 1.283673e+01 
2.491068e-02 1.279958e+01 
2.495210e-02 1.276153e+01 
2.499364e-02 1.272267e+01 
2.503532e-02 1.268308e+01 
2.507715e-02 1.264285e+01 
2.511913e-02 1.260206e+01 
2.516128e-02 1.256079e+01 
2.520360e-02 1.251912e+01 
2.524610e-02 1.247713e+01 
2.528881e-02 1.243490e+01 
2.533171e-02 1.239251e+01 
2.537483e-02 1.235004e+01 
2.541818e-02 1.230754e+01 
2.546176e-02 1.226510e+01 
2.550558e-02 1.222278e+01 
2.554966e-02 1.218063e+01 
2.559400e-02 1.213872e+01 
2.563861e-02 1.209711e+01 
2.568350e-02 1.205584e+01 
2.572867e-02 1.201496e+01 
2.577414e-02 1.197451e+01 
2.581990e-02 1.193453e+01 
2.586597e-02 1.189506e+01 
2.591235e-02 1.185612e+01 
2.595905e-02 1.181774e+01 
2.600606e-02 1.177995e+01 
2.605339e-02 1.174277e+01 
2.610105e-02 1.170620e+01 
2.614902e-02 1.167028e+01 
2.619732e-02 1.163500e+01 
2.624593e-02 1.160038e+01 
2.629486e-02 1.156643e+01 
2.634409e-02 1.153316e+01 
2.639363e-02 1.150057e+01 
2.644346e-02 1.146868e+01 
2.649357e-02 1.143748e+01 
2.654396e-02 1.140700e+01 
2.659460e-02 1.137723e+01 
2.664549e-02 1.134818e+01 
2.669661e-02 1.131988e+01 
2.674793e-02 1.129232e+01 
2.679945e-02 1.126553e+01 
2.685113e-02 1.123952e+01 
2.690293e-02 1.121430e+01 
2.695483e-02 1.118990e+01 
2.700681e-02 1.116632e+01 
2.705884e-02 1.114358e+01 
2.711091e-02 1.112169e+01 
2.716297e-02 1.110066e+01 
2.721501e-02 1.108051e+01 
2.726700e-02 1.106122e+01 
2.731891e-02 1.104282e+01 
2.737073e-02 1.102530e+01 
2.742243e-02 1.100867e+01 
2.747398e-02 1.099291e+01 
2.752536e-02 1.097802e+01 
2.757653e-02 1.096401e+01 
2.762750e-02 1.095084e+01 
2.767823e-02 1.093850e+01 
2.772871e-02 1.092698e+01 
2.777894e-02 1.091624e+01 
2.782890e-02 1.090626e+01 
2.787858e-02 1.089702e+01 
2.792798e-02 1.088848e+01 
2.797708e-02 1.088062e+01 
2.802590e-02 1.087338e+01 
2.807442e-02 1.086676e+01 
2.812264e-02 1.086069e+01 
2.817056e-02 1.085516e+01 
2.821818e-02 1.085011e+01 
2.826551e-02 1.084552e+01 
2.831256e-02 1.084136e+01 
2.835931e-02 1.083757e+01 
2.840579e-02 1.083413e+01 
2.845200e-02 1.083099e+01 
2.849794e-02 1.082814e+01 
2.854362e-02 1.082553e+01 
2.858906e-02 1.082314e+01 
2.863423e-02 1.082093e+01 
2.867917e-02 1.081887e+01 
2.872388e-02 1.081695e+01 
2.876836e-02 1.081513e+01 
2.881264e-02 1.081340e+01 
2.885671e-02 1.081172e+01 
2.890060e-02 1.081009e+01 
2.894431e-02 1.080849e+01 
2.898785e-02 1.080690e+01 
2.903124e-02 1.080532e+01 
2.907449e-02 1.080373e+01 
2.911760e-02 1.080213e+01 
2.916059e-02 1.080052e+01 
2.920347e-02 1.079889e+01 
2.924625e-02 1.079726e+01 
2.928895e-02 1.079562e+01 
2.933156e-02 1.079398e+01 
2.937411e-02 1.079236e+01 
2.941659e-02 1.079077e+01 
2.945903e-02 1.078924e+01 
2.950143e-02 1.078778e+01 
2.954379e-02 1.078643e+01 
2.958612e-02 1.078520e+01 
2.962842e-02 1.078413e+01 
2.967071e-02 1.078327e+01 
2.971298e-02 1.078263e+01 
2.975526e-02 1.078228e+01 
2.979754e-02 1.078224e+01 
2.983983e-02 1.078256e+01 
2.988213e-02 1.078328e+01 
2.992446e-02 1.078446e+01 
2.996681e-02 1.078613e+01 
3.000919e-02 1.078835e+01 
3.005160e-02 1.079115e+01 
3.009405e-02 1.079458e+01 
3.013654e-02 1.079868e+01 
3.017907e-02 1.080348e+01 
3.022164e-02 1.080902e+01 
3.026425e-02 1.081534e+01 
3.030691e-02 1.082244e+01 
3.034960e-02 1.083035e+01 
3.039234e-02 1.083910e+01 
3.043512e-02 1.084867e+01 
3.047794e-02 1.085908e+01 
3.052080e-02 1.087032e+01 
3.056370e-02 1.088238e+01 
3.060662e-02 1.089524e+01 
3.064958e-02 1.090889e+01 
3.069256e-02 1.092329e+01 
3.073557e-02 1.093842e+01 
3.077860e-02 1.095422e+01 
3.082164e-02 1.097068e+01 
3.086469e-02 1.098773e+01 
3.090776e-02 1.100533e+01 
3.095082e-02 1.102344e+01 
3.099388e-02 1.104199e+01 
3.103694e-02 1.106094e+01 
3.107998e-02 1.108022e+01 
3.112301e-02 1.109980e+01 
3.116601e-02 1.111960e+01 
3.120899e-02 1.113959e+01 
3.125195e-02 1.115969e+01 
3.129486e-02 1.117987e+01 
3.133774e-02 1.120008e+01 
3.138057e-02 1.122025e+01 
3.142336e-02 1.124036e+01 
3.146609e-02 1.126036e+01 
3.150877e-02 1.128019e+01 
3.155139e-02 1.129983e+01 
3.159394e-02 1.131924e+01 
3.163642e-02 1.133838e+01 
3.167883e-02 1.135722e+01 
3.172117e-02 1.137574e+01 
3.176344e-02 1.139390e+01 
3.180563e-02 1.141169e+01 
3.184774e-02 1.142907e+01 
3.188977e-02 1.144604e+01 
3.193172e-02 1.146256e+01 
3.197359e-02 1.147863e+01 
3.201537e-02 1.149424e+01 
3.205708e-02 1.150935e+01 
3.209870e-02 1.152398e+01 
3.214024e-02 1.153811e+01 
3.218170e-02 1.155172e+01 
3.222309e-02 1.156482e+01 
3.226439e-02 1.157740e+01 
3.230561e-02 1.158945e+01 
3.234677e-02 1.160098e+01 
3.238785e-02 1.161198e+01 
3.242885e-02 1.162245e+01 
3.246980e-02 1.163240e+01 
3.251067e-02 1.164182e+01 
3.255149e-02 1.165072e+01 
3.259224e-02 1.165910e+01 
3.263293e-02 1.166698e+01 
3.267357e-02 1.167434e+01 
3.271416e-02 1.168122e+01 
3.275471e-02 1.168760e+01 
3.279521e-02 1.169350e+01 
3.283568e-02 1.169894e+01 
3.287611e-02 1.170391e+01 
3.291651e-02 1.170844e+01 
3.295690e-02 1.171253e+01 
3.299726e-02 1.171619e+01 
3.303761e-02 1.171945e+01 
3.307796e-02 1.172231e+01 
3.311830e-02 1.172478e+01 
3.315864e-02 1.172689e+01 
3.319900e-02 1.172863e+01 
3.323937e-02 1.173004e+01 
3.327976e-02 1.173112e+01 
3.332018e-02 1.173189e+01 
3.336062e-02 1.173237e+01 
3.340111e-02 1.173256e+01 
3.344164e-02 1.173248e+01 
3.348221e-02 1.173215e+01 
3.352284e-02 1.173158e+01 
3.356353e-02 1.173078e+01 
3.360429e-02 1.172977e+01 
3.364511e-02 1.172857e+01 
3.368601e-02 1.172718e+01 
3.372699e-02 1.172562e+01 
3.376805e-02 1.172390e+01 
3.380920e-02 1.172204e+01 
3.385044e-02 1.172004e+01 
3.389178e-02 1.171792e+01 
3.393322e-02 1.171569e+01 
3.397476e-02 1.171335e+01 
3.401641e-02 1.171093e+01 
3.405816e-02 1.170842e+01 
3.410003e-02 1.170585e+01 
3.414201e-02 1.170321e+01 
3.418411e-02 1.170052e+01 
3.422632e-02 1.169778e+01 
3.426865e-02 1.169500e+01 
3.431110e-02 1.169219e+01 
3.435367e-02 1.168936e+01 
3.439635e-02 1.168651e+01 
3.443914e-02 1.168365e+01 
3.448206e-02 1.168079e+01 
3.452508e-02 1.167792e+01 
3.456822e-02 1.167505e+01 
3.461147e-02 1.167219e+01 
3.465482e-02 1.166934e+01 
3.469827e-02 1.166651e+01 
3.474183e-02 1.166368e+01 
3.478548e-02 1.166087e+01 
3.482922e-02 1.165808e+01 
3.487304e-02 1.165530e+01 
3.491695e-02 1.165254e+01 
3.496094e-02 1.164980e+01 
3.500499e-02 1.164706e+01 
3.504911e-02 1.164434e+01 
3.509330e-02 1.164162e+01 
3.513754e-02 1.163891e+01 
3.518182e-02 1.163620e+01 
3.522615e-02 1.163348e+01 
3.527052e-02 1.163075e+01 
3.531492e-02 1.162800e+01 
3.535935e-02 1.162523e+01 
3.540380e-02 1.162243e+01 
3.544826e-02 1.161959e+01 
3.549273e-02 1.161671e+01 
3.553721e-02 1.161377e+01 
3.558168e-02 1.161078e+01 
3.562615e-02 1.160771e+01 
3.567060e-02 1.160457e+01 
3.571503e-02 1.160135e+01 
3.575945e-02 1.159803e+01 
3.580384e-02 1.159461e+01 
3.584820e-02 1.159109e+01 
3.589253e-02 1.158744e+01 
3.593683e-02 1.158367e+01 
3.598110e-02 1.157977e+01 
3.602533e-02 1.157574e+01 
3.606952e-02 1.157155e+01 
3.611368e-02 1.156722e+01 
3.615780e-02 1.156273e+01 
3.620187e-02 1.155809e+01 
3.624591e-02 1.155328e+01 
3.628991e-02 1.154830e+01 
3.633387e-02 1.154316e+01 
3.637780e-02 1.153784e+01 
3.642168e-02 1.153236e+01 
3.646553e-02 1.152671e+01 
3.650935e-02 1.152089e+01 
3.655313e-02 1.151490e+01 
3.659689e-02 1.150876e+01 
3.664061e-02 1.150245e+01 
3.668431e-02 1.149599e+01 
3.672798e-02 1.148939e+01 
3.677163e-02 1.148265e+01 
3.681526e-02 1.147578e+01 
3.685887e-02 1.146879e+01 
3.690247e-02 1.146169e+01 
3.694605e-02 1.145449e+01 
3.698962e-02 1.144721e+01 
3.703318e-02 1.143985e+01 
3.707673e-02 1.143243e+01 
3.712028e-02 1.142497e+01 
3.716383e-02 1.141748e+01 
3.720738e-02 1.140998e+01 
3.725093e-02 1.140248e+01 
3.729449e-02 1.139500e+01 
3.733806e-02 1.138756e+01 
3.738164e-02 1.138017e+01 
3.742523e-02 1.137285e+01 
3.746884e-02 1.136562e+01 
3.751247e-02 1.135850e+01 
3.755611e-02 1.135150e+01 
3.759978e-02 1.134464e+01 
3.764347e-02 1.133794e+01 
3.768719e-02 1.133141e+01 
3.773093e-02 1.132508e+01 
3.777470e-02 1.131894e+01 
3.781850e-02 1.131303e+01 
3.786233e-02 1.130734e+01 
3.790619e-02 1.130190e+01 
3.795009e-02 1.129672e+01 
3.799401e-02 1.129180e+01 
3.803796e-02 1.128715e+01 
3.808194e-02 1.128279e+01 
3.812596e-02 1.127872e+01 
3.817001e-02 1.127494e+01 
3.821408e-02 1.127147e+01 
3.825819e-02 1.126830e+01 
3.830232e-02 1.126543e+01 
3.834648e-02 1.126287e+01 
3.839067e-02 1.126062e+01 
3.843488e-02 1.125867e+01 
3.847911e-02 1.125702e+01 
3.852336e-02 1.125568e+01 
3.856763e-02 1.125463e+01 
3.861192e-02 1.125387e+01 
3.865622e-02 1.125339e+01 
3.870054e-02 1.125319e+01 
3.874486e-02 1.125326e+01 
3.878919e-02 1.125358e+01 
3.883352e-02 1.125416e+01 
3.887786e-02 1.125498e+01 
3.892219e-02 1.125604e+01 
3.896652e-02 1.125731e+01 
3.901084e-02 1.125880e+01 
3.905516e-02 1.126049e+01 
3.909946e-02 1.126237e+01 
3.914374e-02 1.126443e+01 
3.918801e-02 1.126666e+01 
3.923225e-02 1.126905e+01 
3.927647e-02 1.127158e+01 
3.932066e-02 1.127424e+01 
3.936481e-02 1.127704e+01 
3.940894e-02 1.127994e+01 
3.945302e-02 1.128295e+01 
3.949707e-02 1.128606e+01 
3.954107e-02 1.128924e+01 
3.958504e-02 1.129250e+01 
3.962895e-02 1.129583e+01 
3.967282e-02 1.129921e+01 
3.971664e-02 1.130263e+01 
3.976041e-02 1.130609e+01 
3.980412e-02 1.130958e+01 
3.984779e-02 1.131309e+01 
3.989140e-02 1.131662e+01 
3.993495e-02 1.132015e+01 
3.997845e-02 1.132367e+01 
4.002189e-02 1.132719e+01 
4.006528e-02 1.133069e+01 
4.010861e-02 1.133417e+01 
4.015189e-02 1.133763e+01 
4.019510e-02 1.134105e+01 
4.023827e-02 1.134443e+01 
4.028137e-02 1.134778e+01 
4.032442e-02 1.135107e+01 
4.036742e-02 1.135432e+01 
4.041037e-02 1.135751e+01 
4.045326e-02 1.136065e+01 
4.049611e-02 1.136373e+01 
4.053891e-02 1.136674e+01 
4.058166e-02 1.136970e+01 
4.062436e-02 1.137259e+01 
4.066702e-02 1.137541e+01 
4.070964e-02 1.137816e+01 
4.075222e-02 1.138085e+01 
4.079477e-02 1.138348e+01 
4.083727e-02 1.138603e+01 
4.087974e-02 1.138852e+01 
4.092218e-02 1.139095e+01 
4.096459e-02 1.139331e+01 
4.100697e-02 1.139561e+01 
4.104932e-02 1.139785e+01 
4.109165e-02 1.140003e+01 
4.113396e-02 1.140217e+01 
4.117626e-02 1.140425e+01 
4.121854e-02 1.140628e+01 
4.126080e-02 1.140827e+01 
4.130306e-02 1.141022e+01 
4.134531e-02 1.141213e+01 
4.138756e-02 1.141402e+01 
4.142980e-02 1.141587e+01 
4.147204e-02 1.141770e+01 
4.151428e-02 1.141952e+01 
4.155653e-02 1.142131e+01 
4.159879e-02 1.142310e+01 
4.164105e-02 1.142489e+01 
4.168333e-02 1.142668e+01 
4.172561e-02 1.142847e+01 
4.176791e-02 1.143026e+01 
4.181023e-02 1.143208e+01 
4.185256e-02 1.143391e+01 
4.189492e-02 1.143576e+01 
4.193729e-02 1.143763e+01 
4.197968e-02 1.143954e+01 
4.202210e-02 1.144147e+01 
4.206454e-02 1.144344e+01 
4.210700e-02 1.144545e+01 
4.214949e-02 1.144750e+01 
4.219200e-02 1.144959e+01 
4.223454e-02 1.145172e+01 
4.227710e-02 1.145390e+01 
4.231969e-02 1.145612e+01 
4.236230e-02 1.145838e+01 
4.240494e-02 1.146069e+01 
4.244761e-02 1.146304e+01 
4.249030e-02 1.146544e+01 
4.253301e-02 1.146788e+01 
4.257574e-02 1.147035e+01 
4.261850e-02 1.147286e+01 
4.266128e-02 1.147541e+01 
4.270409e-02 1.147798e+01 
4.274691e-02 1.148058e+01 
4.278975e-02 1.148321e+01 
4.283260e-02 1.148585e+01 
4.287548e-02 1.148850e+01 
4.291837e-02 1.149116e+01 
4.296127e-02 1.149382e+01 
4.300419e-02 1.149648e+01 
4.304711e-02 1.149913e+01 
4.309005e-02 1.150176e+01 
4.313300e-02 1.150437e+01 
4.317595e-02 1.150695e+01 
4.321891e-02 1.150950e+01 
4.326187e-02 1.151200e+01 
4.330484e-02 1.151445e+01 
4.334780e-02 1.151685e+01 
4.339077e-02 1.151919e+01 
4.343374e-02 1.152146e+01 
4.347671e-02 1.152365e+01 
4.351967e-02 1.152577e+01 
4.356263e-02 1.152779e+01 
4.360558e-02 1.152973e+01 
4.364853e-02 1.153156e+01 
4.369148e-02 1.153329e+01 
4.373441e-02 1.153491e+01 
4.377734e-02 1.153642e+01 
4.382026e-02 1.153781e+01 
4.386318e-02 1.153907e+01 
4.390608e-02 1.154021e+01 
4.394897e-02 1.154122e+01 
4.399186e-02 1.154210e+01 
4.403473e-02 1.154284e+01 
4.407760e-02 1.154345e+01 
4.412046e-02 1.154391e+01 
4.416330e-02 1.154424e+01 
4.420614e-02 1.154442e+01 
4.424897e-02 1.154447e+01 
4.429179e-02 1.154436e+01 
4.433461e-02 1.154412e+01 
4.437742e-02 1.154374e+01 
4.442022e-02 1.154322e+01 
4.446301e-02 1.154256e+01 
4.450581e-02 1.154176e+01 
4.454859e-02 1.154083e+01 
4.459138e-02 1.153978e+01 
4.463416e-02 1.153859e+01 
4.467694e-02 1.153728e+01 
4.471972e-02 1.153585e+01 
4.476251e-02 1.153430e+01 
4.480529e-02 1.153265e+01 
4.484808e-02 1.153089e+01 
4.489087e-02 1.152902e+01 
4.493367e-02 1.152706e+01 
4.497648e-02 1.152501e+01 
4.501929e-02 1.152288e+01 
4.506212e-02 1.152067e+01 
4.510495e-02 1.151838e+01 
4.514780e-02 1.151603e+01 
4.519066e-02 1.151361e+01 
4.523353e-02 1.151114e+01 
4.527642e-02 1.150863e+01 
4.531932e-02 1.150607e+01 
4.536225e-02 1.150347e+01 
4.540518e-02 1.150085e+01 
4.544814e-02 1.149820e+01 
4.549112e-02 1.149553e+01 
4.553412e-02 1.149286e+01 
4.557714e-02 1.149017e+01 
4.562019e-02 1.148749e+01 
4.566326e-02 1.148481e+01 
4.570635e-02 1.148214e+01 
4.574946e-02 1.147948e+01 
4.579260e-02 1.147685e+01 
4.583577e-02 1.147424e+01 
4.587896e-02 1.147165e+01 
4.592217e-02 1.146910e+01 
4.596542e-02 1.146659e+01 
4.600868e-02 1.146411e+01 
4.605198e-02 1.146168e+01 
4.609530e-02 1.145929e+01 
4.613864e-02 1.145695e+01 
4.618201e-02 1.145467e+01 
4.622540e-02 1.145243e+01 
4.626882e-02 1.145025e+01 
4.631226e-02 1.144812e+01 
4.635573e-02 1.144605e+01 
4.639922e-02 1.144404e+01 
4.644273e-02 1.144209e+01 
4.648626e-02 1.144020e+01 
4.652981e-02 1.143836e+01 
4.657338e-02 1.143659e+01 
4.661697e-02 1.143488e+01 
4.666058e-02 1.143322e+01 
4.670420e-02 1.143162e+01 
4.674784e-02 1.143008e+01 
4.679149e-02 1.142860e+01 
4.683515e-02 1.142717e+01 
4.687883e-02 1.142579e+01 
4.692251e-02 1.142447e+01 
4.696621e-02 1.142319e+01 
4.700991e-02 1.142197e+01 
4.705362e-02 1.142080e+01 
4.709733e-02 1.141967e+01 
4.714105e-02 1.141858e+01 
4.718476e-02 1.141754e+01 
4.722848e-02 1.141653e+01 
4.727220e-02 1.141556e+01 
4.731592e-02 1.141463e+01 
4.735963e-02 1.141373e+01 
4.740334e-02 1.141286e+01 
4.744705e-02 1.141202e+01 
4.749075e-02 1.141121e+01 
4.753444e-02 1.141042e+01 
4.757812e-02 1.140966e+01 
4.762180e-02 1.140891e+01 
4.766546e-02 1.140818e+01 
4.770911e-02 1.140747e+01 
4.775275e-02 1.140677e+01 
4.779638e-02 1.140609e+01 
4.783999e-02 1.140542e+01 
4.788359e-02 1.140475e+01 
4.792717e-02 1.140409e+01 
4.797074e-02 1.140344e+01 
4.801430e-02 1.140279e+01 
4.805783e-02 1.140215e+01 
4.810135e-02 1.140151e+01 
4.814486e-02 1.140087e+01 
4.818835e-02 1.140023e+01 
4.823182e-02 1.139959e+01 
4.827528e-02 1.139895e+01 
4.831872e-02 1.139830e+01 
4.836214e-02 1.139766e+01 
4.840555e-02 1.139702e+01 
4.844894e-02 1.139637e+01 
4.849232e-02 1.139572e+01 
4.853568e-02 1.139507e+01 
4.857902e-02 1.139443e+01 
4.862236e-02 1.139378e+01 
4.866567e-02 1.139313e+01 
4.870898e-02 1.139249e+01 
4.875227e-02 1.139185e+01 
4.879555e-02 1.139121e+01 
4.883882e-02 1.139058e+01 
4.888208e-02 1.138996e+01 
4.892533e-02 1.138935e+01 
4.896857e-02 1.138875e+01 
4.901180e-02 1.138816e+01 
4.905502e-02 1.138759e+01 
4.909824e-02 1.138703e+01 
4.914145e-02 1.138649e+01 
4.918465e-02 1.138598e+01 
4.922785e-02 1.138549e+01 
4.927105e-02 1.138503e+01 
4.931424e-02 1.138459e+01 
4.935743e-02 1.138419e+01 
4.940061e-02 1.138382e+01 
4.944380e-02 1.138349e+01 
4.948698e-02 1.138319e+01 
4.953016e-02 1.138294e+01 
4.957335e-02 1.138272e+01 
4.961653e-02 1.138256e+01 
4.965971e-02 1.138244e+01 
4.970290e-02 1.138236e+01 
4.974609e-02 1.138234e+01 
4.978928e-02 1.138237e+01 
4.983247e-02 1.138246e+01 
4.987566e-02 1.138260e+01 
4.991886e-02 1.138279e+01 
4.996206e-02 1.138305e+01 
5.000527e-02 1.138336e+01 
5.004847e-02 1.138374e+01 
5.009168e-02 1.138417e+01 
5.013490e-02 1.138466e+01 
5.017811e-02 1.138522e+01 
5.022133e-02 1.138583e+01 
5.026456e-02 1.138651e+01 
5.030778e-02 1.138724e+01 
5.035101e-02 1.138804e+01 
5.039424e-02 1.138889e+01 
5.043747e-02 1.138980e+01 
5.048071e-02 1.139077e+01 
5.052394e-02 1.139179e+01 
5.056718e-02 1.139287e+01 
5.061041e-02 1.139400e+01 
5.065365e-02 1.139518e+01 
5.069688e-02 1.139640e+01 
5.074012e-02 1.139767e+01 
5.078335e-02 1.139899e+01 
5.082658e-02 1.140034e+01 
5.086981e-02 1.140174e+01 
5.091304e-02 1.140317e+01 
5.095626e-02 1.140463e+01 
5.099948e-02 1.140612e+01 
5.104269e-02 1.140764e+01 
5.108590e-02 1.140919e+01 
5.112910e-02 1.141075e+01 
5.117229e-02 1.141233e+01 
5.121548e-02 1.141393e+01 
5.125867e-02 1.141553e+01 
5.130184e-02 1.141715e+01 
5.134501e-02 1.141877e+01 
5.138817e-02 1.142040e+01 
5.143131e-02 1.142202e+01 
5.147445e-02 1.142364e+01 
5.151759e-02 1.142525e+01 
5.156071e-02 1.142685e+01 
5.160382e-02 1.142844e+01 
5.164692e-02 1.143002e+01 
5.169001e-02 1.143158e+01 
5.173308e-02 1.143311e+01 
5.177615e-02 1.143463e+01 
5.181921e-02 1.143612e+01 
5.186226e-02 1.143758e+01 
5.190529e-02 1.143902e+01 
5.194831e-02 1.144042e+01 
5.199133e-02 1.144179e+01 
5.203433e-02 1.144313e+01 
5.207732e-02 1.144444e+01 
5.212030e-02 1.144570e+01 
5.216327e-02 1.144693e+01 
5.220623e-02 1.144812e+01 
5.224918e-02 1.144927e+01 
5.229212e-02 1.145038e+01 
5.233506e-02 1.145145e+01 
5.237798e-02 1.145248e+01 
5.242089e-02 1.145346e+01 
5.246380e-02 1.145441e+01 
5.250670e-02 1.145531e+01 
5.254959e-02 1.145618e+01 
5.259248e-02 1.145700e+01 
5.263536e-02 1.145778e+01 
5.267823e-02 1.145852e+01 
5.272110e-02 1.145922e+01 
5.276396e-02 1.145988e+01 
5.280682e-02 1.146050e+01 
5.284968e-02 1.146109e+01 
5.289254e-02 1.146164e+01 
5.293539e-02 1.146216e+01 
5.297824e-02 1.146264e+01 
5.302109e-02 1.146309e+01 
5.306394e-02 1.146351e+01 
5.310680e-02 1.146389e+01 
5.314965e-02 1.146425e+01 
5.319250e-02 1.146458e+01 
5.323536e-02 1.146489e+01 
5.327822e-02 1.146517e+01 
5.332108e-02 1.146543e+01 
5.336395e-02 1.146567e+01 
5.340682e-02 1.146588e+01 
5.344969e-02 1.146608e+01 
5.349258e-02 1.146626e+01 
5.353546e-02 1.146642e+01 
5.357836e-02 1.146657e+01 
5.362126e-02 1.146671e+01 
5.366416e-02 1.146683e+01 
5.370708e-02 1.146694e+01 
5.375000e-02 1.146704e+01 
5.379293e-02 1.146714e+01 
5.383587e-02 1.146722e+01 
5.387882e-02 1.146730e+01 
5.392177e-02 1.146738e+01 
5.396474e-02 1.146744e+01 
5.400771e-02 1.146751e+01 
5.405069e-02 1.146757e+01 
5.409368e-02 1.146762e+01 
5.413668e-02 1.146767e+01 
5.417969e-02 1.146773e+01 
5.422271e-02 1.146777e+01 
5.426574e-02 1.146782e+01 
5.430878e-02 1.146787e+01 
5.435183e-02 1.146791e+01 
5.439488e-02 1.146795e+01 
5.443794e-02 1.146799e+01 
5.448102e-02 1.146803e+01 
5.452410e-02 1.146807e+01 
5.456718e-02 1.146810e+01 
5.461028e-02 1.146813e+01 
5.465338e-02 1.146816e+01 
5.469649e-02 1.146818e+01 
5.473961e-02 1.146820e+01 
5.478273e-02 1.146822e+01 
5.482586e-02 1.146823e+01 
5.486900e-02 1.146823e+01 
5.491214e-02 1.146822e+01 
5.495528e-02 1.146821e+01 
5.499843e-02 1.146819e+01 
5.504159e-02 1.146816e+01 
5.508475e-02 1.146812e+01 
5.512791e-02 1.146806e+01 
5.517107e-02 1.146800e+01 
5.521424e-02 1.146792e+01 
5.525741e-02 1.146783e+01 
5.530058e-02 1.146772e+01 
5.534376e-02 1.146759e+01 
5.538693e-02 1.146745e+01 
5.543011e-02 1.146730e+01 
5.547329e-02 1.146712e+01 
5.551646e-02 1.146692e+01 
5.555964e-02 1.146671e+01 
5.560282e-02 1.146647e+01 
5.564600e-02 1.146622e+01 
5.568917e-02 1.146594e+01 
5.573235e-02 1.146564e+01 
5.577553e-02 1.146531e+01 
5.581870e-02 1.146496e+01 
5.586188e-02 1.146459e+01 
5.590505e-02 1.146420e+01 
5.594822e-02 1.146378e+01 
5.599139e-02 1.146334e+01 
5.603456e-02 1.146287e+01 
5.607773e-02 1.146238e+01 
5.612089e-02 1.146186e+01 
5.616406e-02 1.146132e+01 
5.620722e-02 1.146076e+01 
5.625038e-02 1.146017e+01 
5.629354e-02 1.145956e+01 
5.633670e-02 1.145893e+01 
5.637986e-02 1.145827e+01 
5.642302e-02 1.145760e+01 
5.646618e-02 1.145690e+01 
5.650933e-02 1.145619e+01 
5.655249e-02 1.145545e+01 
5.659565e-02 1.145470e+01 
5.663880e-02 1.145393e+01 
5.668196e-02 1.145314e+01 
5.672512e-02 1.145234e+01 
5.676827e-02 1.145153e+01 
5.681143e-02 1.145070e+01 
5.685459e-02 1.144987e+01 
5.689775e-02 1.144902e+01 
5.694092e-02 1.144817e+01 
5.698408e-02 1.144730e+01 
5.702725e-02 1.144644e+01 
5.707042e-02 1.144556e+01 
5.711359e-02 1.144469e+01 
5.715676e-02 1.144381e+01 
5.719994e-02 1.144294e+01 
5.724312e-02 1.144207e+01 
5.728630e-02 1.144119e+01 
5.732949e-02 1.144033e+01 
5.737268e-02 1.143947e+01 
5.741588e-02 1.143862e+01 
5.745908e-02 1.143777e+01 
5.750228e-02 1.143694e+01 
5.754549e-02 1.143612e+01 
5.758870e-02 1.143531e+01 
5.763191e-02 1.143451e+01 
5.767513e-02 1.143373e+01 
5.771836e-02 1.143297e+01 
5.776159e-02 1.143222e+01 
5.780482e-02 1.143149e+01 
5.784806e-02 1.143078e+01 
5.789131e-02 1.143009e+01 
5.793455e-02 1.142942e+01 
5.797781e-02 1.142877e+01 
5.802106e-02 1.142815e+01 
5.806432e-02 1.142755e+01 
5.810759e-02 1.142697e+01 
5.815086e-02 1.142641e+01 
5.819413e-02 1.142588e+01 
5.823741e-02 1.142537e+01 
5.828069e-02 1.142489e+01 
5.832397e-02 1.142443e+01 
5.836726e-02 1.142399e+01 
5.841055e-02 1.142358e+01 
5.845384e-02 1.142320e+01 
5.849714e-02 1.142284e+01 
5.854044e-02 1.142250e+01 
5.858374e-02 1.142219e+01 
5.862704e-02 1.142190e+01 
5.867034e-02 1.142163e+01 
5.871365e-02 1.142139e+01 
5.875695e-02 1.142117e+01 
5.880026e-02 1.142096e+01 
5.884356e-02 1.142079e+01 
5.888687e-02 1.142063e+01 
5.893017e-02 1.142049e+01 
5.897348e-02 1.142037e+01 
5.901678e-02 1.142026e+01 
5.906008e-02 1.142018e+01 
5.910338e-02 1.142011e+01 
5.914668e-02 1.142006e+01 
5.918998e-02 1.142002e+01 
5.923327e-02 1.142000e+01 
5.927657e-02 1.141999e+01 
5.931986e-02 1.141999e+01 
5.936314e-02 1.142001e+01 
5.940643e-02 1.142003e+01 
5.944971e-02 1.142007e+01 
5.949298e-02 1.142012e+01 
5.953625e-02 1.142017e+01 
5.957952e-02 1.142024e+01 
5.962279e-02 1.142031e+01 
5.966605e-02 1.142038e+01 
5.970930e-02 1.142047e+01 
5.975255e-02 1.142056e+01 
5.979580e-02 1.142065e+01 
5.983904e-02 1.142075e+01 
5.988228e-02 1.142085e+01 
5.992551e-02 1.142096e+01 
5.996873e-02 1.142106e+01 
6.001195e-02 1.142117e+01 
6.005517e-02 1.142129e+01 
6.009838e-02 1.142140e+01 
6.014159e-02 1.142152e+01 
6.018479e-02 1.142164e+01 
6.022799e-02 1.142175e+01 
6.027118e-02 1.142187e+01 
6.031437e-02 1.142199e+01 
6.035755e-02 1.142211e+01 
6.040073e-02 1.142224e+01 
6.044390e-02 1.142236e+01 
6.048707e-02 1.142248e+01 
6.053024e-02 1.142260e+01 
6.057340e-02 1.142273e+01 
6.061655e-02 1.142285e+01 
6.065971e-02 1.142298e+01 
6.070286e-02 1.142311e+01 
6.074601e-02 1.142324e+01 
6.078915e-02 1.142337e+01 
6.083229e-02 1.142350e+01 
6.087543e-02 1.142364e+01 
6.091856e-02 1.142378e+01 
6.096170e-02 1.142392e+01 
6.100483e-02 1.142407e+01 
6.104796e-02 1.142422e+01 
6.109108e-02 1.142437e+01 
6.113421e-02 1.142453e+01 
6.117733e-02 1.142469e+01 
6.122046e-02 1.142486e+01 
6.126358e-02 1.142503e+01 
6.130670e-02 1.142521e+01 
6.134982e-02 1.142540e+01 
6.139294e-02 1.142559e+01 
6.143606e-02 1.142579e+01 
6.147918e-02 1.142600e+01 
6.152230e-02 1.142621e+01 
6.156542e-02 1.142644e+01 
6.160854e-02 1.142667e+01 
6.165165e-02 1.142691e+01 
6.169477e-02 1.142716e+01 
6.173789e-02 1.142741e+01 
6.178102e-02 1.142768e+01 
6.182414e-02 1.142796e+01 
6.186726e-02 1.142824e+01 
6.191038e-02 1.142853e+01 
6.195350e-02 1.142884e+01 
6.199663e-02 1.142915e+01 
6.203975e-02 1.142947e+01 
6.208288e-02 1.142980e+01 
6.212601e-02 1.143014e+01 
6.216913e-02 1.143049e+01 
6.221226e-02 1.143084e+01 
6.225539e-02 1.143121e+01 
6.229852e-02 1.143158e+01 
6.234165e-02 1.143196e+01 
6.238478e-02 1.143235e+01 
6.242791e-02 1.143274e+01 
6.247105e-02 1.143314e+01 
6.251418e-02 1.143355e+01 
6.255731e-02 1.143396e+01 
6.260044e-02 1.143438e+01 
6.264358e-02 1.143480e+01 
6.268671e-02 1.143523e+01 
6.272984e-02 1.143566e+01 
6.277298e-02 1.143609e+01 
6.281611e-02 1.143653e+01 
6.285924e-02 1.143697e+01 
6.290237e-02 1.143741e+01 
6.294550e-02 1.143784e+01 
6.298863e-02 1.143828e+01 
6.303176e-02 1.143872e+01 
6.307489e-02 1.143916e+01 
6.311802e-02 1.143959e+01 
6.316115e-02 1.144002e+01 
6.320427e-02 1.144045e+01 
6.324740e-02 1.144087e+01 
6.329052e-02 1.144129e+01 
6.333364e-02 1.144171e+01 
6.337676e-02 1.144211e+01 
6.341988e-02 1.144251e+01 
6.346300e-02 1.144291e+01 
6.350611e-02 1.144329e+01 
6.354923e-02 1.144367e+01 
6.359234e-02 1.144403e+01 
6.363545e-02 1.144439e+01 
6.367856e-02 1.144474e+01 
6.372166e-02 1.144508e+01 
6.376477e-02 1.144540e+01 
6.380787e-02 1.144572e+01 
6.385097e-02 1.144602e+01 
6.389407e-02 1.144632e+01 
6.393717e-02 1.144660e+01 
6.398026e-02 1.144686e+01 
6.402336e-02 1.144712e+01 
6.406645e-02 1.144736e+01 
6.410954e-02 1.144759e+01 
6.415263e-02 1.144780e+01 
6.419572e-02 1.144801e+01 
6.423881e-02 1.144819e+01 
6.428189e-02 1.144837e+01 
6.432498e-02 1.144853e+01 
6.436806e-02 1.144868e+01 
6.441114e-02 1.144882e+01 
6.445423e-02 1.144894e+01 
6.449731e-02 1.144905e+01 
6.454039e-02 1.144915e+01 
6.458347e-02 1.144924e+01 
6.462655e-02 1.144931e+01 
6.466963e-02 1.144937e+01 
6.471271e-02 1.144942e+01 
6.475579e-02 1.144946e+01 
6.479887e-02 1.144949e+01 
6.484195e-02 1.144950e+01 
6.488503e-02 1.144951e+01 
6.492811e-02 1.144951e+01 
6.497120e-02 1.144949e+01 
6.501428e-02 1.144947e+01 
6.505736e-02 1.144944e+01 
6.510045e-02 1.144940e+01 
6.514354e-02 1.144936e+01 
6.518663e-02 1.144931e+01 
6.522972e-02 1.144925e+01 
6.527281e-02 1.144918e+01 
6.531590e-02 1.144911e+01 
6.535900e-02 1.144903e+01 
6.540209e-02 1.144895e+01 
6.544519e-02 1.144886e+01 
6.548829e-02 1.144877e+01 
6.553140e-02 1.144867e+01 
6.557450e-02 1.144857e+01 
6.561761e-02 1.144847e+01 
6.566072e-02 1.144836e+01 
6.570384e-02 1.144826e+01 
6.574695e-02 1.144815e+01 
6.579007e-02 1.144804e+01 
6.583319e-02 1.144792e+01 
6.587631e-02 1.144781e+01 
6.591944e-02 1.144769e+01 
6.596257e-02 1.144758e+01 
6.600570e-02 1.144746e+01 
6.604883e-02 1.144735e+01 
6.609196e-02 1.144723e+01 
6.613510e-02 1.144711e+01 
6.617824e-02 1.144700e+01 
6.622139e-02 1.144688e+01 
6.626453e-02 1.144677e+01 
6.630768e-02 1.144665e+01 
6.635083e-02 1.144653e+01 
6.639398e-02 1.144642e+01 
6.643713e-02 1.144631e+01 
6.648029e-02 1.144619e+01 
6.652345e-02 1.144608e+01 
6.656661e-02 1.144597e+01 
6.660977e-02 1.144585e+01 
6.665293e-02 1.144574e+01 
6.669609e-02 1.144563e+01 
6.673926e-02 1.144551e+01 
6.678243e-02 1.144540e+01 
6.682560e-02 1.144529e+01 
6.686877e-02 1.144517e+01 
6.691194e-02 1.144506e+01 
6.695511e-02 1.144494e+01 
6.699828e-02 1.144483e+01 
6.704146e-02 1.144471e+01 
6.708463e-02 1.144459e+01 
6.712781e-02 1.144447e+01 
6.717098e-02 1.144435e+01 
6.721416e-02 1.144423e+01 
6.725733e-02 1.144410e+01 
6.730051e-02 1.144398e+01 
6.734369e-02 1.144385e+01 
6.738686e-02 1.144371e+01 
6.743004e-02 1.144358e+01 
6.747322e-02 1.144344e+01 
6.751639e-02 1.144330e+01 
6.755957e-02 1.144316e+01 
6.760275e-02 1.144302e+01 
6.764592e-02 1.144287e+01 
6.768910e-02 1.144272e+01 
6.773227e-02 1.144256e+01 
6.777545e-02 1.144241e+01 
6.781862e-02 1.144224e+01 
6.786180e-02 1.144208e+01 
6.790497e-02 1.144191e+01 
6.794814e-02 1.144174e+01 
6.799132e-02 1.144157e+01 
6.803449e-02 1.144139e+01 
6.807766e-02 1.144121e+01 
6.812083e-02 1.144103e+01 
6.816400e-02 1.144084e+01 
6.820717e-02 1.144066e+01 
6.825034e-02 1.144046e+01 
6.829351e-02 1.144027e+01 
6.833668e-02 1.144008e+01 
6.837984e-02 1.143988e+01 
6.842301e-02 1.143968e+01 
6.846618e-02 1.143948e+01 
6.850935e-02 1.143927e+01 
6.855251e-02 1.143907e+01 
6.859568e-02 1.143886e+01 
6.863885e-02 1.143866e+01 
6.868201e-02 1.143845e+01 
6.872518e-02 1.143825e+01 
6.876834e-02 1.143804e+01 
6.881151e-02 1.143783e+01 
6.885468e-02 1.143763e+01 
6.889784e-02 1.143742e+01 
6.894101e-02 1.143722e+01 
6.898417e-02 1.143702e+01 
6.902734e-02 1.143682e+01 
6.907051e-02 1.143662e+01 
6.911368e-02 1.143642e+01 
6.915684e-02 1.143623e+01 
6.920001e-02 1.143604e+01 
6.924318e-02 1.143585e+01 
6.928635e-02 1.143567e+01 
6.932952e-02 1.143549e+01 
6.937269e-02 1.143532e+01 
6.941586e-02 1.143515e+01 
6.945903e-02 1.143498e+01 
6.950221e-02 1.143482e+01 
6.954538e-02 1.143466e+01 
6.958855e-02 1.143451e+01 
6.963173e-02 1.143437e+01 
6.967490e-02 1.143423e+01 
6.971808e-02 1.143409e+01 
6.976125e-02 1.143396e+01 
6.980443e-02 1.143384e+01 
6.984761e-02 1.143373e+01 
6.989079e-02 1.143362e+01 
6.993397e-02 1.143352e+01 
6.997715e-02 1.143342e+01 
7.002033e-02 1.143333e+01 
7.006351e-02 1.143325e+01 
7.010669e-02 1.143317e+01 
7.014987e-02 1.143310e+01 
7.019305e-02 1.143304e+01 
7.023624e-02 1.143298e+01 
7.027942e-02 1.143293e+01 
7.032260e-02 1.143289e+01 
7.036579e-02 1.143286e+01 
7.040897e-02 1.143283e+01 
7.045216e-02 1.143280e+01 
7.049534e-02 1.143279e+01 
7.053852e-02 1.143277e+01 
7.058171e-02 1.143277e+01 
7.062489e-02 1.143277e+01 
7.066808e-02 1.143278e+01 
7.071126e-02 1.143279e+01 
7.075445e-02 1.143280e+01 
7.079763e-02 1.143283e+01 
7.084081e-02 1.143285e+01 
7.088399e-02 1.143288e+01 
7.092718e-02 1.143292e+01 
7.097036e-02 1.143296e+01 
7.101354e-02 1.143300e+01 
7.105672e-02 1.143305e+01 
7.109990e-02 1.143310e+01 
7.114308e-02 1.143316e+01 
7.118626e-02 1.143321e+01 
7.122943e-02 1.143328e+01 
7.127261e-02 1.143334e+01 
7.131578e-02 1.143340e+01 
7.135896e-02 1.143347e+01 
7.140213e-02 1.143354e+01 
7.144530e-02 1.143361e+01 
7.148847e-02 1.143369e+01 
7.153164e-02 1.143376e+01 
7.157481e-02 1.143384e+01 
7.161798e-02 1.143391e+01 
7.166115e-02 1.143399e+01 
7.170431e-02 1.143407e+01 
7.174748e-02 1.143415e+01 
7.179064e-02 1.143423e+01 
7.183380e-02 1.143430e+01 
7.187696e-02 1.143438e+01 
7.192012e-02 1.143446e+01 
7.196328e-02 1.143454e+01 
7.200643e-02 1.143462e+01 
7.204959e-02 1.143470e+01 
7.209274e-02 1.143477e+01 
7.213590e-02 1.143485e+01 
7.217905e-02 1.143493e+01 
7.222220e-02 1.143500e+01 
7.226535e-02 1.143508e+01 
7.230850e-02 1.143515e+01 
7.235164e-02 1.143523e+01 
7.239479e-02 1.143530e+01 
7.243794e-02 1.143537e+01 
7.248108e-02 1.143544e+01 
7.252422e-02 1.143552e+01 
7.256737e-02 1.143559e+01 
7.261051e-02 1.143566e+01 
7.265365e-02 1.143573e+01 
7.269679e-02 1.143579e+01 
7.273993e-02 1.143586e+01 
7.278307e-02 1.143593e+01 
7.282621e-02 1.143600e+01 
7.286935e-02 1.143607e+01 
7.291249e-02 1.143613e+01 
7.295563e-02 1.143620e+01 
7.299877e-02 1.143627e+01 
7.304190e-02 1.143633e+01 
7.308504e-02 1.143640e+01 
7.312818e-02 1.143647e+01 
7.317132e-02 1.143654e+01 
7.321445e-02 1.143661e+01 
7.325759e-02 1.143668e+01 
7.330073e-02 1.143674e+01 
7.334386e-02 1.143681e+01 
7.338700e-02 1.143689e+01 
7.343014e-02 1.143696e+01 
7.347328e-02 1.143703e+01 
7.351641e-02 1.143710e+01 
7.355955e-02 1.143718e+01 
7.360269e-02 1.143725e+01 
7.364583e-02 1.143733e+01 
7.368897e-02 1.143740e+01 
7.373211e-02 1.143748e+01 
7.377524e-02 1.143756e+01 
7.381838e-02 1.143764e+01 
7.386152e-02 1.143772e+01 
7.390466e-02 1.143780e+01 
7.394780e-02 1.143789e+01 
7.399095e-02 1.143797e+01 
7.403409e-02 1.143806e+01 
7.407723e-02 1.143814e+01 
7.412037e-02 1.143823e+01 
7.416351e-02 1.143832e+01 
7.420665e-02 1.143841e+01 
7.424980e-02 1.143850e+01 
7.429294e-02 1.143859e+01 
7.433608e-02 1.143868e+01 
7.437923e-02 1.143877e+01 
7.442237e-02 1.143886e+01 
7.446551e-02 1.143895e+01 
7.450866e-02 1.143904e+01 
7.455180e-02 1.143913e+01 
7.459495e-02 1.143923e+01 
7.463809e-02 1.143932e+01 
7.468124e-02 1.143941e+01 
7.472438e-02 1.143950e+01 
7.476753e-02 1.143959e+01 
7.481067e-02 1.143968e+01 
7.485382e-02 1.143977e+01 
7.489696e-02 1.143986e+01 
7.494011e-02 1.143995e+01 
7.498325e-02 1.144003e+01 
7.502640e-02 1.144012e+01 
7.506954e-02 1.144020e+01 
7.511269e-02 1.144028e+01 
7.515583e-02 1.144036e+01 
7.519897e-02 1.144044e+01 
7.524212e-02 1.144051e+01 
7.528526e-02 1.144059e+01 
7.532841e-02 1.144066e+01 
7.537155e-02 1.144073e+01 
7.541469e-02 1.144080e+01 
7.545784e-02 1.144086e+01 
7.550098e-02 1.144092e+01 
7.554412e-02 1.144098e+01 
7.558726e-02 1.144104e+01 
7.563041e-02 1.144109e+01 
7.567355e-02 1.144114e+01 
7.571669e-02 1.144119e+01 
7.575983e-02 1.144123e+01 
7.580297e-02 1.144128e+01 
7.584611e-02 1.144131e+01 
7.588925e-02 1.144135e+01 
7.593239e-02 1.144138e+01 
7.597553e-02 1.144141e+01 
7.601867e-02 1.144143e+01 
7.606181e-02 1.144146e+01 
7.610495e-02 1.144148e+01 
7.614809e-02 1.144149e+01 
7.619123e-02 1.144150e+01 
7.623437e-02 1.144151e+01 
7.627751e-02 1.144152e+01 
7.632064e-02 1.144152e+01 
7.636378e-02 1.144152e+01 
7.640692e-02 1.144152e+01 
7.645006e-02 1.144152e+01 
7.649320e-02 1.144151e+01 
7.653634e-02 1.144150e+01 
7.657948e-02 1.144148e+01 
7.662261e-02 1.144147e+01 
7.666575e-02 1.144145e+01 
7.670889e-02 1.144143e+01 
7.675203e-02 1.144140e+01 
7.679517e-02 1.144138e+01 
7.683831e-02 1.144135e+01 
7.688145e-02 1.144132e+01 
7.692459e-02 1.144129e+01 
7.696773e-02 1.144126e+01 
7.701087e-02 1.144122e+01 
7.705401e-02 1.144119e+01 
7.709715e-02 1.144115e+01 
7.714030e-02 1.144111e+01 
7.718344e-02 1.144107e+01 
7.722658e-02 1.144103e+01 
7.726973e-02 1.144099e+01 
7.731287e-02 1.144094e+01 
7.735601e-02 1.144090e+01 
7.739916e-02 1.144086e+01 
7.744230e-02 1.144081e+01 
7.748545e-02 1.144077e+01 
7.752860e-02 1.144072e+01 
7.757174e-02 1.144068e+01 
7.761489e-02 1.144063e+01 
7.765804e-02 1.144059e+01 
7.770119e-02 1.144054e+01 
7.774434e-02 1.144050e+01 
7.778749e-02 1.144045e+01 
7.783064e-02 1.144041e+01 
7.787379e-02 1.144036e+01 
7.791694e-02 1.144032e+01 
7.796009e-02 1.144027e+01 
7.800325e-02 1.144023e+01 
7.804640e-02 1.144019e+01 
7.808955e-02 1.144015e+01 
7.813271e-02 1.144010e+01 
7.817586e-02 1.144006e+01 
7.821902e-02 1.144002e+01 
7.826217e-02 1.143998e+01 
7.830533e-02 1.143994e+01 
7.834848e-02 1.143990e+01 
7.839164e-02 1.143987e+01 
7.843480e-02 1.143983e+01 
7.847796e-02 1.143979e+01 
7.852111e-02 1.143975e+01 
7.856427e-02 1.143972e+01 
7.860743e-02 1.143968e+01 
7.865059e-02 1.143965e+01 
7.869375e-02 1.143961e+01 
7.873691e-02 1.143958e+01 
7.878007e-02 1.143954e+01 
7.882323e-02 1.143951e+01 
7.886639e-02 1.143948e+01 
7.890955e-02 1.143945e+01 
7.895271e-02 1.143941e+01 
7.899587e-02 1.143938e+01 
7.903903e-02 1.143935e+01 
7.908219e-02 1.143932e+01 
7.912535e-02 1.143928e+01 
7.916851e-02 1.143925e+01 
7.921167e-02 1.143922e+01 
7.925483e-02 1.143919e+01 
7.929799e-02 1.143916e+01 
7.934115e-02 1.143912e+01 
7.938431e-02 1.143909e+01 
7.942747e-02 1.143906e+01 
7.947063e-02 1.143903e+01 
7.951379e-02 1.143899e+01 
7.955695e-02 1.143896e+01 
7.960011e-02 1.143892e+01 
7.964327e-02 1.143889e+01 
7.968643e-02 1.143886e+01 
7.972959e-02 1.143882e+01 
7.977274e-02 1.143879e+01 
7.981590e-02 1.143875e+01 
7.985906e-02 1.143872e+01 
7.990222e-02 1.143868e+01 
7.994538e-02 1.143864e+01 
7.998853e-02 1.143861e+01 
8.003169e-02 1.143857e+01 
8.007485e-02 1.143853e+01 
8.011801e-02 1.143849e+01 
8.016116e-02 1.143846e+01 
8.020432e-02 1.143842e+01 
8.024747e-02 1.143838e+01 
8.029063e-02 1.143834e+01 
8.033379e-02 1.143830e+01 
8.037694e-02 1.143826e+01 
8.042010e-02 1.143823e+01 
8.046325e-02 1.143819e+01 
8.050641e-02 1.143815e+01 
8.054957e-02 1.143811e+01 
8.059272e-02 1.143807e+01 
8.063588e-02 1.143803e+01 
8.067903e-02 1.143800e+01 
8.072219e-02 1.143796e+01 
8.076534e-02 1.143792e+01 
8.080850e-02 1.143789e+01 
8.085165e-02 1.143785e+01 
8.089481e-02 1.143781e+01 
8.093796e-02 1.143778e+01 
8.098112e-02 1.143775e+01 
8.102427e-02 1.143771e+01 
8.106743e-02 1.143768e+01 
8.111058e-02 1.143765e+01 
8.115374e-02 1.143762e+01 
8.119689e-02 1.143759e+01 
8.124005e-02 1.143756e+01 
8.128320e-02 1.143753e+01 
8.132636e-02 1.143751e+01 
8.136951e-02 1.143748e+01 
8.141267e-02 1.143746e+01 
8.145583e-02 1.143743e+01 
8.149898e-02 1.143741e+01 
8.154214e-02 1.143739e+01 
8.158529e-02 1.143737e+01 
8.162845e-02 1.143735e+01 
8.167161e-02 1.143734e+01 
8.171476e-02 1.143732e+01 
8.175792e-02 1.143731e+01 
8.180108e-02 1.143730e+01 
8.184423e-02 1.143729e+01 
8.188739e-02 1.143728e+01 
8.193055e-02 1.143727e+01 
8.197370e-02 1.143727e+01 
8.201686e-02 1.143726e+01 
8.206002e-02 1.143726e+01 
8.210317e-02 1.143726e+01 
8.214633e-02 1.143726e+01 
8.218949e-02 1.143726e+01 
8.223265e-02 1.143726e+01 
8.227580e-02 1.143726e+01 
8.231896e-02 1.143727e+01 
8.236212e-02 1.143728e+01 
8.240528e-02 1.143728e+01 
8.244844e-02 1.143729e+01 
8.249159e-02 1.143730e+01 
8.253475e-02 1.143732e+01 
8.257791e-02 1.143733e+01 
8.262107e-02 1.143734e+01 
8.266422e-02 1.143736e+01 
8.270738e-02 1.143737e+01 
8.275054e-02 1.143739e+01 
8.279369e-02 1.143741e+01 
8.283685e-02 1.143742e+01 
8.288001e-02 1.143744e+01 
8.292316e-02 1.143746e+01 
8.296632e-02 1.143748e+01 
8.300948e-02 1.143750e+01 
8.305263e-02 1.143752e+01 
8.309579e-02 1.143755e+01 
8.313894e-02 1.143757e+01 
8.318210e-02 1.143759e+01 
8.322526e-02 1.143761e+01 
8.326841e-02 1.143764e+01 
8.331157e-02 1.143766e+01 
8.335472e-02 1.143768e+01 
8.339787e-02 1.143771e+01 
8.344103e-02 1.143773e+01 
8.348418e-02 1.143775e+01 
8.352734e-02 1.143778e+01 
8.357049e-02 1.143780e+01 
8.361364e-02 1.143782e+01 
8.365680e-02 1.143785e+01 
8.369995e-02 1.143787e+01 
8.374310e-02 1.143789e+01 
8.378625e-02 1.143791e+01 
8.382940e-02 1.143794e+01 
8.387256e-02 1.143796e+01 
8.391571e-02 1.143798e+01 
8.395886e-02 1.143800e+01 
8.400201e-02 1.143802e+01 
8.404516e-02 1.143804e+01 
8.408831e-02 1.143806e+01 
8.413146e-02 1.143808e+01 
8.417461e-02 1.143810e+01 
8.421776e-02 1.143812e+01 
8.426091e-02 1.143814e+01 
8.430406e-02 1.143815e+01 
8.434721e-02 1.143817e+01 
8.439036e-02 1.143819e+01 
8.443351e-02 1.143821e+01 
8.447666e-02 1.143822e+01 
8.451980e-02 1.143824e+01 
8.456295e-02 1.143825e+01 
8.460610e-02 1.143827e+01 
8.464925e-02 1.143829e+01 
8.469240e-02 1.143830e+01 
8.473555e-02 1.143831e+01 
8.477869e-02 1.143833e+01 
8.482184e-02 1.143834e+01 
8.486499e-02 1.143836e+01 
8.490814e-02 1.143837e+01 
8.495129e-02 1.143838e+01 
8.499443e-02 1.143840e+01 
8.503758e-02 1.143841e+01 
8.508073e-02 1.143842e+01 
8.512388e-02 1.143844e+01 
8.516703e-02 1.143845e+01 
8.521018e-02 1.143846e+01 
8.525332e-02 1.143848e+01 
8.529647e-02 1.143849e+01 
8.533962e-02 1.143850e+01 
8.538277e-02 1.143852e+01 
8.542592e-02 1.143853e+01 
8.546907e-02 1.143854e+01 
8.551221e-02 1.143856e+01 
8.555536e-02 1.143857e+01 
8.559851e-02 1.143858e+01 
8.564166e-02 1.143860e+01 
8.568481e-02 1.143861e+01 
8.572796e-02 1.143862e+01 
8.577111e-02 1.143864e+01 
8.581426e-02 1.143865e+01 
8.585741e-02 1.143867e+01 
8.590056e-02 1.143868e+01 
8.594371e-02 1.143869e+01 
8.598686e-02 1.143871e+01 
8.603001e-02 1.143872e+01 
8.607316e-02 1.143874e+01 
8.611631e-02 1.143875e+01 
8.615946e-02 1.143877e+01 
8.620261e-02 1.143878e+01 
8.624576e-02 1.143880e+01 
8.628891e-02 1.143881e+01 
8.633206e-02 1.143883e+01 
8.637521e-02 1.143884e+01 
8.641836e-02 1.143886e+01 
8.646151e-02 1.143888e+01 
8.650467e-02 1.143889e+01 
8.654782e-02 1.143891e+01 
8.659097e-02 1.143892e+01 
8.663412e-02 1.143894e+01 
8.667727e-02 1.143895e+01 
8.672042e-02 1.143896e+01 
8.676357e-02 1.143898e+01 
8.680672e-02 1.143899e+01 
8.684987e-02 1.143901e+01 
8.689303e-02 1.143902e+01 
8.693618e-02 1.143903e+01 
8.697933e-02 1.143905e+01 
8.702248e-02 1.143906e+01 
8.706563e-02 1.143907e+01 
8.710878e-02 1.143908e+01 
8.715193e-02 1.143909e+01 
8.719508e-02 1.143910e+01 
8.723824e-02 1.143911e+01 
8.728139e-02 1.143912e+01 
8.732454e-02 1.143913e+01 
8.736769e-02 1.143914e+01 
8.741084e-02 1.143915e+01 
8.745399e-02 1.143916e+01 
8.749714e-02 1.143916e+01 
8.754029e-02 1.143917e+01 
8.758344e-02 1.143918e+01 
8.762659e-02 1.143918e+01 
8.766974e-02 1.143919e+01 
8.771289e-02 1.143919e+01 
8.775604e-02 1.143919e+01 
8.779919e-02 1.143920e+01 
8.784235e-02 1.143920e+01 
8.788550e-02 1.143920e+01 
8.792865e-02 1.143920e+01 
8.797180e-02 1.143920e+01 
8.801495e-02 1.143920e+01 
8.805810e-02 1.143920e+01 
8.810125e-02 1.143920e+01 
8.814440e-02 1.143919e+01 
8.818755e-02 1.143919e+01 
8.823070e-02 1.143919e+01 
8.827385e-02 1.143918e+01 
8.831700e-02 1.143918e+01 
8.836015e-02 1.143917e+01 
8.840330e-02 1.143917e+01 
8.844645e-02 1.143916e+01 
8.848960e-02 1.143915e+01 
8.853275e-02 1.143915e+01 
8.857590e-02 1.143914e+01 
8.861905e-02 1.143913e+01 
8.866220e-02 1.143912e+01 
8.870535e-02 1.143911e+01 
8.874850e-02 1.143910e+01 
8.879165e-02 1.143910e+01 
8.883480e-02 1.143909e+01 
8.887795e-02 1.143908e+01 
8.892110e-02 1.143907e+01 
8.896425e-02 1.143905e+01 
8.900740e-02 1.143904e+01 
8.905055e-02 1.143903e+01 
8.909370e-02 1.143902e+01 
8.913685e-02 1.143901e+01 
8.918000e-02 1.143900e+01 
8.922315e-02 1.143899e+01 
8.926631e-02 1.143898e+01 
8.930946e-02 1.143897e+01 
8.935261e-02 1.143896e+01 
8.939576e-02 1.143895e+01 
8.943891e-02 1.143893e+01 
8.948206e-02 1.143892e+01 
8.952522e-02 1.143891e+01 
8.956837e-02 1.143890e+01 
8.961152e-02 1.143889e+01 
8.965467e-02 1.143888e+01 
8.969782e-02 1.143887e+01 
8.974098e-02 1.143886e+01 
8.978413e-02 1.143885e+01 
8.982728e-02 1.143884e+01 
8.987043e-02 1.143883e+01 
8.991359e-02 1.143882e+01 
8.995674e-02 1.143881e+01 
8.999989e-02 1.143881e+01 
9.004305e-02 1.143880e+01 
9.008620e-02 1.143879e+01 
9.012935e-02 1.143878e+01 
9.017251e-02 1.143877e+01 
9.021566e-02 1.143877e+01 
9.025881e-02 1.143876e+01 
9.030197e-02 1.143875e+01 
9.034512e-02 1.143874e+01 
9.038827e-02 1.143874e+01 
9.043143e-02 1.143873e+01 
9.047458e-02 1.143873e+01 
9.051773e-02 1.143872e+01 
9.056089e-02 1.143871e+01 
9.060404e-02 1.143871e+01 
9.064720e-02 1.143870e+01 
9.069035e-02 1.143870e+01 
9.073350e-02 1.143869e+01 
9.077666e-02 1.143869e+01 
9.081981e-02 1.143868e+01 
9.086297e-02 1.143868e+01 
9.090612e-02 1.143867e+01 
9.094927e-02 1.143867e+01 
9.099243e-02 1.143866e+01 
9.103558e-02 1.143866e+01 
9.107874e-02 1.143865e+01 
9.112189e-02 1.143865e+01 
9.116504e-02 1.143864e+01 
9.120820e-02 1.143864e+01 
9.125135e-02 1.143864e+01 
9.129450e-02 1.143863e+01 
9.133766e-02 1.143863e+01 
9.138081e-02 1.143862e+01 
9.142397e-02 1.143862e+01 
9.146712e-02 1.143861e+01 
9.151027e-02 1.143861e+01 
9.155343e-02 1.143860e+01 
9.159658e-02 1.143860e+01 
9.163973e-02 1.143859e+01 
9.168289e-02 1.143859e+01 
9.172604e-02 1.143858e+01 
9.176919e-02 1.143858e+01 
9.181235e-02 1.143857e+01 
9.185550e-02 1.143857e+01 
9.189865e-02 1.143856e+01 
9.194180e-02 1.143856e+01 
