1.570796326794896558e+00 3.639000694269815881e+02
1.567126241919207574e+00 3.654736925537109755e+02
1.563456157043518591e+00 3.676717032511393199e+02
1.559786072167829607e+00 3.663866586916606707e+02
1.556115987292140623e+00 3.657300912111918478e+02
1.552445902416451418e+00 3.643833018188477126e+02
1.548775817540762434e+00 3.636636358067830201e+02
1.545105732665073450e+00 3.618138307426452229e+02
1.541435647789384467e+00 3.605874061492919509e+02
1.537765562913695483e+00 3.583434098922729163e+02
1.534095478038006499e+00 3.567195078440348652e+02
1.530425393162317516e+00 3.540755355895996672e+02
1.526755308286628532e+00 3.520475984456380161e+02
1.523085223410939326e+00 3.490281088884989913e+02
1.519415138535250342e+00 3.466198717656453141e+02
1.515745053659561359e+00 3.432454883295695254e+02
1.512074968783872375e+00 3.404767299374898926e+02
1.508404883908183391e+00 3.367719875544229922e+02
1.504734799032494408e+00 3.336663621780395488e+02
1.501064714156805424e+00 3.296573466122944183e+02
1.497394629281116440e+00 3.262400197586059676e+02
1.493724544405427235e+00 3.219544685317992503e+02
1.490054459529738251e+00 3.182522313860575309e+02
1.486384374654049267e+00 3.137190109603881751e+02
1.482714289778360284e+00 3.097597651481628418e+02
1.479044204902671300e+00 3.050085061566670674e+02
1.475374120026982316e+00 3.008209079533893942e+02
1.471704035151293333e+00 2.958816111323038172e+02
1.468033950275604349e+00 2.914946877952575619e+02
1.464363865399915365e+00 2.863973575668334774e+02
1.460693780524226160e+00 2.818401518658956206e+02
1.457023695648537176e+00 2.766144514122009923e+02
1.453353610772848192e+00 2.719156885559082184e+02
1.449683525897159209e+00 2.665906273173014256e+02
1.446013441021470225e+00 2.617784121276855558e+02
1.442343356145781241e+00 2.563820649907429470e+02
1.438673271270092258e+00 2.514836138081868739e+02
1.435003186394403052e+00 2.460428773386637431e+02
1.431333101518714068e+00 2.410842835100809793e+02
1.427663016643025085e+00 2.356246714037577306e+02
1.423992931767336101e+00 2.306307087768554140e+02
1.420322846891647117e+00 2.251761870852152470e+02
1.416652762015958134e+00 2.201701549405416074e+02
1.412982677140269150e+00 2.147430098218282239e+02
1.409312592264580166e+00 2.097466079760233697e+02
1.405642507388891183e+00 2.043673555514017721e+02
1.401972422513201977e+00 1.994005983858743889e+02
1.398302337637512993e+00 1.940879281697590670e+02
1.394632252761824009e+00 1.891690913653056043e+02
1.390962167886135026e+00 1.839398379447937373e+02
1.387292083010446042e+00 1.790854320157368704e+02
1.383621998134757058e+00 1.739545798711140776e+02
1.379951913259068075e+00 1.691793638946533065e+02
1.376281828383379091e+00 1.641600459986368890e+02
1.372611743507690107e+00 1.594770086316426614e+02
1.368941658632000902e+00 1.545806586143493462e+02
1.365271573756311918e+00 1.500011718849182216e+02
1.361601488880622934e+00 1.452374324043273930e+02
1.357931404004933951e+00 1.407711763664245552e+02
1.354261319129244967e+00 1.361480972373962004e+02
1.350591234253555983e+00 1.318032328804016231e+02
1.346921149377867000e+00 1.273273101765950344e+02
1.343251064502177794e+00 1.231105321464538633e+02
1.339580979626488810e+00 1.187868464007059828e+02
1.335910894750799827e+00 1.147034919161478541e+02
1.332240809875110843e+00 1.105357858220418308e+02
1.328570724999421859e+00 1.065899267395019621e+02
1.324900640123732876e+00 1.025807293131510534e+02
1.321230555248043892e+00 9.877527134043376122e+01
1.317560470372354908e+00 9.492598827438352771e+01
1.313890385496665925e+00 9.126277503382364387e+01
1.310220300620976719e+00 8.757381220041909842e+01
1.306550215745287735e+00 8.405373353907266676e+01
1.302880130869598752e+00 8.052461015777588216e+01
1.299210045993909768e+00 7.714770054906209396e+01
1.295539961118220784e+00 7.377713776245116151e+01
1.291869876242531801e+00 7.054267123870849332e+01
1.288199791366842817e+00 6.732869739659626873e+01
1.284529706491153611e+00 6.423528052571616342e+01
1.280859621615464849e+00 6.117532615152995135e+01
1.277189536739775644e+00 5.822098516337077001e+01
1.273519451864086660e+00 5.531196211242675531e+01
1.269849366988397676e+00 5.249422288182577745e+01
1.266179282112708693e+00 4.973261198374429881e+01
1.262509197237019709e+00 4.704857656199137494e+01
1.258839112361330725e+00 4.443049970041909802e+01
1.255169027485641742e+00 4.187691821467081610e+01
1.251498942609952536e+00 3.939820801391601179e+01
1.247828857734263552e+00 3.697154258829752393e+01
1.244158772858574569e+00 3.462780408376058006e+01
1.240488687982885585e+00 3.232428382441202785e+01
1.236818603107196601e+00 3.011094823125203490e+01
1.233148518231507618e+00 2.792662496439615794e+01
1.229478433355818634e+00 2.583900109303792192e+01
1.225808348480129428e+00 2.376979420852661207e+01
1.222138263604440667e+00 2.180311283162435387e+01
1.218468178728751461e+00 1.984485205739339264e+01
1.214798093853062699e+00 1.799430440699259748e+01
1.211128008977373494e+00 1.614276642634074221e+01
1.207457924101684510e+00 1.440353894449869898e+01
1.203787839225995526e+00 1.265447986348470089e+01
1.200117754350306543e+00 1.102178308970133358e+01
1.196447669474617559e+00 9.370966422526041839e+00
1.192777584598928575e+00 7.840060452016194503e+00
1.189107499723239592e+00 6.283281192016601402e+00
1.185437414847550386e+00 4.849497718302409055e+00
1.181767329971861402e+00 3.382602983856202172e+00
1.178097245096172418e+00 2.041362992858886560e+00
1.174427160220483435e+00 6.602693311055499725e-01
1.170757075344794451e+00 -5.929018844604492244e-01
1.167086990469105467e+00 -1.892193464660644864e+00
1.163416905593416484e+00 -3.061654158274333071e+00
1.159746820717727278e+00 -4.283046944936116596e+00
1.156076735842038294e+00 -5.373029188537597811e+00
1.152406650966349311e+00 -6.520320759073893413e+00
1.148736566090660327e+00 -7.534923181152343830e+00
1.145066481214971343e+00 -8.611798206583658910e+00
1.141396396339282360e+00 -9.554980266571044822e+00
1.137726311463593376e+00 -1.056500449625650795e+01
1.134056226587904170e+00 -1.144058279012044110e+01
1.130386141712215409e+00 -1.238719945220947061e+01
1.126716056836526203e+00 -1.319884536743164105e+01
1.123045971960837219e+00 -1.408537186584472778e+01
1.119375887085148236e+00 -1.483661067886352569e+01
1.115705802209459252e+00 -1.566623756205240880e+01
1.112035717333770268e+00 -1.636044843190511244e+01
1.108365632458081285e+00 -1.713623871536254839e+01
1.104695547582392301e+00 -1.777665553588867198e+01
1.101025462706703095e+00 -1.850154521408081010e+01
1.097355377831014334e+00 -1.909125862808227581e+01
1.093685292955325128e+00 -1.976805812835693388e+01
1.090015208079636366e+00 -2.031001792144775564e+01
1.086345123203947161e+00 -2.094141322224935209e+01
1.082675038328258177e+00 -2.143843111165364590e+01
1.079004953452569193e+00 -2.202698668314615915e+01
1.075334868576880210e+00 -2.248174009399413720e+01
1.071664783701191226e+00 -2.302990146967569629e+01
1.067994698825502020e+00 -2.344493682454426420e+01
1.064324613949813259e+00 -2.395503367411295770e+01
1.060654529074124053e+00 -2.433277072245279982e+01
1.056984444198435069e+00 -2.480701984990437481e+01
1.053314359322746085e+00 -2.514975666275024935e+01
1.049644274447057102e+00 -2.559026766306559608e+01
1.045974189571368118e+00 -2.590018192443847767e+01
1.042304104695678912e+00 -2.630895529149373147e+01
1.038634019819990151e+00 -2.658811978556315125e+01
1.034963934944300945e+00 -2.696706778793334891e+01
1.031293850068612183e+00 -2.721740638173421090e+01
1.027623765192922978e+00 -2.756824289499918734e+01
1.023953680317233994e+00 -2.779166670862833755e+01
1.020283595441545010e+00 -2.811625012969970072e+01
1.016613510565856027e+00 -2.831443604380289614e+01
1.012943425690167043e+00 -2.861429504674276458e+01
1.009273340814477837e+00 -2.878894568506876794e+01
1.005603255938789076e+00 -2.906563981145223252e+01
1.001933171063099870e+00 -2.921830290323893564e+01
9.982630861874108863e-01 -2.947327214482625379e+01
9.945930013117219026e-01 -2.960542559789021766e+01
9.909229164360329190e-01 -2.984004369964599590e+01
9.872528315603439353e-01 -2.995307800649007035e+01
9.835827466846548406e-01 -3.016864070688883714e+01
9.799126618089658569e-01 -3.026386832987467557e+01
9.762425769332768732e-01 -3.046160034968058383e+01
9.725724920575878896e-01 -3.054025799204508473e+01
9.689024071818987949e-01 -3.072131584777832103e+01
9.652323223062098112e-01 -3.078456815490722676e+01
9.615622374305208275e-01 -3.095004323755900089e+01
9.578921525548318439e-01 -3.099898762359618942e+01
9.542220676791427492e-01 -3.114991021982828912e+01
9.505519828034537655e-01 -3.118557815729777261e+01
9.468818979277647818e-01 -3.132291882985433062e+01
9.432118130520757981e-01 -3.134628202667236252e+01
9.395417281763867035e-01 -3.147095699310302663e+01
9.358716433006978308e-01 -3.148292756042480534e+01
9.322015584250087361e-01 -3.159579904581705989e+01
9.285314735493197524e-01 -3.159723540293375876e+01
9.248613886736306577e-01 -3.169911598154703469e+01
9.211913037979417851e-01 -3.169082365392048928e+01
9.175212189222526904e-01 -3.178247837371826279e+01
9.138511340465637067e-01 -3.176521407699584998e+01
9.101810491708746120e-01 -3.184736348419189156e+01
9.065109642951857394e-01 -3.182183701782226493e+01
9.028408794194966447e-01 -3.189515842793782596e+01
8.991707945438076610e-01 -3.186203632151286058e+01
8.955007096681185663e-01 -3.192716724446614762e+01
8.918306247924296937e-01 -3.188707402572632077e+01
8.881605399167405990e-01 -3.194461372172037983e+01
8.844904550410516153e-01 -3.189813480072021434e+01
8.808203701653625206e-01 -3.194864674580891872e+01
8.771502852896736480e-01 -3.189633031260172658e+01
8.734802004139845533e-01 -3.194034364344279098e+01
8.698101155382955696e-01 -3.188270314076741840e+01
8.661400306626065859e-01 -3.192071442998249964e+01
8.624699457869176022e-01 -3.185823027394612694e+01
8.587998609112286186e-01 -3.189070641632079273e+01
8.551297760355395239e-01 -3.182382757873535439e+01
8.514596911598505402e-01 -3.185120599695842358e+01
8.477896062841615565e-01 -3.178035262705484953e+01
8.441195214084725729e-01 -3.180304398295084312e+01
8.404494365327834782e-01 -3.172860828704834191e+01
8.367793516570944945e-01 -3.174699766820272018e+01
8.331092667814055108e-01 -3.166934579366048297e+01
8.294391819057165272e-01 -3.168379398218790755e+01
8.257690970300274325e-01 -3.160326777242024576e+01
8.220990121543384488e-01 -3.161411273549397549e+01
8.184289272786494651e-01 -3.153103086878458683e+01
8.147588424029604814e-01 -3.153858917643229276e+01
8.110887575272713867e-01 -3.145324860458373450e+01
8.074186726515824031e-01 -3.145781667861938402e+01
8.037485877758934194e-01 -3.137049371439615797e+01
8.000785029002044357e-01 -3.137234827219645439e+01
7.964084180245153410e-01 -3.128330054880778022e+01
7.927383331488263574e-01 -3.128270128580728837e+01
7.890682482731373737e-01 -3.119216762339274140e+01
7.853981633974483900e-01 -3.118935602620442893e+01
7.817280785217594063e-01 -3.109755915298461204e+01
7.780579936460703117e-01 -3.109276168162028497e+01
7.743879087703813280e-01 -3.099990736592610574e+01
7.707178238946922333e-01 -3.099333543268839364e+01
7.670477390190033606e-01 -3.089961471659342251e+01
7.633776541433142659e-01 -3.089146480916340920e+01
7.597075692676252823e-01 -3.079705507202147530e+01
7.560374843919361876e-01 -3.078751071929931626e+01
7.523673995162473149e-01 -3.069257587636311513e+01
7.486973146405582202e-01 -3.068180832824707238e+01
7.450272297648692366e-01 -3.058649954630534040e+01
7.413571448891801419e-01 -3.057466791229247960e+01
7.376870600134912692e-01 -3.047912520701090244e+01
7.340169751378021745e-01 -3.046637742614746003e+01
7.303468902621131909e-01 -3.037072958170573145e+01
7.266768053864240962e-01 -3.035720331064860034e+01
7.230067205107352235e-01 -3.026156888351440699e+01
7.193366356350461288e-01 -3.024739177347819208e+01
7.156665507593571451e-01 -3.015187972361246693e+01
7.119964658836680504e-01 -3.013717017466226977e+01
7.083263810079791778e-01 -3.004188038431803420e+01
7.046562961322900831e-01 -3.002674853566487911e+01
7.009862112566010994e-01 -2.993177199325561588e+01
6.973161263809120047e-01 -2.991631914825439509e+01
6.936460415052231321e-01 -2.982174050343831340e+01
6.899759566295340374e-01 -2.980606166534423807e+01
6.863058717538450537e-01 -2.971195415395100881e+01
6.826357868781559590e-01 -2.969613470560709700e+01
6.789657020024670864e-01 -2.960256615244547618e+01
6.752956171267779917e-01 -2.958668845163981231e+01
6.716255322510890080e-01 -2.949373415552775413e+01
6.679554473753999133e-01 -2.947786959737141999e+01
6.642853624997110407e-01 -2.938557597096761143e+01
6.606152776240219460e-01 -2.936979267425537188e+01
6.569451927483329623e-01 -2.927821160227457753e+01
6.532751078726438676e-01 -2.926257146759033390e+01
6.496050229969549950e-01 -2.917174969940185392e+01
6.459349381212659003e-01 -2.915631038970947486e+01
6.422648532455769166e-01 -2.906628881886800286e+01
6.385947683698878219e-01 -2.905110239969889463e+01
6.349246834941989492e-01 -2.896191733296712201e+01
6.312545986185098545e-01 -2.894703127339681359e+01
6.275845137428208709e-01 -2.885871498006185121e+01
6.239144288671319982e-01 -2.884417263895670303e+01
6.202443439914429035e-01 -2.875675302022298396e+01
6.165742591157538088e-01 -2.874259368947347326e+01
6.129041742400648252e-01 -2.865609525578816985e+01
6.092340893643759525e-01 -2.864235427652995369e+01
6.055640044886868578e-01 -2.855679809544881209e+01
6.018939196129977631e-01 -2.854350766067504708e+01
5.982238347373087795e-01 -2.845891121775309784e+01
5.945537498616199068e-01 -2.844609993235270196e+01
5.908836649859308121e-01 -2.836247820485432669e+01
5.872135801102417174e-01 -2.835017175216675156e+01
5.835434952345527337e-01 -2.826753680623372134e+01
5.798734103588638611e-01 -2.825575800526936732e+01
5.762033254831747664e-01 -2.817411935043335092e+01
5.725332406074856717e-01 -2.816288845545450670e+01
5.688631557317966880e-01 -2.808225298461914576e+01
5.651930708561077044e-01 -2.807158763987223082e+01
5.615229859804187207e-01 -2.799196068038939700e+01
5.578529011047297370e-01 -2.798187618764241691e+01
5.541828162290405313e-01 -2.790326039403279879e+01
5.505127313533517697e-01 -2.789376986083984633e+01
5.468426464776627860e-01 -2.781616645940144750e+01
5.431725616019735803e-01 -2.780728129399617288e+01
5.395024767262845966e-01 -2.773068956019083586e+01
5.358323918505956129e-01 -2.772241908823649936e+01
5.321623069749066293e-01 -2.764683687820434344e+01
5.284922220992176456e-01 -2.763918877003987618e+01
5.248221372235284399e-01 -2.756461249821980886e+01
5.211520523478396782e-01 -2.755759277140299801e+01
5.174819674721506946e-01 -2.748401759948730216e+01
5.138118825964614889e-01 -2.747763093210856056e+01
5.101417977207725052e-01 -2.740505062001546221e+01
5.064717128450835215e-01 -2.739930024464925040e+01
5.028016279693945378e-01 -2.732770768661498906e+01
4.991315430937055542e-01 -2.732259557088216084e+01
4.954614582180163485e-01 -2.725198227920532190e+01
4.917913733423275868e-01 -2.724750915832520093e+01
4.881212884666386032e-01 -2.717786620330809910e+01
4.844512035909493974e-01 -2.717403185170492108e+01
4.807811187152604138e-01 -2.710534917297363222e+01
4.771110338395714301e-01 -2.710215213979084936e+01
4.734409489638824464e-01 -2.703441922760009675e+01
4.697708640881934627e-01 -2.703185765813191566e+01
4.661007792125042570e-01 -2.696506298599243223e+01
4.624306943368154954e-01 -2.696313382415771187e+01
4.587606094611265117e-01 -2.689726548589070987e+01
4.550905245854373060e-01 -2.689596504847208536e+01
4.514204397097483223e-01 -2.683101055882771391e+01
4.477503548340593387e-01 -2.683033423716227261e+01
4.440802699583703550e-01 -2.676628082784017337e+01
4.404101850826813713e-01 -2.676622361195881794e+01
4.367401002069921656e-01 -2.670305781097411923e+01
4.330700153313034040e-01 -2.670361405690510992e+01
4.293999304556144203e-01 -2.664132227986653589e+01
4.257298455799252146e-01 -2.664248584899902283e+01
4.220597607042362309e-01 -2.658105399729410934e+01
4.183896758285472472e-01 -2.658281835556030259e+01
4.147195909528582636e-01 -2.652223237406412792e+01
4.110495060771692799e-01 -2.652459032287597651e+01
4.073794212014800742e-01 -2.646483566436767632e+01
4.037093363257913126e-01 -2.646777983729045047e+01
4.000392514501023289e-01 -2.640884189529419146e+01
3.963691665744131232e-01 -2.641236456858317183e+01
3.926990816987243615e-01 -2.635422865066528786e+01
3.890289968230351558e-01 -2.635832168401082498e+01
3.853589119473461722e-01 -2.630097299855550119e+01
3.816888270716571885e-01 -2.630562817408243959e+01
3.780187421959682048e-01 -2.624905184885660603e+01
3.743486573202792211e-01 -2.625426072057088334e+01
3.706785724445902375e-01 -2.619844162623087414e+01
3.670084875689010318e-01 -2.620419537734985482e+01
3.633384026932122701e-01 -2.614911859334310051e+01
3.596683178175230644e-01 -2.615540832087199163e+01
3.559982329418340807e-01 -2.610105897878010950e+01
3.523281480661450971e-01 -2.610787562052408717e+01
3.486580631904561134e-01 -2.605423879496256490e+01
3.449879783147671297e-01 -2.606157322642008367e+01
3.413178934390781460e-01 -2.600863398412068861e+01
3.376478085633889403e-01 -2.601647712554931502e+01
3.339777236877001787e-01 -2.596422093734741310e+01
3.303076388120109730e-01 -2.597256350250244239e+01
3.266375539363219893e-01 -2.592097645060221467e+01
3.229674690606330056e-01 -2.592981384073893025e+01
3.192973841849440220e-01 -2.587887723871866541e+01
3.156272993092550383e-01 -2.588819150594076035e+01
3.119572144335660546e-01 -2.583789284108479833e+01
3.082871295578768489e-01 -2.584767457809448743e+01
3.046170446821880873e-01 -2.579800362803141311e+01
3.009469598064991036e-01 -2.580824946695963362e+01
2.972768749308098979e-01 -2.575918885752359344e+01
2.936067900551209142e-01 -2.576988684997558821e+01
2.899367051794319305e-01 -2.572142297592163018e+01
2.862666203037429469e-01 -2.573256426111857564e+01
2.825965354280539632e-01 -2.568468303680419851e+01
2.789264505523647575e-01 -2.569625805638630922e+01
2.752563656766759959e-01 -2.564894593582152993e+01
2.715862808009870122e-01 -2.566094552485148128e+01
2.679161959252978065e-01 -2.561418887430826885e+01
2.642461110496088228e-01 -2.562660396067300894e+01
2.605760261739198391e-01 -2.558038947245279715e+01
2.569059412982308555e-01 -2.559321079101562546e+01
2.532358564225418718e-01 -2.554752553431193363e+01
2.495657715468526661e-01 -2.556074411214192565e+01
2.458956866711639044e-01 -2.551557499923706374e+01
2.422256017954749208e-01 -2.552918200454711695e+01
2.385555169197857150e-01 -2.548451639302571792e+01
2.348854320440967314e-01 -2.549850273590087113e+01
2.312153471684077477e-01 -2.545432818374634465e+01
2.275452622927187640e-01 -2.546868515294393021e+01
2.238751774170297804e-01 -2.542498931935627837e+01
2.202050925413405746e-01 -2.543970850524902616e+01
2.165350076656518130e-01 -2.539647932510375128e+01
2.128649227899628293e-01 -2.541155201237996408e+01
2.091948379142736236e-01 -2.536877776794433359e+01
2.055247530385846400e-01 -2.538419577865600019e+01
2.018546681628956563e-01 -2.534186453119914262e+01
1.981845832872066726e-01 -2.535761942672729319e+01
1.945144984115176889e-01 -2.531571990356445312e+01
1.908444135358284832e-01 -2.533180360310872103e+01
1.871743286601397216e-01 -2.529032463073729886e+01
1.835042437844507379e-01 -2.530672904103596466e+01
1.798341589087615322e-01 -2.526565974807739678e+01
1.761640740330725485e-01 -2.528237704722086576e+01
1.724939891573835649e-01 -2.524170659713744413e+01
1.688239042816945812e-01 -2.525872902755736504e+01
1.651538194060055975e-01 -2.521844689076741020e+01
1.614837345303166138e-01 -2.523576680475871115e+01
1.578136496546276302e-01 -2.519586258443196769e+01
1.541435647789386465e-01 -2.521347239481608327e+01
1.504734799032494408e-01 -2.517393616612752183e+01
1.468033950275606792e-01 -2.519182848688760856e+01
1.431333101518714734e-01 -2.515265029144287112e+01
1.394632252761824898e-01 -2.517081798121134284e+01
1.357931404004935061e-01 -2.513198814926147406e+01
1.321230555248045224e-01 -2.515042413686116873e+01
1.284529706491155387e-01 -2.511193319956461067e+01
1.247828857734265551e-01 -2.513063054173787592e+01
1.211128008977373494e-01 -2.509246930567423561e+01
1.174427160220485877e-01 -2.511142119013468132e+01
1.137726311463593820e-01 -2.507358063430786643e+01
1.101025462706703983e-01 -2.509278036600748507e+01
1.064324613949814147e-01 -2.505525162862141997e+01
1.027623765192924310e-01 -2.507469263280232497e+01
9.909229164360344733e-02 -2.503746704813639212e+01
9.542220676791446365e-02 -2.505714298985798649e+01
9.175212189222525794e-02 -2.502021212946574025e+01
8.808203701653649631e-02 -2.504011668217976805e+01
8.441195214084729059e-02 -2.500347248026529812e+01
8.074186726515830692e-02 -2.502359957758586262e+01
7.707178238946932325e-02 -2.498723387451171618e+01
7.340169751378033958e-02 -2.500757759170532424e+01
6.973161263809135590e-02 -2.497148246459961385e+01
6.606152776240237223e-02 -2.499203686396280943e+01
6.239144288671316652e-02 -2.495620497182210329e+01
5.872135801102440489e-02 -2.497696426213582654e+01
5.505127313533519917e-02 -2.494138797149658160e+01
5.138118825964621550e-02 -2.496234669698079145e+01
4.771110338395723183e-02 -2.492701872278849962e+01
4.404101850826824815e-02 -2.494817134679158244e+01
4.037093363257926448e-02 -2.491308460184732709e+01
3.670084875689028081e-02 -2.493442568333944109e+01
3.303076388120107509e-02 -2.489957335052489995e+01
2.936067900551231347e-02 -2.492109778900146821e+01
2.569059412982310775e-02 -2.488647302652994497e+01
2.202050925413412408e-02 -2.490817561518351297e+01
1.835042437844514041e-02 -2.487377198257446764e+01
1.468033950275615673e-02 -2.489564786809285479e+01
1.101025462706717306e-02 -2.486145889002482434e+01
7.340169751378189389e-03 -2.488350299962361589e+01
3.670084875688983672e-03 -2.484952263565064001e+01
2.220446049250313081e-16 -2.487173046112060604e+01
-3.670084875688983672e-03 -2.483795206247966192e+01
-7.340169751377745300e-03 -2.486031833089192489e+01
-1.101025462706695102e-02 -2.482673741912842402e+01
-1.468033950275593469e-02 -2.484925946858724188e+01
-1.835042437844514041e-02 -2.481586601435344264e+01
-2.202050925413390203e-02 -2.483853474070231115e+01
-2.569059412982288571e-02 -2.480533457310994550e+01
-2.936067900551209142e-02 -2.482815771865844567e+01
-3.303076388120107509e-02 -2.479512707570393459e+01
-3.670084875688983672e-02 -2.481808213780721317e+01
-4.037093363257904244e-02 -2.478523242238363267e+01
-4.404101850826802611e-02 -2.480833067932128699e+01
-4.771110338395723183e-02 -2.477564744237264804e+01
-5.138118825964599345e-02 -2.479887684402465808e+01
-5.505127313533497713e-02 -2.476635837376911908e+01
-5.872135801102418284e-02 -2.478971804580688953e+01
-6.239144288671316652e-02 -2.475735867589314765e+01
-6.606152776240192814e-02 -2.478084415639241200e+01
-6.973161263809113386e-02 -2.474863944346109434e+01
-7.340169751378011753e-02 -2.477224733912150256e+01
-7.707178238946887916e-02 -2.474019251658121732e+01
-8.074186726515808488e-02 -2.476391909128825120e+01
-8.441195214084706855e-02 -2.473200978978475106e+01
-8.808203701653627427e-02 -2.475585168507894096e+01
-9.175212189222503589e-02 -2.472408344701131355e+01
-9.542220676791401957e-02 -2.474803722763061131e+01
-9.909229164360322528e-02 -2.471640584793090767e+01
-1.027623765192922090e-01 -2.474046823705037568e+01
-1.064324613949809706e-01 -2.470896937993368070e+01
-1.101025462706701763e-01 -2.473313712895711092e+01
-1.137726311463591600e-01 -2.470176711273193249e+01
-1.174427160220483657e-01 -2.472603699417114598e+01
-1.211128008977371273e-01 -2.469479162368774539e+01
-1.247828857734261110e-01 -2.471916066640218190e+01
-1.284529706491153167e-01 -2.468803627268472667e+01
-1.321230555248043004e-01 -2.471250154012044931e+01
-1.357931404004930620e-01 -2.468149426244099942e+01
-1.394632252761822677e-01 -2.470605291798910130e+01
-1.431333101518712514e-01 -2.467515945688883860e+01
-1.468033950275604571e-01 -2.469980877990722234e+01
-1.504734799032492187e-01 -2.466902534790039425e+01
-1.541435647789382024e-01 -2.469376257781982176e+01
-1.578136496546274081e-01 -2.466308615036010821e+01
-1.614837345303163918e-01 -2.468790856068929784e+01
-1.651538194060051534e-01 -2.465733555272420574e+01
-1.688239042816943591e-01 -2.468224056498209507e+01
-1.724939891573833428e-01 -2.465176794865925913e+01
-1.761640740330725485e-01 -2.467675306091308585e+01
-1.798341589087613102e-01 -2.464637780558268432e+01
-1.835042437844502938e-01 -2.467144085871378678e+01
-1.871743286601394995e-01 -2.464115983784993347e+01
-1.908444135358284832e-01 -2.466629830322265349e+01
-1.945144984115172448e-01 -2.463610857264200860e+01
-1.981845832872064506e-01 -2.466132019653319674e+01
-2.018546681628954342e-01 -2.463121900202433423e+01
-2.055247530385846400e-01 -2.465650144475300820e+01
-2.091948379142734016e-01 -2.462648599370321278e+01
-2.128649227899623853e-01 -2.465183709182739236e+01
-2.165350076656515910e-01 -2.462190473429361859e+01
-2.202050925413405746e-01 -2.464732248357137223e+01
-2.238751774170293363e-01 -2.461747063852946127e+01
-2.275452622927185420e-01 -2.464295296096801735e+01
-2.312153471684075257e-01 -2.461317916564941299e+01
-2.348854320440967314e-01 -2.463872418670653630e+01
-2.385555169197854930e-01 -2.460902605692545464e+01
-2.422256017954744767e-01 -2.463463162333170331e+01
-2.458956866711636824e-01 -2.460500657602945651e+01
-2.495657715468526661e-01 -2.463067103703816585e+01
-2.532358564225414277e-01 -2.460111684570312462e+01
-2.569059412982306334e-01 -2.462683813832600777e+01
-2.605760261739196171e-01 -2.459735276056925457e+01
-2.642461110496088228e-01 -2.462312928949991431e+01
-2.679161959252975844e-01 -2.459371036300659341e+01
-2.715862808009865681e-01 -2.461954049275716017e+01
-2.752563656766757738e-01 -2.459018603057861441e+01
-2.789264505523647575e-01 -2.461606805699666367e+01
-2.825965354280535191e-01 -2.458677593332926392e+01
-2.862666203037427248e-01 -2.461270813090006371e+01
-2.899367051794317085e-01 -2.458347653859456372e+01
-2.936067900551209142e-01 -2.460945747070312351e+01
-2.972768749308096758e-01 -2.458028432922362683e+01
-3.009469598064986595e-01 -2.460631245295206782e+01
-3.046170446821878652e-01 -2.457719601033528534e+01
-3.082871295578768489e-01 -2.460326980387370455e+01
-3.119572144335656105e-01 -2.457420823033650592e+01
-3.156272993092548163e-01 -2.460032640406290483e+01
-3.192973841849437999e-01 -2.457131781768798717e+01
-3.229674690606325616e-01 -2.459747891031900835e+01
-3.266375539363217673e-01 -2.456852185567219493e+01
-3.303076388120107509e-01 -2.459472447052001343e+01
-3.339777236876999567e-01 -2.456581724548339452e+01
-3.376478085633889403e-01 -2.459206013437906790e+01
-3.413178934390777020e-01 -2.456320123367309449e+01
-3.449879783147669077e-01 -2.458948315149942943e+01
-3.486580631904558913e-01 -2.456067085291544316e+01
-3.523281480661446530e-01 -2.458699072087605586e+01
-3.559982329418338587e-01 -2.455822380650838355e+01
-3.596683178175228424e-01 -2.458458021697998319e+01
-3.633384026932120481e-01 -2.455585723444620427e+01
-3.670084875689010318e-01 -2.458224939448038526e+01
-3.706785724445897934e-01 -2.455357049865722985e+01
-3.743486573202789991e-01 -2.457999911448161257e+01
-3.780187421959679828e-01 -2.455135698928832966e+01
-3.816888270716567444e-01 -2.457781265284220851e+01
-3.853589119473459501e-01 -2.454920601857503115e+01
-3.890289968230349338e-01 -2.457569195251465288e+01
-3.926990816987241395e-01 -2.454713196258544627e+01
-3.963691665744131232e-01 -2.457365580037435038e+01
-4.000392514501018848e-01 -2.454513017120361340e+01
-4.037093363257910905e-01 -2.457168200174967509e+01
-4.073794212014800742e-01 -2.454319284235636545e+01
-4.110495060771688358e-01 -2.456977426656087360e+01
-4.147195909528580415e-01 -2.454131955642700547e+01
-4.183896758285470252e-01 -2.456792897593180669e+01
-4.220597607042362309e-01 -2.453950793100992556e+01
-4.257298455799252146e-01 -2.456614472020466877e+01
-4.293999304556139762e-01 -2.453775612869263156e+01
-4.330700153313031819e-01 -2.456441933212279949e+01
-4.367401002069919436e-01 -2.453606222712198459e+01
-4.404101850826811493e-01 -2.456275096486409382e+01
-4.440802699583703550e-01 -2.453442435251871956e+01
-4.477503548340591166e-01 -2.456113796463012022e+01
-4.514204397097483223e-01 -2.453284078979492122e+01
-4.550905245854370840e-01 -2.455957852020263132e+01
-4.587606094611262897e-01 -2.453130950164794299e+01
-4.624306943368154954e-01 -2.455807062530517726e+01
-4.661007792125042570e-01 -2.452982947998046726e+01
-4.697708640881930187e-01 -2.455661278711955120e+01
-4.734409489638822244e-01 -2.452839850133260313e+01
-4.771110338395709860e-01 -2.455520338439941241e+01
-4.807811187152601917e-01 -2.452701491546631019e+01
-4.844512035909493974e-01 -2.455384110209147508e+01
-4.881212884666381591e-01 -2.452567752329508366e+01
-4.917913733423273648e-01 -2.455252395426432344e+01
-4.954614582180161264e-01 -2.452438470637003931e+01
-4.991315430937053321e-01 -2.455125082626342703e+01
-5.028016279693945378e-01 -2.452313489710489947e+01
-5.064717128450832995e-01 -2.455002012430826852e+01
-5.101417977207725052e-01 -2.452192679799397723e+01
-5.138118825964612668e-01 -2.454883052825927692e+01
-5.174819674721504725e-01 -2.452075908508300728e+01
-5.211520523478396782e-01 -2.454768068796793656e+01
-5.248221372235284399e-01 -2.451963027598063150e+01
-5.284922220992172015e-01 -2.454656904220581026e+01
-5.321623069749064072e-01 -2.451853918050129977e+01
-5.358323918505951688e-01 -2.454549469960530317e+01
-5.395024767262843746e-01 -2.451748455123901138e+01
-5.431725616019735803e-01 -2.454445612258911424e+01
-5.468426464776623419e-01 -2.451646522140502782e+01
-5.505127313533515476e-01 -2.454345254491170181e+01
-5.541828162290403093e-01 -2.451547996190389256e+01
-5.578529011047295150e-01 -2.454248251876830977e+01
-5.615229859804187207e-01 -2.451452792307535589e+01
-5.651930708561074823e-01 -2.454154502003987659e+01
-5.688631557317962439e-01 -2.451360773569742690e+01
-5.725332406074854497e-01 -2.454063894805908319e+01
-5.762033254831742113e-01 -2.451271838582356466e+01
-5.798734103588638611e-01 -2.453976324005127196e+01
-5.835434952345526227e-01 -2.451185869700113784e+01
-5.872135801102413843e-01 -2.453891672999063900e+01
-5.908836649859305901e-01 -2.451102780354817412e+01
-5.945537498616193517e-01 -2.453809889322916504e+01
-5.982238347373085574e-01 -2.451022493947346703e+01
-6.018939196129977631e-01 -2.453730825424194251e+01
-6.055640044886865248e-01 -2.450944900105794133e+01
-6.092340893643757305e-01 -2.453654438730875498e+01
-6.129041742400644921e-01 -2.450869933369954623e+01
-6.165742591157536978e-01 -2.453580621134440420e+01
-6.202443439914429035e-01 -2.450797488301595095e+01
-6.239144288671316652e-01 -2.453509298044840747e+01
-6.275845137428204268e-01 -2.450727492090861404e+01
-6.312545986185096325e-01 -2.453440389455159476e+01
-6.349246834941983941e-01 -2.450659853032430036e+01
-6.385947683698880439e-01 -2.453373812713622826e+01
-6.422648532455768056e-01 -2.450594500071207449e+01
-6.459349381212655672e-01 -2.453309464111328353e+01
-6.496050229969547729e-01 -2.450531357905069640e+01
-6.532751078726435345e-01 -2.453247315139770635e+01
-6.569451927483327403e-01 -2.450470345458984411e+01
-6.606152776240219460e-01 -2.453187235412597644e+01
-6.642853624997107076e-01 -2.450411394653320585e+01
-6.679554473753999133e-01 -2.453129194081624220e+01
-6.716255322510886749e-01 -2.450354421844482289e+01
-6.752956171267778807e-01 -2.453073117726643915e+01
-6.789657020024670864e-01 -2.450299375406900992e+01
-6.826357868781558480e-01 -2.453018917744954663e+01
-6.863058717538446096e-01 -2.450246183471679373e+01
-6.899759566295338153e-01 -2.452966556142171228e+01
-6.936460415052225770e-01 -2.450194780019124607e+01
-6.973161263809122268e-01 -2.452915938466390244e+01
-7.009862112566009884e-01 -2.450145104217529379e+01
-7.046562961322897500e-01 -2.452867032470702924e+01
-7.083263810079789558e-01 -2.450097036285400520e+01
-7.119964658836677174e-01 -2.452819624837239587e+01
-7.156665507593569231e-01 -2.450050720062255749e+01
-7.193366356350461288e-01 -2.452774333953857422e+01
-7.230067205107348904e-01 -2.450005665842692082e+01
-7.266768053864240962e-01 -2.452729294662475468e+01
-7.303468902621128578e-01 -2.449963403828938979e+01
-7.340169751378020635e-01 -2.452687955220540417e+01
-7.376870600134912692e-01 -2.449920880279541180e+01
-7.413571448891800308e-01 -2.452645215759277519e+01
-7.450272297648687925e-01 -2.449880009104411016e+01
-7.486973146405579982e-01 -2.452606526845296386e+01
-7.523673995162467598e-01 -2.449841499201456685e+01
-7.560374843919364096e-01 -2.452568223775227807e+01
-7.597075692676251712e-01 -2.449803996327718281e+01
-7.633776541433139329e-01 -2.452531380030313812e+01
-7.670477390190031386e-01 -2.449767781270344713e+01
-7.707178238946919002e-01 -2.452495689951578939e+01
-7.743879087703811059e-01 -2.449732741190592122e+01
-7.780579936460703117e-01 -2.452461184234619296e+01
-7.817280785217590733e-01 -2.449698878885904918e+01
-7.853981633974478349e-01 -2.452427857615153073e+01
-7.890682482731370406e-01 -2.449666155649821064e+01
-7.927383331488262463e-01 -2.452395623448689932e+01
-7.964084180245154521e-01 -2.449634528732299898e+01
-8.000785029002042137e-01 -2.452364499816895105e+01
-8.037485877758929753e-01 -2.449603975779215403e+01
-8.074186726515821810e-01 -2.452334411087036159e+01
-8.110887575272709427e-01 -2.449574454574584692e+01
-8.147588424029601484e-01 -2.452305375900268558e+01
-8.184289272786493541e-01 -2.449545958557128955e+01
-8.220990121543381157e-01 -2.452277325337728087e+01
-8.257690970300273214e-01 -2.449518450724283980e+01
-8.294391819057160831e-01 -2.452250270640055518e+01
-8.331092667814052888e-01 -2.449491895751953052e+01
-8.367793516570944945e-01 -2.452224136301676083e+01
-8.404494365327832561e-01 -2.449466253916422431e+01
-8.441195214084720178e-01 -2.452198907623290935e+01
-8.477896062841612235e-01 -2.449441500956217510e+01
-8.514596911598504292e-01 -2.452174549789429037e+01
-8.551297760355396349e-01 -2.449417594324748038e+01
-8.587998609112283965e-01 -2.452151013946533098e+01
-8.624699457869171582e-01 -2.449394513193766443e+01
-8.661400306626063639e-01 -2.452128301951090350e+01
-8.698101155382951255e-01 -2.449372227961222137e+01
-8.734802004139843312e-01 -2.452106365254720188e+01
-8.771502852896735369e-01 -2.449350713094075616e+01
-8.808203701653622986e-01 -2.452085198313395153e+01
-8.844904550410515043e-01 -2.449329914194742841e+01
-8.881605399167402659e-01 -2.452064739023844453e+01
-8.918306247924294716e-01 -2.449309839630127072e+01
-8.955007096681186773e-01 -2.452044973500569824e+01
-8.991707945438074390e-01 -2.449290464680989743e+01
-9.028408794194962006e-01 -2.452025880991617868e+01
-9.065109642951854063e-01 -2.449271729227701755e+01
-9.101810491708746120e-01 -2.452007457275390934e+01
-9.138511340465638177e-01 -2.449253665644327782e+01
-9.175212189222525794e-01 -2.451989660085042289e+01
-9.211913037979413410e-01 -2.449236206003824634e+01
-9.248613886736305467e-01 -2.451972501932780091e+01
-9.285314735493193083e-01 -2.449219341837565267e+01
-9.322015584250085141e-01 -2.451955907745361429e+01
-9.358716433006977198e-01 -2.449203064575194588e+01
-9.395417281763864814e-01 -2.451939892781575736e+01
-9.432118130520756871e-01 -2.449187350514729999e+01
-9.468818979277644488e-01 -2.451924434916178797e+01
-9.505519828034536545e-01 -2.449172193222045735e+01
-9.542220676791428602e-01 -2.451909519399006854e+01
-9.578921525548316218e-01 -2.449157564900716011e+01
-9.615622374305203834e-01 -2.451895131378173787e+01
-9.652323223062095892e-01 -2.449143448079426832e+01
-9.689024071818983508e-01 -2.451881237335205199e+01
-9.725724920575880006e-01 -2.449129818623860899e+01
-9.762425769332767622e-01 -2.451867825902303011e+01
-9.799126618089655238e-01 -2.449116658376057742e+01
-9.835827466846547296e-01 -2.451854879048665481e+01
-9.872528315603434912e-01 -2.449103957773844442e+01
-9.909229164360326969e-01 -2.451842376429239678e+01
-9.945930013117219026e-01 -2.449091703898112016e+01
-9.982630861874106643e-01 -2.451830322850545230e+01
-1.001933171063099870e+00 -2.449079884490966919e+01
-1.005603255938788632e+00 -2.451818693593343212e+01
-1.009273340814477837e+00 -2.449068485234578318e+01
-1.012943425690167043e+00 -2.451807477238973121e+01
-1.016613510565855805e+00 -2.449057482757568138e+01
-1.020283595441544566e+00 -2.451796669616699020e+01
-1.023953680317233772e+00 -2.449046880289713357e+01
-1.027623765192922534e+00 -2.451786235453287688e+01
-1.031293850068611739e+00 -2.449036650339762389e+01
-1.034963934944300945e+00 -2.451776186014811287e+01
-1.038634019819989707e+00 -2.449026794204711877e+01
-1.042304104695678912e+00 -2.451766491114298674e+01
-1.045974189571367674e+00 -2.449017303034464277e+01
-1.049644274447056880e+00 -2.451757152760823999e+01
-1.053314359322746085e+00 -2.449008150634765713e+01
-1.056984444198434847e+00 -2.451748159205119038e+01
-1.060654529074123609e+00 -2.448999314651489456e+01
-1.064324613949812814e+00 -2.451739469706217633e+01
-1.067994698825502020e+00 -2.448990829238891820e+01
-1.071664783701191226e+00 -2.451731161880493204e+01
-1.075334868576879988e+00 -2.448982492421468038e+01
-1.079004953452568749e+00 -2.451722690709431873e+01
-1.082675038328257955e+00 -2.448974745101929074e+01
-1.086345123203946716e+00 -2.451715850677490138e+01
-1.090015208079635922e+00 -2.448967192357380895e+01
-1.093685292955325128e+00 -2.451707644755045479e+01
-1.097355377831013890e+00 -2.448959688568115212e+01
-1.101025462706703095e+00 -2.451700568161010807e+01
-1.104695547582391857e+00 -2.448952687632242942e+01
-1.108365632458081063e+00 -2.451693645833333335e+01
-1.112035717333770268e+00 -2.448945920333862247e+01
-1.115705802209459030e+00 -2.451687004419962435e+01
-1.119375887085147792e+00 -2.448939413986206048e+01
-1.123045971960836997e+00 -2.451680612538655524e+01
-1.126716056836526203e+00 -2.448933149871826842e+01
-1.130386141712215409e+00 -2.451674458567300974e+01
-1.134056226587904170e+00 -2.448927127583822028e+01
-1.137726311463592932e+00 -2.451668544565836783e+01
-1.141396396339282138e+00 -2.448921341807047369e+01
-1.145066481214970899e+00 -2.451662872695923312e+01
-1.148736566090660105e+00 -2.448915786641439496e+01
-1.152406650966349311e+00 -2.451657417144775408e+01
-1.156076735842038072e+00 -2.448910460942585843e+01
-1.159746820717727278e+00 -2.451652186813354461e+01
-1.163416905593416040e+00 -2.448905340118408347e+01
-1.167086990469105245e+00 -2.451647180404663473e+01
-1.170757075344794451e+00 -2.448900453109741449e+01
-1.174427160220483213e+00 -2.451642402394612574e+01
-1.178097245096171974e+00 -2.448895766143798625e+01
-1.181767329971861180e+00 -2.451637805938720760e+01
-1.185437414847550386e+00 -2.448891313705444261e+01
-1.189107499723239592e+00 -2.451633435389200599e+01
-1.192777584598928353e+00 -2.448887045364379844e+01
-1.196447669474617115e+00 -2.451629274749755538e+01
-1.200117754350306321e+00 -2.448882984059652301e+01
-1.203787839225995082e+00 -2.451625298868815150e+01
-1.207457924101684288e+00 -2.448879125544230106e+01
-1.211128008977373494e+00 -2.451621525878906382e+01
-1.214798093853062255e+00 -2.448875451863606401e+01
-1.218468178728751461e+00 -2.451617936655680197e+01
-1.222138263604440223e+00 -2.448871973673502467e+01
-1.225808348480129428e+00 -2.451614555714925103e+01
-1.229478433355818634e+00 -2.448868680521647079e+01
-1.233148518231507396e+00 -2.451611357116699352e+01
-1.236818603107196157e+00 -2.448865583928426659e+01
-1.240488687982885363e+00 -2.451608340581258716e+01
-1.244158772858574569e+00 -2.448862669321695762e+01
-1.247828857734263330e+00 -2.451605514704386479e+01
-1.251498942609952536e+00 -2.448859938913980372e+01
-1.255169027485641298e+00 -2.451602862650553405e+01
-1.258839112361330503e+00 -2.448857385533650799e+01
-1.262509197237019265e+00 -2.451600398813883075e+01
-1.266179282112708471e+00 -2.448855018564859876e+01
-1.269849366988397676e+00 -2.451598108698527767e+01
-1.273519451864086438e+00 -2.448852818857828950e+01
-1.277189536739775200e+00 -2.451596001841227235e+01
-1.280859621615464405e+00 -2.448850804850260232e+01
-1.284529706491153611e+00 -2.451594062601725454e+01
-1.288199791366842817e+00 -2.448848967971801827e+01
-1.291869876242531578e+00 -2.451592319310505985e+01
-1.295539961118220340e+00 -2.448847310485839657e+01
-1.299210045993909546e+00 -2.451590745035806762e+01
-1.302880130869598752e+00 -2.448845851898193260e+01
-1.306550215745287513e+00 -2.451589373372396352e+01
-1.310220300620976719e+00 -2.448844568405151634e+01
-1.313890385496665481e+00 -2.451588174743652715e+01
-1.317560470372354686e+00 -2.448843470840454017e+01
-1.321230555248043448e+00 -2.451587175470987745e+01
-1.324900640123732654e+00 -2.448842576421102279e+01
-1.328570724999421859e+00 -2.451586367390950372e+01
-1.332240809875110621e+00 -2.448841876932779726e+01
-1.335910894750799383e+00 -2.451585770975749057e+01
-1.339580979626488588e+00 -2.448841376673380665e+01
-1.343251064502177794e+00 -2.451585360183715778e+01
-1.346921149377867000e+00 -2.448841081263223884e+01
-1.350591234253555761e+00 -2.451585164871216094e+01
-1.354261319129244523e+00 -2.448841001001993689e+01
-1.357931404004933729e+00 -2.451585189361572503e+01
-1.361601488880622490e+00 -2.448841146138508762e+01
-1.365271573756311696e+00 -2.451585433807373349e+01
-1.368941658632000902e+00 -2.448841531397501825e+01
-1.372611743507689663e+00 -2.451585964991251743e+01
-1.376281828383378869e+00 -2.448842116928100410e+01
-1.379951913259067631e+00 -2.451586525497436497e+01
-1.383621998134756836e+00 -2.448842929026285731e+01
-1.387292083010446042e+00 -2.451587586466470725e+01
-1.390962167886134804e+00 -2.448844102172851223e+01
-1.394632252761823565e+00 -2.451588866882324069e+01
-1.398302337637512771e+00 -2.448845549240112618e+01
-1.401972422513201977e+00 -2.451590518951415376e+01
-1.405642507388891183e+00 -2.448847282104491896e+01
-1.409312592264579944e+00 -2.451592311960856563e+01
-1.412982677140268706e+00 -2.448849312845865356e+01
-1.416652762015957912e+00 -2.451594463348388686e+01
-1.420322846891646673e+00 -2.448851696701050074e+01
-1.423992931767335879e+00 -2.451597100474039337e+01
-1.427663016643025085e+00 -2.448854494018554817e+01
-1.431333101518713846e+00 -2.451600050532023189e+01
-1.435003186394403052e+00 -2.448857697881062734e+01
-1.438673271270091814e+00 -2.451603493016560975e+01
-1.442343356145781019e+00 -2.448861396535238200e+01
-1.446013441021470225e+00 -2.451607426503499454e+01
-1.449683525897158987e+00 -2.448865656000772972e+01
-1.453353610772847748e+00 -2.451611979497273452e+01
-1.457023695648536954e+00 -2.448870493799845249e+01
-1.460693780524226160e+00 -2.451617056427001984e+01
-1.464363865399915365e+00 -2.448876069641113418e+01
-1.468033950275604127e+00 -2.451623065795898171e+01
-1.471704035151292889e+00 -2.448882507069905756e+01
-1.475374120026982094e+00 -2.451629943440754644e+01
-1.479044204902670856e+00 -2.448889946543375373e+01
-1.482714289778360062e+00 -2.451637819722493816e+01
-1.486384374654049267e+00 -2.448898545659383430e+01
-1.490054459529738029e+00 -2.451647068532307827e+01
-1.493724544405426791e+00 -2.448908795674641325e+01
-1.497394629281115996e+00 -2.451658188552856643e+01
-1.501064714156805202e+00 -2.448920698140462804e+01
-1.504734799032494408e+00 -2.451670759404500188e+01
-1.508404883908183169e+00 -2.448936410420735754e+01
-1.512074968783871931e+00 -2.451689384562174467e+01
-1.515745053659561137e+00 -2.448950888341267884e+01
-1.519415138535250342e+00 -2.451699353332519848e+01
-1.523085223410939104e+00 -2.448989895222982227e+01
-1.526755308286628310e+00 -2.451766777114868034e+01
-1.530425393162317071e+00 -2.448958360417683977e+01
-1.534095478038006277e+00 -2.451636006495158071e+01
-1.537765562913695039e+00 -2.449266397527058459e+01
-1.541435647789384245e+00 -2.452378961995442808e+01
-1.545105732665073450e+00 -2.448218055343627597e+01
-1.548775817540762212e+00 -2.449545522918701224e+01
-1.552445902416450974e+00 -2.453400052007039989e+01
-1.556115987292140179e+00 -2.462697974294026793e+01
-1.559786072167829385e+00 -2.428739629007975864e+01
-1.563456157043518591e+00 -2.400433788223266873e+01
-1.567126241919207352e+00 -2.609766400883992787e+01
-1.570796326794896114e+00 -2.825156074523925653e+01
