#time Nu
9.716797e-04 1.000268e+00 
1.943359e-03 1.000661e+00 
2.915039e-03 1.001240e+00 
3.886719e-03 1.002100e+00 
4.858398e-03 1.003381e+00 
5.830078e-03 1.005294e+00 
6.801758e-03 1.008155e+00 
7.773437e-03 1.012440e+00 
8.745117e-03 1.018859e+00 
9.716797e-03 1.028481e+00 
1.053368e-02 1.040433e+00 
1.122242e-02 1.054502e+00 
1.181817e-02 1.070709e+00 
1.234347e-02 1.089079e+00 
1.281361e-02 1.109636e+00 
1.323943e-02 1.132408e+00 
1.362893e-02 1.157427e+00 
1.398812e-02 1.184724e+00 
1.432169e-02 1.214333e+00 
1.463333e-02 1.246289e+00 
1.492602e-02 1.280630e+00 
1.520218e-02 1.317393e+00 
1.546382e-02 1.356616e+00 
1.571263e-02 1.398341e+00 
1.595002e-02 1.442605e+00 
1.617720e-02 1.489449e+00 
1.639522e-02 1.538912e+00 
1.660498e-02 1.591030e+00 
1.680726e-02 1.645841e+00 
1.700276e-02 1.703379e+00 
1.719210e-02 1.763675e+00 
1.737581e-02 1.826760e+00 
1.755438e-02 1.892657e+00 
1.772824e-02 1.961389e+00 
1.789780e-02 2.032971e+00 
1.806339e-02 2.107415e+00 
1.822536e-02 2.184726e+00 
1.838398e-02 2.264904e+00 
1.853953e-02 2.347938e+00 
1.869227e-02 2.433815e+00 
1.884241e-02 2.522508e+00 
1.899016e-02 2.613984e+00 
1.913574e-02 2.708202e+00 
1.927931e-02 2.805110e+00 
1.942106e-02 2.904643e+00 
1.956114e-02 3.006731e+00 
1.969970e-02 3.111288e+00 
1.983688e-02 3.218221e+00 
1.997282e-02 3.327415e+00 
2.010761e-02 3.438731e+00 
2.024138e-02 3.552037e+00 
2.037424e-02 3.667192e+00 
2.050630e-02 3.784045e+00 
2.063768e-02 3.902434e+00 
2.076847e-02 4.022185e+00 
2.089878e-02 4.143117e+00 
2.102870e-02 4.265041e+00 
2.115830e-02 4.387724e+00 
2.128747e-02 4.510776e+00 
2.141629e-02 4.633970e+00 
2.154484e-02 4.757074e+00 
2.167319e-02 4.879854e+00 
2.180140e-02 5.002077e+00 
2.192956e-02 5.123507e+00 
2.205771e-02 5.243911e+00 
2.218594e-02 5.363057e+00 
2.231430e-02 5.480717e+00 
2.244286e-02 5.596669e+00 
2.257169e-02 5.710695e+00 
2.270083e-02 5.822582e+00 
2.283037e-02 5.932127e+00 
2.296034e-02 6.039135e+00 
2.309083e-02 6.143417e+00 
2.322188e-02 6.244796e+00 
2.335356e-02 6.343104e+00 
2.348593e-02 6.438185e+00 
2.361905e-02 6.529890e+00 
2.375298e-02 6.618085e+00 
2.388779e-02 6.702646e+00 
2.402349e-02 6.783442e+00 
2.416016e-02 6.860370e+00 
2.429785e-02 6.933343e+00 
2.443662e-02 7.002286e+00 
2.457654e-02 7.067134e+00 
2.471767e-02 7.127833e+00 
2.486008e-02 7.184340e+00 
2.500383e-02 7.236624e+00 
2.514900e-02 7.284660e+00 
2.529564e-02 7.328437e+00 
2.544384e-02 7.367950e+00 
2.559365e-02 7.403205e+00 
2.574515e-02 7.434215e+00 
2.589841e-02 7.461002e+00 
2.605351e-02 7.483594e+00 
2.621052e-02 7.502028e+00 
2.636951e-02 7.516347e+00 
2.653058e-02 7.526600e+00 
2.669378e-02 7.532843e+00 
2.685921e-02 7.535137e+00 
2.702695e-02 7.533547e+00 
2.719707e-02 7.528147e+00 
2.736966e-02 7.519010e+00 
2.754481e-02 7.506217e+00 
2.772260e-02 7.489852e+00 
2.790312e-02 7.470003e+00 
2.808645e-02 7.446761e+00 
2.827269e-02 7.420222e+00 
2.846192e-02 7.390481e+00 
2.865423e-02 7.357640e+00 
2.884971e-02 7.321803e+00 
2.904844e-02 7.283074e+00 
2.925052e-02 7.241563e+00 
2.945604e-02 7.197380e+00 
2.966508e-02 7.150637e+00 
2.987772e-02 7.101450e+00 
3.009405e-02 7.049935e+00 
3.031416e-02 6.996212e+00 
3.053811e-02 6.940400e+00 
3.076595e-02 6.882631e+00 
3.099773e-02 6.823035e+00 
3.123352e-02 6.761739e+00 
3.147337e-02 6.698870e+00 
3.171733e-02 6.634559e+00 
3.196547e-02 6.568934e+00 
3.221781e-02 6.502126e+00 
3.247439e-02 6.434267e+00 
3.273525e-02 6.365487e+00 
3.300039e-02 6.295918e+00 
3.326984e-02 6.225692e+00 
3.354358e-02 6.154939e+00 
3.382161e-02 6.083790e+00 
3.410391e-02 6.012372e+00 
3.439044e-02 5.940814e+00 
3.468117e-02 5.869242e+00 
3.497603e-02 5.797779e+00 
3.527495e-02 5.726546e+00 
3.557786e-02 5.655661e+00 
3.588465e-02 5.585240e+00 
3.619523e-02 5.515395e+00 
3.650947e-02 5.446232e+00 
3.682723e-02 5.377856e+00 
3.714837e-02 5.310365e+00 
3.747272e-02 5.243853e+00 
3.780013e-02 5.178411e+00 
3.813041e-02 5.114121e+00 
3.846336e-02 5.051063e+00 
3.879878e-02 4.989308e+00 
3.913646e-02 4.928926e+00 
3.947618e-02 4.869977e+00 
3.981773e-02 4.812518e+00 
4.016086e-02 4.756599e+00 
4.050535e-02 4.702265e+00 
4.085095e-02 4.649555e+00 
4.119743e-02 4.598503e+00 
4.154455e-02 4.549139e+00 
4.189207e-02 4.501485e+00 
4.223976e-02 4.455561e+00 
4.258738e-02 4.411381e+00 
4.293471e-02 4.368956e+00 
4.328152e-02 4.328292e+00 
4.362761e-02 4.289391e+00 
4.397275e-02 4.252252e+00 
4.431676e-02 4.216871e+00 
4.465945e-02 4.183240e+00 
4.500064e-02 4.151350e+00 
4.534015e-02 4.121189e+00 
4.567776e-02 4.092747e+00 
4.601327e-02 4.066012e+00 
4.634655e-02 4.040964e+00 
4.667747e-02 4.017582e+00 
4.700592e-02 3.995844e+00 
4.733180e-02 3.975726e+00 
4.765502e-02 3.957204e+00 
4.797551e-02 3.940253e+00 
4.829319e-02 3.924847e+00 
4.860801e-02 3.910961e+00 
4.891994e-02 3.898569e+00 
4.922891e-02 3.887643e+00 
4.953492e-02 3.878158e+00 
4.983794e-02 3.870087e+00 
5.013796e-02 3.863403e+00 
5.043498e-02 3.858080e+00 
5.072899e-02 3.854093e+00 
5.102000e-02 3.851413e+00 
5.130804e-02 3.850016e+00 
5.159312e-02 3.849876e+00 
5.187526e-02 3.850966e+00 
5.215450e-02 3.853262e+00 
5.243087e-02 3.856738e+00 
5.270441e-02 3.861369e+00 
5.297515e-02 3.867130e+00 
5.324313e-02 3.873995e+00 
5.350842e-02 3.881940e+00 
5.377104e-02 3.890940e+00 
5.403106e-02 3.900970e+00 
5.428851e-02 3.912005e+00 
5.454340e-02 3.924017e+00 
5.479579e-02 3.936982e+00 
5.504575e-02 3.950873e+00 
5.529332e-02 3.965665e+00 
5.553857e-02 3.981333e+00 
5.578156e-02 3.997851e+00 
5.602234e-02 4.015193e+00 
5.626099e-02 4.033332e+00 
5.649755e-02 4.052242e+00 
5.673208e-02 4.071896e+00 
5.696465e-02 4.092268e+00 
5.719532e-02 4.113330e+00 
5.742413e-02 4.135055e+00 
5.765116e-02 4.157415e+00 
5.787645e-02 4.180382e+00 
5.810006e-02 4.203926e+00 
5.832205e-02 4.228020e+00 
5.854247e-02 4.252635e+00 
5.876138e-02 4.277740e+00 
5.897883e-02 4.303306e+00 
5.919488e-02 4.329302e+00 
5.940957e-02 4.355699e+00 
5.962296e-02 4.382466e+00 
5.983509e-02 4.409571e+00 
6.004602e-02 4.436983e+00 
6.025580e-02 4.464672e+00 
6.046447e-02 4.492605e+00 
6.067208e-02 4.520751e+00 
6.087868e-02 4.549078e+00 
6.108432e-02 4.577553e+00 
6.128904e-02 4.606146e+00 
6.149288e-02 4.634825e+00 
6.169589e-02 4.663556e+00 
6.189811e-02 4.692309e+00 
6.209958e-02 4.721052e+00 
6.230035e-02 4.749754e+00 
6.250046e-02 4.778383e+00 
6.269994e-02 4.806908e+00 
6.289885e-02 4.835299e+00 
6.309721e-02 4.863526e+00 
6.329506e-02 4.891558e+00 
6.349245e-02 4.919367e+00 
6.368941e-02 4.946923e+00 
6.388598e-02 4.974198e+00 
6.408219e-02 5.001164e+00 
6.427808e-02 5.027795e+00 
6.447369e-02 5.054063e+00 
6.466905e-02 5.079944e+00 
6.486419e-02 5.105411e+00 
6.505916e-02 5.130441e+00 
6.525397e-02 5.155010e+00 
6.544867e-02 5.179095e+00 
6.564328e-02 5.202675e+00 
6.583784e-02 5.225729e+00 
6.603238e-02 5.248237e+00 
6.622694e-02 5.270179e+00 
6.642153e-02 5.291537e+00 
6.661619e-02 5.312294e+00 
6.681095e-02 5.332434e+00 
6.700584e-02 5.351941e+00 
6.720089e-02 5.370802e+00 
6.739612e-02 5.389002e+00 
6.759157e-02 5.406529e+00 
6.778725e-02 5.423373e+00 
6.798320e-02 5.439522e+00 
6.817944e-02 5.454967e+00 
6.837599e-02 5.469700e+00 
6.857289e-02 5.483714e+00 
6.877016e-02 5.497003e+00 
6.896781e-02 5.509560e+00 
6.916588e-02 5.521382e+00 
6.936438e-02 5.532465e+00 
6.956335e-02 5.542806e+00 
6.976279e-02 5.552406e+00 
6.996273e-02 5.561262e+00 
7.016320e-02 5.569375e+00 
7.036421e-02 5.576748e+00 
7.056578e-02 5.583381e+00 
7.076793e-02 5.589279e+00 
7.097068e-02 5.594445e+00 
7.117402e-02 5.598884e+00 
7.137799e-02 5.602602e+00 
7.158259e-02 5.605605e+00 
7.178783e-02 5.607902e+00 
7.199374e-02 5.609501e+00 
7.220033e-02 5.610410e+00 
7.240761e-02 5.610640e+00 
7.261559e-02 5.610202e+00 
7.282428e-02 5.609106e+00 
7.303371e-02 5.607364e+00 
7.324386e-02 5.604990e+00 
7.345477e-02 5.601997e+00 
7.366642e-02 5.598397e+00 
7.387884e-02 5.594206e+00 
7.409203e-02 5.589439e+00 
7.430599e-02 5.584111e+00 
7.452074e-02 5.578238e+00 
7.473626e-02 5.571837e+00 
7.495258e-02 5.564924e+00 
7.516968e-02 5.557516e+00 
7.538758e-02 5.549632e+00 
7.560627e-02 5.541289e+00 
7.582575e-02 5.532505e+00 
7.604603e-02 5.523299e+00 
7.626709e-02 5.513689e+00 
7.648894e-02 5.503696e+00 
7.671157e-02 5.493337e+00 
7.693498e-02 5.482633e+00 
7.715917e-02 5.471603e+00 
7.738412e-02 5.460266e+00 
7.760982e-02 5.448642e+00 
7.783628e-02 5.436751e+00 
7.806348e-02 5.424612e+00 
7.829140e-02 5.412246e+00 
7.852005e-02 5.399671e+00 
7.874940e-02 5.386908e+00 
7.897945e-02 5.373975e+00 
7.921018e-02 5.360893e+00 
7.944157e-02 5.347680e+00 
7.967362e-02 5.334355e+00 
7.990630e-02 5.320937e+00 
8.013960e-02 5.307444e+00 
8.037351e-02 5.293896e+00 
8.060799e-02 5.280309e+00 
8.084305e-02 5.266701e+00 
8.107864e-02 5.253091e+00 
8.131477e-02 5.239494e+00 
8.155140e-02 5.225928e+00 
8.178852e-02 5.212408e+00 
8.202610e-02 5.198951e+00 
8.226413e-02 5.185573e+00 
8.250257e-02 5.172288e+00 
8.274142e-02 5.159110e+00 
8.298064e-02 5.146055e+00 
8.322021e-02 5.133135e+00 
8.346011e-02 5.120365e+00 
8.370033e-02 5.107757e+00 
8.394082e-02 5.095322e+00 
8.418157e-02 5.083074e+00 
8.442257e-02 5.071024e+00 
8.466377e-02 5.059181e+00 
8.490516e-02 5.047558e+00 
8.514672e-02 5.036163e+00 
8.538843e-02 5.025005e+00 
8.563025e-02 5.014095e+00 
8.587217e-02 5.003440e+00 
8.611416e-02 4.993048e+00 
8.635621e-02 4.982926e+00 
8.659828e-02 4.973081e+00 
8.684037e-02 4.963521e+00 
8.708244e-02 4.954250e+00 
8.732447e-02 4.945274e+00 
8.756645e-02 4.936598e+00 
8.780836e-02 4.928227e+00 
8.805017e-02 4.920164e+00 
8.829186e-02 4.912414e+00 
8.853342e-02 4.904979e+00 
8.877483e-02 4.897862e+00 
8.901607e-02 4.891066e+00 
8.925713e-02 4.884592e+00 
8.949798e-02 4.878441e+00 
8.973862e-02 4.872616e+00 
8.997902e-02 4.867116e+00 
9.021917e-02 4.861942e+00 
9.045906e-02 4.857094e+00 
9.069868e-02 4.852571e+00 
9.093801e-02 4.848373e+00 
9.117704e-02 4.844498e+00 
9.141576e-02 4.840944e+00 
9.165415e-02 4.837711e+00 
9.189222e-02 4.834796e+00 
9.212994e-02 4.832196e+00 
9.236732e-02 4.829909e+00 
9.260433e-02 4.827932e+00 
9.284098e-02 4.826261e+00 
9.307726e-02 4.824893e+00 
9.331316e-02 4.823824e+00 
9.354868e-02 4.823050e+00 
9.378381e-02 4.822566e+00 
9.401855e-02 4.822369e+00 
9.425289e-02 4.822453e+00 
9.448683e-02 4.822814e+00 
9.472037e-02 4.823445e+00 
9.495351e-02 4.824343e+00 
9.518624e-02 4.825500e+00 
9.541857e-02 4.826912e+00 
9.565049e-02 4.828573e+00 
9.588200e-02 4.830476e+00 
9.611311e-02 4.832615e+00 
9.634381e-02 4.834984e+00 
9.657411e-02 4.837577e+00 
9.680401e-02 4.840386e+00 
9.703352e-02 4.843406e+00 
9.726262e-02 4.846628e+00 
9.749134e-02 4.850047e+00 
9.771967e-02 4.853655e+00 
9.794761e-02 4.857444e+00 
9.817517e-02 4.861409e+00 
9.840236e-02 4.865541e+00 
9.862918e-02 4.869833e+00 
9.885564e-02 4.874278e+00 
9.908174e-02 4.878868e+00 
9.930748e-02 4.883596e+00 
9.953287e-02 4.888455e+00 
9.975791e-02 4.893436e+00 
9.998262e-02 4.898532e+00 
1.002070e-01 4.903735e+00 
1.004311e-01 4.909039e+00 
1.006548e-01 4.914435e+00 
1.008783e-01 4.919916e+00 
1.011014e-01 4.925475e+00 
1.013242e-01 4.931103e+00 
1.015468e-01 4.936794e+00 
1.017691e-01 4.942540e+00 
1.019911e-01 4.948334e+00 
1.022129e-01 4.954169e+00 
1.024345e-01 4.960037e+00 
1.026557e-01 4.965931e+00 
1.028768e-01 4.971844e+00 
1.030977e-01 4.977769e+00 
1.033183e-01 4.983700e+00 
1.035387e-01 4.989629e+00 
1.037590e-01 4.995550e+00 
1.039790e-01 5.001456e+00 
1.041989e-01 5.007340e+00 
1.044186e-01 5.013197e+00 
1.046382e-01 5.019020e+00 
1.048576e-01 5.024803e+00 
1.050769e-01 5.030540e+00 
1.052960e-01 5.036226e+00 
1.055151e-01 5.041853e+00 
1.057340e-01 5.047418e+00 
1.059528e-01 5.052915e+00 
1.061716e-01 5.058338e+00 
1.063902e-01 5.063682e+00 
1.066088e-01 5.068943e+00 
1.068273e-01 5.074115e+00 
1.070458e-01 5.079195e+00 
1.072642e-01 5.084177e+00 
1.074826e-01 5.089058e+00 
1.077009e-01 5.093834e+00 
1.079192e-01 5.098500e+00 
1.081375e-01 5.103053e+00 
1.083558e-01 5.107490e+00 
1.085741e-01 5.111807e+00 
1.087924e-01 5.116002e+00 
1.090108e-01 5.120070e+00 
1.092291e-01 5.124010e+00 
1.094475e-01 5.127819e+00 
1.096659e-01 5.131495e+00 
1.098844e-01 5.135035e+00 
1.101029e-01 5.138437e+00 
1.103214e-01 5.141701e+00 
1.105401e-01 5.144823e+00 
1.107587e-01 5.147803e+00 
1.109775e-01 5.150640e+00 
1.111964e-01 5.153333e+00 
1.114153e-01 5.155880e+00 
1.116343e-01 5.158282e+00 
1.118535e-01 5.160537e+00 
1.120727e-01 5.162645e+00 
1.122920e-01 5.164607e+00 
1.125115e-01 5.166423e+00 
1.127311e-01 5.168092e+00 
1.129508e-01 5.169615e+00 
1.131706e-01 5.170993e+00 
1.133905e-01 5.172226e+00 
1.136106e-01 5.173316e+00 
1.138308e-01 5.174263e+00 
1.140512e-01 5.175069e+00 
1.142717e-01 5.175735e+00 
1.144924e-01 5.176262e+00 
1.147132e-01 5.176653e+00 
1.149341e-01 5.176909e+00 
1.151553e-01 5.177031e+00 
1.153765e-01 5.177023e+00 
1.155980e-01 5.176886e+00 
1.158196e-01 5.176623e+00 
1.160413e-01 5.176235e+00 
1.162633e-01 5.175726e+00 
1.164854e-01 5.175098e+00 
1.167076e-01 5.174354e+00 
1.169301e-01 5.173497e+00 
1.171526e-01 5.172529e+00 
1.173754e-01 5.171453e+00 
1.175983e-01 5.170274e+00 
1.178214e-01 5.168993e+00 
1.180447e-01 5.167614e+00 
1.182682e-01 5.166140e+00 
1.184918e-01 5.164575e+00 
1.187155e-01 5.162922e+00 
1.189395e-01 5.161185e+00 
1.191636e-01 5.159367e+00 
1.193878e-01 5.157471e+00 
1.196123e-01 5.155501e+00 
1.198369e-01 5.153461e+00 
1.200616e-01 5.151354e+00 
1.202865e-01 5.149184e+00 
1.205116e-01 5.146954e+00 
1.207368e-01 5.144669e+00 
1.209621e-01 5.142331e+00 
1.211876e-01 5.139945e+00 
1.214133e-01 5.137514e+00 
1.216391e-01 5.135042e+00 
1.218650e-01 5.132533e+00 
1.220911e-01 5.129989e+00 
1.223172e-01 5.127415e+00 
1.225436e-01 5.124814e+00 
1.227700e-01 5.122190e+00 
1.229966e-01 5.119546e+00 
1.232233e-01 5.116885e+00 
1.234501e-01 5.114212e+00 
1.236770e-01 5.111529e+00 
1.239040e-01 5.108840e+00 
1.241311e-01 5.106148e+00 
1.243584e-01 5.103456e+00 
1.245857e-01 5.100768e+00 
1.248131e-01 5.098086e+00 
1.250406e-01 5.095414e+00 
1.252682e-01 5.092754e+00 
1.254958e-01 5.090110e+00 
1.257235e-01 5.087484e+00 
1.259513e-01 5.084879e+00 
1.261792e-01 5.082297e+00 
1.264071e-01 5.079743e+00 
1.266351e-01 5.077217e+00 
1.268632e-01 5.074722e+00 
1.270912e-01 5.072261e+00 
1.273194e-01 5.069836e+00 
1.275475e-01 5.067450e+00 
1.277757e-01 5.065104e+00 
1.280040e-01 5.062800e+00 
1.282322e-01 5.060541e+00 
1.284605e-01 5.058328e+00 
1.286888e-01 5.056162e+00 
1.289172e-01 5.054047e+00 
1.291455e-01 5.051983e+00 
1.293738e-01 5.049972e+00 
1.296022e-01 5.048016e+00 
1.298305e-01 5.046115e+00 
1.300588e-01 5.044270e+00 
1.302872e-01 5.042484e+00 
1.305155e-01 5.040757e+00 
1.307438e-01 5.039091e+00 
1.309721e-01 5.037485e+00 
1.312003e-01 5.035941e+00 
1.314286e-01 5.034460e+00 
1.316568e-01 5.033042e+00 
1.318849e-01 5.031688e+00 
1.321131e-01 5.030398e+00 
1.323412e-01 5.029173e+00 
1.325692e-01 5.028013e+00 
1.327972e-01 5.026918e+00 
1.330252e-01 5.025888e+00 
1.332531e-01 5.024924e+00 
1.334810e-01 5.024025e+00 
1.337088e-01 5.023192e+00 
1.339366e-01 5.022424e+00 
1.341643e-01 5.021721e+00 
1.343919e-01 5.021082e+00 
1.346195e-01 5.020508e+00 
1.348470e-01 5.019998e+00 
1.350745e-01 5.019551e+00 
1.353019e-01 5.019168e+00 
1.355292e-01 5.018846e+00 
1.357564e-01 5.018586e+00 
1.359836e-01 5.018387e+00 
1.362107e-01 5.018248e+00 
1.364377e-01 5.018167e+00 
1.366647e-01 5.018146e+00 
1.368916e-01 5.018181e+00 
1.371184e-01 5.018273e+00 
1.373451e-01 5.018420e+00 
1.375718e-01 5.018621e+00 
1.377983e-01 5.018875e+00 
1.380248e-01 5.019181e+00 
1.382513e-01 5.019537e+00 
1.384776e-01 5.019943e+00 
1.387039e-01 5.020396e+00 
1.389301e-01 5.020897e+00 
1.391562e-01 5.021443e+00 
1.393822e-01 5.022032e+00 
1.396082e-01 5.022664e+00 
1.398340e-01 5.023338e+00 
1.400598e-01 5.024050e+00 
1.402856e-01 5.024801e+00 
1.405112e-01 5.025589e+00 
1.407368e-01 5.026411e+00 
1.409623e-01 5.027268e+00 
1.411877e-01 5.028156e+00 
1.414131e-01 5.029075e+00 
1.416384e-01 5.030022e+00 
1.418636e-01 5.030997e+00 
1.420887e-01 5.031998e+00 
1.423138e-01 5.033022e+00 
1.425388e-01 5.034070e+00 
1.427638e-01 5.035138e+00 
1.429887e-01 5.036225e+00 
1.432135e-01 5.037331e+00 
1.434382e-01 5.038453e+00 
1.436629e-01 5.039589e+00 
1.438876e-01 5.040739e+00 
1.441122e-01 5.041900e+00 
1.443367e-01 5.043071e+00 
1.445612e-01 5.044251e+00 
1.447856e-01 5.045437e+00 
1.450100e-01 5.046629e+00 
1.452343e-01 5.047826e+00 
1.454586e-01 5.049025e+00 
1.456829e-01 5.050225e+00 
1.459071e-01 5.051425e+00 
1.461312e-01 5.052623e+00 
1.463553e-01 5.053818e+00 
1.465794e-01 5.055009e+00 
1.468035e-01 5.056194e+00 
1.470275e-01 5.057373e+00 
1.472515e-01 5.058543e+00 
1.474754e-01 5.059704e+00 
1.476993e-01 5.060855e+00 
1.479232e-01 5.061993e+00 
1.481471e-01 5.063119e+00 
1.483710e-01 5.064231e+00 
1.485948e-01 5.065328e+00 
1.488186e-01 5.066409e+00 
1.490424e-01 5.067473e+00 
1.492662e-01 5.068519e+00 
1.494899e-01 5.069546e+00 
1.497137e-01 5.070554e+00 
1.499375e-01 5.071541e+00 
1.501612e-01 5.072506e+00 
1.503849e-01 5.073450e+00 
1.506087e-01 5.074370e+00 
1.508324e-01 5.075267e+00 
1.510561e-01 5.076140e+00 
1.512798e-01 5.076988e+00 
1.515036e-01 5.077810e+00 
1.517273e-01 5.078607e+00 
1.519511e-01 5.079377e+00 
1.521748e-01 5.080120e+00 
1.523986e-01 5.080836e+00 
1.526223e-01 5.081524e+00 
1.528461e-01 5.082185e+00 
1.530699e-01 5.082817e+00 
1.532937e-01 5.083420e+00 
1.535175e-01 5.083995e+00 
1.537413e-01 5.084540e+00 
1.539652e-01 5.085057e+00 
1.541891e-01 5.085544e+00 
1.544130e-01 5.086002e+00 
1.546369e-01 5.086430e+00 
1.548608e-01 5.086829e+00 
1.550848e-01 5.087199e+00 
1.553088e-01 5.087539e+00 
1.555328e-01 5.087850e+00 
1.557568e-01 5.088133e+00 
1.559809e-01 5.088386e+00 
1.562050e-01 5.088610e+00 
1.564291e-01 5.088806e+00 
1.566532e-01 5.088974e+00 
1.568774e-01 5.089113e+00 
1.571016e-01 5.089225e+00 
1.573259e-01 5.089310e+00 
1.575501e-01 5.089368e+00 
1.577744e-01 5.089398e+00 
1.579988e-01 5.089403e+00 
1.582231e-01 5.089382e+00 
1.584475e-01 5.089336e+00 
1.586720e-01 5.089265e+00 
1.588965e-01 5.089169e+00 
1.591210e-01 5.089050e+00 
1.593455e-01 5.088908e+00 
1.595701e-01 5.088742e+00 
1.597947e-01 5.088555e+00 
1.600193e-01 5.088346e+00 
1.602440e-01 5.088116e+00 
1.604687e-01 5.087866e+00 
1.606935e-01 5.087596e+00 
1.609182e-01 5.087307e+00 
1.611430e-01 5.086999e+00 
1.613679e-01 5.086674e+00 
1.615928e-01 5.086332e+00 
1.618177e-01 5.085974e+00 
1.620426e-01 5.085599e+00 
1.622676e-01 5.085210e+00 
1.624926e-01 5.084807e+00 
1.627177e-01 5.084390e+00 
1.629427e-01 5.083960e+00 
1.631679e-01 5.083518e+00 
1.633930e-01 5.083065e+00 
1.636182e-01 5.082601e+00 
1.638434e-01 5.082127e+00 
1.640686e-01 5.081644e+00 
1.642938e-01 5.081152e+00 
1.645191e-01 5.080653e+00 
1.647444e-01 5.080146e+00 
1.649698e-01 5.079633e+00 
1.651951e-01 5.079115e+00 
1.654205e-01 5.078591e+00 
1.656459e-01 5.078063e+00 
1.658714e-01 5.077532e+00 
1.660968e-01 5.076998e+00 
1.663223e-01 5.076461e+00 
1.665478e-01 5.075923e+00 
1.667733e-01 5.075384e+00 
1.669989e-01 5.074845e+00 
1.672244e-01 5.074306e+00 
1.674500e-01 5.073768e+00 
1.676756e-01 5.073231e+00 
1.679012e-01 5.072697e+00 
1.681269e-01 5.072166e+00 
1.683525e-01 5.071638e+00 
1.685782e-01 5.071113e+00 
1.688038e-01 5.070594e+00 
1.690295e-01 5.070079e+00 
1.692552e-01 5.069570e+00 
1.694809e-01 5.069067e+00 
1.697067e-01 5.068570e+00 
1.699324e-01 5.068080e+00 
1.701581e-01 5.067598e+00 
1.703839e-01 5.067123e+00 
1.706096e-01 5.066657e+00 
1.708354e-01 5.066199e+00 
1.710611e-01 5.065750e+00 
1.712869e-01 5.065311e+00 
1.715126e-01 5.064882e+00 
1.717384e-01 5.064462e+00 
1.719642e-01 5.064053e+00 
1.721900e-01 5.063655e+00 
1.724157e-01 5.063268e+00 
1.726415e-01 5.062892e+00 
1.728673e-01 5.062528e+00 
1.730930e-01 5.062175e+00 
1.733188e-01 5.061834e+00 
1.735446e-01 5.061506e+00 
1.737703e-01 5.061190e+00 
1.739961e-01 5.060886e+00 
1.742218e-01 5.060595e+00 
1.744476e-01 5.060316e+00 
1.746733e-01 5.060051e+00 
1.748990e-01 5.059798e+00 
1.751247e-01 5.059559e+00 
1.753505e-01 5.059332e+00 
1.755762e-01 5.059119e+00 
1.758019e-01 5.058919e+00 
1.760275e-01 5.058732e+00 
1.762532e-01 5.058558e+00 
1.764789e-01 5.058397e+00 
1.767045e-01 5.058250e+00 
1.769302e-01 5.058115e+00 
1.771558e-01 5.057994e+00 
1.773814e-01 5.057885e+00 
1.776070e-01 5.057789e+00 
1.778326e-01 5.057706e+00 
1.780582e-01 5.057635e+00 
1.782837e-01 5.057577e+00 
1.785093e-01 5.057532e+00 
1.787348e-01 5.057498e+00 
1.789603e-01 5.057477e+00 
1.791858e-01 5.057467e+00 
1.794113e-01 5.057469e+00 
1.796368e-01 5.057482e+00 
1.798623e-01 5.057507e+00 
1.800877e-01 5.057543e+00 
1.803131e-01 5.057589e+00 
1.805385e-01 5.057646e+00 
1.807639e-01 5.057714e+00 
1.809893e-01 5.057791e+00 
1.812147e-01 5.057878e+00 
1.814400e-01 5.057975e+00 
1.816654e-01 5.058081e+00 
1.818907e-01 5.058196e+00 
1.821160e-01 5.058319e+00 
1.823413e-01 5.058452e+00 
1.825666e-01 5.058592e+00 
1.827918e-01 5.058740e+00 
1.830171e-01 5.058895e+00 
1.832423e-01 5.059058e+00 
1.834675e-01 5.059228e+00 
1.836927e-01 5.059404e+00 
1.839179e-01 5.059586e+00 
1.841431e-01 5.059775e+00 
1.843682e-01 5.059969e+00 
1.845934e-01 5.060168e+00 
1.848185e-01 5.060373e+00 
1.850436e-01 5.060582e+00 
1.852687e-01 5.060795e+00 
1.854938e-01 5.061013e+00 
1.857189e-01 5.061234e+00 
1.859439e-01 5.061459e+00 
1.861690e-01 5.061686e+00 
1.863940e-01 5.061917e+00 
1.866191e-01 5.062149e+00 
1.868441e-01 5.062384e+00 
1.870691e-01 5.062621e+00 
1.872941e-01 5.062860e+00 
1.875191e-01 5.063099e+00 
1.877441e-01 5.063340e+00 
1.879690e-01 5.063581e+00 
1.881940e-01 5.063822e+00 
1.884189e-01 5.064064e+00 
1.886439e-01 5.064305e+00 
1.888688e-01 5.064545e+00 
1.890937e-01 5.064785e+00 
1.893186e-01 5.065024e+00 
1.895436e-01 5.065262e+00 
1.897685e-01 5.065498e+00 
1.899934e-01 5.065732e+00 
1.902183e-01 5.065964e+00 
1.904431e-01 5.066194e+00 
1.906680e-01 5.066422e+00 
1.908929e-01 5.066646e+00 
1.911178e-01 5.066868e+00 
1.913426e-01 5.067087e+00 
1.915675e-01 5.067302e+00 
1.917924e-01 5.067513e+00 
1.920172e-01 5.067721e+00 
1.922421e-01 5.067925e+00 
1.924669e-01 5.068125e+00 
1.926918e-01 5.068321e+00 
1.929167e-01 5.068512e+00 
1.931415e-01 5.068699e+00 
1.933664e-01 5.068881e+00 
1.935912e-01 5.069058e+00 
1.938161e-01 5.069230e+00 
1.940409e-01 5.069397e+00 
1.942658e-01 5.069559e+00 
1.944906e-01 5.069715e+00 
1.947155e-01 5.069867e+00 
1.949403e-01 5.070013e+00 
1.951652e-01 5.070153e+00 
1.953900e-01 5.070287e+00 
1.956149e-01 5.070416e+00 
1.958398e-01 5.070540e+00 
1.960646e-01 5.070657e+00 
1.962895e-01 5.070769e+00 
1.965144e-01 5.070875e+00 
1.967393e-01 5.070975e+00 
1.969641e-01 5.071069e+00 
1.971890e-01 5.071157e+00 
1.974139e-01 5.071239e+00 
1.976388e-01 5.071315e+00 
1.978637e-01 5.071386e+00 
1.980886e-01 5.071450e+00 
1.983135e-01 5.071509e+00 
1.985384e-01 5.071562e+00 
1.987634e-01 5.071609e+00 
1.989883e-01 5.071650e+00 
1.992132e-01 5.071686e+00 
1.994382e-01 5.071716e+00 
1.996631e-01 5.071741e+00 
1.998881e-01 5.071760e+00 
2.001130e-01 5.071773e+00 
2.003380e-01 5.071781e+00 
2.005630e-01 5.071784e+00 
2.007879e-01 5.071782e+00 
2.010129e-01 5.071774e+00 
2.012379e-01 5.071762e+00 
2.014629e-01 5.071745e+00 
2.016879e-01 5.071722e+00 
2.019129e-01 5.071695e+00 
2.021380e-01 5.071664e+00 
2.023630e-01 5.071628e+00 
2.025880e-01 5.071588e+00 
2.028130e-01 5.071543e+00 
2.030381e-01 5.071494e+00 
2.032631e-01 5.071442e+00 
2.034882e-01 5.071385e+00 
2.037133e-01 5.071325e+00 
2.039384e-01 5.071261e+00 
2.041634e-01 5.071193e+00 
2.043885e-01 5.071123e+00 
2.046136e-01 5.071049e+00 
2.048387e-01 5.070972e+00 
2.050638e-01 5.070892e+00 
2.052889e-01 5.070809e+00 
2.055141e-01 5.070724e+00 
2.057392e-01 5.070636e+00 
2.059643e-01 5.070546e+00 
2.061895e-01 5.070453e+00 
2.064146e-01 5.070359e+00 
2.066398e-01 5.070263e+00 
2.068649e-01 5.070165e+00 
2.070901e-01 5.070065e+00 
2.073152e-01 5.069964e+00 
2.075404e-01 5.069861e+00 
2.077656e-01 5.069758e+00 
2.079908e-01 5.069653e+00 
2.082160e-01 5.069547e+00 
2.084412e-01 5.069441e+00 
2.086664e-01 5.069334e+00 
2.088916e-01 5.069226e+00 
2.091168e-01 5.069118e+00 
2.093420e-01 5.069010e+00 
2.095672e-01 5.068902e+00 
2.097924e-01 5.068793e+00 
2.100176e-01 5.068685e+00 
2.102429e-01 5.068577e+00 
2.104681e-01 5.068470e+00 
2.106933e-01 5.068363e+00 
2.109186e-01 5.068257e+00 
2.111438e-01 5.068151e+00 
2.113690e-01 5.068046e+00 
2.115943e-01 5.067942e+00 
2.118195e-01 5.067840e+00 
2.120448e-01 5.067738e+00 
2.122700e-01 5.067638e+00 
2.124953e-01 5.067539e+00 
2.127205e-01 5.067441e+00 
2.129458e-01 5.067345e+00 
2.131711e-01 5.067251e+00 
2.133963e-01 5.067158e+00 
2.136216e-01 5.067067e+00 
2.138468e-01 5.066978e+00 
2.140721e-01 5.066891e+00 
2.142974e-01 5.066806e+00 
2.145226e-01 5.066723e+00 
2.147479e-01 5.066642e+00 
2.149731e-01 5.066564e+00 
2.151984e-01 5.066487e+00 
2.154237e-01 5.066413e+00 
2.156489e-01 5.066341e+00 
2.158742e-01 5.066272e+00 
2.160994e-01 5.066205e+00 
2.163247e-01 5.066140e+00 
2.165500e-01 5.066078e+00 
2.167752e-01 5.066019e+00 
2.170005e-01 5.065962e+00 
2.172257e-01 5.065907e+00 
2.174510e-01 5.065855e+00 
2.176762e-01 5.065806e+00 
2.179015e-01 5.065760e+00 
2.181267e-01 5.065716e+00 
2.183520e-01 5.065674e+00 
2.185772e-01 5.065636e+00 
2.188025e-01 5.065600e+00 
2.190277e-01 5.065566e+00 
2.192530e-01 5.065535e+00 
2.194782e-01 5.065507e+00 
2.197034e-01 5.065482e+00 
2.199287e-01 5.065459e+00 
2.201539e-01 5.065439e+00 
2.203791e-01 5.065421e+00 
2.206043e-01 5.065406e+00 
2.208296e-01 5.065393e+00 
2.210548e-01 5.065383e+00 
2.212800e-01 5.065375e+00 
2.215052e-01 5.065370e+00 
2.217304e-01 5.065367e+00 
2.219556e-01 5.065366e+00 
2.221808e-01 5.065368e+00 
2.224060e-01 5.065372e+00 
2.226312e-01 5.065378e+00 
2.228564e-01 5.065387e+00 
2.230816e-01 5.065398e+00 
2.233068e-01 5.065410e+00 
2.235320e-01 5.065425e+00 
2.237572e-01 5.065442e+00 
2.239824e-01 5.065460e+00 
2.242075e-01 5.065481e+00 
2.244327e-01 5.065503e+00 
2.246579e-01 5.065528e+00 
2.248830e-01 5.065553e+00 
2.251082e-01 5.065581e+00 
2.253334e-01 5.065610e+00 
2.255585e-01 5.065641e+00 
2.257837e-01 5.065673e+00 
2.260088e-01 5.065707e+00 
2.262340e-01 5.065741e+00 
2.264591e-01 5.065778e+00 
2.266843e-01 5.065815e+00 
2.269094e-01 5.065854e+00 
2.271345e-01 5.065893e+00 
2.273597e-01 5.065934e+00 
2.275848e-01 5.065976e+00 
2.278099e-01 5.066018e+00 
2.280351e-01 5.066062e+00 
2.282602e-01 5.066106e+00 
2.284853e-01 5.066151e+00 
2.287104e-01 5.066196e+00 
2.289356e-01 5.066242e+00 
2.291607e-01 5.066289e+00 
2.293858e-01 5.066336e+00 
2.296109e-01 5.066383e+00 
2.298360e-01 5.066431e+00 
2.300611e-01 5.066479e+00 
2.302862e-01 5.066528e+00 
2.305113e-01 5.066576e+00 
2.307364e-01 5.066625e+00 
2.309615e-01 5.066673e+00 
2.311866e-01 5.066722e+00 
2.314117e-01 5.066770e+00 
2.316368e-01 5.066818e+00 
2.318619e-01 5.066866e+00 
2.320870e-01 5.066914e+00 
2.323121e-01 5.066962e+00 
2.325371e-01 5.067009e+00 
2.327622e-01 5.067056e+00 
2.329873e-01 5.067102e+00 
2.332124e-01 5.067148e+00 
2.334375e-01 5.067194e+00 
2.336626e-01 5.067238e+00 
2.338877e-01 5.067282e+00 
2.341127e-01 5.067326e+00 
2.343378e-01 5.067369e+00 
2.345629e-01 5.067411e+00 
2.347880e-01 5.067452e+00 
2.350131e-01 5.067493e+00 
2.352381e-01 5.067532e+00 
2.354632e-01 5.067571e+00 
2.356883e-01 5.067609e+00 
2.359134e-01 5.067646e+00 
2.361384e-01 5.067682e+00 
2.363635e-01 5.067717e+00 
2.365886e-01 5.067751e+00 
2.368137e-01 5.067784e+00 
2.370388e-01 5.067816e+00 
2.372638e-01 5.067846e+00 
2.374889e-01 5.067876e+00 
2.377140e-01 5.067905e+00 
2.379391e-01 5.067932e+00 
2.381641e-01 5.067959e+00 
2.383892e-01 5.067984e+00 
2.386143e-01 5.068008e+00 
2.388394e-01 5.068031e+00 
2.390645e-01 5.068052e+00 
2.392896e-01 5.068073e+00 
2.395146e-01 5.068092e+00 
2.397397e-01 5.068110e+00 
2.399648e-01 5.068127e+00 
2.401899e-01 5.068143e+00 
2.404150e-01 5.068158e+00 
2.406401e-01 5.068171e+00 
2.408652e-01 5.068184e+00 
2.410903e-01 5.068195e+00 
2.413153e-01 5.068205e+00 
2.415404e-01 5.068213e+00 
2.417655e-01 5.068221e+00 
2.419906e-01 5.068227e+00 
2.422157e-01 5.068233e+00 
2.424408e-01 5.068237e+00 
2.426659e-01 5.068240e+00 
2.428910e-01 5.068242e+00 
2.431161e-01 5.068243e+00 
2.433412e-01 5.068243e+00 
2.435663e-01 5.068242e+00 
2.437914e-01 5.068240e+00 
2.440165e-01 5.068237e+00 
2.442416e-01 5.068233e+00 
2.444668e-01 5.068228e+00 
2.446919e-01 5.068222e+00 
2.449170e-01 5.068215e+00 
2.451421e-01 5.068207e+00 
2.453672e-01 5.068198e+00 
2.455923e-01 5.068189e+00 
2.458174e-01 5.068179e+00 
2.460426e-01 5.068168e+00 
2.462677e-01 5.068156e+00 
2.464928e-01 5.068143e+00 
2.467179e-01 5.068130e+00 
2.469431e-01 5.068116e+00 
2.471682e-01 5.068101e+00 
2.473933e-01 5.068086e+00 
2.476184e-01 5.068070e+00 
2.478436e-01 5.068054e+00 
2.480687e-01 5.068037e+00 
2.482938e-01 5.068019e+00 
2.485190e-01 5.068002e+00 
2.487441e-01 5.067983e+00 
2.489692e-01 5.067964e+00 
2.491944e-01 5.067945e+00 
2.494195e-01 5.067926e+00 
2.496446e-01 5.067906e+00 
2.498698e-01 5.067885e+00 
2.500949e-01 5.067865e+00 
