#time,vrms
9.716797e-04 1.791111e+00 
1.943359e-03 2.193711e+00 
2.915039e-03 2.686718e+00 
3.886719e-03 3.290365e+00 
4.858398e-03 4.029353e+00 
5.830078e-03 4.933793e+00 
6.801758e-03 6.040300e+00 
7.773437e-03 7.393235e+00 
8.745117e-03 9.046044e+00 
9.716797e-03 1.106257e+01 
1.053368e-02 1.351807e+01 
1.122242e-02 1.602992e+01 
1.181817e-02 1.852698e+01 
1.234347e-02 2.100561e+01 
1.281361e-02 2.346253e+01 
1.323943e-02 2.589470e+01 
1.362893e-02 2.829927e+01 
1.398812e-02 3.067352e+01 
1.432169e-02 3.301487e+01 
1.463333e-02 3.532086e+01 
1.492602e-02 3.758912e+01 
1.520218e-02 3.981743e+01 
1.546382e-02 4.200365e+01 
1.571263e-02 4.414577e+01 
1.595002e-02 4.624187e+01 
1.617720e-02 4.829017e+01 
1.639522e-02 5.028897e+01 
1.660498e-02 5.223670e+01 
1.680726e-02 5.413191e+01 
1.700276e-02 5.597322e+01 
1.719210e-02 5.775940e+01 
1.737581e-02 5.948932e+01 
1.755438e-02 6.116193e+01 
1.772824e-02 6.277632e+01 
1.789780e-02 6.433166e+01 
1.806339e-02 6.582722e+01 
1.822536e-02 6.726238e+01 
1.838398e-02 6.863661e+01 
1.853953e-02 6.994947e+01 
1.869227e-02 7.120061e+01 
1.884241e-02 7.238977e+01 
1.899016e-02 7.351676e+01 
1.913574e-02 7.458148e+01 
1.927931e-02 7.558391e+01 
1.942106e-02 7.652410e+01 
1.956114e-02 7.740216e+01 
1.969970e-02 7.821829e+01 
1.983688e-02 7.897273e+01 
1.997282e-02 7.966579e+01 
2.010761e-02 8.029779e+01 
2.024138e-02 8.086908e+01 
2.037424e-02 8.138016e+01 
2.050630e-02 8.183162e+01 
2.063768e-02 8.222407e+01 
2.076847e-02 8.255819e+01 
2.089878e-02 8.283468e+01 
2.102870e-02 8.305430e+01 
2.115830e-02 8.321782e+01 
2.128747e-02 8.332605e+01 
2.141629e-02 8.337986e+01 
2.154484e-02 8.338041e+01 
2.167319e-02 8.332892e+01 
2.180140e-02 8.322664e+01 
2.192956e-02 8.307485e+01 
2.205771e-02 8.287487e+01 
2.218594e-02 8.262806e+01 
2.231430e-02 8.233578e+01 
2.244286e-02 8.199943e+01 
2.257169e-02 8.162043e+01 
2.270083e-02 8.120020e+01 
2.283037e-02 8.074021e+01 
2.296034e-02 8.024191e+01 
2.309083e-02 7.970677e+01 
2.322188e-02 7.913627e+01 
2.335356e-02 7.853189e+01 
2.348593e-02 7.789511e+01 
2.361905e-02 7.722743e+01 
2.375298e-02 7.653032e+01 
2.388779e-02 7.580528e+01 
2.402349e-02 7.505378e+01 
2.416016e-02 7.427745e+01 
2.429785e-02 7.347783e+01 
2.443662e-02 7.265638e+01 
2.457654e-02 7.181455e+01 
2.471767e-02 7.095381e+01 
2.486008e-02 7.007556e+01 
2.500383e-02 6.918123e+01 
2.514900e-02 6.827222e+01 
2.529564e-02 6.734990e+01 
2.544384e-02 6.641563e+01 
2.559365e-02 6.547077e+01 
2.574515e-02 6.451663e+01 
2.589841e-02 6.355451e+01 
2.605351e-02 6.258571e+01 
2.621052e-02 6.161148e+01 
2.636951e-02 6.063307e+01 
2.653058e-02 5.965170e+01 
2.669378e-02 5.866856e+01 
2.685921e-02 5.768484e+01 
2.702695e-02 5.670168e+01 
2.719707e-02 5.572022e+01 
2.736966e-02 5.474156e+01 
2.754481e-02 5.376678e+01 
2.772260e-02 5.279694e+01 
2.790312e-02 5.183308e+01 
2.808645e-02 5.087619e+01 
2.827269e-02 4.992727e+01 
2.846192e-02 4.898726e+01 
2.865423e-02 4.805710e+01 
2.884971e-02 4.713769e+01 
2.904844e-02 4.622989e+01 
2.925052e-02 4.533456e+01 
2.945604e-02 4.445252e+01 
2.966508e-02 4.358454e+01 
2.987772e-02 4.273139e+01 
3.009405e-02 4.189380e+01 
3.031416e-02 4.107246e+01 
3.053811e-02 4.026804e+01 
3.076595e-02 3.948117e+01 
3.099773e-02 3.871258e+01 
3.123352e-02 3.796288e+01 
3.147337e-02 3.723262e+01 
3.171733e-02 3.652228e+01 
3.196547e-02 3.583232e+01 
3.221781e-02 3.516315e+01 
3.247439e-02 3.451517e+01 
3.273525e-02 3.388873e+01 
3.300039e-02 3.328416e+01 
3.326984e-02 3.270173e+01 
3.354358e-02 3.214171e+01 
3.382161e-02 3.160432e+01 
3.410391e-02 3.108974e+01 
3.439044e-02 3.059814e+01 
3.468117e-02 3.012964e+01 
3.497603e-02 2.968435e+01 
3.527495e-02 2.926233e+01 
3.557786e-02 2.886362e+01 
3.588465e-02 2.848825e+01 
3.619523e-02 2.813619e+01 
3.650947e-02 2.780742e+01 
3.682723e-02 2.750188e+01 
3.714837e-02 2.721948e+01 
3.747272e-02 2.696011e+01 
3.780013e-02 2.672365e+01 
3.813041e-02 2.650996e+01 
3.846336e-02 2.631888e+01 
3.879878e-02 2.615020e+01 
3.913646e-02 2.600375e+01 
3.947618e-02 2.587929e+01 
3.981773e-02 2.577660e+01 
4.016086e-02 2.569542e+01 
4.050535e-02 2.563548e+01 
4.085095e-02 2.559651e+01 
4.119743e-02 2.557821e+01 
4.154455e-02 2.558026e+01 
4.189207e-02 2.560234e+01 
4.223976e-02 2.564411e+01 
4.258738e-02 2.570522e+01 
4.293471e-02 2.578530e+01 
4.328152e-02 2.588396e+01 
4.362761e-02 2.600082e+01 
4.397275e-02 2.613545e+01 
4.431676e-02 2.628744e+01 
4.465945e-02 2.645636e+01 
4.500064e-02 2.664176e+01 
4.534015e-02 2.684316e+01 
4.567776e-02 2.706012e+01 
4.601327e-02 2.729208e+01 
4.634655e-02 2.753851e+01 
4.667747e-02 2.779888e+01 
4.700592e-02 2.807267e+01 
4.733180e-02 2.835933e+01 
4.765502e-02 2.865832e+01 
4.797551e-02 2.896909e+01 
4.829319e-02 2.929107e+01 
4.860801e-02 2.962371e+01 
4.891994e-02 2.996644e+01 
4.922891e-02 3.031869e+01 
4.953492e-02 3.067987e+01 
4.983794e-02 3.104943e+01 
5.013796e-02 3.142678e+01 
5.043498e-02 3.181135e+01 
5.072899e-02 3.220255e+01 
5.102000e-02 3.259983e+01 
5.130804e-02 3.300260e+01 
5.159312e-02 3.341030e+01 
5.187526e-02 3.382235e+01 
5.215450e-02 3.423821e+01 
5.243087e-02 3.465732e+01 
5.270441e-02 3.507911e+01 
5.297515e-02 3.550306e+01 
5.324313e-02 3.592863e+01 
5.350842e-02 3.635527e+01 
5.377104e-02 3.678249e+01 
5.403106e-02 3.720975e+01 
5.428851e-02 3.763655e+01 
5.454340e-02 3.806238e+01 
5.479579e-02 3.848669e+01 
5.504575e-02 3.890901e+01 
5.529332e-02 3.932887e+01 
5.553857e-02 3.974584e+01 
5.578156e-02 4.015948e+01 
5.602234e-02 4.056935e+01 
5.626099e-02 4.097506e+01 
5.649755e-02 4.137620e+01 
5.673208e-02 4.177238e+01 
5.696465e-02 4.216322e+01 
5.719532e-02 4.254838e+01 
5.742413e-02 4.292749e+01 
5.765116e-02 4.330022e+01 
5.787645e-02 4.366625e+01 
5.810006e-02 4.402527e+01 
5.832205e-02 4.437698e+01 
5.854247e-02 4.472110e+01 
5.876138e-02 4.505736e+01 
5.897883e-02 4.538550e+01 
5.919488e-02 4.570528e+01 
5.940957e-02 4.601648e+01 
5.962296e-02 4.631887e+01 
5.983509e-02 4.661225e+01 
6.004602e-02 4.689644e+01 
6.025580e-02 4.717126e+01 
6.046447e-02 4.743655e+01 
6.067208e-02 4.769216e+01 
6.087868e-02 4.793795e+01 
6.108432e-02 4.817381e+01 
6.128904e-02 4.839962e+01 
6.149288e-02 4.861530e+01 
6.169589e-02 4.882075e+01 
6.189811e-02 4.901591e+01 
6.209958e-02 4.920072e+01 
6.230035e-02 4.937513e+01 
6.250046e-02 4.953912e+01 
6.269994e-02 4.969267e+01 
6.289885e-02 4.983576e+01 
6.309721e-02 4.996841e+01 
6.329506e-02 5.009063e+01 
6.349245e-02 5.020245e+01 
6.368941e-02 5.030391e+01 
6.388598e-02 5.039505e+01 
6.408219e-02 5.047595e+01 
6.427808e-02 5.054667e+01 
6.447369e-02 5.060730e+01 
6.466905e-02 5.065792e+01 
6.486419e-02 5.069866e+01 
6.505916e-02 5.072961e+01 
6.525397e-02 5.075091e+01 
6.544867e-02 5.076268e+01 
6.564328e-02 5.076507e+01 
6.583784e-02 5.075822e+01 
6.603238e-02 5.074230e+01 
6.622694e-02 5.071747e+01 
6.642153e-02 5.068391e+01 
6.661619e-02 5.064180e+01 
6.681095e-02 5.059132e+01 
6.700584e-02 5.053268e+01 
6.720089e-02 5.046607e+01 
6.739612e-02 5.039171e+01 
6.759157e-02 5.030981e+01 
6.778725e-02 5.022059e+01 
6.798320e-02 5.012427e+01 
6.817944e-02 5.002109e+01 
6.837599e-02 4.991127e+01 
6.857289e-02 4.979507e+01 
6.877016e-02 4.967271e+01 
6.896781e-02 4.954446e+01 
6.916588e-02 4.941054e+01 
6.936438e-02 4.927123e+01 
6.956335e-02 4.912676e+01 
6.976279e-02 4.897740e+01 
6.996273e-02 4.882340e+01 
7.016320e-02 4.866503e+01 
7.036421e-02 4.850254e+01 
7.056578e-02 4.833619e+01 
7.076793e-02 4.816625e+01 
7.097068e-02 4.799297e+01 
7.117402e-02 4.781662e+01 
7.137799e-02 4.763747e+01 
7.158259e-02 4.745578e+01 
7.178783e-02 4.727181e+01 
7.199374e-02 4.708581e+01 
7.220033e-02 4.689803e+01 
7.240761e-02 4.670874e+01 
7.261559e-02 4.651818e+01 
7.282428e-02 4.632659e+01 
7.303371e-02 4.613422e+01 
7.324386e-02 4.594132e+01 
7.345477e-02 4.574811e+01 
7.366642e-02 4.555483e+01 
7.387884e-02 4.536171e+01 
7.409203e-02 4.516897e+01 
7.430599e-02 4.497684e+01 
7.452074e-02 4.478553e+01 
7.473626e-02 4.459525e+01 
7.495258e-02 4.440621e+01 
7.516968e-02 4.421860e+01 
7.538758e-02 4.403263e+01 
7.560627e-02 4.384849e+01 
7.582575e-02 4.366635e+01 
7.604603e-02 4.348640e+01 
7.626709e-02 4.330880e+01 
7.648894e-02 4.313374e+01 
7.671157e-02 4.296137e+01 
7.693498e-02 4.279184e+01 
7.715917e-02 4.262530e+01 
7.738412e-02 4.246189e+01 
7.760982e-02 4.230176e+01 
7.783628e-02 4.214504e+01 
7.806348e-02 4.199183e+01 
7.829140e-02 4.184228e+01 
7.852005e-02 4.169647e+01 
7.874940e-02 4.155453e+01 
7.897945e-02 4.141655e+01 
7.921018e-02 4.128261e+01 
7.944157e-02 4.115281e+01 
7.967362e-02 4.102723e+01 
7.990630e-02 4.090593e+01 
8.013960e-02 4.078899e+01 
8.037351e-02 4.067646e+01 
8.060799e-02 4.056840e+01 
8.084305e-02 4.046486e+01 
8.107864e-02 4.036588e+01 
8.131477e-02 4.027150e+01 
8.155140e-02 4.018174e+01 
8.178852e-02 4.009663e+01 
8.202610e-02 4.001619e+01 
8.226413e-02 3.994043e+01 
8.250257e-02 3.986935e+01 
8.274142e-02 3.980297e+01 
8.298064e-02 3.974127e+01 
8.322021e-02 3.968425e+01 
8.346011e-02 3.963190e+01 
8.370033e-02 3.958418e+01 
8.394082e-02 3.954109e+01 
8.418157e-02 3.950259e+01 
8.442257e-02 3.946864e+01 
8.466377e-02 3.943921e+01 
8.490516e-02 3.941426e+01 
8.514672e-02 3.939373e+01 
8.538843e-02 3.937758e+01 
8.563025e-02 3.936575e+01 
8.587217e-02 3.935818e+01 
8.611416e-02 3.935481e+01 
8.635621e-02 3.935556e+01 
8.659828e-02 3.936038e+01 
8.684037e-02 3.936918e+01 
8.708244e-02 3.938189e+01 
8.732447e-02 3.939843e+01 
8.756645e-02 3.941871e+01 
8.780836e-02 3.944265e+01 
8.805017e-02 3.947015e+01 
8.829186e-02 3.950114e+01 
8.853342e-02 3.953550e+01 
8.877483e-02 3.957315e+01 
8.901607e-02 3.961399e+01 
8.925713e-02 3.965792e+01 
8.949798e-02 3.970482e+01 
8.973862e-02 3.975461e+01 
8.997902e-02 3.980718e+01 
9.021917e-02 3.986241e+01 
9.045906e-02 3.992020e+01 
9.069868e-02 3.998044e+01 
9.093801e-02 4.004302e+01 
9.117704e-02 4.010782e+01 
9.141576e-02 4.017475e+01 
9.165415e-02 4.024367e+01 
9.189222e-02 4.031449e+01 
9.212994e-02 4.038708e+01 
9.236732e-02 4.046133e+01 
9.260433e-02 4.053714e+01 
9.284098e-02 4.061438e+01 
9.307726e-02 4.069295e+01 
9.331316e-02 4.077272e+01 
9.354868e-02 4.085359e+01 
9.378381e-02 4.093545e+01 
9.401855e-02 4.101818e+01 
9.425289e-02 4.110168e+01 
9.448683e-02 4.118583e+01 
9.472037e-02 4.127053e+01 
9.495351e-02 4.135566e+01 
9.518624e-02 4.144113e+01 
9.541857e-02 4.152683e+01 
9.565049e-02 4.161266e+01 
9.588200e-02 4.169850e+01 
9.611311e-02 4.178428e+01 
9.634381e-02 4.186987e+01 
9.657411e-02 4.195520e+01 
9.680401e-02 4.204016e+01 
9.703352e-02 4.212467e+01 
9.726262e-02 4.220862e+01 
9.749134e-02 4.229194e+01 
9.771967e-02 4.237454e+01 
9.794761e-02 4.245633e+01 
9.817517e-02 4.253723e+01 
9.840236e-02 4.261716e+01 
9.862918e-02 4.269605e+01 
9.885564e-02 4.277382e+01 
9.908174e-02 4.285040e+01 
9.930748e-02 4.292572e+01 
9.953287e-02 4.299971e+01 
9.975791e-02 4.307231e+01 
9.998262e-02 4.314346e+01 
1.002070e-01 4.321309e+01 
1.004311e-01 4.328116e+01 
1.006548e-01 4.334761e+01 
1.008783e-01 4.341239e+01 
1.011014e-01 4.347545e+01 
1.013242e-01 4.353675e+01 
1.015468e-01 4.359624e+01 
1.017691e-01 4.365389e+01 
1.019911e-01 4.370967e+01 
1.022129e-01 4.376352e+01 
1.024345e-01 4.381544e+01 
1.026557e-01 4.386538e+01 
1.028768e-01 4.391332e+01 
1.030977e-01 4.395925e+01 
1.033183e-01 4.400314e+01 
1.035387e-01 4.404496e+01 
1.037590e-01 4.408472e+01 
1.039790e-01 4.412240e+01 
1.041989e-01 4.415798e+01 
1.044186e-01 4.419147e+01 
1.046382e-01 4.422285e+01 
1.048576e-01 4.425214e+01 
1.050769e-01 4.427931e+01 
1.052960e-01 4.430439e+01 
1.055151e-01 4.432738e+01 
1.057340e-01 4.434828e+01 
1.059528e-01 4.436711e+01 
1.061716e-01 4.438387e+01 
1.063902e-01 4.439859e+01 
1.066088e-01 4.441128e+01 
1.068273e-01 4.442196e+01 
1.070458e-01 4.443065e+01 
1.072642e-01 4.443737e+01 
1.074826e-01 4.444215e+01 
1.077009e-01 4.444502e+01 
1.079192e-01 4.444600e+01 
1.081375e-01 4.444512e+01 
1.083558e-01 4.444243e+01 
1.085741e-01 4.443794e+01 
1.087924e-01 4.443170e+01 
1.090108e-01 4.442374e+01 
1.092291e-01 4.441410e+01 
1.094475e-01 4.440282e+01 
1.096659e-01 4.438995e+01 
1.098844e-01 4.437551e+01 
1.101029e-01 4.435956e+01 
1.103214e-01 4.434214e+01 
1.105401e-01 4.432330e+01 
1.107587e-01 4.430307e+01 
1.109775e-01 4.428152e+01 
1.111964e-01 4.425868e+01 
1.114153e-01 4.423460e+01 
1.116343e-01 4.420933e+01 
1.118535e-01 4.418293e+01 
1.120727e-01 4.415543e+01 
1.122920e-01 4.412690e+01 
1.125115e-01 4.409739e+01 
1.127311e-01 4.406693e+01 
1.129508e-01 4.403559e+01 
1.131706e-01 4.400342e+01 
1.133905e-01 4.397047e+01 
1.136106e-01 4.393678e+01 
1.138308e-01 4.390242e+01 
1.140512e-01 4.386743e+01 
1.142717e-01 4.383186e+01 
1.144924e-01 4.379577e+01 
1.147132e-01 4.375920e+01 
1.149341e-01 4.372221e+01 
1.151553e-01 4.368485e+01 
1.153765e-01 4.364717e+01 
1.155980e-01 4.360921e+01 
1.158196e-01 4.357102e+01 
1.160413e-01 4.353266e+01 
1.162633e-01 4.349417e+01 
1.164854e-01 4.345560e+01 
1.167076e-01 4.341699e+01 
1.169301e-01 4.337839e+01 
1.171526e-01 4.333985e+01 
1.173754e-01 4.330141e+01 
1.175983e-01 4.326310e+01 
1.178214e-01 4.322498e+01 
1.180447e-01 4.318709e+01 
1.182682e-01 4.314946e+01 
1.184918e-01 4.311213e+01 
1.187155e-01 4.307515e+01 
1.189395e-01 4.303854e+01 
1.191636e-01 4.300236e+01 
1.193878e-01 4.296662e+01 
1.196123e-01 4.293137e+01 
1.198369e-01 4.289664e+01 
1.200616e-01 4.286246e+01 
1.202865e-01 4.282885e+01 
1.205116e-01 4.279586e+01 
1.207368e-01 4.276350e+01 
1.209621e-01 4.273181e+01 
1.211876e-01 4.270081e+01 
1.214133e-01 4.267052e+01 
1.216391e-01 4.264097e+01 
1.218650e-01 4.261218e+01 
1.220911e-01 4.258417e+01 
1.223172e-01 4.255696e+01 
1.225436e-01 4.253057e+01 
1.227700e-01 4.250501e+01 
1.229966e-01 4.248030e+01 
1.232233e-01 4.245645e+01 
1.234501e-01 4.243348e+01 
1.236770e-01 4.241140e+01 
1.239040e-01 4.239023e+01 
1.241311e-01 4.236996e+01 
1.243584e-01 4.235061e+01 
1.245857e-01 4.233218e+01 
1.248131e-01 4.231468e+01 
1.250406e-01 4.229812e+01 
1.252682e-01 4.228250e+01 
1.254958e-01 4.226781e+01 
1.257235e-01 4.225407e+01 
1.259513e-01 4.224127e+01 
1.261792e-01 4.222942e+01 
1.264071e-01 4.221850e+01 
1.266351e-01 4.220852e+01 
1.268632e-01 4.219947e+01 
1.270912e-01 4.219134e+01 
1.273194e-01 4.218414e+01 
1.275475e-01 4.217785e+01 
1.277757e-01 4.217246e+01 
1.280040e-01 4.216797e+01 
1.282322e-01 4.216437e+01 
1.284605e-01 4.216164e+01 
1.286888e-01 4.215978e+01 
1.289172e-01 4.215877e+01 
1.291455e-01 4.215859e+01 
1.293738e-01 4.215924e+01 
1.296022e-01 4.216071e+01 
1.298305e-01 4.216296e+01 
1.300588e-01 4.216600e+01 
1.302872e-01 4.216979e+01 
1.305155e-01 4.217433e+01 
1.307438e-01 4.217960e+01 
1.309721e-01 4.218558e+01 
1.312003e-01 4.219225e+01 
1.314286e-01 4.219958e+01 
1.316568e-01 4.220757e+01 
1.318849e-01 4.221619e+01 
1.321131e-01 4.222542e+01 
1.323412e-01 4.223524e+01 
1.325692e-01 4.224562e+01 
1.327972e-01 4.225655e+01 
1.330252e-01 4.226801e+01 
1.332531e-01 4.227997e+01 
1.334810e-01 4.229240e+01 
1.337088e-01 4.230530e+01 
1.339366e-01 4.231863e+01 
1.341643e-01 4.233237e+01 
1.343919e-01 4.234650e+01 
1.346195e-01 4.236100e+01 
1.348470e-01 4.237583e+01 
1.350745e-01 4.239099e+01 
1.353019e-01 4.240645e+01 
1.355292e-01 4.242218e+01 
1.357564e-01 4.243816e+01 
1.359836e-01 4.245438e+01 
1.362107e-01 4.247079e+01 
1.364377e-01 4.248739e+01 
1.366647e-01 4.250415e+01 
1.368916e-01 4.252105e+01 
1.371184e-01 4.253807e+01 
1.373451e-01 4.255518e+01 
1.375718e-01 4.257237e+01 
1.377983e-01 4.258961e+01 
1.380248e-01 4.260688e+01 
1.382513e-01 4.262416e+01 
1.384776e-01 4.264143e+01 
1.387039e-01 4.265867e+01 
1.389301e-01 4.267587e+01 
1.391562e-01 4.269299e+01 
1.393822e-01 4.271003e+01 
1.396082e-01 4.272696e+01 
1.398340e-01 4.274378e+01 
1.400598e-01 4.276045e+01 
1.402856e-01 4.277696e+01 
1.405112e-01 4.279330e+01 
1.407368e-01 4.280945e+01 
1.409623e-01 4.282539e+01 
1.411877e-01 4.284112e+01 
1.414131e-01 4.285660e+01 
1.416384e-01 4.287184e+01 
1.418636e-01 4.288682e+01 
1.420887e-01 4.290152e+01 
1.423138e-01 4.291593e+01 
1.425388e-01 4.293004e+01 
1.427638e-01 4.294384e+01 
1.429887e-01 4.295732e+01 
1.432135e-01 4.297046e+01 
1.434382e-01 4.298327e+01 
1.436629e-01 4.299572e+01 
1.438876e-01 4.300781e+01 
1.441122e-01 4.301953e+01 
1.443367e-01 4.303088e+01 
1.445612e-01 4.304184e+01 
1.447856e-01 4.305242e+01 
1.450100e-01 4.306260e+01 
1.452343e-01 4.307238e+01 
1.454586e-01 4.308176e+01 
1.456829e-01 4.309073e+01 
1.459071e-01 4.309928e+01 
1.461312e-01 4.310742e+01 
1.463553e-01 4.311515e+01 
1.465794e-01 4.312245e+01 
1.468035e-01 4.312933e+01 
1.470275e-01 4.313579e+01 
1.472515e-01 4.314183e+01 
1.474754e-01 4.314745e+01 
1.476993e-01 4.315264e+01 
1.479232e-01 4.315741e+01 
1.481471e-01 4.316177e+01 
1.483710e-01 4.316570e+01 
1.485948e-01 4.316922e+01 
1.488186e-01 4.317233e+01 
1.490424e-01 4.317503e+01 
1.492662e-01 4.317733e+01 
1.494899e-01 4.317923e+01 
1.497137e-01 4.318072e+01 
1.499375e-01 4.318183e+01 
1.501612e-01 4.318255e+01 
1.503849e-01 4.318289e+01 
1.506087e-01 4.318286e+01 
1.508324e-01 4.318246e+01 
1.510561e-01 4.318169e+01 
1.512798e-01 4.318057e+01 
1.515036e-01 4.317911e+01 
1.517273e-01 4.317730e+01 
1.519511e-01 4.317517e+01 
1.521748e-01 4.317270e+01 
1.523986e-01 4.316993e+01 
1.526223e-01 4.316684e+01 
1.528461e-01 4.316346e+01 
1.530699e-01 4.315979e+01 
1.532937e-01 4.315584e+01 
1.535175e-01 4.315162e+01 
1.537413e-01 4.314713e+01 
1.539652e-01 4.314240e+01 
1.541891e-01 4.313742e+01 
1.544130e-01 4.313221e+01 
1.546369e-01 4.312677e+01 
1.548608e-01 4.312113e+01 
1.550848e-01 4.311528e+01 
1.553088e-01 4.310924e+01 
1.555328e-01 4.310302e+01 
1.557568e-01 4.309663e+01 
1.559809e-01 4.309008e+01 
1.562050e-01 4.308337e+01 
1.564291e-01 4.307653e+01 
1.566532e-01 4.306956e+01 
1.568774e-01 4.306246e+01 
1.571016e-01 4.305526e+01 
1.573259e-01 4.304796e+01 
1.575501e-01 4.304056e+01 
1.577744e-01 4.303309e+01 
1.579988e-01 4.302555e+01 
1.582231e-01 4.301795e+01 
1.584475e-01 4.301031e+01 
1.586720e-01 4.300262e+01 
1.588965e-01 4.299490e+01 
1.591210e-01 4.298716e+01 
1.593455e-01 4.297941e+01 
1.595701e-01 4.297166e+01 
1.597947e-01 4.296392e+01 
1.600193e-01 4.295619e+01 
1.602440e-01 4.294849e+01 
1.604687e-01 4.294082e+01 
1.606935e-01 4.293319e+01 
1.609182e-01 4.292561e+01 
1.611430e-01 4.291809e+01 
1.613679e-01 4.291063e+01 
1.615928e-01 4.290325e+01 
1.618177e-01 4.289595e+01 
1.620426e-01 4.288874e+01 
1.622676e-01 4.288162e+01 
1.624926e-01 4.287460e+01 
1.627177e-01 4.286769e+01 
1.629427e-01 4.286089e+01 
1.631679e-01 4.285421e+01 
1.633930e-01 4.284766e+01 
1.636182e-01 4.284124e+01 
1.638434e-01 4.283496e+01 
1.640686e-01 4.282882e+01 
1.642938e-01 4.282282e+01 
1.645191e-01 4.281698e+01 
1.647444e-01 4.281128e+01 
1.649698e-01 4.280575e+01 
1.651951e-01 4.280038e+01 
1.654205e-01 4.279518e+01 
1.656459e-01 4.279015e+01 
1.658714e-01 4.278529e+01 
1.660968e-01 4.278060e+01 
1.663223e-01 4.277609e+01 
1.665478e-01 4.277176e+01 
1.667733e-01 4.276762e+01 
1.669989e-01 4.276366e+01 
1.672244e-01 4.275988e+01 
1.674500e-01 4.275629e+01 
1.676756e-01 4.275288e+01 
1.679012e-01 4.274967e+01 
1.681269e-01 4.274664e+01 
1.683525e-01 4.274381e+01 
1.685782e-01 4.274116e+01 
1.688038e-01 4.273870e+01 
1.690295e-01 4.273643e+01 
1.692552e-01 4.273435e+01 
1.694809e-01 4.273246e+01 
1.697067e-01 4.273075e+01 
1.699324e-01 4.272923e+01 
1.701581e-01 4.272789e+01 
1.703839e-01 4.272674e+01 
1.706096e-01 4.272577e+01 
1.708354e-01 4.272497e+01 
1.710611e-01 4.272435e+01 
1.712869e-01 4.272391e+01 
1.715126e-01 4.272364e+01 
1.717384e-01 4.272354e+01 
1.719642e-01 4.272361e+01 
1.721900e-01 4.272384e+01 
1.724157e-01 4.272423e+01 
1.726415e-01 4.272478e+01 
1.728673e-01 4.272548e+01 
1.730930e-01 4.272633e+01 
1.733188e-01 4.272734e+01 
1.735446e-01 4.272848e+01 
1.737703e-01 4.272977e+01 
1.739961e-01 4.273119e+01 
1.742218e-01 4.273275e+01 
1.744476e-01 4.273443e+01 
1.746733e-01 4.273624e+01 
1.748990e-01 4.273817e+01 
1.751247e-01 4.274021e+01 
1.753505e-01 4.274237e+01 
1.755762e-01 4.274463e+01 
1.758019e-01 4.274700e+01 
1.760275e-01 4.274946e+01 
1.762532e-01 4.275202e+01 
1.764789e-01 4.275466e+01 
1.767045e-01 4.275739e+01 
1.769302e-01 4.276020e+01 
1.771558e-01 4.276309e+01 
1.773814e-01 4.276605e+01 
1.776070e-01 4.276907e+01 
1.778326e-01 4.277216e+01 
1.780582e-01 4.277530e+01 
1.782837e-01 4.277849e+01 
1.785093e-01 4.278173e+01 
1.787348e-01 4.278502e+01 
1.789603e-01 4.278834e+01 
1.791858e-01 4.279170e+01 
1.794113e-01 4.279509e+01 
1.796368e-01 4.279850e+01 
1.798623e-01 4.280193e+01 
1.800877e-01 4.280538e+01 
1.803131e-01 4.280884e+01 
1.805385e-01 4.281231e+01 
1.807639e-01 4.281578e+01 
1.809893e-01 4.281926e+01 
1.812147e-01 4.282273e+01 
1.814400e-01 4.282619e+01 
1.816654e-01 4.282963e+01 
1.818907e-01 4.283307e+01 
1.821160e-01 4.283648e+01 
1.823413e-01 4.283987e+01 
1.825666e-01 4.284323e+01 
1.827918e-01 4.284656e+01 
1.830171e-01 4.284986e+01 
1.832423e-01 4.285312e+01 
1.834675e-01 4.285634e+01 
1.836927e-01 4.285952e+01 
1.839179e-01 4.286265e+01 
1.841431e-01 4.286573e+01 
1.843682e-01 4.286876e+01 
1.845934e-01 4.287174e+01 
1.848185e-01 4.287466e+01 
1.850436e-01 4.287752e+01 
1.852687e-01 4.288031e+01 
1.854938e-01 4.288305e+01 
1.857189e-01 4.288572e+01 
1.859439e-01 4.288832e+01 
1.861690e-01 4.289084e+01 
1.863940e-01 4.289330e+01 
1.866191e-01 4.289569e+01 
1.868441e-01 4.289800e+01 
1.870691e-01 4.290023e+01 
1.872941e-01 4.290239e+01 
1.875191e-01 4.290446e+01 
1.877441e-01 4.290646e+01 
1.879690e-01 4.290837e+01 
1.881940e-01 4.291021e+01 
1.884189e-01 4.291196e+01 
1.886439e-01 4.291363e+01 
1.888688e-01 4.291521e+01 
1.890937e-01 4.291671e+01 
1.893186e-01 4.291813e+01 
1.895436e-01 4.291946e+01 
1.897685e-01 4.292071e+01 
1.899934e-01 4.292187e+01 
1.902183e-01 4.292294e+01 
1.904431e-01 4.292393e+01 
1.906680e-01 4.292484e+01 
1.908929e-01 4.292567e+01 
1.911178e-01 4.292641e+01 
1.913426e-01 4.292706e+01 
1.915675e-01 4.292764e+01 
1.917924e-01 4.292813e+01 
1.920172e-01 4.292854e+01 
1.922421e-01 4.292887e+01 
1.924669e-01 4.292913e+01 
1.926918e-01 4.292930e+01 
1.929167e-01 4.292940e+01 
1.931415e-01 4.292942e+01 
1.933664e-01 4.292937e+01 
1.935912e-01 4.292924e+01 
1.938161e-01 4.292905e+01 
1.940409e-01 4.292878e+01 
1.942658e-01 4.292844e+01 
1.944906e-01 4.292804e+01 
1.947155e-01 4.292757e+01 
1.949403e-01 4.292704e+01 
1.951652e-01 4.292644e+01 
1.953900e-01 4.292579e+01 
1.956149e-01 4.292507e+01 
1.958398e-01 4.292430e+01 
1.960646e-01 4.292347e+01 
1.962895e-01 4.292259e+01 
1.965144e-01 4.292166e+01 
1.967393e-01 4.292068e+01 
1.969641e-01 4.291965e+01 
1.971890e-01 4.291858e+01 
1.974139e-01 4.291746e+01 
1.976388e-01 4.291630e+01 
1.978637e-01 4.291510e+01 
1.980886e-01 4.291387e+01 
1.983135e-01 4.291259e+01 
1.985384e-01 4.291129e+01 
1.987634e-01 4.290996e+01 
1.989883e-01 4.290859e+01 
1.992132e-01 4.290720e+01 
1.994382e-01 4.290578e+01 
1.996631e-01 4.290435e+01 
1.998881e-01 4.290289e+01 
2.001130e-01 4.290141e+01 
2.003380e-01 4.289991e+01 
2.005630e-01 4.289840e+01 
2.007879e-01 4.289688e+01 
2.010129e-01 4.289535e+01 
2.012379e-01 4.289381e+01 
2.014629e-01 4.289226e+01 
2.016879e-01 4.289071e+01 
2.019129e-01 4.288915e+01 
2.021380e-01 4.288759e+01 
2.023630e-01 4.288604e+01 
2.025880e-01 4.288448e+01 
2.028130e-01 4.288293e+01 
2.030381e-01 4.288139e+01 
2.032631e-01 4.287985e+01 
2.034882e-01 4.287833e+01 
2.037133e-01 4.287681e+01 
2.039384e-01 4.287531e+01 
2.041634e-01 4.287382e+01 
2.043885e-01 4.287234e+01 
2.046136e-01 4.287089e+01 
2.048387e-01 4.286945e+01 
2.050638e-01 4.286803e+01 
2.052889e-01 4.286663e+01 
2.055141e-01 4.286526e+01 
2.057392e-01 4.286391e+01 
2.059643e-01 4.286258e+01 
2.061895e-01 4.286128e+01 
2.064146e-01 4.286001e+01 
2.066398e-01 4.285876e+01 
2.068649e-01 4.285755e+01 
2.070901e-01 4.285636e+01 
2.073152e-01 4.285520e+01 
2.075404e-01 4.285408e+01 
2.077656e-01 4.285299e+01 
2.079908e-01 4.285193e+01 
2.082160e-01 4.285090e+01 
2.084412e-01 4.284991e+01 
2.086664e-01 4.284896e+01 
2.088916e-01 4.284804e+01 
2.091168e-01 4.284715e+01 
2.093420e-01 4.284631e+01 
2.095672e-01 4.284549e+01 
2.097924e-01 4.284472e+01 
2.100176e-01 4.284398e+01 
2.102429e-01 4.284329e+01 
2.104681e-01 4.284263e+01 
2.106933e-01 4.284200e+01 
2.109186e-01 4.284142e+01 
2.111438e-01 4.284087e+01 
2.113690e-01 4.284036e+01 
2.115943e-01 4.283989e+01 
2.118195e-01 4.283946e+01 
2.120448e-01 4.283906e+01 
2.122700e-01 4.283870e+01 
2.124953e-01 4.283838e+01 
2.127205e-01 4.283810e+01 
2.129458e-01 4.283786e+01 
2.131711e-01 4.283765e+01 
2.133963e-01 4.283747e+01 
2.136216e-01 4.283733e+01 
2.138468e-01 4.283723e+01 
2.140721e-01 4.283716e+01 
2.142974e-01 4.283713e+01 
2.145226e-01 4.283713e+01 
2.147479e-01 4.283716e+01 
2.149731e-01 4.283723e+01 
2.151984e-01 4.283733e+01 
2.154237e-01 4.283746e+01 
2.156489e-01 4.283762e+01 
2.158742e-01 4.283781e+01 
2.160994e-01 4.283803e+01 
2.163247e-01 4.283827e+01 
2.165500e-01 4.283855e+01 
2.167752e-01 4.283885e+01 
2.170005e-01 4.283918e+01 
2.172257e-01 4.283953e+01 
2.174510e-01 4.283991e+01 
2.176762e-01 4.284031e+01 
2.179015e-01 4.284074e+01 
2.181267e-01 4.284118e+01 
2.183520e-01 4.284165e+01 
2.185772e-01 4.284214e+01 
2.188025e-01 4.284264e+01 
2.190277e-01 4.284317e+01 
2.192530e-01 4.284371e+01 
2.194782e-01 4.284427e+01 
2.197034e-01 4.284484e+01 
2.199287e-01 4.284543e+01 
2.201539e-01 4.284604e+01 
2.203791e-01 4.284665e+01 
2.206043e-01 4.284728e+01 
2.208296e-01 4.284792e+01 
2.210548e-01 4.284856e+01 
2.212800e-01 4.284922e+01 
2.215052e-01 4.284989e+01 
2.217304e-01 4.285056e+01 
2.219556e-01 4.285124e+01 
2.221808e-01 4.285192e+01 
2.224060e-01 4.285261e+01 
2.226312e-01 4.285330e+01 
2.228564e-01 4.285400e+01 
2.230816e-01 4.285469e+01 
2.233068e-01 4.285539e+01 
2.235320e-01 4.285609e+01 
2.237572e-01 4.285679e+01 
2.239824e-01 4.285748e+01 
2.242075e-01 4.285818e+01 
2.244327e-01 4.285887e+01 
2.246579e-01 4.285955e+01 
2.248830e-01 4.286024e+01 
2.251082e-01 4.286091e+01 
2.253334e-01 4.286159e+01 
2.255585e-01 4.286225e+01 
2.257837e-01 4.286291e+01 
2.260088e-01 4.286356e+01 
2.262340e-01 4.286420e+01 
2.264591e-01 4.286484e+01 
2.266843e-01 4.286546e+01 
2.269094e-01 4.286607e+01 
2.271345e-01 4.286667e+01 
2.273597e-01 4.286726e+01 
2.275848e-01 4.286784e+01 
2.278099e-01 4.286841e+01 
2.280351e-01 4.286897e+01 
2.282602e-01 4.286951e+01 
2.284853e-01 4.287003e+01 
2.287104e-01 4.287055e+01 
2.289356e-01 4.287105e+01 
2.291607e-01 4.287153e+01 
2.293858e-01 4.287200e+01 
2.296109e-01 4.287246e+01 
2.298360e-01 4.287290e+01 
2.300611e-01 4.287332e+01 
2.302862e-01 4.287373e+01 
2.305113e-01 4.287412e+01 
2.307364e-01 4.287449e+01 
2.309615e-01 4.287485e+01 
2.311866e-01 4.287519e+01 
2.314117e-01 4.287552e+01 
2.316368e-01 4.287583e+01 
2.318619e-01 4.287612e+01 
2.320870e-01 4.287639e+01 
2.323121e-01 4.287665e+01 
2.325371e-01 4.287689e+01 
2.327622e-01 4.287711e+01 
2.329873e-01 4.287732e+01 
2.332124e-01 4.287751e+01 
2.334375e-01 4.287768e+01 
2.336626e-01 4.287783e+01 
2.338877e-01 4.287797e+01 
2.341127e-01 4.287810e+01 
2.343378e-01 4.287820e+01 
2.345629e-01 4.287829e+01 
2.347880e-01 4.287836e+01 
2.350131e-01 4.287842e+01 
2.352381e-01 4.287846e+01 
2.354632e-01 4.287849e+01 
2.356883e-01 4.287850e+01 
2.359134e-01 4.287849e+01 
2.361384e-01 4.287847e+01 
2.363635e-01 4.287844e+01 
2.365886e-01 4.287839e+01 
2.368137e-01 4.287833e+01 
2.370388e-01 4.287825e+01 
2.372638e-01 4.287816e+01 
2.374889e-01 4.287806e+01 
2.377140e-01 4.287795e+01 
2.379391e-01 4.287782e+01 
2.381641e-01 4.287768e+01 
2.383892e-01 4.287753e+01 
2.386143e-01 4.287737e+01 
2.388394e-01 4.287720e+01 
2.390645e-01 4.287701e+01 
2.392896e-01 4.287682e+01 
2.395146e-01 4.287662e+01 
2.397397e-01 4.287640e+01 
2.399648e-01 4.287618e+01 
2.401899e-01 4.287595e+01 
2.404150e-01 4.287571e+01 
2.406401e-01 4.287547e+01 
2.408652e-01 4.287522e+01 
2.410903e-01 4.287496e+01 
2.413153e-01 4.287469e+01 
2.415404e-01 4.287442e+01 
2.417655e-01 4.287414e+01 
2.419906e-01 4.287386e+01 
2.422157e-01 4.287357e+01 
2.424408e-01 4.287328e+01 
2.426659e-01 4.287299e+01 
2.428910e-01 4.287269e+01 
2.431161e-01 4.287238e+01 
2.433412e-01 4.287208e+01 
2.435663e-01 4.287177e+01 
2.437914e-01 4.287146e+01 
2.440165e-01 4.287115e+01 
2.442416e-01 4.287084e+01 
2.444668e-01 4.287053e+01 
2.446919e-01 4.287021e+01 
2.449170e-01 4.286990e+01 
2.451421e-01 4.286959e+01 
2.453672e-01 4.286928e+01 
2.455923e-01 4.286897e+01 
2.458174e-01 4.286866e+01 
2.460426e-01 4.286835e+01 
2.462677e-01 4.286804e+01 
2.464928e-01 4.286774e+01 
2.467179e-01 4.286744e+01 
2.469431e-01 4.286714e+01 
2.471682e-01 4.286685e+01 
2.473933e-01 4.286656e+01 
2.476184e-01 4.286627e+01 
2.478436e-01 4.286599e+01 
2.480687e-01 4.286571e+01 
2.482938e-01 4.286544e+01 
2.485190e-01 4.286517e+01 
2.487441e-01 4.286491e+01 
2.489692e-01 4.286465e+01 
2.491944e-01 4.286440e+01 
2.494195e-01 4.286415e+01 
2.496446e-01 4.286391e+01 
2.498698e-01 4.286367e+01 
2.500949e-01 4.286345e+01 
