1.570796326794896558e+00 1.200276183176014557e+11
1.567126241919207574e+00 1.200061190631074524e+11
1.563456157043518591e+00 1.199846198086134491e+11
1.559786072167829607e+00 1.199885796756886597e+11
1.556115987292140623e+00 1.199925395427638550e+11
1.552445902416451418e+00 1.199918703088397369e+11
1.548775817540762434e+00 1.199912010749156189e+11
1.545105732665073450e+00 1.199914049345842896e+11
1.541435647789384467e+00 1.199916087942529602e+11
1.537765562913695483e+00 1.199915996459914551e+11
1.534095478038006499e+00 1.199915904977299652e+11
1.530425393162317516e+00 1.199916327875225525e+11
1.526755308286628532e+00 1.199916750773151398e+11
1.523085223410939326e+00 1.199917090561293488e+11
1.519415138535250342e+00 1.199917430349435577e+11
1.515745053659561359e+00 1.199917842160049133e+11
1.512074968783872375e+00 1.199918253970662537e+11
1.508404883908183391e+00 1.199918701101084290e+11
1.504734799032494408e+00 1.199919148231506195e+11
1.501064714156805424e+00 1.199919638888514862e+11
1.497394629281116440e+00 1.199920129545523529e+11
1.493724544405427235e+00 1.199920659370410461e+11
1.490054459529738251e+00 1.199921189195297241e+11
1.486384374654049267e+00 1.199921756334279480e+11
1.482714289778360284e+00 1.199922323473261719e+11
1.479044204902671300e+00 1.199922925039572144e+11
1.475374120026982316e+00 1.199923526605882721e+11
1.471704035151293333e+00 1.199924159736311035e+11
1.468033950275604349e+00 1.199924792866739197e+11
1.464363865399915365e+00 1.199925454546764984e+11
1.460693780524226160e+00 1.199926116226790771e+11
1.457023695648537176e+00 1.199926803403835754e+11
1.453353610772848192e+00 1.199927490580880737e+11
1.449683525897159209e+00 1.199928200187940369e+11
1.446013441021470225e+00 1.199928909795000000e+11
1.442343356145781241e+00 1.199929638785754089e+11
1.438673271270092258e+00 1.199930367776508331e+11
1.435003186394403052e+00 1.199931113155727386e+11
1.431333101518714068e+00 1.199931858534946442e+11
1.427663016643025085e+00 1.199932617379618225e+11
1.423992931767336101e+00 1.199933376224290009e+11
1.420322846891647117e+00 1.199934145705596313e+11
1.416652762015958134e+00 1.199934915186902618e+11
1.412982677140269150e+00 1.199935692586520386e+11
1.409312592264580166e+00 1.199936469986138153e+11
1.405642507388891183e+00 1.199937252712371826e+11
1.401972422513201977e+00 1.199938035438605652e+11
1.398302337637512993e+00 1.199938821034035645e+11
1.394632252761824009e+00 1.199939606629465790e+11
1.390962167886135026e+00 1.199940392788095245e+11
1.387292083010446042e+00 1.199941178946724701e+11
1.383621998134757058e+00 1.199941963497833862e+11
1.379951913259068075e+00 1.199942748048942871e+11
1.376281828383379091e+00 1.199943529004981689e+11
1.372611743507690107e+00 1.199944309961020355e+11
1.368941658632000902e+00 1.199945085460420227e+11
1.365271573756311918e+00 1.199945860959820099e+11
1.361601488880622934e+00 1.199946629318486938e+11
1.357931404004933951e+00 1.199947397677153778e+11
1.354261319129244967e+00 1.199948157359404907e+11
1.350591234253555983e+00 1.199948917041656189e+11
1.346921149377867000e+00 1.199949666664584961e+11
1.343251064502177794e+00 1.199950416287513733e+11
1.339580979626488810e+00 1.199951154616551666e+11
1.335910894750799827e+00 1.199951892945589600e+11
1.332240809875110843e+00 1.199952618888758850e+11
1.328570724999421859e+00 1.199953344831928101e+11
1.324900640123732876e+00 1.199954057433198853e+11
1.321230555248043892e+00 1.199954770034469757e+11
1.317560470372354908e+00 1.199955468468243866e+11
1.313890385496665925e+00 1.199956166902017975e+11
1.310220300620976719e+00 1.199956850465251923e+11
1.306550215745287735e+00 1.199957534028485870e+11
1.302880130869598752e+00 1.199958202133062897e+11
1.299210045993909768e+00 1.199958870237639923e+11
1.295539961118220784e+00 1.199959522403507843e+11
1.291869876242531801e+00 1.199960174569375763e+11
1.288199791366842817e+00 1.199960810416283569e+11
1.284529706491153611e+00 1.199961446263191528e+11
1.280859621615464849e+00 1.199962065503284607e+11
1.277189536739775644e+00 1.199962684743377686e+11
1.273519451864086660e+00 1.199963287173348694e+11
1.269849366988397676e+00 1.199963889603319550e+11
1.266179282112708693e+00 1.199964475097870483e+11
1.262509197237019709e+00 1.199965060592421417e+11
1.258839112361330725e+00 1.199965629096100769e+11
1.255169027485641742e+00 1.199966197599780121e+11
1.251498942609952536e+00 1.199966749121063843e+11
1.247828857734263552e+00 1.199967300642347717e+11
1.244158772858574569e+00 1.199967835246739197e+11
1.240488687982885585e+00 1.199968369851130829e+11
1.236818603107196601e+00 1.199968887655044403e+11
1.233148518231507618e+00 1.199969405458957977e+11
1.229478433355818634e+00 1.199969906624045105e+11
1.225808348480129428e+00 1.199970407789132385e+11
1.222138263604440667e+00 1.199970892517088318e+11
1.218468178728751461e+00 1.199971377245044403e+11
1.214798093853062699e+00 1.199971845771840820e+11
1.211128008977373494e+00 1.199972314298637238e+11
1.207457924101684510e+00 1.199972766890560913e+11
1.203787839225995526e+00 1.199973219482484436e+11
1.200117754350306543e+00 1.199973656431690369e+11
1.196447669474617559e+00 1.199974093380896149e+11
1.192777584598928575e+00 1.199974515001147308e+11
1.189107499723239592e+00 1.199974936621398468e+11
1.185437414847550386e+00 1.199975343244544067e+11
1.181767329971861402e+00 1.199975749867689819e+11
1.178097245096172418e+00 1.199976141840702515e+11
1.174427160220483435e+00 1.199976533813715363e+11
1.170757075344794451e+00 1.199976911495071106e+11
1.167086990469105467e+00 1.199977289176426849e+11
1.163416905593416484e+00 1.199977652933721008e+11
1.159746820717727278e+00 1.199978016691015320e+11
1.156076735842038294e+00 1.199978366898799286e+11
1.152406650966349311e+00 1.199978717106583252e+11
1.148736566090660327e+00 1.199979054143352661e+11
1.145066481214971343e+00 1.199979391180122223e+11
1.141396396339282360e+00 1.199979715427228088e+11
1.137726311463593376e+00 1.199980039674334106e+11
1.134056226587904170e+00 1.199980351513993835e+11
1.130386141712215409e+00 1.199980663353653412e+11
1.126716056836526203e+00 1.199980963166855927e+11
1.123045971960837219e+00 1.199981262980058441e+11
1.119375887085148236e+00 1.199981551145703125e+11
1.115705802209459252e+00 1.199981839311347809e+11
1.112035717333770268e+00 1.199982116205739288e+11
1.108365632458081285e+00 1.199982393100130768e+11
1.104695547582392301e+00 1.199982659093989258e+11
1.101025462706703095e+00 1.199982925087847595e+11
1.097355377831014334e+00 1.199983180547860413e+11
1.093685292955325128e+00 1.199983436007873230e+11
1.090015208079636366e+00 1.199983681293714142e+11
1.086345123203947161e+00 1.199983926579555054e+11
1.082675038328258177e+00 1.199984162045093079e+11
1.079004953452569193e+00 1.199984397510631104e+11
1.075334868576880210e+00 1.199984623501876678e+11
1.071664783701191226e+00 1.199984849493122253e+11
1.067994698825502020e+00 1.199985066348732605e+11
1.064324613949813259e+00 1.199985283204343109e+11
1.060654529074124053e+00 1.199985491255753784e+11
1.056984444198435069e+00 1.199985699307164612e+11
1.053314359322746085e+00 1.199985898875220337e+11
1.049644274447057102e+00 1.199986098443276062e+11
1.045974189571368118e+00 1.199986289846495972e+11
1.042304104695678912e+00 1.199986481249716034e+11
1.038634019819990151e+00 1.199986664770339966e+11
1.034963934944300945e+00 1.199986848290963745e+11
1.031293850068612183e+00 1.199987024323812256e+11
1.027623765192922978e+00 1.199987200356660614e+11
1.023953680317233994e+00 1.199987368987926941e+11
1.020283595441545010e+00 1.199987537619193420e+11
1.016613510565856027e+00 1.199987699334030762e+11
1.012943425690167043e+00 1.199987861048867950e+11
1.009273340814477837e+00 1.199988016014845734e+11
1.005603255938789076e+00 1.199988170980823517e+11
1.001933171063099870e+00 1.199988319484679260e+11
9.982630861874108863e-01 1.199988467988535004e+11
9.945930013117219026e-01 1.199988610279396973e+11
9.909229164360329190e-01 1.199988752570258942e+11
9.872528315603439353e-01 1.199988888892761841e+11
9.835827466846548406e-01 1.199989025215264740e+11
9.799126618089658569e-01 1.199989155807248840e+11
9.762425769332768732e-01 1.199989286399232788e+11
9.725724920575878896e-01 1.199989411486828918e+11
9.689024071818987949e-01 1.199989536574425201e+11
9.652323223062098112e-01 1.199989656381282501e+11
9.615622374305208275e-01 1.199989776188139801e+11
9.578921525548318439e-01 1.199989890923993225e+11
9.542220676791427492e-01 1.199990005659846649e+11
9.505519828034537655e-01 1.199990115531037750e+11
9.468818979277647818e-01 1.199990225402228851e+11
9.432118130520757981e-01 1.199990330605346375e+11
9.395417281763867035e-01 1.199990435808463898e+11
9.358716433006978308e-01 1.199990536534194031e+11
9.322015584250087361e-01 1.199990637259924164e+11
9.285314735493197524e-01 1.199990733691055908e+11
9.248613886736306577e-01 1.199990830122187653e+11
9.211913037979417851e-01 1.199990922434565430e+11
9.175212189222526904e-01 1.199991014746943359e+11
9.138511340465637067e-01 1.199991103110584717e+11
9.101810491708746120e-01 1.199991191474226074e+11
9.065109642951857394e-01 1.199991276051460876e+11
9.028408794194966447e-01 1.199991360628695831e+11
8.991707945438076610e-01 1.199991441576545410e+11
8.955007096681185663e-01 1.199991522524394836e+11
8.918306247924296937e-01 1.199991599993236847e+11
8.881605399167405990e-01 1.199991677462078857e+11
8.844904550410516153e-01 1.199991751596755371e+11
8.808203701653625206e-01 1.199991825731432037e+11
8.771502852896736480e-01 1.199991896670838318e+11
8.734802004139845533e-01 1.199991967610244598e+11
8.698101155382955696e-01 1.199992035487870483e+11
8.661400306626065859e-01 1.199992103365496521e+11
8.624699457869176022e-01 1.199992168309577942e+11
8.587998609112286186e-01 1.199992233253659210e+11
8.551297760355395239e-01 1.199992295387247009e+11
8.514596911598505402e-01 1.199992357520834961e+11
8.477896062841615565e-01 1.199992416962034912e+11
8.441195214084725729e-01 1.199992476403234711e+11
8.404494365327834782e-01 1.199992533265406799e+11
8.367793516570944945e-01 1.199992590127578735e+11
8.331092667814055108e-01 1.199992644519674530e+11
8.294391819057165272e-01 1.199992698911770325e+11
8.257690970300274325e-01 1.199992750938066559e+11
8.220990121543384488e-01 1.199992802964362793e+11
8.184289272786494651e-01 1.199992852725112610e+11
8.147588424029604814e-01 1.199992902485862427e+11
8.110887575272713867e-01 1.199992950077018127e+11
8.074186726515824031e-01 1.199992997668173981e+11
8.037485877758934194e-01 1.199993043181846008e+11
8.000785029002044357e-01 1.199993088695518188e+11
7.964084180245153410e-01 1.199993132220128479e+11
7.927383331488263574e-01 1.199993175744738770e+11
7.890682482731373737e-01 1.199993217364848938e+11
7.853981633974483900e-01 1.199993258984959106e+11
7.817280785217594063e-01 1.199993298781835175e+11
7.780579936460703117e-01 1.199993338578711243e+11
7.743879087703813280e-01 1.199993376630097046e+11
7.707178238946922333e-01 1.199993414681482849e+11
7.670477390190033606e-01 1.199993451062025299e+11
7.633776541433142659e-01 1.199993487442567749e+11
7.597075692676252823e-01 1.199993522223785706e+11
7.560374843919361876e-01 1.199993557005003815e+11
7.523673995162473149e-01 1.199993590255397949e+11
7.486973146405582202e-01 1.199993623505792084e+11
7.450272297648692366e-01 1.199993655290939026e+11
7.413571448891801419e-01 1.199993687076085968e+11
7.376870600134912692e-01 1.199993717459002686e+11
7.340169751378021745e-01 1.199993747841919250e+11
7.303468902621131909e-01 1.199993776882818146e+11
7.266768053864240962e-01 1.199993805923717041e+11
7.230067205107352235e-01 1.199993833680269470e+11
7.193366356350461288e-01 1.199993861436821747e+11
7.156665507593571451e-01 1.199993887964480743e+11
7.119964658836680504e-01 1.199993914492139740e+11
7.083263810079791778e-01 1.199993939843686218e+11
7.046562961322900831e-01 1.199993965195232544e+11
7.009862112566010994e-01 1.199993989421652222e+11
6.973161263809120047e-01 1.199994013648072052e+11
6.936460415052231321e-01 1.199994036797486420e+11
6.899759566295340374e-01 1.199994059946900787e+11
6.863058717538450537e-01 1.199994082067799072e+11
6.826357868781559590e-01 1.199994104188697205e+11
6.789657020024670864e-01 1.199994125320443726e+11
6.752956171267779917e-01 1.199994146452190247e+11
6.716255322510890080e-01 1.199994166645764008e+11
6.679554473753999133e-01 1.199994186839337769e+11
6.642853624997110407e-01 1.199994206128354950e+11
6.606152776240219460e-01 1.199994225417372131e+11
6.569451927483329623e-01 1.199994243844272919e+11
6.532751078726438676e-01 1.199994262271173706e+11
6.496050229969549950e-01 1.199994279872695770e+11
6.459349381212659003e-01 1.199994297474217834e+11
6.422648532455769166e-01 1.199994314286309814e+11
6.385947683698878219e-01 1.199994331098401947e+11
6.349246834941989492e-01 1.199994347155539856e+11
6.312545986185098545e-01 1.199994363212677612e+11
6.275845137428208709e-01 1.199994378547788696e+11
6.239144288671319982e-01 1.199994393882899780e+11
6.202443439914429035e-01 1.199994408527220764e+11
6.165742591157538088e-01 1.199994423171541901e+11
6.129041742400648252e-01 1.199994437155551758e+11
6.092340893643759525e-01 1.199994451139561462e+11
6.055640044886868578e-01 1.199994464491843567e+11
6.018939196129977631e-01 1.199994477844125671e+11
5.982238347373087795e-01 1.199994490592460022e+11
5.945537498616199068e-01 1.199994503340794525e+11
5.908836649859308121e-01 1.199994515511629333e+11
5.872135801102417174e-01 1.199994527682463989e+11
5.835434952345527337e-01 1.199994539301011658e+11
5.798734103588638611e-01 1.199994550919559326e+11
5.762033254831747664e-01 1.199994562010148163e+11
5.725332406074856717e-01 1.199994573100737000e+11
5.688631557317966880e-01 1.199994583686447144e+11
5.651930708561077044e-01 1.199994594272157288e+11
5.615229859804187207e-01 1.199994604375340576e+11
5.578529011047297370e-01 1.199994614478524017e+11
5.541828162290405313e-01 1.199994624120180664e+11
5.505127313533517697e-01 1.199994633761837311e+11
5.468426464776627860e-01 1.199994642962548981e+11
5.431725616019735803e-01 1.199994652163260651e+11
5.395024767262845966e-01 1.199994660942226715e+11
5.358323918505956129e-01 1.199994669721192780e+11
5.321623069749066293e-01 1.199994678097139435e+11
5.284922220992176456e-01 1.199994686473086090e+11
5.248221372235284399e-01 1.199994694463883057e+11
5.211520523478396782e-01 1.199994702454680176e+11
5.174819674721506946e-01 1.199994710077332764e+11
5.138118825964614889e-01 1.199994717699985504e+11
5.101417977207725052e-01 1.199994724970655975e+11
5.064717128450835215e-01 1.199994732241326447e+11
5.028016279693945378e-01 1.199994739175697174e+11
4.991315430937055542e-01 1.199994746110067902e+11
4.954614582180163485e-01 1.199994752723178101e+11
4.917913733423275868e-01 1.199994759336288147e+11
4.881212884666386032e-01 1.199994765642312927e+11
4.844512035909493974e-01 1.199994771948337860e+11
4.807811187152604138e-01 1.199994777960955811e+11
4.771110338395714301e-01 1.199994783973573608e+11
4.734409489638824464e-01 1.199994789705817261e+11
4.697708640881934627e-01 1.199994795438060760e+11
4.661007792125042570e-01 1.199994800902501831e+11
4.624306943368154954e-01 1.199994806366943054e+11
4.587606094611265117e-01 1.199994811575538025e+11
4.550905245854373060e-01 1.199994816784132996e+11
4.514204397097483223e-01 1.199994821748167877e+11
4.477503548340593387e-01 1.199994826712202759e+11
4.440802699583703550e-01 1.199994831442852325e+11
4.404101850826813713e-01 1.199994836173501892e+11
4.367401002069921656e-01 1.199994840681019287e+11
4.330700153313034040e-01 1.199994845188536530e+11
4.293999304556144203e-01 1.199994849483080750e+11
4.257298455799252146e-01 1.199994853777624817e+11
4.220597607042362309e-01 1.199994857868703461e+11
4.183896758285472472e-01 1.199994861959782104e+11
4.147195909528582636e-01 1.199994865856474304e+11
4.110495060771692799e-01 1.199994869753166351e+11
4.073794212014800742e-01 1.199994873464458771e+11
4.037093363257913126e-01 1.199994877175751190e+11
4.000392514501023289e-01 1.199994880709742126e+11
3.963691665744131232e-01 1.199994884243732910e+11
3.926990816987243615e-01 1.199994887608601990e+11
3.890289968230351558e-01 1.199994890973471222e+11
3.853589119473461722e-01 1.199994894176807861e+11
3.816888270716571885e-01 1.199994897380144348e+11
3.780187421959682048e-01 1.199994900429342346e+11
3.743486573202792211e-01 1.199994903478540344e+11
3.706785724445902375e-01 1.199994906380535889e+11
3.670084875689010318e-01 1.199994909282531281e+11
3.633384026932122701e-01 1.199994912044017792e+11
3.596683178175230644e-01 1.199994914805504303e+11
3.559982329418340807e-01 1.199994917432932892e+11
3.523281480661450971e-01 1.199994920060361481e+11
3.486580631904561134e-01 1.199994922559780426e+11
3.449879783147671297e-01 1.199994925059199371e+11
3.413178934390781460e-01 1.199994927436401062e+11
3.376478085633889403e-01 1.199994929813602753e+11
3.339777236877001787e-01 1.199994932074294128e+11
3.303076388120109730e-01 1.199994934334985657e+11
3.266375539363219893e-01 1.199994936486011047e+11
3.229674690606330056e-01 1.199994938637036591e+11
3.192973841849440220e-01 1.199994940678208008e+11
3.156272993092550383e-01 1.199994942719379425e+11
3.119572144335660546e-01 1.199994944662378235e+11
3.082871295578768489e-01 1.199994946605377045e+11
3.046170446821880873e-01 1.199994948450898132e+11
3.009469598064991036e-01 1.199994950296419067e+11
2.972768749308098979e-01 1.199994952050095520e+11
2.936067900551209142e-01 1.199994953803771820e+11
2.899367051794319305e-01 1.199994955469565125e+11
2.862666203037429469e-01 1.199994957135358276e+11
2.825965354280539632e-01 1.199994958717403259e+11
2.789264505523647575e-01 1.199994960299448090e+11
2.752563656766759959e-01 1.199994961801712646e+11
2.715862808009870122e-01 1.199994963303977203e+11
2.679161959252978065e-01 1.199994964730068054e+11
2.642461110496088228e-01 1.199994966156158905e+11
2.605760261739198391e-01 1.199994967509626160e+11
2.569059412982308555e-01 1.199994968863093414e+11
2.532358564225418718e-01 1.199994970147472229e+11
2.495657715468526661e-01 1.199994971431851044e+11
2.458956866711639044e-01 1.199994972650123596e+11
2.422256017954749208e-01 1.199994973868396149e+11
2.385555169197857150e-01 1.199994975023865662e+11
2.348854320440967314e-01 1.199994976179335022e+11
2.312153471684077477e-01 1.199994977274967041e+11
2.275452622927187640e-01 1.199994978370599213e+11
2.238751774170297804e-01 1.199994979409181366e+11
2.202050925413405746e-01 1.199994980447763519e+11
2.165350076656518130e-01 1.199994981431907043e+11
2.128649227899628293e-01 1.199994982416050720e+11
2.091948379142736236e-01 1.199994983348445435e+11
2.055247530385846400e-01 1.199994984280840302e+11
2.018546681628956563e-01 1.199994985163893127e+11
1.981845832872066726e-01 1.199994986046946106e+11
1.945144984115176889e-01 1.199994986882976990e+11
1.908444135358284832e-01 1.199994987719007874e+11
1.871743286601397216e-01 1.199994988510400391e+11
1.835042437844507379e-01 1.199994989301792908e+11
1.798341589087615322e-01 1.199994990050554810e+11
1.761640740330725485e-01 1.199994990799316711e+11
1.724939891573835649e-01 1.199994991507569275e+11
1.688239042816945812e-01 1.199994992215821991e+11
1.651538194060055975e-01 1.199994992885515442e+11
1.614837345303166138e-01 1.199994993555208893e+11
1.578136496546276302e-01 1.199994994188182983e+11
1.541435647789386465e-01 1.199994994821157074e+11
1.504734799032494408e-01 1.199994995419165955e+11
1.468033950275606792e-01 1.199994996017174988e+11
1.431333101518714734e-01 1.199994996581991882e+11
1.394632252761824898e-01 1.199994997146808624e+11
1.357931404004935061e-01 1.199994997679990845e+11
1.321230555248045224e-01 1.199994998213173065e+11
1.284529706491155387e-01 1.199994998716327515e+11
1.247828857734265551e-01 1.199994999219482117e+11
1.211128008977373494e-01 1.199994999694087067e+11
1.174427160220485877e-01 1.199995000168692017e+11
1.137726311463593820e-01 1.199995000616045837e+11
1.101025462706703983e-01 1.199995001063399811e+11
1.064324613949814147e-01 1.199995001484977417e+11
1.027623765192924310e-01 1.199995001906555023e+11
9.909229164360344733e-02 1.199995002303625488e+11
9.542220676791446365e-02 1.199995002700695953e+11
9.175212189222525794e-02 1.199995003074369354e+11
8.808203701653649631e-02 1.199995003448042755e+11
8.441195214084729059e-02 1.199995003799570007e+11
8.074186726515830692e-02 1.199995004151097107e+11
7.707178238946932325e-02 1.199995004481564484e+11
7.340169751378033958e-02 1.199995004812031860e+11
6.973161263809135590e-02 1.199995005122570801e+11
6.606152776240237223e-02 1.199995005433109589e+11
6.239144288671316652e-02 1.199995005724648132e+11
5.872135801102440489e-02 1.199995006016186829e+11
5.505127313533519917e-02 1.199995006289666748e+11
5.138118825964621550e-02 1.199995006563146820e+11
4.771110338395723183e-02 1.199995006819600220e+11
4.404101850826824815e-02 1.199995007076053619e+11
4.037093363257926448e-02 1.199995007316270142e+11
3.670084875689028081e-02 1.199995007556486816e+11
3.303076388120107509e-02 1.199995007781279297e+11
2.936067900551231347e-02 1.199995008006071625e+11
2.569059412982310775e-02 1.199995008216295776e+11
2.202050925413412408e-02 1.199995008426520081e+11
1.835042437844514041e-02 1.199995008622945862e+11
1.468033950275615673e-02 1.199995008819371643e+11
1.101025462706717306e-02 1.199995009002693787e+11
7.340169751378189389e-03 1.199995009186016083e+11
3.670084875688983672e-03 1.199995009356953430e+11
2.220446049250313081e-16 1.199995009527890930e+11
-3.670084875688983672e-03 1.199995009686987457e+11
-7.340169751377745300e-03 1.199995009846083984e+11
-1.101025462706695102e-02 1.199995009994467163e+11
-1.468033950275593469e-02 1.199995010142850494e+11
-1.835042437844514041e-02 1.199995010279816284e+11
-2.202050925413390203e-02 1.199995010416782074e+11
-2.569059412982288571e-02 1.199995010544904022e+11
-2.936067900551209142e-02 1.199995010673025970e+11
-3.303076388120107509e-02 1.199995010790510254e+11
-3.670084875688983672e-02 1.199995010907994537e+11
-4.037093363257904244e-02 1.199995011017658539e+11
-4.404101850826802611e-02 1.199995011127322540e+11
-4.771110338395723183e-02 1.199995011228027039e+11
-5.138118825964599345e-02 1.199995011328731537e+11
-5.505127313533497713e-02 1.199995011421535645e+11
-5.872135801102418284e-02 1.199995011514339600e+11
-6.239144288671316652e-02 1.199995011599557800e+11
-6.606152776240192814e-02 1.199995011684776154e+11
-6.973161263809113386e-02 1.199995011762949066e+11
-7.340169751378011753e-02 1.199995011841121979e+11
-7.707178238946887916e-02 1.199995011912488861e+11
-8.074186726515808488e-02 1.199995011983855743e+11
-8.441195214084706855e-02 1.199995012049013672e+11
-8.808203701653627427e-02 1.199995012114171600e+11
-9.175212189222503589e-02 1.199995012173296814e+11
-9.542220676791401957e-02 1.199995012232422028e+11
-9.909229164360322528e-02 1.199995012285948944e+11
-1.027623765192922090e-01 1.199995012339475861e+11
-1.064324613949809706e-01 1.199995012387687073e+11
-1.101025462706701763e-01 1.199995012435898438e+11
-1.137726311463591600e-01 1.199995012479105530e+11
-1.174427160220483657e-01 1.199995012522312469e+11
-1.211128008977371273e-01 1.199995012561000977e+11
-1.247828857734261110e-01 1.199995012599689331e+11
-1.284529706491153167e-01 1.199995012633824158e+11
-1.321230555248043004e-01 1.199995012667958832e+11
-1.357931404004930620e-01 1.199995012697971497e+11
-1.394632252761822677e-01 1.199995012727984314e+11
-1.431333101518712514e-01 1.199995012754217224e+11
-1.468033950275604571e-01 1.199995012780450287e+11
-1.504734799032492187e-01 1.199995012802829437e+11
-1.541435647789382024e-01 1.199995012825208588e+11
-1.578136496546274081e-01 1.199995012844364929e+11
-1.614837345303163918e-01 1.199995012863521271e+11
-1.651538194060051534e-01 1.199995012879328613e+11
-1.688239042816943591e-01 1.199995012895135956e+11
-1.724939891573833428e-01 1.199995012907981567e+11
-1.761640740330725485e-01 1.199995012920827332e+11
-1.798341589087613102e-01 1.199995012930940247e+11
-1.835042437844502938e-01 1.199995012941053162e+11
-1.871743286601394995e-01 1.199995012948513489e+11
-1.908444135358284832e-01 1.199995012955973663e+11
-1.945144984115172448e-01 1.199995012960966187e+11
-1.981845832872064506e-01 1.199995012965958710e+11
-2.018546681628954342e-01 1.199995012968594360e+11
-2.055247530385846400e-01 1.199995012971229858e+11
-2.091948379142734016e-01 1.199995012971864624e+11
-2.128649227899623853e-01 1.199995012972499542e+11
-2.165350076656515910e-01 1.199995012971136322e+11
-2.202050925413405746e-01 1.199995012969773102e+11
-2.238751774170293363e-01 1.199995012966515961e+11
-2.275452622927185420e-01 1.199995012963258820e+11
-2.312153471684075257e-01 1.199995012958341370e+11
-2.348854320440967314e-01 1.199995012953423920e+11
-2.385555169197854930e-01 1.199995012946905518e+11
-2.422256017954744767e-01 1.199995012940387268e+11
-2.458956866711636824e-01 1.199995012932475739e+11
-2.495657715468526661e-01 1.199995012924564209e+11
-2.532358564225414277e-01 1.199995012915287323e+11
-2.569059412982306334e-01 1.199995012906010437e+11
-2.605760261739196171e-01 1.199995012895513916e+11
-2.642461110496088228e-01 1.199995012885017395e+11
-2.679161959252975844e-01 1.199995012873399658e+11
-2.715862808009865681e-01 1.199995012861782074e+11
-2.752563656766757738e-01 1.199995012849084473e+11
-2.789264505523647575e-01 1.199995012836386719e+11
-2.825965354280535191e-01 1.199995012822816467e+11
-2.862666203037427248e-01 1.199995012809246063e+11
-2.899367051794317085e-01 1.199995012794651184e+11
-2.936067900551209142e-01 1.199995012780056458e+11
-2.972768749308096758e-01 1.199995012764805756e+11
-3.009469598064986595e-01 1.199995012749555054e+11
-3.046170446821878652e-01 1.199995012733609772e+11
-3.082871295578768489e-01 1.199995012717664490e+11
-3.119572144335656105e-01 1.199995012701004639e+11
-3.156272993092548163e-01 1.199995012684344635e+11
-3.192973841849437999e-01 1.199995012667175598e+11
-3.229674690606325616e-01 1.199995012650006714e+11
-3.266375539363217673e-01 1.199995012632273254e+11
-3.303076388120107509e-01 1.199995012614539795e+11
-3.339777236876999567e-01 1.199995012596455994e+11
-3.376478085633889403e-01 1.199995012578372040e+11
-3.413178934390777020e-01 1.199995012559945068e+11
-3.449879783147669077e-01 1.199995012541518250e+11
-3.486580631904558913e-01 1.199995012522792664e+11
-3.523281480661446530e-01 1.199995012504066925e+11
-3.559982329418338587e-01 1.199995012485345459e+11
-3.596683178175228424e-01 1.199995012466623840e+11
-3.633384026932120481e-01 1.199995012447947388e+11
-3.670084875689010318e-01 1.199995012429271088e+11
-3.706785724445897934e-01 1.199995012411407928e+11
-3.743486573202789991e-01 1.199995012393544769e+11
-3.780187421959679828e-01 1.199995012370373230e+11
-3.816888270716567444e-01 1.199995012347201843e+11
-3.853589119473459501e-01 1.199995012324205017e+11
-3.890289968230349338e-01 1.199995012301208191e+11
-3.926990816987241395e-01 1.199995012280502014e+11
-3.963691665744131232e-01 1.199995012259795837e+11
-4.000392514501018848e-01 1.199995012239265747e+11
-4.037093363257910905e-01 1.199995012218735809e+11
-4.073794212014800742e-01 1.199995012198280334e+11
-4.110495060771688358e-01 1.199995012177824860e+11
-4.147195909528580415e-01 1.199995012157431946e+11
-4.183896758285470252e-01 1.199995012137039032e+11
-4.220597607042362309e-01 1.199995012116820984e+11
-4.257298455799252146e-01 1.199995012096602936e+11
-4.293999304556139762e-01 1.199995012076113586e+11
-4.330700153313031819e-01 1.199995012055624237e+11
-4.367401002069919436e-01 1.199995012035467529e+11
-4.404101850826811493e-01 1.199995012015310669e+11
-4.440802699583703550e-01 1.199995011995125732e+11
-4.477503548340591166e-01 1.199995011974940948e+11
-4.514204397097483223e-01 1.199995011954768219e+11
-4.550905245854370840e-01 1.199995011934595490e+11
-4.587606094611262897e-01 1.199995011914651184e+11
-4.624306943368154954e-01 1.199995011894706726e+11
-4.661007792125042570e-01 1.199995011874698792e+11
-4.697708640881930187e-01 1.199995011854690857e+11
-4.734409489638822244e-01 1.199995011834898682e+11
-4.771110338395709860e-01 1.199995011815106354e+11
-4.807811187152601917e-01 1.199995011795487671e+11
-4.844512035909493974e-01 1.199995011775868835e+11
-4.881212884666381591e-01 1.199995011756414185e+11
-4.917913733423273648e-01 1.199995011736959534e+11
-4.954614582180161264e-01 1.199995011717620850e+11
-4.991315430937053321e-01 1.199995011698282013e+11
-5.028016279693945378e-01 1.199995011679346924e+11
-5.064717128450832995e-01 1.199995011660411987e+11
-5.101417977207725052e-01 1.199995011641626282e+11
-5.138118825964612668e-01 1.199995011622840424e+11
-5.174819674721504725e-01 1.199995011604286957e+11
-5.211520523478396782e-01 1.199995011585733490e+11
-5.248221372235284399e-01 1.199995011567371826e+11
-5.284922220992172015e-01 1.199995011549010162e+11
-5.321623069749064072e-01 1.199995011531009827e+11
-5.358323918505951688e-01 1.199995011513009644e+11
-5.395024767262843746e-01 1.199995011495236511e+11
-5.431725616019735803e-01 1.199995011477463226e+11
-5.468426464776623419e-01 1.199995011459928894e+11
-5.505127313533515476e-01 1.199995011442394562e+11
-5.541828162290403093e-01 1.199995011425145264e+11
-5.578529011047295150e-01 1.199995011407895966e+11
-5.615229859804187207e-01 1.199995011390819397e+11
-5.651930708561074823e-01 1.199995011373742981e+11
-5.688631557317962439e-01 1.199995011357008820e+11
-5.725332406074854497e-01 1.199995011340274658e+11
-5.762033254831742113e-01 1.199995011323848267e+11
-5.798734103588638611e-01 1.199995011307422028e+11
-5.835434952345526227e-01 1.199995011291104736e+11
-5.872135801102413843e-01 1.199995011274787598e+11
-5.908836649859305901e-01 1.199995011258898621e+11
-5.945537498616193517e-01 1.199995011243009644e+11
-5.982238347373085574e-01 1.199995011227342224e+11
-6.018939196129977631e-01 1.199995011211674652e+11
-6.055640044886865248e-01 1.199995011196189270e+11
-6.092340893643757305e-01 1.199995011180703888e+11
-6.129041742400644921e-01 1.199995011165592041e+11
-6.165742591157536978e-01 1.199995011150480042e+11
-6.202443439914429035e-01 1.199995011135625305e+11
-6.239144288671316652e-01 1.199995011120770416e+11
-6.275845137428204268e-01 1.199995011106155090e+11
-6.312545986185096325e-01 1.199995011091539917e+11
-6.349246834941983941e-01 1.199995011077240753e+11
-6.385947683698880439e-01 1.199995011062941589e+11
-6.422648532455768056e-01 1.199995011048749695e+11
-6.459349381212655672e-01 1.199995011034557800e+11
-6.496050229969547729e-01 1.199995011020709991e+11
-6.532751078726435345e-01 1.199995011006862183e+11
-6.569451927483327403e-01 1.199995010993440247e+11
-6.606152776240219460e-01 1.199995010980018463e+11
-6.642853624997107076e-01 1.199995010966661987e+11
-6.679554473753999133e-01 1.199995010953305511e+11
-6.716255322510886749e-01 1.199995010940303040e+11
-6.752956171267778807e-01 1.199995010927300720e+11
-6.789657020024670864e-01 1.199995010914665222e+11
-6.826357868781558480e-01 1.199995010902029877e+11
-6.863058717538446096e-01 1.199995010889511871e+11
-6.899759566295338153e-01 1.199995010876993866e+11
-6.936460415052225770e-01 1.199995010864895935e+11
-6.973161263809122268e-01 1.199995010852798004e+11
-7.009862112566009884e-01 1.199995010840955200e+11
-7.046562961322897500e-01 1.199995010829112549e+11
-7.083263810079789558e-01 1.199995010817437134e+11
-7.119964658836677174e-01 1.199995010805761719e+11
-7.156665507593569231e-01 1.199995010795508728e+11
-7.193366356350461288e-01 1.199995010785255890e+11
-7.230067205107348904e-01 1.199995010772397461e+11
-7.266768053864240962e-01 1.199995010759538879e+11
-7.303468902621128578e-01 1.199995010760350037e+11
-7.340169751378020635e-01 1.199995010761161194e+11
-7.376870600134912692e-01 1.199995010736636047e+11
-7.413571448891800308e-01 1.199995010712110748e+11
-7.450272297648687925e-01 1.199995010702913208e+11
-7.486973146405579982e-01 1.199995010693715820e+11
-7.523673995162467598e-01 1.199995010682088928e+11
-7.560374843919364096e-01 1.199995010670461884e+11
-7.597075692676251712e-01 1.199995010660244751e+11
-7.633776541433139329e-01 1.199995010650027771e+11
-7.670477390190031386e-01 1.199995010639868622e+11
-7.707178238946919002e-01 1.199995010629709473e+11
-7.743879087703811059e-01 1.199995010619949036e+11
-7.780579936460703117e-01 1.199995010610188446e+11
-7.817280785217590733e-01 1.199995010600618744e+11
-7.853981633974478349e-01 1.199995010591049042e+11
-7.890682482731370406e-01 1.199995010581632843e+11
-7.927383331488262463e-01 1.199995010572216644e+11
-7.964084180245154521e-01 1.199995010563096924e+11
-8.000785029002042137e-01 1.199995010553977051e+11
-8.037485877758929753e-01 1.199995010545043335e+11
-8.074186726515821810e-01 1.199995010536109772e+11
-8.110887575272709427e-01 1.199995010527391968e+11
-8.147588424029601484e-01 1.199995010518674316e+11
-8.184289272786493541e-01 1.199995010510218506e+11
-8.220990121543381157e-01 1.199995010501762543e+11
-8.257690970300273214e-01 1.199995010493463287e+11
-8.294391819057160831e-01 1.199995010485164032e+11
-8.331092667814052888e-01 1.199995010477107239e+11
-8.367793516570944945e-01 1.199995010469050598e+11
-8.404494365327832561e-01 1.199995010461204224e+11
-8.441195214084720178e-01 1.199995010453357697e+11
-8.477896062841612235e-01 1.199995010445702820e+11
-8.514596911598504292e-01 1.199995010438047943e+11
-8.551297760355396349e-01 1.199995010430586548e+11
-8.587998609112283965e-01 1.199995010423125153e+11
-8.624699457869171582e-01 1.199995010415854340e+11
-8.661400306626063639e-01 1.199995010408583527e+11
-8.698101155382951255e-01 1.199995010401434174e+11
-8.734802004139843312e-01 1.199995010394284821e+11
-8.771502852896735369e-01 1.199995010387316895e+11
-8.808203701653622986e-01 1.199995010380348969e+11
-8.844904550410515043e-01 1.199995010373528748e+11
-8.881605399167402659e-01 1.199995010366708374e+11
-8.918306247924294716e-01 1.199995010359978943e+11
-8.955007096681186773e-01 1.199995010353249664e+11
-8.991707945438074390e-01 1.199995010346790771e+11
-9.028408794194962006e-01 1.199995010340332031e+11
-9.065109642951854063e-01 1.199995010333977966e+11
-9.101810491708746120e-01 1.199995010327623749e+11
-9.138511340465638177e-01 1.199995010321422424e+11
-9.175212189222525794e-01 1.199995010315221252e+11
-9.211913037979413410e-01 1.199995010309121704e+11
-9.248613886736305467e-01 1.199995010303022308e+11
-9.285314735493193083e-01 1.199995010297067566e+11
-9.322015584250085141e-01 1.199995010291112823e+11
-9.358716433006977198e-01 1.199995010285301208e+11
-9.395417281763864814e-01 1.199995010279489594e+11
-9.432118130520756871e-01 1.199995010273808289e+11
-9.468818979277644488e-01 1.199995010268127136e+11
-9.505519828034536545e-01 1.199995010262601624e+11
-9.542220676791428602e-01 1.199995010257076263e+11
-9.578921525548316218e-01 1.199995010251600647e+11
-9.615622374305203834e-01 1.199995010246124878e+11
-9.652323223062095892e-01 1.199995010240824280e+11
-9.689024071818983508e-01 1.199995010235523682e+11
-9.725724920575880006e-01 1.199995010230314484e+11
-9.762425769332767622e-01 1.199995010225105286e+11
-9.799126618089655238e-01 1.199995010219943085e+11
-9.835827466846547296e-01 1.199995010214780884e+11
-9.872528315603434912e-01 1.199995010209772339e+11
-9.909229164360326969e-01 1.199995010204763641e+11
-9.945930013117219026e-01 1.199995010199854584e+11
-9.982630861874106643e-01 1.199995010194945526e+11
-1.001933171063099870e+00 1.199995010190112152e+11
-1.005603255938788632e+00 1.199995010185278778e+11
-1.009273340814477837e+00 1.199995010180553894e+11
-1.012943425690167043e+00 1.199995010175829010e+11
-1.016613510565855805e+00 1.199995010171135406e+11
-1.020283595441544566e+00 1.199995010166441803e+11
-1.023953680317233772e+00 1.199995010161885986e+11
-1.027623765192922534e+00 1.199995010157330017e+11
-1.031293850068611739e+00 1.199995010152866211e+11
-1.034963934944300945e+00 1.199995010148402405e+11
-1.038634019819989707e+00 1.199995010143949890e+11
-1.042304104695678912e+00 1.199995010139497528e+11
-1.045974189571367674e+00 1.199995010135296631e+11
-1.049644274447056880e+00 1.199995010131095886e+11
-1.053314359322746085e+00 1.199995010126853943e+11
-1.056984444198434847e+00 1.199995010122611847e+11
-1.060654529074123609e+00 1.199995010118496246e+11
-1.064324613949812814e+00 1.199995010114380646e+11
-1.067994698825502020e+00 1.199995010110001831e+11
-1.071664783701191226e+00 1.199995010105622864e+11
-1.075334868576879988e+00 1.199995010101980286e+11
-1.079004953452568749e+00 1.199995010098337555e+11
-1.082675038328257955e+00 1.199995010093556976e+11
-1.086345123203946716e+00 1.199995010088776398e+11
-1.090015208079635922e+00 1.199995010084884644e+11
-1.093685292955325128e+00 1.199995010080992889e+11
-1.097355377831013890e+00 1.199995010077014313e+11
-1.101025462706703095e+00 1.199995010073035736e+11
-1.104695547582391857e+00 1.199995010069020081e+11
-1.108365632458081063e+00 1.199995010065004272e+11
-1.112035717333770268e+00 1.199995010060870056e+11
-1.115705802209459030e+00 1.199995010056735992e+11
-1.119375887085147792e+00 1.199995010052687683e+11
-1.123045971960836997e+00 1.199995010048639221e+11
-1.126716056836526203e+00 1.199995010044556427e+11
-1.130386141712215409e+00 1.199995010040473633e+11
-1.134056226587904170e+00 1.199995010036348572e+11
-1.137726311463592932e+00 1.199995010032223358e+11
-1.141396396339282138e+00 1.199995010028088684e+11
-1.145066481214970899e+00 1.199995010023954163e+11
-1.148736566090660105e+00 1.199995010019732056e+11
-1.152406650966349311e+00 1.199995010015509949e+11
-1.156076735842038072e+00 1.199995010011185455e+11
-1.159746820717727278e+00 1.199995010006860962e+11
-1.163416905593416040e+00 1.199995010002452393e+11
-1.167086990469105245e+00 1.199995009998043976e+11
-1.170757075344794451e+00 1.199995009993609924e+11
-1.174427160220483213e+00 1.199995009989175873e+11
-1.178097245096171974e+00 1.199995009984489594e+11
-1.181767329971861180e+00 1.199995009979803314e+11
-1.185437414847550386e+00 1.199995009975080109e+11
-1.189107499723239592e+00 1.199995009970356903e+11
-1.192777584598928353e+00 1.199995009965392914e+11
-1.196447669474617115e+00 1.199995009960428925e+11
-1.200117754350306321e+00 1.199995009955393677e+11
-1.203787839225995082e+00 1.199995009950358276e+11
-1.207457924101684288e+00 1.199995009944946899e+11
-1.211128008977373494e+00 1.199995009939535522e+11
-1.214798093853062255e+00 1.199995009933905945e+11
-1.218468178728751461e+00 1.199995009928276215e+11
-1.222138263604440223e+00 1.199995009922379456e+11
-1.225808348480129428e+00 1.199995009916482697e+11
-1.229478433355818634e+00 1.199995009910263824e+11
-1.233148518231507396e+00 1.199995009904044952e+11
-1.236818603107196157e+00 1.199995009897425995e+11
-1.240488687982885363e+00 1.199995009890807037e+11
-1.244158772858574569e+00 1.199995009883732605e+11
-1.247828857734263330e+00 1.199995009876658020e+11
-1.251498942609952536e+00 1.199995009869082642e+11
-1.255169027485641298e+00 1.199995009861507263e+11
-1.258839112361330503e+00 1.199995009853349304e+11
-1.262509197237019265e+00 1.199995009845191193e+11
-1.266179282112708471e+00 1.199995009836397400e+11
-1.269849366988397676e+00 1.199995009827603455e+11
-1.273519451864086438e+00 1.199995009818026428e+11
-1.277189536739775200e+00 1.199995009808449249e+11
-1.280859621615464405e+00 1.199995009798034363e+11
-1.284529706491153611e+00 1.199995009787619629e+11
-1.288199791366842817e+00 1.199995009776197815e+11
-1.291869876242531578e+00 1.199995009764775848e+11
-1.295539961118220340e+00 1.199995009752233429e+11
-1.299210045993909546e+00 1.199995009739691010e+11
-1.302880130869598752e+00 1.199995009725699463e+11
-1.306550215745287513e+00 1.199995009711707916e+11
-1.310220300620976719e+00 1.199995009696406250e+11
-1.313890385496665481e+00 1.199995009681104431e+11
-1.317560470372354686e+00 1.199995009663854675e+11
-1.321230555248043448e+00 1.199995009646605072e+11
-1.324900640123732654e+00 1.199995009627447815e+11
-1.328570724999421859e+00 1.199995009608290710e+11
-1.332240809875110621e+00 1.199995009586707001e+11
-1.335910894750799383e+00 1.199995009565123291e+11
-1.339580979626488588e+00 1.199995009540721130e+11
-1.343251064502177794e+00 1.199995009516318970e+11
-1.346921149377867000e+00 1.199995009488662872e+11
-1.350591234253555761e+00 1.199995009461006775e+11
-1.354261319129244523e+00 1.199995009429418640e+11
-1.357931404004933729e+00 1.199995009397830505e+11
-1.361601488880622490e+00 1.199995009361639404e+11
-1.365271573756311696e+00 1.199995009325448303e+11
-1.368941658632000902e+00 1.199995009283784180e+11
-1.372611743507689663e+00 1.199995009242120209e+11
-1.376281828383378869e+00 1.199995009193572083e+11
-1.379951913259067631e+00 1.199995009145023956e+11
-1.383621998134756836e+00 1.199995009088519897e+11
-1.387292083010446042e+00 1.199995009032015839e+11
-1.390962167886134804e+00 1.199995008965630798e+11
-1.394632252761823565e+00 1.199995008899245605e+11
-1.398302337637512771e+00 1.199995008820875092e+11
-1.401972422513201977e+00 1.199995008742504578e+11
-1.405642507388891183e+00 1.199995008649166870e+11
-1.409312592264579944e+00 1.199995008555829163e+11
-1.412982677140268706e+00 1.199995008443629456e+11
-1.416652762015957912e+00 1.199995008331429596e+11
-1.420322846891646673e+00 1.199995008195853271e+11
-1.423992931767335879e+00 1.199995008060277100e+11
-1.427663016643025085e+00 1.199995007894144440e+11
-1.431333101518713846e+00 1.199995007728011780e+11
-1.435003186394403052e+00 1.199995007522593079e+11
-1.438673271270091814e+00 1.199995007317174377e+11
-1.442343356145781019e+00 1.199995007060434875e+11
-1.446013441021470225e+00 1.199995006803695374e+11
-1.449683525897158987e+00 1.199995006478244934e+11
-1.453353610772847748e+00 1.199995006152794342e+11
-1.457023695648536954e+00 1.199995005734042816e+11
-1.460693780524226160e+00 1.199995005315291290e+11
-1.464363865399915365e+00 1.199995004768210754e+11
-1.468033950275604127e+00 1.199995004221130371e+11
-1.471704035151292889e+00 1.199995003489440308e+11
-1.475374120026982094e+00 1.199995002757750092e+11
-1.479044204902670856e+00 1.199995001769909210e+11
-1.482714289778360062e+00 1.199995000782068329e+11
-1.486384374654049267e+00 1.199994999365990448e+11
-1.490054459529738029e+00 1.199994997949912567e+11
-1.493724544405426791e+00 1.199994996041905060e+11
-1.497394629281115996e+00 1.199994994133897552e+11
-1.501064714156805202e+00 1.199994990753215332e+11
-1.504734799032494408e+00 1.199994987372533112e+11
-1.508404883908183169e+00 1.199994984190968323e+11
-1.512074968783871931e+00 1.199994981009403687e+11
-1.515745053659561137e+00 1.199994967311279297e+11
-1.519415138535250342e+00 1.199994953613154907e+11
-1.523085223410939104e+00 1.199994963811870728e+11
-1.526755308286628310e+00 1.199994974010586395e+11
-1.530425393162317071e+00 1.199994850882468262e+11
-1.534095478038006277e+00 1.199994727754349976e+11
-1.537765562913695039e+00 1.199995067136001129e+11
-1.541435647789384245e+00 1.199995406517652283e+11
-1.545105732665073450e+00 1.199993561848174744e+11
-1.548775817540762212e+00 1.199991717178697205e+11
-1.552445902416450974e+00 1.199998550767149048e+11
-1.556115987292140179e+00 1.200005384355601044e+11
-1.559786072167829385e+00 1.199965860879832306e+11
-1.563456157043518591e+00 1.199926337404063568e+11
-1.567126241919207352e+00 1.200141407754776001e+11
-1.570796326794896114e+00 1.200356478105488586e+11
