1.570796326794896558e+00 -1.789077401602538303e+06
1.567126241919207574e+00 -1.785157511330113746e+06
1.563456157043518591e+00 -1.781237621057689190e+06
1.559786072167829607e+00 -1.773095284055563621e+06
1.556115987292140623e+00 -1.764952947053438053e+06
1.552445902416451418e+00 -1.750940958353728289e+06
1.548775817540762434e+00 -1.736928969654018525e+06
1.545105732665073450e+00 -1.717504133024929091e+06
1.541435647789384467e+00 -1.698079296395839658e+06
1.537765562913695483e+00 -1.673291538798986934e+06
1.534095478038006499e+00 -1.648503781202134211e+06
1.530425393162317516e+00 -1.618520443951795576e+06
1.526755308286628532e+00 -1.588537106701456942e+06
1.523085223410939326e+00 -1.553533379870467819e+06
1.519415138535250342e+00 -1.518529653039478697e+06
1.515745053659561359e+00 -1.478712237166497624e+06
1.512074968783872375e+00 -1.438894821293516550e+06
1.508404883908183391e+00 -1.394493153254876845e+06
1.504734799032494408e+00 -1.350091485216237139e+06
1.501064714156805424e+00 -1.301356364527222933e+06
1.497394629281116440e+00 -1.252621243838208728e+06
1.493724544405427235e+00 -1.199821379789833678e+06
1.490054459529738251e+00 -1.147021515741458628e+06
1.486384374654049267e+00 -1.090440438045789255e+06
1.482714289778360284e+00 -1.033859360350119881e+06
1.479044204902671300e+00 -9.737921676867678761e+05
1.475374120026982316e+00 -9.137249750234158710e+05
1.471704035151293333e+00 -8.504751322043277323e+05
1.468033950275604349e+00 -7.872252893852395937e+05
1.464363865399915365e+00 -7.211014912689062767e+05
1.460693780524226160e+00 -6.549776931525729597e+05
1.457023695648537176e+00 -5.862908550186846405e+05
1.453353610772848192e+00 -5.176040168847963214e+05
1.449683525897159209e+00 -4.466644318919358775e+05
1.446013441021470225e+00 -3.757248468990754336e+05
1.442343356145781241e+00 -3.028395469238064252e+05
1.438673271270092258e+00 -2.299542469485374168e+05
1.435003186394403052e+00 -1.554245946743246168e+05
1.431333101518714068e+00 -8.089494240011181682e+04
1.427663016643025085e+00 -5.014474975895602256e+03
1.423992931767336101e+00 7.086599244832061231e+04
1.420322846891647117e+00 1.478134552575517446e+05
1.416652762015958134e+00 2.247609180667828768e+05
1.412982677140269150e+00 3.025028952530086972e+05
1.409312592264580166e+00 3.802448724392345175e+05
1.405642507388891183e+00 4.585215729311536998e+05
1.401972422513201977e+00 5.367982734230728820e+05
1.398302337637512993e+00 6.153636828660736792e+05
1.394632252761824009e+00 6.939290923090744764e+05
1.390962167886135026e+00 7.725518059862777591e+05
1.387292083010446042e+00 8.511745196634810418e+05
1.383621998134757058e+00 9.296383353527332656e+05
1.379951913259068075e+00 1.008102151041985489e+06
1.376281828383379091e+00 1.086206440555235837e+06
1.372611743507690107e+00 1.164310730068486184e+06
1.368941658632000902e+00 1.241870607203581836e+06
1.365271573756311918e+00 1.319430484338677488e+06
1.361601488880622934e+00 1.396276788974223658e+06
1.357931404004933951e+00 1.473123093609769829e+06
1.354261319129244967e+00 1.549102217728796415e+06
1.350591234253555983e+00 1.625081341847823001e+06
1.346921149377867000e+00 1.700054914646409918e+06
1.343251064502177794e+00 1.775028487444996834e+06
1.339580979626488810e+00 1.848872942152016796e+06
1.335910894750799827e+00 1.922717396859036759e+06
1.332240809875110843e+00 1.995323440043451730e+06
1.328570724999421859e+00 2.067929483227866702e+06
1.324900640123732876e+00 2.139201485239108559e+06
1.321230555248043892e+00 2.210473487250350416e+06
1.317560470372354908e+00 2.280328811597961467e+06
1.313890385496665925e+00 2.350184135945572518e+06
1.310220300620976719e+00 2.418552423826156650e+06
1.306550215745287735e+00 2.486920711706740782e+06
1.302880130869598752e+00 2.553743136853885837e+06
1.299210045993909768e+00 2.620565562001030892e+06
1.295539961118220784e+00 2.685794067665504757e+06
1.291869876242531801e+00 2.751022573329978622e+06
1.288199791366842817e+00 2.814619104291975033e+06
1.284529706491153611e+00 2.878215635253971443e+06
1.280859621615464849e+00 2.940151373067915905e+06
1.277189536739775644e+00 3.002087110881860368e+06
1.273519451864086660e+00 3.062341721745218150e+06
1.269849366988397676e+00 3.122596332608575933e+06
1.266179282112708693e+00 3.181157233921874780e+06
1.262509197237019709e+00 3.239718135235173628e+06
1.258839112361330725e+00 3.296579786731644534e+06
1.255169027485641742e+00 3.353441438228115439e+06
1.251498942609952536e+00 3.408604661818680353e+06
1.247828857734263552e+00 3.463767885409245268e+06
1.244158772858574569e+00 3.517239216994428076e+06
1.240488687982885585e+00 3.570710548579610884e+06
1.236818603107196601e+00 3.622501624273079447e+06
1.233148518231507618e+00 3.674292699966548011e+06
1.229478433355818634e+00 3.724419678054807708e+06
1.225808348480129428e+00 3.774546656143067405e+06
1.222138263604440667e+00 3.823029675702800974e+06
1.218468178728751461e+00 3.871512695262534544e+06
1.214798093853062699e+00 3.918375371612053365e+06
1.211128008977373494e+00 3.965238047961572185e+06
1.207457924101684510e+00 4.010507004637673497e+06
1.203787839225995526e+00 4.055775961313774809e+06
1.200117754350306543e+00 4.099480397940006107e+06
1.196447669474617559e+00 4.143184834566237405e+06
1.192777584598928575e+00 4.185356129534178413e+06
1.189107499723239592e+00 4.227527424502119422e+06
1.185437414847550386e+00 4.268198771231727675e+06
1.181767329971861402e+00 4.308870117961335927e+06
1.178097245096172418e+00 4.348076193297868595e+06
1.174427160220483435e+00 4.387282268634401262e+06
1.170757075344794451e+00 4.425058931772773154e+06
1.167086990469105467e+00 4.462835594911145046e+06
1.163416905593416484e+00 4.499219615159167908e+06
1.159746820717727278e+00 4.535603635407190770e+06
1.156076735842038294e+00 4.570632447068853304e+06
1.152406650966349311e+00 4.605661258730515838e+06
1.148736566090660327e+00 4.639372741354672238e+06
1.145066481214971343e+00 4.673084223978828639e+06
1.141396396339282360e+00 4.705516506211889908e+06
1.137726311463593376e+00 4.737948788444951177e+06
1.134056226587904170e+00 4.769140073795699514e+06
1.130386141712215409e+00 4.800331359146447852e+06
1.126716056836526203e+00 4.830319771967058070e+06
1.123045971960837219e+00 4.860308184787668288e+06
1.119375887085148236e+00 4.889131634886274114e+06
1.115705802209459252e+00 4.917955084984879941e+06
1.112035717333770268e+00 4.945651149300233461e+06
1.108365632458081285e+00 4.973347213615586981e+06
1.104695547582392301e+00 4.999953033501354046e+06
1.101025462706703095e+00 5.026558853387121111e+06
1.097355377831014334e+00 5.052111046127888374e+06
1.093685292955325128e+00 5.077663238868655637e+06
1.090015208079636366e+00 5.102197822091119364e+06
1.086345123203947161e+00 5.126732405313583091e+06
1.082675038328258177e+00 5.150284733109584078e+06
1.079004953452569193e+00 5.173837060905585065e+06
1.075334868576880210e+00 5.196441770496680401e+06
1.071664783701191226e+00 5.219046480087775737e+06
1.067994698825502020e+00 5.240737447998603806e+06
1.064324613949813259e+00 5.262428415909431875e+06
1.060654529074124053e+00 5.283238722652389668e+06
1.056984444198435069e+00 5.304049029395347461e+06
1.053314359322746085e+00 5.324010931749164127e+06
1.049644274447057102e+00 5.343972834102980793e+06
1.045974189571368118e+00 5.363117744339402765e+06
1.042304104695678912e+00 5.382262654575824738e+06
1.038634019819990151e+00 5.400621125039602630e+06
1.034963934944300945e+00 5.418979595503380522e+06
1.031293850068612183e+00 5.436581310928833671e+06
1.027623765192922978e+00 5.454183026354286820e+06
1.023953680317233994e+00 5.471056794633464888e+06
1.020283595441545010e+00 5.487930562912642956e+06
1.016613510565856027e+00 5.504104320888143033e+06
1.012943425690167043e+00 5.520278078863643110e+06
1.009273340814477837e+00 5.535778889152902178e+06
1.005603255938789076e+00 5.551279699442161247e+06
1.001933171063099870e+00 5.566133759979493916e+06
9.982630861874108863e-01 5.580987820516826585e+06
9.945930013117219026e-01 5.595220471953854896e+06
9.909229164360329190e-01 5.609453123390883207e+06
9.872528315603439353e-01 5.623088860442626290e+06
9.835827466846548406e-01 5.636724597494369373e+06
9.799126618089658569e-01 5.649787081922110170e+06
9.762425769332768732e-01 5.662849566349850968e+06
9.725724920575878896e-01 5.675361641592352651e+06
9.689024071818987949e-01 5.687873716834854335e+06
9.652323223062098112e-01 5.699857424037892371e+06
9.615622374305208275e-01 5.711841131240930408e+06
9.578921525548318439e-01 5.723317726507479325e+06
9.542220676791427492e-01 5.734794321774028242e+06
9.505519828034537655e-01 5.745784294229444116e+06
9.468818979277647818e-01 5.756774266684859991e+06
9.432118130520757981e-01 5.767297357284538448e+06
9.395417281763867035e-01 5.777820447884216905e+06
9.358716433006978308e-01 5.787895668829348870e+06
9.322015584250087361e-01 5.797970889774480835e+06
9.285314735493197524e-01 5.807616544278854504e+06
9.248613886736306577e-01 5.817262198783228174e+06
9.211913037979417851e-01 5.826495901080507785e+06
9.175212189222526904e-01 5.835729603377787396e+06
9.138511340465637067e-01 5.844568298933424987e+06
9.101810491708746120e-01 5.853406994489062577e+06
9.065109642951857394e-01 5.861866980213811621e+06
9.028408794194966447e-01 5.870326965938560665e+06
8.991707945438076610e-01 5.878423910356980748e+06
8.955007096681185663e-01 5.886520854775400832e+06
8.918306247924296937e-01 5.894269818102328107e+06
8.881605399167405990e-01 5.902018781429255381e+06
8.844904550410516153e-01 5.909434235402378254e+06
8.808203701653625206e-01 5.916849689375501126e+06
8.771502852896736480e-01 5.923945536900934763e+06
8.734802004139845533e-01 5.931041384426368400e+06
8.698101155382955696e-01 5.937830978874646127e+06
8.661400306626065859e-01 5.944620573322923854e+06
8.624699457869176022e-01 5.951116737531539984e+06
8.587998609112286186e-01 5.957612901740156114e+06
8.551297760355395239e-01 5.963827946619402617e+06
8.514596911598505402e-01 5.970042991498649120e+06
8.477896062841615565e-01 5.975988734254711308e+06
8.441195214084725729e-01 5.981934477010773495e+06
8.404494365327834782e-01 5.987622258947186172e+06
8.367793516570944945e-01 5.993310040883598849e+06
8.331092667814055108e-01 5.998750744757473469e+06
8.294391819057165272e-01 6.004191448631348088e+06
8.257690970300274325e-01 6.009395515580455773e+06
8.220990121543384488e-01 6.014599582529563457e+06
8.184289272786494651e-01 6.019577028513731435e+06
8.147588424029604814e-01 6.024554474497899413e+06
8.110887575272713867e-01 6.029314906297635287e+06
8.074186726515824031e-01 6.034075338097371161e+06
8.037485877758934194e-01 6.038627968835140578e+06
8.000785029002044357e-01 6.043180599572909996e+06
7.964084180245153410e-01 6.047534263756620698e+06
7.927383331488263574e-01 6.051887927940331399e+06
7.890682482731373737e-01 6.056051096053147689e+06
7.853981633974483900e-01 6.060214264165963978e+06
7.817280785217594063e-01 6.064195056777456775e+06
7.780579936460703117e-01 6.068175849388949573e+06
7.743879087703813280e-01 6.071982050810702145e+06
7.707178238946922333e-01 6.075788252232454717e+06
7.670477390190033606e-01 6.079427323717912659e+06
7.633776541433142659e-01 6.083066395203370601e+06
7.597075692676252823e-01 6.086545487694961019e+06
7.560374843919361876e-01 6.090024580186551437e+06
7.523673995162473149e-01 6.093350546626519412e+06
7.486973146405582202e-01 6.096676513066487387e+06
7.450272297648692366e-01 6.099855920270601287e+06
7.413571448891801419e-01 6.103035327474715188e+06
7.376870600134912692e-01 6.106074467589999549e+06
7.340169751378021745e-01 6.109113607705283910e+06
7.303468902621131909e-01 6.112018509241762571e+06
7.266768053864240962e-01 6.114923410778241232e+06
7.230067205107352235e-01 6.117699849254814908e+06
7.193366356350461288e-01 6.120476287731388584e+06
7.156665507593571451e-01 6.123129795913961716e+06
7.119964658836680504e-01 6.125783304096534848e+06
7.083263810079791778e-01 6.128319181859103031e+06
7.046562961322900831e-01 6.130855059621671215e+06
7.009862112566010994e-01 6.133278383445651270e+06
6.973161263809120047e-01 6.135701707269631326e+06
6.936460415052231321e-01 6.138017339359331876e+06
6.899759566295340374e-01 6.140332971449032426e+06
6.863058717538450537e-01 6.142545568555368111e+06
6.826357868781559590e-01 6.144758165661703795e+06
6.789657020024670864e-01 6.146872187447242439e+06
6.752956171267779917e-01 6.148986209232781082e+06
6.716255322510890080e-01 6.151005926424032077e+06
6.679554473753999133e-01 6.153025643615283072e+06
6.642853624997110407e-01 6.154955145890378393e+06
6.606152776240219460e-01 6.156884648165473714e+06
6.569451927483329623e-01 6.158727851509904489e+06
6.532751078726438676e-01 6.160571054854335263e+06
6.496050229969549950e-01 6.162331708835489117e+06
6.459349381212659003e-01 6.164092362816642970e+06
6.422648532455769166e-01 6.165774057477847673e+06
6.385947683698878219e-01 6.167455752139052376e+06
6.349246834941989492e-01 6.169061924638884142e+06
6.312545986185098545e-01 6.170668097138715908e+06
6.275845137428208709e-01 6.172202038123745471e+06
6.239144288671319982e-01 6.173735979108775035e+06
6.202443439914429035e-01 6.175200838829984888e+06
6.165742591157538088e-01 6.176665698551194742e+06
6.129041742400648252e-01 6.178064492730903439e+06
6.092340893643759525e-01 6.179463286910612136e+06
6.055640044886868578e-01 6.180798902378960513e+06
6.018939196129977631e-01 6.182134517847308889e+06
5.982238347373087795e-01 6.183409717938499525e+06
5.945537498616199068e-01 6.184684918029690161e+06
5.908836649859308121e-01 6.185902347774850205e+06
5.872135801102417174e-01 6.187119777520010248e+06
5.835434952345527337e-01 6.188281968614405021e+06
5.798734103588638611e-01 6.189444159708799794e+06
5.762033254831747664e-01 6.190553535277877934e+06
5.725332406074856717e-01 6.191662910846956074e+06
5.688631557317966880e-01 6.192721790025970899e+06
5.651930708561077044e-01 6.193780669204985723e+06
5.615229859804187207e-01 6.194791271516543813e+06
5.578529011047297370e-01 6.195801873828101903e+06
5.541828162290405313e-01 6.196766323394349776e+06
5.505127313533517697e-01 6.197730772960597649e+06
5.468426464776627860e-01 6.198651102526878938e+06
5.431725616019735803e-01 6.199571432093160227e+06
5.395024767262845966e-01 6.200449586896847002e+06
5.358323918505956129e-01 6.201327741700533777e+06
5.321623069749066293e-01 6.202165583172401413e+06
5.284922220992176456e-01 6.203003424644269049e+06
5.248221372235284399e-01 6.203802733958985656e+06
5.211520523478396782e-01 6.204602043273702264e+06
5.174819674721506946e-01 6.205364524752109312e+06
5.138118825964614889e-01 6.206127006230516359e+06
5.101417977207725052e-01 6.206854290601735935e+06
5.064717128450835215e-01 6.207581574972955510e+06
5.028016279693945378e-01 6.208275222497090697e+06
4.991315430937055542e-01 6.208968870021225885e+06
4.954614582180163485e-01 6.209630373486989178e+06
4.917913733423275868e-01 6.210291876952752471e+06
4.881212884666386032e-01 6.210922664539620280e+06
4.844512035909493974e-01 6.211553452126488090e+06
4.807811187152604138e-01 6.212154890165010467e+06
4.771110338395714301e-01 6.212756328203532845e+06
4.734409489638824464e-01 6.213329723796973005e+06
4.697708640881934627e-01 6.213903119390413165e+06
4.661007792125042570e-01 6.214449722947689705e+06
4.624306943368154954e-01 6.214996326504966244e+06
4.587606094611265117e-01 6.215517334152241237e+06
4.550905245854373060e-01 6.216038341799516231e+06
4.514204397097483223e-01 6.216534897698823363e+06
4.477503548340593387e-01 6.217031453598130494e+06
4.440802699583703550e-01 6.217504652164819650e+06
4.404101850826813713e-01 6.217977850731508806e+06
4.367401002069921656e-01 6.218428738759139553e+06
4.330700153313034040e-01 6.218879626786770299e+06
4.293999304556144203e-01 6.219309205484411679e+06
4.257298455799252146e-01 6.219738784182053059e+06
4.220597607042362309e-01 6.220148011119239032e+06
4.183896758285472472e-01 6.220557238056425005e+06
4.147195909528582636e-01 6.220947029036787339e+06
4.110495060771692799e-01 6.221336820017149672e+06
4.073794212014800742e-01 6.221708050862994045e+06
4.037093363257913126e-01 6.222079281708838418e+06
4.000392514501023289e-01 6.222432789973138832e+06
3.963691665744131232e-01 6.222786298237439245e+06
3.926990816987243615e-01 6.223122884850793518e+06
3.890289968230351558e-01 6.223459471464147791e+06
3.853589119473461722e-01 6.223779902296122164e+06
3.816888270716571885e-01 6.224100333128096536e+06
3.780187421959682048e-01 6.224405340499868616e+06
3.743486573202792211e-01 6.224710347871640697e+06
3.706785724445902375e-01 6.225000631993205287e+06
3.670084875689010318e-01 6.225290916114769876e+06
3.633384026932122701e-01 6.225567146466485225e+06
3.596683178175230644e-01 6.225843376818200573e+06
3.559982329418340807e-01 6.226106193469095044e+06
3.523281480661450971e-01 6.226369010119989514e+06
3.486580631904561134e-01 6.226619024997780100e+06
3.449879783147671297e-01 6.226869039875570685e+06
3.413178934390781460e-01 6.227106837970604189e+06
3.376478085633889403e-01 6.227344636065637693e+06
3.339777236877001787e-01 6.227570776609761640e+06
3.303076388120109730e-01 6.227796917153885588e+06
3.266375539363219893e-01 6.228011934693927877e+06
3.229674690606330056e-01 6.228226952233970165e+06
3.192973841849440220e-01 6.228431357728179544e+06
3.156272993092550383e-01 6.228635763222388923e+06
3.119572144335660546e-01 6.228830045055221766e+06
3.082871295578768489e-01 6.229024326888054609e+06
3.046170446821880873e-01 6.229208951843108051e+06
3.009469598064991036e-01 6.229393576798161492e+06
2.972768749308098979e-01 6.229568990976487286e+06
2.936067900551209142e-01 6.229744405154813081e+06
2.899367051794319305e-01 6.229911034883902408e+06
2.862666203037429469e-01 6.230077664612991735e+06
2.825965354280539632e-01 6.230235917298559099e+06
2.789264505523647575e-01 6.230394169984126464e+06
2.752563656766759959e-01 6.230544434927694499e+06
2.715862808009870122e-01 6.230694699871262535e+06
2.679161959252978065e-01 6.230837349057108164e+06
2.642461110496088228e-01 6.230979998242953792e+06
2.605760261739198391e-01 6.231115387086716481e+06
2.569059412982308555e-01 6.231250775930479169e+06
2.532358564225418718e-01 6.231379243999782950e+06
2.495657715468526661e-01 6.231507712069086730e+06
2.458956866711639044e-01 6.231629583767574281e+06
2.422256017954749208e-01 6.231751455466061831e+06
2.385555169197857150e-01 6.231867040699823759e+06
2.348854320440967314e-01 6.231982625933585688e+06
2.312153471684077477e-01 6.232092220732161775e+06
2.275452622927187640e-01 6.232201815530737862e+06
2.238751774170297804e-01 6.232305702657497488e+06
2.202050925413405746e-01 6.232409589784257114e+06
2.165350076656518130e-01 6.232508039313005283e+06
2.128649227899628293e-01 6.232606488841753453e+06
2.091948379142736236e-01 6.232699758705006912e+06
2.055247530385846400e-01 6.232793028568260372e+06
2.018546681628956563e-01 6.232881365093986504e+06
1.981845832872066726e-01 6.232969701619712636e+06
1.945144984115176889e-01 6.233053340031459928e+06
1.908444135358284832e-01 6.233136978443207219e+06
1.871743286601397216e-01 6.233216143349302933e+06
1.835042437844507379e-01 6.233295308255398646e+06
1.798341589087615322e-01 6.233370214110394940e+06
1.761640740330725485e-01 6.233445119965391234e+06
1.724939891573835649e-01 6.233515971517008729e+06
1.688239042816945812e-01 6.233586823068626225e+06
1.651538194060055975e-01 6.233653815779095516e+06
1.614837345303166138e-01 6.233720808489564806e+06
1.578136496546276302e-01 6.233784128947920166e+06
1.541435647789386465e-01 6.233847449406275526e+06
1.504734799032494408e-01 6.233907275710110553e+06
1.468033950275606792e-01 6.233967102013945580e+06
1.431333101518714734e-01 6.234023604152488522e+06
1.394632252761824898e-01 6.234080106291031465e+06
1.357931404004935061e-01 6.234133446490668692e+06
1.321230555248045224e-01 6.234186786690305918e+06
1.284529706491155387e-01 6.234237119763369672e+06
1.247828857734265551e-01 6.234287452836433426e+06
1.211128008977373494e-01 6.234334926504382864e+06
1.174427160220485877e-01 6.234382400172332302e+06
1.137726311463593820e-01 6.234427155381627381e+06
1.101025462706703983e-01 6.234471910590922460e+06
1.064324613949814147e-01 6.234514081807795912e+06
1.027623765192924310e-01 6.234556253024669364e+06
9.909229164360344733e-02 6.234595968524242751e+06
9.542220676791446365e-02 6.234635684023816139e+06
9.175212189222525794e-02 6.234673066164354794e+06
8.808203701653649631e-02 6.234710448304893449e+06
8.441195214084729059e-02 6.234745613785696216e+06
8.074186726515830692e-02 6.234780779266498983e+06
7.707178238946932325e-02 6.234813839383931831e+06
7.340169751378033958e-02 6.234846899501364678e+06
6.973161263809135590e-02 6.234877960385627113e+06
6.606152776240237223e-02 6.234909021269889548e+06
6.239144288671316652e-02 6.234938184115202166e+06
5.872135801102440489e-02 6.234967346960514784e+06
5.505127313533519917e-02 6.234994708242132328e+06
5.138118825964621550e-02 6.235022069523749873e+06
4.771110338395723183e-02 6.235047721216678619e+06
4.404101850826824815e-02 6.235073372909607366e+06
4.037093363257926448e-02 6.235097402674543671e+06
3.670084875689028081e-02 6.235121432439479977e+06
3.303076388120107509e-02 6.235143923831842840e+06
2.936067900551231347e-02 6.235166415224205703e+06
2.569059412982310775e-02 6.235187447863371111e+06
2.202050925413412408e-02 6.235208480502536520e+06
1.835042437844514041e-02 6.235228130258849822e+06
1.468033950275615673e-02 6.235247780015163124e+06
1.101025462706717306e-02 6.235266119171074592e+06
7.340169751378189389e-03 6.235284458326986060e+06
3.670084875688983672e-03 6.235301555741079152e+06
2.220446049250313081e-16 6.235318653155172244e+06
-3.670084875688983672e-03 6.235334574416063726e+06
-7.340169751377745300e-03 6.235350495676955208e+06
-1.101025462706695102e-02 6.235365303246028721e+06
-1.468033950275593469e-02 6.235380110815102234e+06
-1.835042437844514041e-02 6.235393864189377986e+06
-2.202050925413390203e-02 6.235407617563653737e+06
-2.569059412982288571e-02 6.235420373349548317e+06
-2.936067900551209142e-02 6.235433129135442898e+06
-3.303076388120107509e-02 6.235444941255873069e+06
-3.670084875688983672e-02 6.235456753376303241e+06
-4.037093363257904244e-02 6.235467673172283918e+06
-4.404101850826802611e-02 6.235478592968264595e+06
-4.771110338395723183e-02 6.235488669257080182e+06
-5.138118825964599345e-02 6.235498745545895770e+06
-5.505127313533497713e-02 6.235508024808835238e+06
-5.872135801102418284e-02 6.235517304071774706e+06
-6.239144288671316652e-02 6.235525830523102544e+06
-6.606152776240192814e-02 6.235534356974430382e+06
-6.973161263809113386e-02 6.235542172674861737e+06
-7.340169751378011753e-02 6.235549988375293091e+06
-7.707178238946887916e-02 6.235557133328828961e+06
-8.074186726515808488e-02 6.235564278282364830e+06
-8.441195214084706855e-02 6.235570790530131198e+06
-8.808203701653627427e-02 6.235577302777897567e+06
-9.175212189222503589e-02 6.235583218487166800e+06
-9.542220676791401957e-02 6.235589134196436033e+06
-9.909229164360322528e-02 6.235594487748185173e+06
-1.027623765192922090e-01 6.235599841299934313e+06
-1.064324613949809706e-01 6.235604665372310206e+06
-1.101025462706701763e-01 6.235609489444686100e+06
-1.137726311463591600e-01 6.235613815084533766e+06
-1.174427160220483657e-01 6.235618140724381432e+06
-1.211128008977371273e-01 6.235621997434560210e+06
-1.247828857734261110e-01 6.235625854144738987e+06
-1.284529706491153167e-01 6.235629269941283390e+06
-1.321230555248043004e-01 6.235632685737827793e+06
-1.357931404004930620e-01 6.235635687231248245e+06
-1.394632252761822677e-01 6.235638688724668697e+06
-1.431333101518712514e-01 6.235641301178821363e+06
-1.468033950275604571e-01 6.235643913632974029e+06
-1.504734799032492187e-01 6.235646161028358154e+06
-1.541435647789382024e-01 6.235648408423742279e+06
-1.578136496546274081e-01 6.235650313517405652e+06
-1.614837345303163918e-01 6.235652218611069024e+06
-1.651538194060051534e-01 6.235653802997454070e+06
-1.688239042816943591e-01 6.235655387383839116e+06
-1.724939891573833428e-01 6.235656671543233097e+06
-1.761640740330725485e-01 6.235657955702627078e+06
-1.798341589087613102e-01 6.235658959057195112e+06
-1.835042437844502938e-01 6.235659962411763147e+06
-1.871743286601394995e-01 6.235660703375848010e+06
-1.908444135358284832e-01 6.235661444339932874e+06
-1.945144984115172448e-01 6.235661940367524512e+06
-1.981845832872064506e-01 6.235662436395116150e+06
-2.018546681628954342e-01 6.235662704019544646e+06
-2.055247530385846400e-01 6.235662971643973142e+06
-2.091948379142734016e-01 6.235663026532540098e+06
-2.128649227899623853e-01 6.235663081421107054e+06
-2.165350076656515910e-01 6.235662938405194320e+06
-2.202050925413405746e-01 6.235662795389281586e+06
-2.238751774170293363e-01 6.235662468511761166e+06
-2.275452622927185420e-01 6.235662141634240746e+06
-2.312153471684075257e-01 6.235661644183946773e+06
-2.348854320440967314e-01 6.235661146733652800e+06
-2.385555169197854930e-01 6.235660491281666793e+06
-2.422256017954744767e-01 6.235659835829680786e+06
-2.458956866711636824e-01 6.235659034263798036e+06
-2.495657715468526661e-01 6.235658232697915286e+06
-2.532358564225414277e-01 6.235657296258523129e+06
-2.569059412982306334e-01 6.235656359819130972e+06
-2.605760261739196171e-01 6.235655299124998040e+06
-2.642461110496088228e-01 6.235654238430865109e+06
-2.679161959252975844e-01 6.235653063515594229e+06
-2.715862808009865681e-01 6.235651888600323349e+06
-2.752563656766757738e-01 6.235650608934067190e+06
-2.789264505523647575e-01 6.235649329267811030e+06
-2.825965354280535191e-01 6.235647953792958520e+06
-2.862666203037427248e-01 6.235646578318106011e+06
-2.899367051794317085e-01 6.235645115466189571e+06
-2.936067900551209142e-01 6.235643652614273131e+06
-2.972768749308096758e-01 6.235642110339635052e+06
-3.009469598064986595e-01 6.235640568064996973e+06
-3.046170446821878652e-01 6.235638953859652393e+06
-3.082871295578768489e-01 6.235637339654307812e+06
-3.119572144335656105e-01 6.235635660580548458e+06
-3.156272993092548163e-01 6.235633981506789103e+06
-3.192973841849437999e-01 6.235632244208601303e+06
-3.229674690606325616e-01 6.235630506910413504e+06
-3.266375539363217673e-01 6.235628717643575743e+06
-3.303076388120107509e-01 6.235626928376737982e+06
-3.339777236876999567e-01 6.235625093018714339e+06
-3.376478085633889403e-01 6.235623257660690695e+06
-3.413178934390777020e-01 6.235621381740645505e+06
-3.449879783147669077e-01 6.235619505820600316e+06
-3.486580631904558913e-01 6.235617594527802430e+06
-3.523281480661446530e-01 6.235615683235004544e+06
-3.559982329418338587e-01 6.235613741439634934e+06
-3.596683178175228424e-01 6.235611799644265324e+06
-3.633384026932120481e-01 6.235609831916989759e+06
-3.670084875689010318e-01 6.235607864189714193e+06
-3.706785724445897934e-01 6.235605874815850519e+06
-3.743486573202789991e-01 6.235603885441986844e+06
-3.780187421959679828e-01 6.235601878452834673e+06
-3.816888270716567444e-01 6.235599871463682503e+06
-3.853589119473459501e-01 6.235597850507535972e+06
-3.890289968230349338e-01 6.235595829551389441e+06
-3.926990816987241395e-01 6.235593798238487914e+06
-3.963691665744131232e-01 6.235591766925586388e+06
-4.000392514501018848e-01 6.235589728475135751e+06
-4.037093363257910905e-01 6.235587690024685115e+06
-4.073794212014800742e-01 6.235585647504085675e+06
-4.110495060771688358e-01 6.235583604983486235e+06
-4.147195909528580415e-01 6.235581561230494641e+06
-4.183896758285470252e-01 6.235579517477503046e+06
-4.220597607042362309e-01 6.235577475138477050e+06
-4.257298455799252146e-01 6.235575432799451053e+06
-4.293999304556139762e-01 6.235573394331333227e+06
-4.330700153313031819e-01 6.235571355863215402e+06
-4.367401002069919436e-01 6.235569323544820771e+06
-4.404101850826811493e-01 6.235567291226426139e+06
-4.440802699583703550e-01 6.235565267174099572e+06
-4.477503548340591166e-01 6.235563243121773005e+06
-4.514204397097483223e-01 6.235561229285182431e+06
-4.550905245854370840e-01 6.235559215448591858e+06
-4.587606094611262897e-01 6.235557213635019027e+06
-4.624306943368154954e-01 6.235555211821446195e+06
-4.661007792125042570e-01 6.235553223694799468e+06
-4.697708640881930187e-01 6.235551235568152741e+06
-4.734409489638822244e-01 6.235549262656609528e+06
-4.771110338395709860e-01 6.235547289745066315e+06
-4.807811187152601917e-01 6.235545333452075720e+06
-4.844512035909493974e-01 6.235543377159085125e+06
-4.881212884666381591e-01 6.235541438769233413e+06
-4.917913733423273648e-01 6.235539500379381701e+06
-4.954614582180161264e-01 6.235537581063223071e+06
-4.991315430937053321e-01 6.235535661747064441e+06
-5.028016279693945378e-01 6.235533762571476400e+06
-5.064717128450832995e-01 6.235531863395888358e+06
-5.101417977207725052e-01 6.235529985325213522e+06
-5.138118825964612668e-01 6.235528107254538685e+06
-5.174819674721504725e-01 6.235526251163040288e+06
-5.211520523478396782e-01 6.235524395071541891e+06
-5.248221372235284399e-01 6.235522561739025638e+06
-5.284922220992172015e-01 6.235520728406509385e+06
-5.321623069749064072e-01 6.235518918534883298e+06
-5.358323918505951688e-01 6.235517108663257211e+06
-5.395024767262843746e-01 6.235515322873942554e+06
-5.431725616019735803e-01 6.235513537084627897e+06
-5.468426464776623419e-01 6.235511775924080051e+06
-5.505127313533515476e-01 6.235510014763532206e+06
-5.541828162290403093e-01 6.235508278711362742e+06
-5.578529011047295150e-01 6.235506542659193277e+06
-5.615229859804187207e-01 6.235504832127839327e+06
-5.651930708561074823e-01 6.235503121596485376e+06
-5.688631557317962439e-01 6.235501436939229257e+06
-5.725332406074854497e-01 6.235499752281973138e+06
-5.762033254831742113e-01 6.235498093793217093e+06
-5.798734103588638611e-01 6.235496435304461047e+06
-5.835434952345526227e-01 6.235494803228497505e+06
-5.872135801102413843e-01 6.235493171152533963e+06
-5.908836649859305901e-01 6.235491565678988583e+06
-5.945537498616193517e-01 6.235489960205443203e+06
-5.982238347373085574e-01 6.235488381481277756e+06
-6.018939196129977631e-01 6.235486802757112309e+06
-6.055640044886865248e-01 6.235485250883746892e+06
-6.092340893643757305e-01 6.235483699010381475e+06
-6.129041742400644921e-01 6.235482174048934132e+06
-6.165742591157536978e-01 6.235480649087486789e+06
-6.202443439914429035e-01 6.235479151061580516e+06
-6.239144288671316652e-01 6.235477653035674244e+06
-6.275845137428204268e-01 6.235476181931016967e+06
-6.312545986185096325e-01 6.235474710826359689e+06
-6.349246834941983941e-01 6.235473266600636765e+06
-6.385947683698880439e-01 6.235471822374913841e+06
-6.422648532455768056e-01 6.235470404951554723e+06
-6.459349381212655672e-01 6.235468987528195605e+06
-6.496050229969547729e-01 6.235467596804562025e+06
-6.532751078726435345e-01 6.235466206080928445e+06
-6.569451927483327403e-01 6.235464841926254332e+06
-6.606152776240219460e-01 6.235463477771580219e+06
-6.642853624997107076e-01 6.235462140033253469e+06
-6.679554473753999133e-01 6.235460802294926718e+06
-6.716255322510886749e-01 6.235459490795427002e+06
-6.752956171267778807e-01 6.235458179295927286e+06
-6.789657020024670864e-01 6.235456893841017038e+06
-6.826357868781558480e-01 6.235455608386106789e+06
-6.863058717538446096e-01 6.235454348759671673e+06
-6.899759566295338153e-01 6.235453089133236557e+06
-6.936460415052225770e-01 6.235451855105091818e+06
-6.973161263809122268e-01 6.235450621076947078e+06
-7.009862112566009884e-01 6.235449412395882420e+06
-7.046562961322897500e-01 6.235448203714817762e+06
-7.083263810079789558e-01 6.235447020123964176e+06
-7.119964658836677174e-01 6.235445836533110589e+06
-7.156665507593569231e-01 6.235444677738355473e+06
-7.193366356350461288e-01 6.235443518943600357e+06
-7.230067205107348904e-01 6.235442384708925150e+06
-7.266768053864240962e-01 6.235441250474249944e+06
-7.303468902621128578e-01 6.235440140254029073e+06
-7.340169751378020635e-01 6.235439030033808202e+06
-7.376870600134912692e-01 6.235437944016812369e+06
-7.413571448891800308e-01 6.235436857999816537e+06
-7.450272297648687925e-01 6.235435795510686934e+06
-7.486973146405579982e-01 6.235434733021557331e+06
-7.523673995162467598e-01 6.235433693815356120e+06
-7.560374843919364096e-01 6.235432654609154910e+06
-7.597075692676251712e-01 6.235431638352767564e+06
-7.633776541433139329e-01 6.235430622096380219e+06
-7.670477390190031386e-01 6.235429628462327644e+06
-7.707178238946919002e-01 6.235428634828275070e+06
-7.743879087703811059e-01 6.235427663478510454e+06
-7.780579936460703117e-01 6.235426692128745839e+06
-7.817280785217590733e-01 6.235425742722286843e+06
-7.853981633974478349e-01 6.235424793315827847e+06
-7.890682482731370406e-01 6.235423865506014787e+06
-7.927383331488262463e-01 6.235422937696201727e+06
-7.964084180245154521e-01 6.235422031135519035e+06
-8.000785029002042137e-01 6.235421124574836344e+06
-8.037485877758929753e-01 6.235420238912659697e+06
-8.074186726515821810e-01 6.235419353250483051e+06
-8.110887575272709427e-01 6.235418488136860542e+06
-8.147588424029601484e-01 6.235417623023238033e+06
-8.184289272786493541e-01 6.235416778105016798e+06
-8.220990121543381157e-01 6.235415933186795563e+06
-8.257690970300273214e-01 6.235415108111562207e+06
-8.294391819057160831e-01 6.235414283036328852e+06
-8.331092667814052888e-01 6.235413477451724000e+06
-8.367793516570944945e-01 6.235412671867119148e+06
-8.404494365327832561e-01 6.235411885421575047e+06
-8.441195214084720178e-01 6.235411098976030946e+06
-8.477896062841612235e-01 6.235410331319246441e+06
-8.514596911598504292e-01 6.235409563662461936e+06
-8.551297760355396349e-01 6.235408814444476739e+06
-8.587998609112283965e-01 6.235408065226491541e+06
-8.624699457869171582e-01 6.235407334101776592e+06
-8.661400306626063639e-01 6.235406602977061644e+06
-8.698101155382951255e-01 6.235405889596851543e+06
-8.734802004139843312e-01 6.235405176216641441e+06
-8.771502852896735369e-01 6.235404480241169222e+06
-8.808203701653622986e-01 6.235403784265697002e+06
-8.844904550410515043e-01 6.235403105354001746e+06
-8.881605399167402659e-01 6.235402426442306489e+06
-8.918306247924294716e-01 6.235401764256346971e+06
-8.955007096681186773e-01 6.235401102070387453e+06
-8.991707945438074390e-01 6.235400456276190467e+06
-9.028408794194962006e-01 6.235399810481993482e+06
-9.065109642951854063e-01 6.235399180749778636e+06
-9.101810491708746120e-01 6.235398551017563790e+06
-9.138511340465638177e-01 6.235397937019848265e+06
-9.175212189222525794e-01 6.235397323022132739e+06
-9.211913037979413410e-01 6.235396724434613250e+06
-9.248613886736305467e-01 6.235396125847093761e+06
-9.285314735493193083e-01 6.235395542350232601e+06
-9.322015584250085141e-01 6.235394958853371441e+06
-9.358716433006977198e-01 6.235394390133110806e+06
-9.395417281763864814e-01 6.235393821412850171e+06
-9.432118130520756871e-01 6.235393267155718058e+06
-9.468818979277644488e-01 6.235392712898585945e+06
-9.505519828034536545e-01 6.235392172798898071e+06
-9.542220676791428602e-01 6.235391632699210197e+06
-9.578921525548316218e-01 6.235391106453998946e+06
-9.615622374305203834e-01 6.235390580208787695e+06
-9.652323223062095892e-01 6.235390067518528551e+06
-9.689024071818983508e-01 6.235389554828269407e+06
-9.725724920575880006e-01 6.235389055401604623e+06
-9.762425769332767622e-01 6.235388555974939838e+06
-9.799126618089655238e-01 6.235388069519838318e+06
-9.835827466846547296e-01 6.235387583064736798e+06
-9.872528315603434912e-01 6.235387109300379641e+06
-9.909229164360326969e-01 6.235386635536022484e+06
-9.945930013117219026e-01 6.235386174179190770e+06
-9.982630861874106643e-01 6.235385712822359055e+06
-1.001933171063099870e+00 6.235385263600501232e+06
-1.005603255938788632e+00 6.235384814378643408e+06
-1.009273340814477837e+00 6.235384377020471729e+06
-1.012943425690167043e+00 6.235383939662300050e+06
-1.016613510565855805e+00 6.235383513902486302e+06
-1.020283595441544566e+00 6.235383088142672554e+06
-1.023953680317233772e+00 6.235382673721523024e+06
-1.027623765192922534e+00 6.235382259300373495e+06
-1.031293850068611739e+00 6.235381855960720219e+06
-1.034963934944300945e+00 6.235381452621066943e+06
-1.038634019819989707e+00 6.235381060114064254e+06
-1.042304104695678912e+00 6.235380667607061565e+06
-1.045974189571367674e+00 6.235380285685436800e+06
-1.049644274447056880e+00 6.235379903763812035e+06
-1.053314359322746085e+00 6.235379532187134027e+06
-1.056984444198434847e+00 6.235379160610456020e+06
-1.060654529074123609e+00 6.235378799142332748e+06
-1.064324613949812814e+00 6.235378437674209476e+06
-1.067994698825502020e+00 6.235378086080425419e+06
-1.071664783701191226e+00 6.235377734486641362e+06
-1.075334868576879988e+00 6.235377392549244687e+06
-1.079004953452568749e+00 6.235377050611848012e+06
-1.082675038328257955e+00 6.235376718100412749e+06
-1.086345123203946716e+00 6.235376385588977486e+06
-1.090015208079635922e+00 6.235376062279398553e+06
-1.093685292955325128e+00 6.235375738969819620e+06
-1.097355377831013890e+00 6.235375424666333012e+06
-1.101025462706703095e+00 6.235375110362846404e+06
-1.104695547582391857e+00 6.235374804847615771e+06
-1.108365632458081063e+00 6.235374499332385138e+06
-1.112035717333770268e+00 6.235374202405476943e+06
-1.115705802209459030e+00 6.235373905478568748e+06
-1.119375887085147792e+00 6.235373616938831285e+06
-1.123045971960836997e+00 6.235373328399093822e+06
-1.126716056836526203e+00 6.235373048055199906e+06
-1.130386141712215409e+00 6.235372767711305991e+06
-1.134056226587904170e+00 6.235372495370235294e+06
-1.137726311463592932e+00 6.235372223029164597e+06
-1.141396396339282138e+00 6.235371958508822136e+06
-1.145066481214970899e+00 6.235371693988479674e+06
-1.148736566090660105e+00 6.235371437105101533e+06
-1.152406650966349311e+00 6.235371180221723393e+06
-1.156076735842038072e+00 6.235370930801820941e+06
-1.159746820717727278e+00 6.235370681381918490e+06
-1.163416905593416040e+00 6.235370439251047559e+06
-1.167086990469105245e+00 6.235370197120176628e+06
-1.170757075344794451e+00 6.235369962111885659e+06
-1.174427160220483213e+00 6.235369727103594691e+06
-1.178097245096171974e+00 6.235369499053849839e+06
-1.181767329971861180e+00 6.235369271004104987e+06
-1.185437414847550386e+00 6.235369049753217027e+06
-1.189107499723239592e+00 6.235368828502329066e+06
-1.192777584598928353e+00 6.235368613894574344e+06
-1.196447669474617115e+00 6.235368399286819622e+06
-1.200117754350306321e+00 6.235368191172038205e+06
-1.203787839225995082e+00 6.235367983057256788e+06
-1.207457924101684288e+00 6.235367781286098994e+06
-1.211128008977373494e+00 6.235367579514941201e+06
-1.214798093853062255e+00 6.235367383946155198e+06
-1.218468178728751461e+00 6.235367188377369195e+06
-1.222138263604440223e+00 6.235366998869432136e+06
-1.225808348480129428e+00 6.235366809361495078e+06
-1.229478433355818634e+00 6.235366625780064613e+06
-1.233148518231507396e+00 6.235366442198634148e+06
-1.236818603107196157e+00 6.235366264410849661e+06
-1.240488687982885363e+00 6.235366086623065174e+06
-1.244158772858574569e+00 6.235365914500558749e+06
-1.247828857734263330e+00 6.235365742378052324e+06
-1.251498942609952536e+00 6.235365575797409751e+06
-1.255169027485641298e+00 6.235365409216767177e+06
-1.258839112361330503e+00 6.235365248055874370e+06
-1.262509197237019265e+00 6.235365086894981563e+06
-1.266179282112708471e+00 6.235364931037181988e+06
-1.269849366988397676e+00 6.235364775179382414e+06
-1.273519451864086438e+00 6.235364624509696849e+06
-1.277189536739775200e+00 6.235364473840011284e+06
-1.280859621615464405e+00 6.235364328250214458e+06
-1.284529706491153611e+00 6.235364182660417631e+06
-1.288199791366842817e+00 6.235364042041221634e+06
-1.291869876242531578e+00 6.235363901422025636e+06
-1.295539961118220340e+00 6.235363765671265312e+06
-1.299210045993909546e+00 6.235363629920504987e+06
-1.302880130869598752e+00 6.235363498937218450e+06
-1.306550215745287513e+00 6.235363367953931913e+06
-1.310220300620976719e+00 6.235363241641379893e+06
-1.313890385496665481e+00 6.235363115328827873e+06
-1.317560470372354686e+00 6.235362993592943065e+06
-1.321230555248043448e+00 6.235362871857058257e+06
-1.324900640123732654e+00 6.235362754607697017e+06
-1.328570724999421859e+00 6.235362637358335778e+06
-1.332240809875110621e+00 6.235362524506893009e+06
-1.335910894750799383e+00 6.235362411655450240e+06
-1.339580979626488588e+00 6.235362303119074553e+06
-1.343251064502177794e+00 6.235362194582698867e+06
-1.346921149377867000e+00 6.235362090279513039e+06
-1.350591234253555761e+00 6.235361985976327211e+06
-1.354261319129244523e+00 6.235361885827017017e+06
-1.357931404004933729e+00 6.235361785677706823e+06
-1.361601488880622490e+00 6.235361689607569948e+06
-1.365271573756311696e+00 6.235361593537433073e+06
-1.368941658632000902e+00 6.235361501475033350e+06
-1.372611743507689663e+00 6.235361409412633628e+06
-1.376281828383378869e+00 6.235361321283879690e+06
-1.379951913259067631e+00 6.235361233155125752e+06
-1.383621998134756836e+00 6.235361148894402198e+06
-1.387292083010446042e+00 6.235361064633678645e+06
-1.390962167886134804e+00 6.235360984188132919e+06
-1.394632252761823565e+00 6.235360903742587194e+06
-1.398302337637512771e+00 6.235360827035689726e+06
-1.401972422513201977e+00 6.235360750328792259e+06
-1.405642507388891183e+00 6.235360677308226936e+06
-1.409312592264579944e+00 6.235360604287661612e+06
-1.412982677140268706e+00 6.235360534897877835e+06
-1.416652762015957912e+00 6.235360465508094057e+06
-1.420322846891646673e+00 6.235360399696223438e+06
-1.423992931767335879e+00 6.235360333884352818e+06
-1.427663016643025085e+00 6.235360271599472500e+06
-1.431333101518713846e+00 6.235360209314592183e+06
-1.435003186394403052e+00 6.235360150509090163e+06
-1.438673271270091814e+00 6.235360091703588143e+06
-1.442343356145781019e+00 6.235360036332455464e+06
-1.446013441021470225e+00 6.235359980961322784e+06
-1.449683525897158987e+00 6.235359928975866176e+06
-1.453353610772847748e+00 6.235359876990409568e+06
-1.457023695648536954e+00 6.235359828362009488e+06
-1.460693780524226160e+00 6.235359779733609408e+06
-1.464363865399915365e+00 6.235359734414804727e+06
-1.468033950275604127e+00 6.235359689096000046e+06
-1.471704035151292889e+00 6.235359647054456174e+06
-1.475374120026982094e+00 6.235359605012912303e+06
-1.479044204902670856e+00 6.235359566216688603e+06
-1.482714289778360062e+00 6.235359527420464903e+06
-1.486384374654049267e+00 6.235359491842413321e+06
-1.490054459529738029e+00 6.235359456264361739e+06
-1.493724544405426791e+00 6.235359423869556747e+06
-1.497394629281115996e+00 6.235359391474751756e+06
-1.501064714156805202e+00 6.235359362240866758e+06
-1.504734799032494408e+00 6.235359333006981760e+06
-1.508404883908183169e+00 6.235359306913357228e+06
-1.512074968783871931e+00 6.235359280819732696e+06
-1.515745053659561137e+00 6.235359257844228297e+06
-1.519415138535250342e+00 6.235359234868723899e+06
-1.523085223410939104e+00 6.235359214992753230e+06
-1.526755308286628310e+00 6.235359195116782561e+06
-1.530425393162317071e+00 6.235359178324752487e+06
-1.534095478038006277e+00 6.235359161532722414e+06
-1.537765562913695039e+00 6.235359147813207470e+06
-1.541435647789384245e+00 6.235359134093692526e+06
-1.545105732665073450e+00 6.235359123420824297e+06
-1.548775817540762212e+00 6.235359112747956067e+06
-1.552445902416450974e+00 6.235359105175364763e+06
-1.556115987292140179e+00 6.235359097602773458e+06
-1.559786072167829385e+00 6.235359092772805132e+06
-1.563456157043518591e+00 6.235359087942836806e+06
-1.567126241919207352e+00 6.235359087205067277e+06
-1.570796326794896114e+00 6.235359086467297748e+06
