1.570796326794896558e+00 -1.594872268720766157e+07
1.567126241919207574e+00 -1.595135630198716000e+07
1.563456157043518591e+00 -1.590769192552727275e+07
1.559786072167829607e+00 -1.588665937769387476e+07
1.556115987292140623e+00 -1.580999011526018195e+07
1.552445902416451418e+00 -1.575533705495177396e+07
1.548775817540762434e+00 -1.564781142099916935e+07
1.545105732665073450e+00 -1.556131849190603942e+07
1.541435647789384467e+00 -1.542370252523793839e+07
1.537765562913695483e+00 -1.530729656550959684e+07
1.534095478038006499e+00 -1.514134969581038877e+07
1.530425393162317516e+00 -1.499704547360592894e+07
1.526755308286628532e+00 -1.480492227460661158e+07
1.523085223410939326e+00 -1.463504067696719989e+07
1.519415138535250342e+00 -1.441924191108030640e+07
1.515745053659561359e+00 -1.422635469702580944e+07
1.512074968783872375e+00 -1.398962515254157409e+07
1.508404883908183391e+00 -1.377649968949573487e+07
1.504734799032494408e+00 -1.352175235733010434e+07
1.501064714156805424e+00 -1.329128069940133020e+07
1.497394629281116440e+00 -1.302151952394728363e+07
1.493724544405427235e+00 -1.277664891868414730e+07
1.490054459529738251e+00 -1.249489719017414749e+07
1.486384374654049267e+00 -1.223856376604036428e+07
1.482714289778360284e+00 -1.194779843273126706e+07
1.479044204902671300e+00 -1.168286731081501581e+07
1.475374120026982316e+00 -1.138596124414363503e+07
1.471704035151293333e+00 -1.111517468756850623e+07
1.468033950275604349e+00 -1.081484799644097500e+07
1.464363865399915365e+00 -1.054078268935517222e+07
1.460693780524226160e+00 -1.023956377063322812e+07
1.457023695648537176e+00 -9.964597655177498236e+06
1.453353610772848192e+00 -9.664794112505055964e+06
1.449683525897159209e+00 -9.391082702332122251e+06
1.446013441021470225e+00 -9.094761813617430627e+06
1.442343356145781241e+00 -8.824223475812971592e+06
1.438673271270092258e+00 -8.533201515494193882e+06
1.435003186394403052e+00 -8.267510895196800120e+06
1.431333101518714068e+00 -7.983350346292464994e+06
1.427663016643025085e+00 -7.723938893250797875e+06
1.423992931767336101e+00 -7.447952411239660345e+06
1.420322846891647117e+00 -7.196014848525676876e+06
1.416652762015958134e+00 -6.929274757710308768e+06
1.412982677140269150e+00 -6.685780296957564540e+06
1.409312592264580166e+00 -6.429132395887485705e+06
1.405642507388891183e+00 -6.194839534863128327e+06
1.401972422513201977e+00 -5.948920044544981793e+06
1.398302337637512993e+00 -5.724393864670686424e+06
1.394632252761824009e+00 -5.489648454880349338e+06
1.390962167886135026e+00 -5.275279452943833545e+06
1.387292083010446042e+00 -5.051983412433720194e+06
1.383621998134757058e+00 -4.848007036423389800e+06
1.379951913259068075e+00 -4.636285797353717498e+06
1.376281828383379091e+00 -4.442802000546064228e+06
1.372611743507690107e+00 -4.242651376367011108e+06
1.368941658632000902e+00 -4.059643644935238641e+06
1.365271573756311918e+00 -3.870949283097992651e+06
1.361601488880622934e+00 -3.698302726083228365e+06
1.357931404004933951e+00 -3.520858409437105060e+06
1.354261319129244967e+00 -3.358376618469626643e+06
1.350591234253555983e+00 -3.191901164603368845e+06
1.346921149377867000e+00 -3.039321654822878074e+06
1.343251064502177794e+00 -2.883474262474203948e+06
1.339580979626488810e+00 -2.740482392063161824e+06
1.335910894750799827e+00 -2.594876365090333391e+06
1.332240809875110843e+00 -2.461117700786848553e+06
1.328570724999421859e+00 -2.325332545252410229e+06
1.324900640123732876e+00 -2.200423695357875898e+06
1.321230555248043892e+00 -2.074015634722121293e+06
1.317560470372354908e+00 -1.957553611426857766e+06
1.313890385496665925e+00 -1.840064600772452541e+06
1.310220300620976719e+00 -1.731634801917324774e+06
1.306550215745287735e+00 -1.622600146514940541e+06
1.302880130869598752e+00 -1.521783065144720022e+06
1.299210045993909768e+00 -1.420737763467452722e+06
1.295539961118220784e+00 -1.327114543639628217e+06
1.291869876242531801e+00 -1.233598482122590533e+06
1.288199791366842817e+00 -1.146755443178980146e+06
1.284529706491153611e+00 -1.060317571326928912e+06
1.280859621615464849e+00 -9.798498216915300582e+05
1.277189536739775644e+00 -9.000514330445069354e+05
1.273519451864086660e+00 -8.255656900483694626e+05
1.269849366988397676e+00 -7.519829283324292628e+05
1.266179282112708693e+00 -6.830996535218313802e+05
1.262509197237019709e+00 -6.153253550587045029e+05
1.258839112361330725e+00 -5.516803059502849355e+05
1.255169027485641742e+00 -4.893252799607916968e+05
1.251498942609952536e+00 -4.305705698740925291e+05
1.247828857734263552e+00 -3.732644082657323452e+05
1.244158772858574569e+00 -3.190691562716348562e+05
1.240488687982885585e+00 -2.664606544120512553e+05
1.236818603107196601e+00 -2.165112979504428513e+05
1.233148518231507618e+00 -1.682685581025927095e+05
1.229478433355818634e+00 -1.222688917471677705e+05
1.225808348480129428e+00 -7.807917151361904689e+04
1.222138263604440667e+00 -3.575016683202967397e+04
1.218468178728751461e+00 4.680473671548184939e+03
1.214798093853062699e+00 4.360102001719479449e+04
1.211128008977373494e+00 8.054822642535032355e+04
1.207457924101684510e+00 1.163061763028976711e+05
1.203787839225995526e+00 1.500279249721121159e+05
1.200117754350306543e+00 1.828533803968764842e+05
1.196447669474617559e+00 2.135906876500746584e+05
1.192777584598928575e+00 2.436986422822364839e+05
1.189107499723239592e+00 2.716763310431187274e+05
1.185437414847550386e+00 2.992673683426637435e+05
1.181767329971861402e+00 3.246948700917194365e+05
1.178097245096172418e+00 3.499558891392811784e+05
1.174427160220483435e+00 3.730280632969829603e+05
1.170757075344794451e+00 3.961330169477575109e+05
1.167086990469105467e+00 4.170309733460653224e+05
1.163416905593416484e+00 4.381416064852627460e+05
1.159746820717727278e+00 4.570335196257219068e+05
1.156076735842038294e+00 4.763000979384573875e+05
1.152406650966349311e+00 4.933420042719934718e+05
1.148736566090660327e+00 5.109040261217471561e+05
1.145066481214971343e+00 5.262405977185522206e+05
1.141396396339282360e+00 5.422274836005187826e+05
1.137726311463593376e+00 5.559927733561040368e+05
1.134056226587904170e+00 5.705245288864055183e+05
1.130386141712215409e+00 5.828426838452029042e+05
1.126716056836526203e+00 5.960305335194035433e+05
1.123045971960837219e+00 6.070164741004506359e+05
1.119375887085148236e+00 6.189634640392418951e+05
1.115705802209459252e+00 6.287235278840416577e+05
1.112035717333770268e+00 6.395250966234216467e+05
1.108365632458081285e+00 6.481576465649495367e+05
1.104695547582392301e+00 6.579021635793824680e+05
1.101025462706703095e+00 6.654981598337576725e+05
1.097355377831014334e+00 6.742674319999673171e+05
1.093685292955325128e+00 6.809109691193583421e+05
1.090015208079636366e+00 6.887807157113853609e+05
1.086345123203947161e+00 6.945495252286647446e+05
1.082675038328258177e+00 7.015898223232608289e+05
1.079004953452569193e+00 7.065557422467547003e+05
1.075334868576880210e+00 7.128314376573881600e+05
1.071664783701191226e+00 7.170608501855370123e+05
1.067994698825502020e+00 7.226319501628510188e+05
1.064324613949813259e+00 7.261861890872633085e+05
1.060654529074124053e+00 7.311082181467080954e+05
1.056984444198435069e+00 7.340439475046645384e+05
1.053314359322746085e+00 7.383682827937576221e+05
1.049644274447057102e+00 7.407378483687143307e+05
1.045974189571368118e+00 7.445120300014503300e+05
1.042304104695678912e+00 7.463637852590342518e+05
1.038634019819990151e+00 7.496318040538348723e+05
1.034963934944300945e+00 7.510104120974901598e+05
1.031293850068612183e+00 7.538129761266799178e+05
1.027623765192922978e+00 7.547596892039497616e+05
1.023953680317233994e+00 7.571344705495401286e+05
1.020283595441545010e+00 7.576873886492737802e+05
1.016613510565856027e+00 7.596692516553915339e+05
1.012943425690167043e+00 7.598635615441589616e+05
1.009273340814477837e+00 7.614847738714962034e+05
1.005603255938789076e+00 7.613529700148336124e+05
1.001933171063099870e+00 7.626433977101721102e+05
9.982630861874108863e-01 7.622154863554709591e+05
9.945930013117219026e-01 7.632027740601174301e+05
9.909229164360329190e-01 7.625064616820752854e+05
9.872528315603439353e-01 7.632161990859557409e+05
9.835827466846548406e-01 7.622770663771029795e+05
9.799126618089658569e-01 7.627329419342239853e+05
9.762425769332768732e-01 7.615746044169481611e+05
9.725724920575878896e-01 7.617985472728542518e+05
9.689024071818987949e-01 7.604428035361536313e+05
9.652323223062098112e-01 7.604551145654822467e+05
9.615622374305208275e-01 7.589220830826531164e+05
9.578921525548318439e-01 7.587415558661497198e+05
9.542220676791427492e-01 7.570498012640236411e+05
9.505519828034537655e-01 7.566938337826349307e+05
9.468818979277647818e-01 7.548604833813065197e+05
9.432118130520757981e-01 7.543451811401727609e+05
9.395417281763867035e-01 7.523860325220767409e+05
9.358716433006978308e-01 7.517263037841465557e+05
9.322015584250087361e-01 7.496559240947122453e+05
9.285314735493197524e-01 7.488655678211285267e+05
9.248613886736306577e-01 7.466973854399749544e+05
9.211913037979417851e-01 7.457891725271590985e+05
9.175212189222526904e-01 7.435355617245911853e+05
9.138511340465637067e-01 7.425213100589624373e+05
9.101810491708746120e-01 7.401936691804046277e+05
9.065109642951857394e-01 7.390843129905245733e+05
9.028408794194966447e-01 7.366931366817422677e+05
8.991707945438076610e-01 7.354987906421642983e+05
8.955007096681185663e-01 7.330537365811062045e+05
8.918306247924296937e-01 7.317837550811613910e+05
8.881605399167405990e-01 7.292937056566302199e+05
8.844904550410516153e-01 7.279567376167958137e+05
8.808203701653625206e-01 7.254298569523680490e+05
8.771502852896736480e-01 7.240338965348943602e+05
8.734802004139845533e-01 7.214776832179662306e+05
8.698101155382955696e-01 7.200301167548759840e+05
8.661400306626065859e-01 7.174514526142254472e+05
8.624699457869176022e-01 7.159591020436086692e+05
8.587998609112286186e-01 7.133642972770461347e+05
8.551297760355395239e-01 7.118334603812203277e+05
8.514596911598505402e-01 7.092282953386399895e+05
8.477896062841615565e-01 7.076647830058361869e+05
8.441195214084725729e-01 7.050545468646048103e+05
8.404494365327834782e-01 7.034637176245272858e+05
8.367793516570944945e-01 7.008532442141013453e+05
8.331092667814055108e-01 6.992400362570269499e+05
8.294391819057165272e-01 6.966337372535080649e+05
8.257690970300274325e-01 6.950026981179596623e+05
8.220990121543384488e-01 6.924045938040345209e+05
8.184289272786494651e-01 6.907599079246856272e+05
8.147588424029604814e-01 6.881736557128131390e+05
8.110887575272713867e-01 6.865191699809117708e+05
8.074186726515824031e-01 6.839480908616073430e+05
8.037485877758934194e-01 6.822873383625620045e+05
8.000785029002044357e-01 6.797344414441570407e+05
7.964084180245153410e-01 6.780706634963902179e+05
7.927383331488263574e-01 6.755386687751086429e+05
7.890682482731373737e-01 6.738748354116064729e+05
7.853981633974483900e-01 6.713661949110067217e+05
7.817280785217594063e-01 6.697050239165173844e+05
7.780579936460703117e-01 6.672219413215493551e+05
7.743879087703813280e-01 6.655659159269292140e+05
7.707178238946922333e-01 6.631103648124523461e+05
7.670477390190033606e-01 6.614617501555669587e+05
7.633776541433142659e-01 6.590354909292689990e+05
7.597075692676252823e-01 6.573963493713936768e+05
7.560374843919361876e-01 6.550009450215171091e+05
7.523673995162473149e-01 6.533731503995419480e+05
7.486973146405582202e-01 6.510099811290849466e+05
7.450272297648692366e-01 6.493952320267744362e+05
7.413571448891801419e-01 6.470655088664265350e+05
7.376870600134912692e-01 6.454653409719736082e+05
7.340169751378021745e-01 6.431701184390166309e+05
7.303468902621131909e-01 6.415859160595530411e+05
7.266768053864240962e-01 6.393261039367249468e+05
7.230067205107352235e-01 6.377591107267804909e+05
7.193366356350461288e-01 6.355354850206584670e+05
7.156665507593571451e-01 6.339868139823557576e+05
7.119964658836680504e-01 6.318000271236407571e+05
7.083263810079791778e-01 6.302706699281259207e+05
7.046562961322900831e-01 6.281212602640369441e+05
7.009862112566010994e-01 6.266120959490279201e+05
6.973161263809120047e-01 6.245004965850207955e+05
6.936460415052231321e-01 6.230122996642591897e+05
6.899759566295340374e-01 6.209388466927340487e+05
6.863058717538450537e-01 6.194722947235872271e+05
6.826357868781559590e-01 6.174372348881510552e+05
6.789657020024670864e-01 6.159929155327093322e+05
6.752956171267779917e-01 6.139964133702457184e+05
6.716255322510890080e-01 6.125748309898218140e+05
6.679554473753999133e-01 6.106169754802566022e+05
6.642853624997110407e-01 6.092185572671850678e+05
6.606152776240219460e-01 6.072993680062976200e+05
6.569451927483329623e-01 6.059244697630283190e+05
6.532751078726438676e-01 6.040439027605719166e+05
6.496050229969549950e-01 6.026928142338353209e+05
6.459349381212659003e-01 6.008507672654235503e+05
6.422648532455769166e-01 5.995237171673225239e+05
6.385947683698878219e-01 5.977200347870358964e+05
6.349246834941989492e-01 5.964171954667065293e+05
6.312545986185098545e-01 5.946516736659031594e+05
6.275845137428208709e-01 5.933731654799293028e+05
6.239144288671319982e-01 5.916455560283516534e+05
6.202443439914429035e-01 5.903914514199418481e+05
6.165742591157538088e-01 5.887014659088207409e+05
6.129041742400648252e-01 5.874717932176974136e+05
6.092340893643759525e-01 5.858191068220580928e+05
6.055640044886868578e-01 5.846138538433597423e+05
6.018939196129977631e-01 5.829981088261756813e+05
5.982238347373087795e-01 5.818172261352235219e+05
5.945537498616199068e-01 5.802380351101409178e+05
5.908836649859308121e-01 5.790814391629908932e+05
5.872135801102417174e-01 5.775383881239052862e+05
5.835434952345527337e-01 5.764059641576535068e+05
5.798734103588638611e-01 5.748986153040232603e+05
5.762033254831747664e-01 5.737902200413736282e+05
5.725332406074856717e-01 5.723181144011287251e+05
5.688631557317966880e-01 5.712335785777529236e+05
5.651930708561077044e-01 5.697962384478764143e+05
5.615229859804187207e-01 5.687353691698103212e+05
5.578529011047297370e-01 5.673323003826232161e+05
5.541828162290405313e-01 5.662948833249164745e+05
5.505127313533517697e-01 5.649255773524350952e+05
5.468426464776627860e-01 5.639113788117773365e+05
5.431725616019735803e-01 5.625753147198599763e+05
5.395024767262845966e-01 5.615840835300605977e+05
5.358323918505956129e-01 5.602807297923304141e+05
5.321623069749066293e-01 5.593121991084775655e+05
5.284922220992176456e-01 5.580410152852800675e+05
5.248221372235284399e-01 5.570949042470873101e+05
5.211520523478396782e-01 5.558553425437761471e+05
5.174819674721506946e-01 5.549313578239270719e+05
5.138118825964614889e-01 5.537228645308957202e+05
5.101417977207725052e-01 5.528207017817529850e+05
5.064717128450835215e-01 5.516427186097361846e+05
5.028016279693945378e-01 5.507620638026797678e+05
4.991315430937055542e-01 5.496140291135335574e+05
4.954614582180163485e-01 5.487545597915736726e+05
4.917913733423275868e-01 5.476359097365575144e+05
4.881212884666386032e-01 5.467972961755538126e+05
4.844512035909493974e-01 5.457074657441460295e+05
4.807811187152604138e-01 5.448893720327393385e+05
4.771110338395714301e-01 5.438277960194441257e+05
4.734409489638824464e-01 5.430298810623823665e+05
4.697708640881934627e-01 5.419959949550663587e+05
4.661007792125042570e-01 5.412179134014385054e+05
4.624306943368154954e-01 5.402111541972022969e+05
4.587606094611265117e-01 5.394525573051254032e+05
4.550905245854373060e-01 5.384723642607731745e+05
4.514204397097483223e-01 5.377329006950475741e+05
4.477503548340593387e-01 5.367787160102183698e+05
4.440802699583703550e-01 5.360580325825072359e+05
4.404101850826813713e-01 5.351293020267524989e+05
4.367401002069921656e-01 5.344270443780091591e+05
4.330700153313034040e-01 5.335232178616279270e+05
4.293999304556144203e-01 5.328390310946030077e+05
4.257298455799252146e-01 5.319595631880532019e+05
4.220597607042362309e-01 5.312930924485869473e+05
4.183896758285472472e-01 5.304374428527764976e+05
4.147195909528582636e-01 5.297883338644145988e+05
4.110495060771692799e-01 5.289559678354961798e+05
4.073794212014800742e-01 5.283238673940219451e+05
4.037093363257913126e-01 5.275142561276607448e+05
4.000392514501023289e-01 5.268988125525648938e+05
3.963691665744131232e-01 5.261114335283969995e+05
3.926990816987243615e-01 5.255122970774878049e+05
3.890289968230351558e-01 5.247466343643093714e+05
3.853589119473461722e-01 5.241634576119533158e+05
3.816888270716571885e-01 5.234190021415561205e+05
3.780187421959682048e-01 5.228514403241582913e+05
3.743486573202792211e-01 5.221276901339565520e+05
3.706785724445902375e-01 5.215754014665182331e+05
3.670084875689010318e-01 5.208718619092753506e+05
3.633384026932122701e-01 5.203345078694230178e+05
3.596683178175230644e-01 5.196506917978344718e+05
3.559982329418340807e-01 5.191279373837233288e+05
3.523281480661450971e-01 5.184633653067410341e+05
3.486580631904561134e-01 5.179548792726564570e+05
3.449879783147671297e-01 5.173090794929247932e+05
3.413178934390781460e-01 5.168145345528256730e+05
3.376478085633889403e-01 5.161870432689625886e+05
3.339777236877001787e-01 5.157061163015756174e+05
3.303076388120109730e-01 5.150964777196322102e+05
3.266375539363219893e-01 5.146288498778401408e+05
3.229674690606330056e-01 5.140366162361770403e+05
3.192973841849440220e-01 5.135819732213777024e+05
3.156272993092550383e-01 5.130067049655274604e+05
3.119572144335660546e-01 5.125647369479325716e+05
3.082871295578768489e-01 5.120060025677499361e+05
3.046170446821880873e-01 5.115764045240547857e+05
3.009469598064991036e-01 5.110337807591945166e+05
2.972768749308098979e-01 5.106162524202678469e+05
2.936067900551209142e-01 5.100893241731262533e+05
2.899367051794319305e-01 5.096835701629311079e+05
2.862666203037429469e-01 5.091719305290071061e+05
2.825965354280539632e-01 5.087776604154252564e+05
2.789264505523647575e-01 5.082809106522543589e+05
2.752563656766759959e-01 5.078978390098770615e+05
2.715862808009870122e-01 5.074155885165313375e+05
2.679161959252978065e-01 5.070434349656758714e+05
2.642461110496088228e-01 5.065753012408333016e+05
2.605760261739198391e-01 5.062137904817516683e+05
2.569059412982308555e-01 5.057593990775061538e+05
2.532358564225418718e-01 5.054082609142868896e+05
2.495657715468526661e-01 5.049672453825470875e+05
2.458956866711639044e-01 5.046262147351766471e+05
2.422256017954749208e-01 5.041982165643201442e+05
2.385555169197857150e-01 5.038670334714732016e+05
2.348854320440967314e-01 5.034517020116283675e+05
2.312153471684077477e-01 5.031301116301000002e+05
2.275452622927187640e-01 5.027271040222896263e+05
2.238751774170297804e-01 5.024148566125907819e+05
2.202050925413405746e-01 5.020238377017556923e+05
2.165350076656518130e-01 5.017206886156389373e+05
2.128649227899628293e-01 5.013413308670936967e+05
2.091948379142736236e-01 5.010470405184231931e+05
2.055247530385846400e-01 5.006790239216364571e+05
2.018546681628956563e-01 5.003933577603197773e+05
1.981845832872066726e-01 5.000363697352657910e+05
1.945144984115176889e-01 4.997590982108595781e+05
1.908444135358284832e-01 4.994128335063838167e+05
1.871743286601397216e-01 4.991437320299324347e+05
1.835042437844507379e-01 4.988078926213955856e+05
1.798341589087615322e-01 4.985467415207428858e+05
1.761640740330725485e-01 4.982210365027228836e+05
1.724939891573835649e-01 4.979676209735580487e+05
1.688239042816945812e-01 4.976517664516009972e+05
1.651538194060055975e-01 4.974058765084307524e+05
1.614837345303166138e-01 4.970995954880889622e+05
1.578136496546276302e-01 4.968610259063214762e+05
1.541435647789386465e-01 4.965640481788735487e+05
1.504734799032494408e-01 4.963325984407020733e+05
1.468033950275606792e-01 4.960446604713587440e+05
1.431333101518714734e-01 4.958201347034391365e+05
1.394632252761824898e-01 4.955409795147028053e+05
1.357931404004935061e-01 4.953231864288760116e+05
1.321230555248045224e-01 4.950525634858179255e+05
1.284529706491155387e-01 4.948413163085410488e+05
1.247828857734265551e-01 4.945789813973022974e+05
1.211128008977373494e-01 4.943740978088329430e+05
1.174427160220485877e-01 4.941198129229880869e+05
1.137726311463593820e-01 4.939211149880383746e+05
1.101025462706703983e-01 4.936746482103230665e+05
1.064324613949814147e-01 4.934819623091376270e+05
1.027623765192924310e-01 4.932430876930554514e+05
9.909229164360344733e-02 4.930562444504473824e+05
9.542220676791446365e-02 4.928247419019274530e+05
9.175212189222525794e-02 4.926435761146150762e+05
8.808203701653649631e-02 4.924192312732069404e+05
8.441195214084729059e-02 4.922435818409817293e+05
8.074186726515830692e-02 4.920261859660225455e+05
7.707178238946932325e-02 4.918558958171746926e+05
7.340169751378033958e-02 4.916452456687630038e+05
6.973161263809135590e-02 4.914801616895765183e+05
6.606152776240237223e-02 4.912760594153716811e+05
6.239144288671316652e-02 4.911160323746966315e+05
5.872135801102440489e-02 4.909182853927899851e+05
5.505127313533519917e-02 4.907631698667911696e+05
5.138118825964621550e-02 4.905715907497015432e+05
4.771110338395723183e-02 4.904212450509184273e+05
4.404101850826824815e-02 4.902356514154860633e+05
4.037093363257926448e-02 4.900899375200425857e+05
3.670084875689028081e-02 4.899101519169140956e+05
3.303076388120107509e-02 4.897689353877555113e+05
2.936067900551231347e-02 4.895947851847875281e+05
2.569059412982310775e-02 4.894579351034649299e+05
2.202050925413412408e-02 4.892892523844591924e+05
1.835042437844514041e-02 4.891566412749690935e+05
1.468033950275615673e-02 4.889932627242383314e+05
1.101025462706717306e-02 4.888647664816092001e+05
7.340169751378189389e-03 4.887065332807340310e+05
3.670084875688983672e-03 4.885820311012107995e+05
2.220446049250313081e-16 4.884287888249814860e+05
-3.670084875688983672e-03 4.883081631262030569e+05
-7.340169751377745300e-03 4.881597616298280773e+05
-1.101025462706695102e-02 4.880428979999943404e+05
-1.468033950275593469e-02 4.878991913437113981e+05
-1.835042437844514041e-02 4.877859784168662736e+05
-2.202050925413390203e-02 4.876468246957058436e+05
-2.569059412982288571e-02 4.875371542253480293e+05
-2.936067900551209142e-02 4.874024156022022944e+05
-3.303076388120107509e-02 4.872961821566195576e+05
-3.670084875688983672e-02 4.871657245869709877e+05
-4.037093363257904244e-02 4.870628257260830724e+05
-4.404101850826802611e-02 4.869365190345713054e+05
-4.771110338395723183e-02 4.868368550757591147e+05
-5.138118825964599345e-02 4.867145727423274075e+05
-5.505127313533497713e-02 4.866180467742384644e+05
-5.872135801102418284e-02 4.864996658984911628e+05
-6.239144288671316652e-02 4.864061836917976616e+05
-6.606152776240192814e-02 4.862915848843951826e+05
-6.973161263809113386e-02 4.862010548300110968e+05
-7.340169751378011753e-02 4.860901221264385385e+05
-7.707178238946887916e-02 4.860024551744084456e+05
-8.074186726515808488e-02 4.858950759480775450e+05
-8.441195214084706855e-02 4.858101855449850555e+05
-8.808203701653627427e-02 4.857062504203498247e+05
-9.175212189222503589e-02 4.856240524492305703e+05
-9.542220676791401957e-02 4.855234552194917342e+05
-9.909229164360322528e-02 4.854438679376920918e+05
-1.027623765192922090e-01 4.853465054799374775e+05
-1.064324613949809706e-01 4.852694494620142505e+05
-1.101025462706701763e-01 4.851752216575221973e+05
-1.137726311463591600e-01 4.851006197375138872e+05
-1.174427160220483657e-01 4.850094293943469529e+05
-1.211128008977371273e-01 4.849372066082379315e+05
-1.247828857734261110e-01 4.848489593810991501e+05
-1.284529706491153167e-01 4.847790429111213307e+05
-1.321230555248043004e-01 4.846936472269663354e+05
-1.357931404004930620e-01 4.846259663465766935e+05
-1.394632252761822677e-01 4.845433333297016216e+05
-1.431333101518712514e-01 4.844778193509933189e+05
-1.468033950275604571e-01 4.843978627525314805e+05
-1.504734799032492187e-01 4.843344489730558707e+05
-1.541435647789382024e-01 4.842570850980417454e+05
-1.578136496546274081e-01 4.841957067494760267e+05
-1.614837345303163918e-01 4.841208543876754702e+05
-1.651538194060051534e-01 4.840614485840761336e+05
-1.688239042816943591e-01 4.839890289431424462e+05
-1.724939891573833428e-01 4.839315346332357149e+05
-1.761640740330725485e-01 4.838614712721930700e+05
-1.798341589087613102e-01 4.838058291904303478e+05
-1.835042437844502938e-01 4.837380479547423311e+05
-1.871743286601394995e-01 4.836842005730571109e+05
-1.908444135358284832e-01 4.836186295319630881e+05
-1.945144984115172448e-01 4.835665210145054152e+05
-1.981845832872064506e-01 4.835030903991359519e+05
-2.018546681628954342e-01 4.834526665568821481e+05
-2.055247530385846400e-01 4.833913087000536616e+05
-2.091948379142734016e-01 4.833425169447379885e+05
-2.128649227899623853e-01 4.832831662214323296e+05
-2.165350076656515910e-01 4.832359555242361384e+05
-2.202050925413405746e-01 4.831785482962308452e+05
-2.238751774170293363e-01 4.831328691442980198e+05
-2.275452622927185420e-01 4.830773437018861878e+05
-2.312153471684075257e-01 4.830331480579769122e+05
-2.348854320440967314e-01 4.829794445673291921e+05
-2.385555169197854930e-01 4.829366858276338317e+05
-2.422256017954744767e-01 4.828847462765476666e+05
-2.458956866711636824e-01 4.828433792322949157e+05
-2.495657715468526661e-01 4.827931473790300661e+05
-2.532358564225414277e-01 4.827531281780687859e+05
-2.569059412982306334e-01 4.827045494999166112e+05
-2.605760261739196171e-01 4.826658356076502241e+05
-2.642461110496088228e-01 4.826188572528320365e+05
-2.679161959252975844e-01 4.825814074180421885e+05
-2.715862808009865681e-01 4.825359781569231418e+05
-2.752563656766757738e-01 4.824997523741093464e+05
-2.789264505523647575e-01 4.824558225525052403e+05
-2.825965354280535191e-01 4.824207820249266224e+05
-2.862666203037427248e-01 4.823783035172489472e+05
-2.899367051794317085e-01 4.823444106267145253e+05
-2.936067900551209142e-01 4.823033367947650841e+05
-2.972768749308096758e-01 4.822705550667537609e+05
-3.009469598064986595e-01 4.822308407142345677e+05
-3.046170446821878652e-01 4.821991347839911468e+05
-3.082871295578768489e-01 4.821607361141234287e+05
-3.119572144335656105e-01 4.821300716967660119e+05
-3.156272993092548163e-01 4.820929462723585893e+05
-3.192973841849437999e-01 4.820632901316707721e+05
-3.229674690606325616e-01 4.820273968347826740e+05
-3.266375539363217673e-01 4.819987167517786147e+05
-3.303076388120107509e-01 4.819640157444599317e+05
-3.339777236876999567e-01 4.819362804913274013e+05
-3.376478085633889403e-01 4.819027331803899142e+05
-3.413178934390777020e-01 4.818759124879112351e+05
-3.449879783147669077e-01 4.818434814840469044e+05
-3.486580631904558913e-01 4.818175460164966062e+05
-3.523281480661446530e-01 4.817861951006902382e+05
-3.559982329418338587e-01 4.817611164273624890e+05
-3.596683178175228424e-01 4.817308105167974136e+05
-3.633384026932120481e-01 4.817065610863573384e+05
-3.670084875689010318e-01 4.816772661984807346e+05
-3.706785724445897934e-01 4.816538193171371822e+05
-3.743486573202789991e-01 4.816255025433488772e+05
-3.780187421959679828e-01 4.816028323317772010e+05
-3.816888270716567444e-01 4.815754617878489662e+05
-3.853589119473459501e-01 4.815535431903884746e+05
-3.890289968230349338e-01 4.815270880036093295e+05
-3.926990816987241395e-01 4.815058967335423804e+05
-3.963691665744131232e-01 4.814803270178138628e+05
-4.000392514501018848e-01 4.814598395469637471e+05
-4.037093363257910905e-01 4.814351263504722156e+05
-4.073794212014800742e-01 4.814153198864230071e+05
-4.110495060771688358e-01 4.813914351736467797e+05
-4.147195909528580415e-01 4.813722876387867145e+05
-4.183896758285470252e-01 4.813492042672909447e+05
-4.220597607042362309e-01 4.813306942742248066e+05
-4.257298455799252146e-01 4.813083859628955834e+05
-4.293999304556139762e-01 4.812904927967616823e+05
-4.330700153313031819e-01 4.812689341012622463e+05
-4.367401002069919436e-01 4.812516376967561664e+05
-4.404101850826811493e-01 4.812308039828124456e+05
-4.440802699583703550e-01 4.812140849092374556e+05
-4.477503548340591166e-01 4.811939523298536660e+05
-4.514204397097483223e-01 4.811777917672970216e+05
-4.550905245854370840e-01 4.811583372361323563e+05
-4.587606094611262897e-01 4.811427169587585959e+05
-4.624306943368154954e-01 4.811239181279596523e+05
-4.661007792125042570e-01 4.811088204871998751e+05
-4.697708640881930187e-01 4.810906557255426305e+05
-4.734409489638822244e-01 4.810760636305978987e+05
-4.771110338395709860e-01 4.810585119992327527e+05
-4.807811187152601917e-01 4.810444089019262465e+05
-4.844512035909493974e-01 4.810274501348230406e+05
-4.881212884666381591e-01 4.810138200137324166e+05
-4.917913733423273648e-01 4.809974344984084601e+05
-4.954614582180161264e-01 4.809842618414564640e+05
-4.991315430937053321e-01 4.809684305951411952e+05
-5.028016279693945378e-01 4.809557003827422159e+05
-5.064717128450832995e-01 4.809404050350165926e+05
-5.101417977207725052e-01 4.809281027276394889e+05
-5.138118825964612668e-01 4.809133255014240858e+05
-5.174819674721504725e-01 4.809014370239612763e+05
-5.211520523478396782e-01 4.808871607155575766e+05
-5.248221372235284399e-01 4.808756724435183569e+05
-5.284922220992172015e-01 4.808618804070351180e+05
-5.321623069749064072e-01 4.808507791502674809e+05
-5.358323918505951688e-01 4.808374552778564394e+05
-5.395024767262843746e-01 4.808267282703075907e+05
-5.431725616019735803e-01 4.808138569761794643e+05
-5.468426464776623419e-01 4.808034918617636431e+05
-5.505127313533515476e-01 4.807910580676447717e+05
-5.541828162290403093e-01 4.807810428860199172e+05
-5.578529011047295150e-01 4.807690320018440834e+05
-5.615229859804187207e-01 4.807593551804250455e+05
-5.651930708561074823e-01 4.807477530937711708e+05
-5.688631557317962439e-01 4.807384034309966955e+05
-5.725332406074854497e-01 4.807271964863450266e+05
-5.762033254831742113e-01 4.807181631406486849e+05
-5.798734103588638611e-01 4.807073381279382738e+05
-5.835434952345526227e-01 4.806986106092327391e+05
-5.872135801102413843e-01 4.806881547504117480e+05
-5.908836649859305901e-01 4.806797229086653097e+05
-5.945537498616193517e-01 4.806696238437559223e+05
-5.982238347373085574e-01 4.806614778560468694e+05
-6.018939196129977631e-01 4.806517236287369160e+05
-6.055640044886865248e-01 4.806438539909193059e+05
-6.092340893643757305e-01 4.806344330368498340e+05
-6.129041742400644921e-01 4.806268305522116134e+05
-6.165742591157536978e-01 4.806177316845288151e+05
-6.202443439914429035e-01 4.806103874579332769e+05
-6.239144288671316652e-01 4.806015998593657278e+05
-6.275845137428204268e-01 4.805945052825749153e+05
-6.312545986185096325e-01 4.805860184895104030e+05
-6.349246834941983941e-01 4.805791652345629409e+05
-6.385947683698880439e-01 4.805709691283571301e+05
-6.422648532455768056e-01 4.805643491394233424e+05
-6.459349381212655672e-01 4.805564339336965932e+05
-6.496050229969547729e-01 4.805500394174021203e+05
-6.532751078726435345e-01 4.805423956492015277e+05
-6.569451927483327403e-01 4.805362190657324390e+05
-6.606152776240219460e-01 4.805288375825373223e+05
-6.642853624997107076e-01 4.805228716418780386e+05
-6.679554473753999133e-01 4.805157435958154965e+05
-6.716255322510886749e-01 4.805099812430191087e+05
-6.752956171267778807e-01 4.805030980760287493e+05
-6.789657020024670864e-01 4.804975324883618159e+05
-6.826357868781558480e-01 4.804908859268553788e+05
-6.863058717538446096e-01 4.804855105059373891e+05
-6.899759566295338153e-01 4.804790925506177591e+05
-6.936460415052225770e-01 4.804739009146535536e+05
-6.973161263809122268e-01 4.804677038307866897e+05
-7.009862112566009884e-01 4.804626898064274574e+05
-7.046562961322897500e-01 4.804567061147193890e+05
-7.083263810079789558e-01 4.804518637328577461e+05
-7.119964658836677174e-01 4.804460862034990569e+05
-7.156665507593569231e-01 4.804414096910809167e+05
-7.193366356350461288e-01 4.804358313342025504e+05
-7.230067205107348904e-01 4.804313151082493132e+05
-7.266768053864240962e-01 4.804259291714315768e+05
-7.303468902621128578e-01 4.804215678249986377e+05
-7.340169751378020635e-01 4.804163677555188769e+05
-7.376870600134912692e-01 4.804121561018899083e+05
-7.413571448891800308e-01 4.804071356208375655e+05
-7.450272297648687925e-01 4.804030685738025932e+05
-7.486973146405579982e-01 4.803982215503216721e+05
-7.523673995162467598e-01 4.803942942468779511e+05
-7.560374843919364096e-01 4.803896147891994915e+05
-7.597075692676251712e-01 4.803858225068390602e+05
-7.633776541433139329e-01 4.803813049098883057e+05
-7.670477390190031386e-01 4.803776430872468627e+05
-7.707178238946919002e-01 4.803732818389682798e+05
-7.743879087703811059e-01 4.803697460646998370e+05
-7.780579936460703117e-01 4.803655358375811484e+05
-7.817280785217590733e-01 4.803621218478995143e+05
-7.853981633974478349e-01 4.803580574925769470e+05
-7.890682482731370406e-01 4.803547611643418204e+05
-7.927383331488262463e-01 4.803508377035951125e+05
-7.964084180245154521e-01 4.803476550514257397e+05
-8.000785029002042137e-01 4.803438676758473739e+05
-8.037485877758929753e-01 4.803407948467136594e+05
-8.074186726515821810e-01 4.803371389070800506e+05
-8.110887575272709427e-01 4.803341721777277999e+05
-8.147588424029601484e-01 4.803306431833269307e+05
-8.184289272786493541e-01 4.803277789526875131e+05
-8.220990121543381157e-01 4.803243725619070465e+05
-8.257690970300273214e-01 4.803216073509430280e+05
-8.294391819057160831e-01 4.803183193691850174e+05
-8.331092667814052888e-01 4.803156498140837066e+05
-8.367793516570944945e-01 4.803124761878067511e+05
-8.404494365327832561e-01 4.803098990381909534e+05
-8.441195214084720178e-01 4.803068358510923572e+05
-8.477896062841612235e-01 4.803043479638670105e+05
-8.514596911598504292e-01 4.803013914303957717e+05
-8.551297760355396349e-01 4.802989897702111630e+05
-8.587998609112283965e-01 4.802961362352562137e+05
-8.624699457869171582e-01 4.802938178670617053e+05
-8.661400306626063639e-01 4.802910637968055089e+05
-8.698101155382951255e-01 4.802888258855981403e+05
-8.734802004139843312e-01 4.802861678673277493e+05
-8.771502852896735369e-01 4.802840076706390828e+05
-8.808203701653622986e-01 4.802814424051916576e+05
-8.844904550410515043e-01 4.802793572745170677e+05
-8.881605399167402659e-01 4.802768815762730082e+05
-8.918306247924294716e-01 4.802748689532625722e+05
-8.955007096681186773e-01 4.802724797453724314e+05
-8.991707945438074390e-01 4.802705371563431108e+05
-9.028408794194962006e-01 4.802682314646570012e+05
-9.065109642951854063e-01 4.802663565209544031e+05
-9.101810491708746120e-01 4.802641314737354405e+05
-9.138511340465638177e-01 4.802623218649896444e+05
-9.175212189222525794e-01 4.802601746860423591e+05
-9.211913037979413410e-01 4.802584281821282348e+05
-9.248613886736305467e-01 4.802563561916466570e+05
-9.285314735493193083e-01 4.802546706374110654e+05
-9.322015584250085141e-01 4.802526712470510975e+05
-9.358716433006977198e-01 4.802510445614650962e+05
-9.395417281763864814e-01 4.802491152711677132e+05
-9.432118130520756871e-01 4.802475454420893220e+05
-9.468818979277644488e-01 4.802456838370935293e+05
-9.505519828034536545e-01 4.802441689213503851e+05
-9.542220676791428602e-01 4.802423726690699114e+05
-9.578921525548316218e-01 4.802409107895693160e+05
-9.615622374305203834e-01 4.802391776373822941e+05
-9.652323223062095892e-01 4.802377669801824959e+05
-9.689024071818983508e-01 4.802360947510524420e+05
-9.725724920575880006e-01 4.802347335649004672e+05
-9.762425769332767622e-01 4.802331201579429326e+05
-9.799126618089655238e-01 4.802318067518104799e+05
-9.835827466846547296e-01 4.802302501386405202e+05
-9.872528315603434912e-01 4.802289828780897078e+05
-9.909229164360326969e-01 4.802274810992924613e+05
-9.945930013117219026e-01 4.802262584068513243e+05
-9.982630861874106643e-01 4.802248095712761860e+05
-1.001933171063099870e+00 4.802236299224189715e+05
-1.005603255938788632e+00 4.802222322022082517e+05
-1.009273340814477837e+00 4.802210941242406843e+05
-1.012943425690167043e+00 4.802197457542197080e+05
-1.016613510565855805e+00 4.802186478256843984e+05
-1.020283595441544566e+00 4.802173471027492778e+05
-1.023953680317233772e+00 4.802162879519841517e+05
-1.027623765192922534e+00 4.802150332336786669e+05
-1.031293850068611739e+00 4.802140115360310301e+05
-1.034963934944300945e+00 4.802128012342911679e+05
-1.038634019819989707e+00 4.802118157103875419e+05
-1.042304104695678912e+00 4.802106482926344615e+05
-1.045974189571367674e+00 4.802096977072044974e+05
-1.049644274447056880e+00 4.802085716945745517e+05
-1.053314359322746085e+00 4.802076548539014184e+05
-1.056984444198434847e+00 4.802065688164676540e+05
-1.060654529074123609e+00 4.802056845802223543e+05
-1.064324613949812814e+00 4.802046371551171178e+05
-1.067994698825502020e+00 4.802037843884393806e+05
-1.071664783701191226e+00 4.802027742111284751e+05
-1.075334868576879988e+00 4.802019519690842717e+05
-1.079004953452568749e+00 4.802009779662031215e+05
-1.082675038328257955e+00 4.802001847081563319e+05
-1.086345123203946716e+00 4.801992448419815046e+05
-1.090015208079635922e+00 4.801984805668590125e+05
-1.093685292955325128e+00 4.801975747240326600e+05
-1.097355377831013890e+00 4.801968374648020836e+05
-1.101025462706703095e+00 4.801959638755714986e+05
-1.104695547582391857e+00 4.801952531968519324e+05
-1.108365632458081063e+00 4.801944109916684683e+05
-1.112035717333770268e+00 4.801937258485108032e+05
-1.115705802209459030e+00 4.801929138174522668e+05
-1.119375887085147792e+00 4.801922533972535166e+05
-1.123045971960836997e+00 4.801914705388981383e+05
-1.126716056836526203e+00 4.801908339941611630e+05
-1.130386141712215409e+00 4.801900792995795491e+05
-1.134056226587904170e+00 4.801894658271868248e+05
-1.137726311463592932e+00 4.801887383333849721e+05
-1.141396396339282138e+00 4.801881471546348184e+05
-1.145066481214970899e+00 4.801874459299967857e+05
-1.148736566090660105e+00 4.801868762956077699e+05
-1.152406650966349311e+00 4.801862004430872039e+05
-1.156076735842038072e+00 4.801856516296524787e+05
-1.159746820717727278e+00 4.801850002833991311e+05
-1.163416905593416040e+00 4.801844715939456364e+05
-1.167086990469105245e+00 4.801838439188621123e+05
-1.170757075344794451e+00 4.801833346811825177e+05
-1.174427160220483213e+00 4.801827298726273002e+05
-1.178097245096171974e+00 4.801822394386355882e+05
-1.181767329971861180e+00 4.801816567199897254e+05
-1.185437414847550386e+00 4.801811844656624598e+05
-1.189107499723239592e+00 4.801806230882598320e+05
-1.192777584598928353e+00 4.801801684094198281e+05
-1.196447669474617115e+00 4.801796276504606940e+05
-1.200117754350306321e+00 4.801791899678554619e+05
-1.203787839225995082e+00 4.801786691326024593e+05
-1.207457924101684288e+00 4.801782478890729835e+05
-1.211128008977373494e+00 4.801777463088696240e+05
-1.214798093853062255e+00 4.801773409656304284e+05
-1.218468178728751461e+00 4.801768579939657939e+05
-1.222138263604440223e+00 4.801764680322177592e+05
-1.225808348480129428e+00 4.801760030462191789e+05
-1.229478433355818634e+00 4.801756279669218929e+05
-1.233148518231507396e+00 4.801751803676931304e+05
-1.236818603107196157e+00 4.801748196899646427e+05
-1.240488687982885363e+00 4.801743888994152076e+05
-1.244158772858574569e+00 4.801740421614676015e+05
-1.247828857734263330e+00 4.801736276238216087e+05
-1.251498942609952536e+00 4.801732943811437581e+05
-1.255169027485641298e+00 4.801728955616635503e+05
-1.258839112361330503e+00 4.801725753865673905e+05
-1.262509197237019265e+00 4.801721917700220365e+05
-1.266179282112708471e+00 4.801718842514036805e+05
-1.269849366988397676e+00 4.801715153421301511e+05
-1.273519451864086438e+00 4.801712200854169787e+05
-1.277189536739775200e+00 4.801708654068672913e+05
-1.280859621615464405e+00 4.801705820310971467e+05
-1.284529706491153611e+00 4.801702411233312450e+05
-1.288199791366842817e+00 4.801699692640609574e+05
-1.291869876242531578e+00 4.801696416859884630e+05
-1.295539961118220340e+00 4.801693809925552341e+05
-1.299210045993909546e+00 4.801690663199515548e+05
-1.302880130869598752e+00 4.801688164565689513e+05
-1.306550215745287513e+00 4.801685142820157926e+05
-1.310220300620976719e+00 4.801682749271504581e+05
-1.313890385496665481e+00 4.801679848594896030e+05
-1.317560470372354686e+00 4.801677557025484857e+05
-1.321230555248043448e+00 4.801674773639710038e+05
-1.324900640123732654e+00 4.801672581093607587e+05
-1.328570724999421859e+00 4.801669911396761891e+05
-1.332240809875110621e+00 4.801667815037192777e+05
-1.335910894750799383e+00 4.801665255558222416e+05
-1.339580979626488588e+00 4.801663252673904062e+05
-1.343251064502177794e+00 4.801660800093823345e+05
-1.346921149377867000e+00 4.801658888085865183e+05
-1.350591234253555761e+00 4.801656539211067138e+05
-1.354261319129244523e+00 4.801654715600120253e+05
-1.357931404004933729e+00 4.801652467377173598e+05
-1.361601488880622490e+00 4.801650729798184475e+05
-1.365271573756311696e+00 4.801648579304837040e+05
-1.368941658632000902e+00 4.801646925492497976e+05
-1.372611743507689663e+00 4.801644869864408392e+05
-1.376281828383378869e+00 4.801643297853836557e+05
-1.379951913259067631e+00 4.801641334568202728e+05
-1.383621998134756836e+00 4.801639841833487735e+05
-1.387292083010446042e+00 4.801637968172495021e+05
-1.390962167886134804e+00 4.801636553142500343e+05
-1.394632252761823565e+00 4.801634766741066705e+05
-1.398302337637512771e+00 4.801633427517315722e+05
-1.401972422513201977e+00 4.801631726024786476e+05
-1.405642507388891183e+00 4.801630460867717629e+05
-1.409312592264579944e+00 4.801628842072678381e+05
-1.412982677140268706e+00 4.801627649258305319e+05
-1.416652762015957912e+00 4.801626111074201763e+05
-1.420322846891646673e+00 4.801624989078356302e+05
-1.423992931767335879e+00 4.801623529437232064e+05
-1.427663016643025085e+00 4.801622476799578872e+05
-1.431333101518713846e+00 4.801621093863688293e+05
-1.435003186394403052e+00 4.801620109190363437e+05
-1.438673271270091814e+00 4.801618801124556921e+05
-1.442343356145781019e+00 4.801617883138813777e+05
-1.446013441021470225e+00 4.801616648223095690e+05
-1.449683525897158987e+00 4.801615795739297173e+05
-1.453353610772847748e+00 4.801614632391327759e+05
-1.457023695648536954e+00 4.801613844313066220e+05
-1.460693780524226160e+00 4.801612751033993554e+05
-1.464363865399915365e+00 4.801612026319860597e+05
-1.468033950275604127e+00 4.801611001673846622e+05
-1.471704035151292889e+00 4.801610339407505235e+05
-1.475374120026982094e+00 4.801609382101245574e+05
-1.479044204902670856e+00 4.801608781450868701e+05
-1.482714289778360062e+00 4.801607890260873246e+05
-1.486384374654049267e+00 4.801607350456155255e+05
-1.490054459529738029e+00 4.801606524223533343e+05
-1.493724544405426791e+00 4.801606044622481568e+05
-1.497394629281115996e+00 4.801605282350255875e+05
-1.501064714156805202e+00 4.801604862362684216e+05
-1.504734799032494408e+00 4.801604163048945484e+05
-1.508404883908183169e+00 4.801603802224759711e+05
-1.512074968783871931e+00 4.801603164981193258e+05
-1.515745053659561137e+00 4.801602862882689224e+05
-1.519415138535250342e+00 4.801602286977639887e+05
-1.523085223410939104e+00 4.801602043316288618e+05
-1.526755308286628310e+00 4.801601527969299350e+05
-1.530425393162317071e+00 4.801601342551082489e+05
-1.534095478038006277e+00 4.801600887023534160e+05
-1.537765562913695039e+00 4.801600759788858122e+05
-1.541435647789384245e+00 4.801600363309734967e+05
-1.545105732665073450e+00 4.801600294527460355e+05
-1.548775817540762212e+00 4.801599956203414476e+05
-1.552445902416450974e+00 4.801599946095400956e+05
-1.556115987292140179e+00 4.801599662792264135e+05
-1.559786072167829385e+00 4.801599716550282901e+05
-1.563456157043518591e+00 4.801599484521279228e+05
-1.567126241919207352e+00 4.801599588392970618e+05
-1.570796326794896114e+00 4.801599468436776078e+05
