1.570796326794896558e+00 3.663853703230506085e+02
1.568353408712789498e+00 3.660310004955517229e+02
1.565910490630682217e+00 3.661706035963057957e+02
1.563467572548575157e+00 3.656321200177987976e+02
1.561024654466467876e+00 3.655877594010960365e+02
1.558581736384360816e+00 3.648535758013518944e+02
1.556138818302253757e+00 3.646114722958282641e+02
1.553695900220146475e+00 3.636865794710007549e+02
1.551252982138039416e+00 3.632519599905022005e+02
1.548810064055932134e+00 3.621379626687825635e+02
1.546367145973825075e+00 3.615125439754298213e+02
1.543924227891718015e+00 3.602129287482034670e+02
1.541481309809610734e+00 3.593999193979726101e+02
1.539038391727503674e+00 3.579186697649862481e+02
1.536595473645396392e+00 3.569217386910138430e+02
1.534152555563289333e+00 3.552635450972710487e+02
1.531709637481182273e+00 3.540870367633240789e+02
1.529266719399074992e+00 3.522571825232894867e+02
1.526823801316967932e+00 3.509060278605887220e+02
1.524380883234860651e+00 3.489103631911717684e+02
1.521937965152753591e+00 3.473900571402334094e+02
1.519495047070646532e+00 3.452349513868919075e+02
1.517052128988539250e+00 3.435515086793890305e+02
1.514609210906432191e+00 3.412438055618857788e+02
1.512166292824324909e+00 3.394037176110038558e+02
1.509723374742217850e+00 3.369506870222461998e+02
1.507280456660110790e+00 3.349608750800325652e+02
1.504837538578003509e+00 3.323701634183573219e+02
1.502394620495896449e+00 3.302379300129520061e+02
1.499951702413789167e+00 3.275175091024430571e+02
1.497508784331682108e+00 3.252504879917844960e+02
1.495065866249575048e+00 3.224086032127488579e+02
1.492622948167467767e+00 3.200147085139232104e+02
1.490180030085360707e+00 3.170598266405652339e+02
1.487737112003253426e+00 3.145472016591992883e+02
1.485294193921146366e+00 3.114879589283021346e+02
1.482851275839039307e+00 3.088649252177068547e+02
1.480408357756932025e+00 3.057100761167454834e+02
1.477965439674824966e+00 3.029850832558731781e+02
1.475522521592717684e+00 2.997434504991304038e+02
1.473079603510610625e+00 2.969250270476962328e+02
1.470636685428503565e+00 2.936054531648017019e+02
1.468193767346396283e+00 2.907021592143335624e+02
1.465750849264289224e+00 2.873134601358201508e+02
1.463307931182181942e+00 2.843338418306757376e+02
1.460865013100074883e+00 2.808847628110652863e+02
1.458422095017967823e+00 2.778373091658100407e+02
1.455979176935860542e+00 2.743364833364336732e+02
1.453536258853753482e+00 2.712295856344760523e+02
1.451093340771646201e+00 2.676854954207573769e+02
1.448650422689539141e+00 2.645274094162551251e+02
1.446207504607432082e+00 2.609483510329168894e+02
1.443764586525324800e+00 2.577471621590828477e+02
1.441321668443217741e+00 2.541412132947056080e+02
1.438878750361110459e+00 2.509048049853393252e+02
1.436435832279003399e+00 2.472797957871435131e+02
1.433992914196896340e+00 2.440158210092539548e+02
1.431549996114789058e+00 2.403793084597154177e+02
1.429107078032681999e+00 2.370951645425128618e+02
1.426664159950574717e+00 2.334544101432818763e+02
1.424221241868467658e+00 2.301572168270458292e+02
1.421778323786360598e+00 2.265191676579226794e+02
1.419335405704253317e+00 2.232157484055576333e+02
1.416892487622146257e+00 2.195870214279512140e+02
1.414449569540038976e+00 2.162838878875172952e+02
1.412006651457931916e+00 2.126707574231647015e+02
1.409563733375824857e+00 2.093740969633813620e+02
1.407120815293717575e+00 2.057824852208399022e+02
1.404677897211610516e+00 2.024981514072034940e+02
1.402234979129503234e+00 1.989336218986058782e+02
1.399792061047396174e+00 1.956671277690041961e+02
1.397349142965289115e+00 1.921348814607418944e+02
1.394906224883181833e+00 1.888913954375906599e+02
1.392463306801074774e+00 1.853962694496168524e+02
1.390020388718967492e+00 1.821806137110649217e+02
1.387577470636860433e+00 1.787270823710716741e+02
1.385134552554753373e+00 1.755437334933303362e+02
1.382691634472646092e+00 1.721359115469959704e+02
1.380248716390539032e+00 1.689890032258454653e+02
1.377805798308431751e+00 1.656306509985808191e+02
1.375362880226324691e+00 1.625239786514404443e+02
1.372919962144217632e+00 1.592185089551325632e+02
1.370477044062110350e+00 1.561555360051575576e+02
1.368034125980003290e+00 1.529060225879289874e+02
1.365591207897896009e+00 1.498898882358654987e+02
1.363148289815788949e+00 1.466990755732307150e+02
1.360705371733681890e+00 1.437326038640368608e+02
1.358262453651574608e+00 1.406029180996418688e+02
1.355819535569467549e+00 1.376886280964459672e+02
1.353376617487360267e+00 1.346221889437576635e+02
1.350933699405253208e+00 1.317623058347268454e+02
1.348490781323146148e+00 1.287609392659632022e+02
1.346047863241038867e+00 1.259574062304756126e+02
1.343604945158931807e+00 1.230226577844401987e+02
1.341162027076824526e+00 1.202771484641535267e+02
1.338719108994717466e+00 1.174102970180863252e+02
1.336276190912610184e+00 1.147242284403416619e+02
1.333833272830503125e+00 1.119263003020794542e+02
1.331390354748396065e+00 1.093008461212606193e+02
1.328947436666288784e+00 1.065726293101361364e+02
1.326504518584181724e+00 1.040087332401192413e+02
1.324061600502074443e+00 1.013507918378320909e+02
1.321618682419967383e+00 9.884918116228799079e+01
1.319175764337860324e+00 9.626186962517509471e+01
1.316732846255753042e+00 9.382306868298961433e+01
1.314289928173645983e+00 9.130654602073775550e+01
1.311847010091538923e+00 8.893088957599212563e+01
1.309404092009431642e+00 8.648513331245551683e+01
1.306961173927324582e+00 8.417277972815944054e+01
1.304518255845217301e+00 8.179759957148816341e+01
1.302075337763110241e+00 7.954854371797910062e+01
1.299632419681003181e+00 7.724359487765843824e+01
1.297189501598895900e+00 7.505768071597292135e+01
1.294746583516788840e+00 7.282247681333331002e+01
1.292303665434681559e+00 7.069940960369252991e+01
1.289860747352574499e+00 6.853333513332182747e+01
1.287417829270467440e+00 6.647269322582648954e+01
1.284974911188360158e+00 6.437501553263564347e+01
1.282531993106252877e+00 6.237626170941588555e+01
1.280089075024145817e+00 6.034614245395054866e+01
1.277646156942038758e+00 5.840863479342326059e+01
1.275203238859931476e+00 5.644514088687703435e+01
1.272760320777824417e+00 5.456814313515606329e+01
1.270317402695717135e+00 5.267025712838031382e+01
1.267874484613610075e+00 5.085294856048709278e+01
1.265431566531503016e+00 4.901957848227922199e+01
1.262988648449395956e+00 4.726106324900676015e+01
1.260545730367288675e+00 4.549105188862418458e+01
1.258102812285181615e+00 4.379036784392711468e+01
1.255659894203074334e+00 4.208250148176219341e+01
1.253216976120967274e+00 4.043862849447397423e+01
1.250774058038860215e+00 3.879164508536496925e+01
1.248331139956752933e+00 3.720351283830254374e+01
1.245888221874645874e+00 3.561610965786253757e+01
1.243445303792538592e+00 3.408260494426838960e+01
1.241002385710431533e+00 3.255344571001613474e+01
1.238559467628324473e+00 3.107341923807709350e+01
1.236116549546217191e+00 2.960114072002977892e+01
1.233673631464110132e+00 2.817341343841460244e+01
1.231230713382002850e+00 2.675663157594455299e+01
1.228787795299895791e+00 2.538000053659204269e+01
1.226344877217788731e+00 2.401731607863979434e+01
1.223901959135681450e+00 2.269055985234605188e+01
1.221459041053574168e+00 2.138056354267744652e+01
1.219016122971467109e+00 2.010244720742092994e+01
1.216573204889360049e+00 1.884372452863147984e+01
1.214130286807252768e+00 1.761300424243497176e+01
1.211687368725145708e+00 1.640413975375902922e+01
1.209244450643038427e+00 1.521956693722038878e+01
1.206801532560931367e+00 1.405914822057376057e+01
1.204358614478824308e+00 1.291947341345640865e+01
1.201915696396717026e+00 1.180609458909566278e+01
1.199472778314609966e+00 1.071007083669125670e+01
1.197029860232502685e+00 9.642335844586106930e+00
1.194586942150395625e+00 8.588721893271355157e+00
1.192144024068288566e+00 7.565247331941235664e+00
1.189701105986181506e+00 6.552810425630879898e+00
1.187258187904074225e+00 5.572228130847076244e+00
1.184815269821967165e+00 4.599746540641179493e+00
1.182372351739859884e+00 3.660705865153250915e+00
1.179929433657752824e+00 2.726971141851460168e+00
1.177486515575645543e+00 1.828140964108984967e+00
1.175043597493538483e+00 9.319599344568637589e-01
1.172600679411431424e+00 7.203041539674934213e-02
1.170157761329324142e+00 -7.877730603902289852e-01
1.167714843247217082e+00 -1.610088954701631714e+00
1.165271925165110023e+00 -2.434672445713154332e+00
1.162829007083002741e+00 -3.220637637372361084e+00
1.160386089000895460e+00 -4.011138811174578045e+00
1.157943170918788400e+00 -4.761991004113681925e+00
1.155500252836681341e+00 -5.519526485215685341e+00
1.153057334754574059e+00 -6.236477241523609827e+00
1.150614416672467000e+00 -6.962141643959174786e+00
1.148171498590359940e+00 -7.646375630411584190e+00
1.145728580508252659e+00 -8.341240752778592338e+00
1.143285662426145599e+00 -8.993915139499213396e+00
1.140842744344038540e+00 -9.659029305143359778e+00
1.138399826261931258e+00 -1.028127330886561630e+01
1.135956908179823976e+00 -1.091766084146912519e+01
1.133513990097716917e+00 -1.151057539485343817e+01
1.131071072015609857e+00 -1.211923621921162209e+01
1.128628153933502576e+00 -1.268389375523393880e+01
1.126185235851395516e+00 -1.326580310592913570e+01
1.123742317769288235e+00 -1.380324745171610523e+01
1.121299399687181175e+00 -1.435935568663747830e+01
1.118856481605074116e+00 -1.487060204790872575e+01
1.116413563522966834e+00 -1.540183455127153600e+01
1.113970645440859775e+00 -1.588786958500118907e+01
1.111527727358752715e+00 -1.639512675413195808e+01
1.109084809276645434e+00 -1.685690871613022424e+01
1.106641891194538374e+00 -1.734106602097057603e+01
1.104198973112431315e+00 -1.777952498233069889e+01
1.101756055030324033e+00 -1.824143309276549729e+01
1.099313136948216751e+00 -1.865747121531222774e+01
1.096870218866109692e+00 -1.909795618657252803e+01
1.094427300784002632e+00 -1.949244805211081655e+01
1.091984382701895351e+00 -1.991231156237943267e+01
1.089541464619788291e+00 -2.028610454856128342e+01
1.087098546537681232e+00 -2.068612418226259919e+01
1.084655628455573950e+00 -2.104003887845802723e+01
1.082212710373466891e+00 -2.142096845067559485e+01
1.079769792291359831e+00 -2.175579910829043939e+01
1.077326874209252550e+00 -2.211836902389139325e+01
1.074883956127145268e+00 -2.243488403738999182e+01
1.072441038045038209e+00 -2.277980168001755956e+01
1.069998119962931149e+00 -2.307874409272874416e+01
1.067555201880824089e+00 -2.340669423966361151e+01
1.065112283798716808e+00 -2.368878226987045821e+01
1.062669365716609526e+00 -2.400042752930588819e+01
1.060226447634502467e+00 -2.426635511388710142e+01
1.057783529552395407e+00 -2.456233637921520341e+01
1.055340611470288126e+00 -2.481277373073676884e+01
1.052897693388181066e+00 -2.509371065071471918e+01
1.050454775306073785e+00 -2.532930482440353970e+01
1.048011857223966725e+00 -2.559579628393574069e+01
1.045568939141859666e+00 -2.581717175310777534e+01
1.043126021059752606e+00 -2.606979636431923097e+01
1.040683102977645103e+00 -2.627755559882184855e+01
1.038240184895538043e+00 -2.651687219698111164e+01
1.035797266813430983e+00 -2.671159624653165210e+01
1.033354348731323924e+00 -2.693814439194287758e+01
1.030911430649216642e+00 -2.712039346792109384e+01
1.028468512567109583e+00 -2.733469394908757266e+01
1.026025594485002301e+00 -2.750500800611448327e+01
1.023582676402895242e+00 -2.770756334316284608e+01
1.021139758320788182e+00 -2.786646265731132033e+01
1.018696840238681123e+00 -2.805775760553551734e+01
1.016253922156573841e+00 -2.820574334814978812e+01
1.013811004074466560e+00 -2.838624539789265455e+01
1.011368085992359500e+00 -2.852380020352022783e+01
1.008925167910252441e+00 -2.869396007662954418e+01
1.006482249828145381e+00 -2.882154860474243918e+01
1.004039331746038100e+00 -2.898180074641107495e+01
1.001596413663930818e+00 -2.909987023367706627e+01
9.991534955818237584e-01 -2.925063329836075710e+01
9.967105774997166989e-01 -2.935961410480888034e+01
9.942676594176094174e-01 -2.950129143508189600e+01
9.918247413355023578e-01 -2.960159757727697993e+01
9.893818232533951873e-01 -2.973457767443992239e+01
9.869389051712880168e-01 -2.982660735661454154e+01
9.844959870891808462e-01 -2.995126434996024045e+01
9.820530690070737867e-01 -3.003540045366355571e+01
9.796101509249665051e-01 -3.015209452370515564e+01
9.771672328428594456e-01 -3.022870521275098454e+01
9.747243147607522751e-01 -3.033778321847757198e+01
9.722813966786452156e-01 -3.040722220585812963e+01
9.698384785965379340e-01 -3.050901767082765659e+01
9.673955605144308745e-01 -3.057162498414716723e+01
9.649526424323237039e-01 -3.066645905057078281e+01
9.625097243502165334e-01 -3.072256130614484704e+01
9.600668062681093629e-01 -3.081074288270637140e+01
9.576238881860023033e-01 -3.086065380094906629e+01
9.551809701038951328e-01 -3.094247998925165888e+01
9.527380520217879623e-01 -3.098650084668992477e+01
9.502951339396807917e-01 -3.106225736727569497e+01
9.478522158575736212e-01 -3.110067742414392100e+01
9.454092977754665617e-01 -3.117063899602045396e+01
9.429663796933593911e-01 -3.120373591905846311e+01
9.405234616112522206e-01 -3.126816663818013708e+01
9.380805435291450500e-01 -3.129620691077827388e+01
9.356376254470379905e-01 -3.135536061672696917e+01
9.331947073649307089e-01 -3.137859993768093858e+01
9.307517892828236494e-01 -3.143272056985934171e+01
9.283088712007164789e-01 -3.145140424063492901e+01
9.258659531186093083e-01 -3.150072618622591847e+01
9.234230350365021378e-01 -3.151508948425860268e+01
9.209801169543950783e-01 -3.155983791214104883e+01
9.185371988722877967e-01 -3.157010645746615296e+01
9.160942807901807372e-01 -3.161049764758124780e+01
9.136513627080735667e-01 -3.161688775279682417e+01
9.112084446259665071e-01 -3.165312941045641537e+01
9.087655265438592256e-01 -3.165584842383011832e+01
9.063226084617521661e-01 -3.168813998767652151e+01
9.038796903796449955e-01 -3.168738662359625735e+01
9.014367722975378250e-01 -3.171591956368427390e+01
8.989938542154306544e-01 -3.171188422193851508e+01
8.965509361333235949e-01 -3.173684232669198479e+01
8.941080180512164244e-01 -3.172970740302812231e+01
8.916650999691092538e-01 -3.175126705979822717e+01
8.892221818870020833e-01 -3.174120724455930898e+01
8.867792638048949128e-01 -3.175953770856970593e+01
8.843363457227878532e-01 -3.174672027661944895e+01
8.818934276406806827e-01 -3.176198393267019071e+01
8.794505095585735122e-01 -3.174656902407523873e+01
8.770075914764663416e-01 -3.175892163916750022e+01
8.745646733943592821e-01 -3.174106252852940813e+01
8.721217553122520005e-01 -3.175065349696503958e+01
8.696788372301449410e-01 -3.173049685474525461e+01
8.672359191480377705e-01 -3.173746943435931556e+01
8.647930010659305999e-01 -3.171515557814976560e+01
8.623500829838234294e-01 -3.171964711765127021e+01
8.599071649017163699e-01 -3.169531025845945393e+01
8.574642468196090883e-01 -3.169745241840716332e+01
8.550213287375020288e-01 -3.167122089176657340e+01
8.525784106553948583e-01 -3.167113985908272156e+01
8.501354925732877987e-01 -3.164313635487119925e+01
8.476925744911805172e-01 -3.164095304688570565e+01
8.452496564090734577e-01 -3.161129482590545337e+01
8.428067383269662871e-01 -3.160712508866319936e+01
8.403638202448591166e-01 -3.157592419684886309e+01
8.379209021627519460e-01 -3.156987899871090164e+01
8.354779840806448865e-01 -3.153724246606347137e+01
8.330350659985376049e-01 -3.152942808184541335e+01
8.305921479164305454e-01 -3.149545812212138785e+01
8.281492298343233749e-01 -3.148597631140618347e+01
8.257063117522162043e-01 -3.145077050970679622e+01
8.232633936701090338e-01 -3.143971868931966185e+01
8.208204755880019743e-01 -3.140337018482676967e+01
8.183775575058948037e-01 -3.139084159496744775e+01
8.159346394237876332e-01 -3.135343925628971107e+01
8.134917213416804627e-01 -3.133952312094319481e+01
8.110488032595732921e-01 -3.130115171554115250e+01
8.086058851774662326e-01 -3.128593339642424453e+01
8.061629670953590621e-01 -3.124667375371743461e+01
8.037200490132518915e-01 -3.123023490014791648e+01
8.012771309311447210e-01 -3.119016406809896935e+01
7.988342128490376615e-01 -3.117258275978296922e+01
7.963912947669303799e-01 -3.113177415684015870e+01
7.939483766848233204e-01 -3.111312504245330501e+01
7.915054586027161498e-01 -3.107164860272036577e+01
7.890625405206090903e-01 -3.105200303369225168e+01
7.866196224385018088e-01 -3.100992534733664385e+01
7.841767043563946382e-01 -3.098935150583518094e+01
7.817337862742874677e-01 -3.094673595412194800e+01
7.792908681921804082e-01 -3.092529897720920573e+01
7.768479501100732376e-01 -3.088220586253406097e+01
7.744050320279661781e-01 -3.085996796127227171e+01
7.719621139458590076e-01 -3.081645463228239734e+01
7.695191958637517260e-01 -3.079347520707157315e+01
7.670762777816446665e-01 -3.074959617873127371e+01
7.646333596995374959e-01 -3.072593192942740359e+01
7.621904416174303254e-01 -3.068173899969581342e+01
7.597475235353232659e-01 -3.065744403279909491e+01
7.573046054532160953e-01 -3.061298639322584592e+01
7.548616873711090358e-01 -3.058811232406262803e+01
7.524187692890017543e-01 -3.054343666781151256e+01
7.499758512068945837e-01 -3.051803271967476761e+01
7.475329331247875242e-01 -3.047318334447416888e+01
7.450900150426803537e-01 -3.044729644386177014e+01
7.426470969605731831e-01 -3.040231535287418652e+01
7.402041788784661236e-01 -3.037599022167928808e+01
7.377612607963588420e-01 -3.033091721157387255e+01
7.353183427142516715e-01 -3.030419645241336468e+01
7.328754246321446120e-01 -3.025906921951288098e+01
7.304325065500374414e-01 -3.023199340722727868e+01
7.279895884679303819e-01 -3.018684762188129511e+01
7.255466703858232114e-01 -3.015945537739296611e+01
7.231037523037159298e-01 -3.011432477615657177e+01
7.206608342216087593e-01 -3.008665285015094426e+01
7.182179161395016997e-01 -3.004156931584311607e+01
7.157749980573945292e-01 -3.001365266305054291e+01
7.133320799752874697e-01 -2.996864630342031433e+01
7.108891618931802991e-01 -2.994051815579297582e+01
7.084462438110730176e-01 -2.989561737885964021e+01
7.060033257289658470e-01 -2.986730931556266455e+01
7.035604076468587875e-01 -2.982254090234163968e+01
7.011174895647516170e-01 -2.979408291732546132e+01
6.986745714826445575e-01 -2.974947209175086371e+01
6.962316534005373869e-01 -2.972089265869087171e+01
6.937887353184303274e-01 -2.967646315448391192e+01
6.913458172363230458e-01 -2.964778928893430532e+01
6.889028991542158753e-01 -2.960356341429960025e+01
6.864599810721087048e-01 -2.957482073455650706e+01
6.840170629900016452e-01 -2.953081943372396267e+01
6.815741449078944747e-01 -2.950203221788994057e+01
6.791312268257874152e-01 -2.945827513136210385e+01
6.766883087436801336e-01 -2.942946637318631176e+01
6.742453906615729631e-01 -2.938597189436100265e+01
6.718024725794659036e-01 -2.935716335702304747e+01
6.693595544973587330e-01 -2.931394868740950344e+01
6.669166364152516735e-01 -2.928516095472574321e+01
6.644737183331445030e-01 -2.924224215651744530e+01
6.620308002510372214e-01 -2.921349468237212932e+01
6.595878821689300509e-01 -2.917088672944228023e+01
6.571449640868229913e-01 -2.914219788547866230e+01
6.547020460047158208e-01 -2.909991471213426806e+01
6.522591279226087613e-01 -2.907130183355592834e+01
6.498162098405015907e-01 -2.902935638124933249e+01
6.473732917583943092e-01 -2.900083581078429873e+01
6.449303736762871386e-01 -2.895924007292459379e+01
6.424874555941800791e-01 -2.893082720303686273e+01
6.400445375120729086e-01 -2.888959226836908201e+01
6.376016194299658491e-01 -2.886130158213856944e+01
6.351587013478586785e-01 -2.882043767585129146e+01
6.327157832657513969e-01 -2.879228278582482403e+01
6.302728651836443374e-01 -2.875179930973470022e+01
6.278299471015371669e-01 -2.872379299554326693e+01
6.253870290194299963e-01 -2.868369856616970992e+01
6.229441109373229368e-01 -2.865585281106171323e+01
6.205011928552157663e-01 -2.861615529625172272e+01
6.180582747731087068e-01 -2.858848132126027153e+01
6.156153566910014252e-01 -2.854918787514624867e+01
6.131724386088942547e-01 -2.852169617249749578e+01
6.107295205267871951e-01 -2.848281326985655681e+01
6.082866024446800246e-01 -2.845551363548796431e+01
6.058436843625728541e-01 -2.841704710372957976e+01
6.034007662804657945e-01 -2.838994866796072003e+01
6.009578481983585130e-01 -2.835190371830559641e+01
5.985149301162513424e-01 -2.832501497508673793e+01
5.960720120341442829e-01 -2.828739623256339542e+01
5.936290939520371124e-01 -2.826072506848599986e+01
5.911861758699300529e-01 -2.822353660036558409e+01
5.887432577878228823e-01 -2.819709032164287876e+01
5.863003397057156008e-01 -2.816033566486920847e+01
5.838574216236084302e-01 -2.813412102309373708e+01
5.814145035415013707e-01 -2.809780321078288168e+01
5.789715854593942002e-01 -2.807182642952318830e+01
5.765286673772871406e-01 -2.803594801607620823e+01
5.740857492951799701e-01 -2.801021481361697596e+01
5.716428312130726885e-01 -2.797477789932938208e+01
5.691999131309655180e-01 -2.794929351281744445e+01
5.667569950488584585e-01 -2.791429976677496327e+01
5.643140769667513990e-01 -2.788906897438269539e+01
5.618711588846441174e-01 -2.785451965663476415e+01
5.594282408025370579e-01 -2.782954679883505733e+01
5.569853227204299984e-01 -2.779544278181163008e+01
5.545424046383227168e-01 -2.777073178197776215e+01
5.520994865562156573e-01 -2.773707357114586003e+01
5.496565684741083757e-01 -2.771262795561100489e+01
5.472136503920013162e-01 -2.767941570859403910e+01
5.447707323098942567e-01 -2.765523862526733723e+01
5.423278142277869751e-01 -2.762247217119356080e+01
5.398848961456796935e-01 -2.759856640809015360e+01
5.374419780635726340e-01 -2.756624526536066000e+01
5.349990599814655745e-01 -2.754261326770306084e+01
5.325561418993585150e-01 -2.751073666104191773e+01
5.301132238172512334e-01 -2.748738054844119105e+01
5.276703057351441739e-01 -2.745594742560036039e+01
5.252273876530368923e-01 -2.743286900796938355e+01
5.227844695709298328e-01 -2.740187805526566933e+01
5.203415514888225513e-01 -2.737907884816946336e+01
5.178986334067154917e-01 -2.734852850577327033e+01
5.154557153246084322e-01 -2.732600974501728075e+01
5.130127972425013727e-01 -2.729589822223746509e+01
5.105698791603938691e-01 -2.727366087905354064e+01
5.081269610782868096e-01 -2.724398616588216626e+01
5.056840429961797501e-01 -2.722203095993488020e+01
5.032411249140726905e-01 -2.719279084327545348e+01
5.007982068319654090e-01 -2.717111825418588822e+01
4.983552887498583495e-01 -2.714231032753968620e+01
4.959123706677512899e-01 -2.712092060998564946e+01
4.934694525856440084e-01 -2.709254228832969957e+01
4.910265345035367268e-01 -2.707143548302155622e+01
4.885836164214296673e-01 -2.704348401274534908e+01
4.861406983393226078e-01 -2.702265995764883044e+01
4.836977802572155483e-01 -2.699513242799163493e+01
4.812548621751082667e-01 -2.697459076939902545e+01
4.788119440930009851e-01 -2.694748412303033902e+01
4.763690260108939256e-01 -2.692722432658178633e+01
4.739261079287868661e-01 -2.690053536967804249e+01
4.714831898466798066e-01 -2.688055672949134944e+01
4.690402717645725250e-01 -2.685428214173101225e+01
4.665973536824654655e-01 -2.683458379170447472e+01
4.641544356003581839e-01 -2.680872013482181160e+01
4.617115175182511244e-01 -2.678930105628327851e+01
4.592685994361438429e-01 -2.676384478365485364e+01
4.568256813540367833e-01 -2.674470381520223938e+01
4.543827632719297238e-01 -2.671965128010546664e+01
4.519398451898226643e-01 -2.670078712565232948e+01
4.494969271077151607e-01 -2.667613458844553520e+01
4.470540090256081012e-01 -2.665754582600228773e+01
4.446110909435010417e-01 -2.663328946289511379e+01
4.421681728613939821e-01 -2.661497455123934230e+01
4.397252547792867006e-01 -2.659111046106531262e+01
4.372823366971796410e-01 -2.657306774905097768e+01
4.348394186150725815e-01 -2.654959195975953534e+01
4.323965005329653000e-01 -2.653181969087486891e+01
4.299535824508580184e-01 -2.650872816769843610e+01
4.275106643687509589e-01 -2.649122448930868146e+01
4.250677462866438994e-01 -2.646851313927204430e+01
4.226248282045368398e-01 -2.645127610746907720e+01
4.201819101224295583e-01 -2.642894078642250832e+01
4.177389920403222767e-01 -2.641196837360550020e+01
4.152960739582152172e-01 -2.639000489165700714e+01
4.128531558761081577e-01 -2.637329499128993149e+01
4.104102377940008761e-01 -2.635169911850714186e+01
4.079673197118938166e-01 -2.633524955142958390e+01
4.055244016297867571e-01 -2.631401702278263954e+01
4.030814835476794755e-01 -2.629782554270131456e+01
4.006385654655724160e-01 -2.627695206283832263e+01
3.981956473834651344e-01 -2.626101636116391447e+01
3.957527293013580749e-01 -2.624049760960549804e+01
3.933098112192510154e-01 -2.622481532069331678e+01
3.908668931371437338e-01 -2.620464695570672120e+01
3.884239750550364523e-01 -2.618921566161813175e+01
3.859810569729293928e-01 -2.616939332475094204e+01
3.835381388908223332e-01 -2.615421055927565064e+01
3.810952208087152737e-01 -2.613472987956292570e+01
3.786523027266079922e-01 -2.611979313317545248e+01
3.762093846445009326e-01 -2.610064973041842507e+01
3.737664665623938731e-01 -2.608595645396915330e+01
3.713235484802865916e-01 -2.606714594266583518e+01
3.688806303981793100e-01 -2.605269355153070165e+01
3.664377123160722505e-01 -2.603421154414683869e+01
3.639947942339651910e-01 -2.601999742169407881e+01
3.615518761518581314e-01 -2.600183953211548271e+01
3.591089580697508499e-01 -2.598786103327632446e+01
3.566660399876435683e-01 -2.597002287977441526e+01
3.542231219055365088e-01 -2.595627733488135291e+01
3.517802038234294493e-01 -2.593875454259509894e+01
3.493372857413221677e-01 -2.592523925993910083e+01
3.468943676592151082e-01 -2.590802746412819246e+01
3.444514495771080487e-01 -2.589473973337354096e+01
3.420085314950007671e-01 -2.587783458197355912e+01
3.395656134128937076e-01 -2.586477167701334423e+01
3.371226953307864260e-01 -2.584816883249449049e+01
3.346797772486793665e-01 -2.583532801421466374e+01
3.322368591665723070e-01 -2.581902315650120627e+01
3.297939410844650254e-01 -2.580640167535051432e+01
3.273510230023577439e-01 -2.579039050364925956e+01
3.249081049202506843e-01 -2.577798560215181567e+01
3.224651868381436248e-01 -2.576226383699388478e+01
3.200222687560365653e-01 -2.575007275219536140e+01
3.175793506739292837e-01 -2.573463613715032494e+01
3.151364325918222242e-01 -2.572265610265421287e+01
3.126935145097151647e-01 -2.570750040670678160e+01
3.102505964276078831e-01 -2.569572865486621183e+01
3.078076783455006016e-01 -2.568084967336841373e+01
3.053647602633935421e-01 -2.566928343753795616e+01
3.029218421812864825e-01 -2.565467699417868630e+01
3.004789240991794230e-01 -2.564331351029198203e+01
2.980360060170721415e-01 -2.562897545833030577e+01
2.955930879349648599e-01 -2.561781196686060014e+01
2.931501698528578004e-01 -2.560373819063762113e+01
2.907072517707507409e-01 -2.559277193807973561e+01
2.882643336886434593e-01 -2.557895835432190168e+01
2.858214156065363998e-01 -2.556818659523669979e+01
2.833784975244293403e-01 -2.555462915391130707e+01
2.809355794423220587e-01 -2.554404915173765644e+01
2.784926613602149992e-01 -2.553074383808776560e+01
2.760497432781077176e-01 -2.552035286790572144e+01
2.736068251960006581e-01 -2.550729570092090270e+01
2.711639071138935986e-01 -2.549709104764511025e+01
2.687209890317863170e-01 -2.548427808611920398e+01
2.662780709496790355e-01 -2.547425705316443967e+01
2.638351528675719759e-01 -2.546168438646979837e+01
2.613922347854649164e-01 -2.545184428309417513e+01
2.589493167033578569e-01 -2.543950804720416770e+01
2.565063986212505753e-01 -2.542984620690310038e+01
2.540634805391435158e-01 -2.541774257097646483e+01
2.516205624570364563e-01 -2.540825633929281935e+01
2.491776443749291747e-01 -2.539638151350179385e+01
2.467347262928218932e-01 -2.538706825477622075e+01
2.442918082107148336e-01 -2.537541848907815734e+01
2.418488901286077741e-01 -2.536627558602326360e+01
2.394059720465007146e-01 -2.535484717084308670e+01
2.369630539643934330e-01 -2.534587202555107055e+01
2.345201358822861515e-01 -2.533466129227444696e+01
2.320772178001790920e-01 -2.532585132714070753e+01
2.296342997180720324e-01 -2.531485464846426581e+01
2.271913816359647509e-01 -2.530620730660972129e+01
2.247484635538576914e-01 -2.529542109701079511e+01
2.223055454717506318e-01 -2.528693384319477033e+01
2.198626273896433503e-01 -2.527635455914301232e+01
2.174197093075362908e-01 -2.526802488031736615e+01
2.149767912254290092e-01 -2.525764902034209669e+01
2.125338731433219497e-01 -2.524947442625710536e+01
2.100909550612148902e-01 -2.523929853182944427e+01
2.076480369791076086e-01 -2.523127655549235726e+01
2.052051188970003270e-01 -2.522129721019244997e+01
2.027622008148932675e-01 -2.521342540850939429e+01
2.003192827327862080e-01 -2.520363923915374826e+01
1.978763646506791485e-01 -2.519591519323901707e+01
1.954334465685718669e-01 -2.518631886935808240e+01
1.929905284864648074e-01 -2.517874018491792043e+01
1.905476104043577479e-01 -2.516933041902066748e+01
1.881046923222504663e-01 -2.516189472680088812e+01
1.856617742401431848e-01 -2.515266827436294150e+01
1.832188561580361252e-01 -2.514537323052726236e+01
1.807759380759290657e-01 -2.513632689006780296e+01
1.783330199938220062e-01 -2.512917017622207183e+01
1.758901019117147246e-01 -2.512030078924170695e+01
1.734471838296074431e-01 -2.511328011304929220e+01
1.710042657475003836e-01 -2.510458456377272185e+01
1.685613476653933240e-01 -2.509769765893206994e+01
1.661184295832860425e-01 -2.508917287457858691e+01
1.636755115011789830e-01 -2.508241750119814384e+01
1.612325934190719234e-01 -2.507406045157046748e+01
1.587896753369646419e-01 -2.506743439615402735e+01
1.563467572548573603e-01 -2.505924209375028866e+01
1.539038391727503008e-01 -2.505274316953953218e+01
1.514609210906432413e-01 -2.504471266904569404e+01
1.490180030085361818e-01 -2.503833871583271531e+01
1.465750849264289002e-01 -2.503046711437685090e+01
1.441321668443216186e-01 -2.502421599899204097e+01
1.416892487622145591e-01 -2.501650043555093106e+01
1.392463306801074996e-01 -2.501037005156004867e+01
1.368034125980002180e-01 -2.500280770688200960e+01
1.343604945158931585e-01 -2.499679597493187799e+01
1.319175764337860990e-01 -2.498938407140959939e+01
1.294746583516790395e-01 -2.498348893894793576e+01
1.270317402695717579e-01 -2.497622474040729301e+01
1.245888221874644763e-01 -2.497044418200382054e+01
1.221459041053574168e-01 -2.496332499301907148e+01
1.197029860232503573e-01 -2.495765701016635774e+01
1.172600679411432978e-01 -2.495068017639659175e+01
1.148171498590360162e-01 -2.494512279744249383e+01
1.123742317769287347e-01 -2.493828570457257854e+01
1.099313136948216751e-01 -2.493283698486062505e+01
1.074883956127146156e-01 -2.492613705907879762e+01
1.050454775306073341e-01 -2.492079508054704107e+01
1.026025594485002745e-01 -2.491422978773650954e+01
1.001596413663932150e-01 -2.490899265932012341e+01
9.771672328428593346e-02 -2.490255950469773083e+01
9.527380520217865190e-02 -2.489742536173610432e+01
9.283088712007159238e-02 -2.489112188998253572e+01
9.038796903796453286e-02 -2.488608889448030581e+01
8.794505095585747334e-02 -2.487991268875520134e+01
8.550213287375019178e-02 -2.487497902898887858e+01
8.305921479164291021e-02 -2.486892771116465539e+01
8.061629670953585070e-02 -2.486409160179775668e+01
7.817337862742879118e-02 -2.485816283150578343e+01
7.573046054532150961e-02 -2.485342251328991381e+01
7.328754246321445009e-02 -2.484761398818187317e+01
7.084462438110739058e-02 -2.484296772776719564e+01
6.840170629900033106e-02 -2.483727718263599016e+01
6.595878821689304949e-02 -2.483272327258381651e+01
6.351587013478576793e-02 -2.482714847909340961e+01
6.107295205267870841e-02 -2.482268523750368416e+01
5.863003397057164889e-02 -2.481722400385968541e+01
5.618711588846436733e-02 -2.481284977429665162e+01
5.374419780635730781e-02 -2.480749994487048582e+01
5.130127972425002625e-02 -2.480321309609349356e+01
4.885836164214296673e-02 -2.479797255103459364e+01
4.641544356003590721e-02 -2.479377147703168305e+01
4.397252547792862565e-02 -2.478863813127894034e+01
4.152960739582156613e-02 -2.478452125034387166e+01
3.908668931371450661e-02 -2.477949305474230712e+01
3.664377123160722505e-02 -2.477545881129599437e+01
3.420085314949994348e-02 -2.477053375060757290e+01
3.175793506739288397e-02 -2.476658061132602384e+01
2.931501698528582445e-02 -2.476175670457342903e+01
2.687209890317876493e-02 -2.475788316136804568e+01
2.442918082107148336e-02 -2.475315846118709473e+01
2.198626273896420180e-02 -2.474936303059384102e+01
1.954334465685714228e-02 -2.474473562256924453e+01
1.710042657475008276e-02 -2.474101684397972889e+01
1.465750849264280120e-02 -2.473648484694797745e+01
1.221459041053574168e-02 -2.473284128368528556e+01
9.771672328428682164e-03 -2.472840284863159965e+01
7.328754246321622645e-03 -2.472483308698671678e+01
4.885836164214341082e-03 -2.472048639708737028e+01
2.442918082107059519e-03 -2.471698904663946550e+01
0.000000000000000000e+00 -2.471273231653302460e+01
-2.442918082107281563e-03 -2.470930600939450628e+01
-4.885836164214341082e-03 -2.470513748495901751e+01
-7.328754246321622645e-03 -2.470178087599041561e+01
-9.771672328428460119e-03 -2.469769883378876330e+01
-1.221459041053574168e-02 -2.469441059994650089e+01
-1.465750849264280120e-02 -2.469041334676039057e+01
-1.710042657475008276e-02 -2.468719218697898654e+01
-1.954334465685736433e-02 -2.468327805974331213e+01
-2.198626273896420180e-02 -2.468012269486673205e+01
-2.442918082107148336e-02 -2.467629005982537294e+01
-2.687209890317854288e-02 -2.467319923217623767e+01
-2.931501698528582445e-02 -2.466944648472854595e+01
-3.175793506739310601e-02 -2.466641895774750992e+01
-3.420085314949994348e-02 -2.466274452185207267e+01
-3.664377123160722505e-02 -2.465977907997205421e+01
-3.908668931371428457e-02 -2.465618140780859235e+01
-4.152960739582156613e-02 -2.465327685630168375e+01
-4.397252547792862565e-02 -2.464975442811747186e+01
-4.641544356003590721e-02 -2.464690959257533365e+01
-4.885836164214318877e-02 -2.464346091586918064e+01
-5.130127972425002625e-02 -2.464067464230153703e+01
-5.374419780635730781e-02 -2.463729825155537867e+01
-5.618711588846436733e-02 -2.463456940561960806e+01
-5.863003397057164889e-02 -2.463126386214104357e+01
-6.107295205267848637e-02 -2.462859132943797036e+01
-6.351587013478576793e-02 -2.462535522058690063e+01
-6.595878821689304949e-02 -2.462273790591895661e+01
-6.840170629900010901e-02 -2.461956984496961098e+01
-7.084462438110739058e-02 -2.461700667234232398e+01
-7.328754246321422805e-02 -2.461390529791012582e+01
-7.573046054532150961e-02 -2.461139521027275379e+01
-7.817337862742901322e-02 -2.460835918609197037e+01
-8.061629670953585070e-02 -2.460590114506537773e+01
-8.305921479164313226e-02 -2.460292915961469262e+01
-8.550213287375019178e-02 -2.460052214510228197e+01
-8.794505095585747334e-02 -2.459761291103591674e+01
-9.038796903796431081e-02 -2.459525592115153714e+01
-9.283088712007159238e-02 -2.459240817501941478e+01
-9.527380520217887394e-02 -2.459010022549837160e+01
-9.771672328428593346e-02 -2.458731272731579764e+01
-1.001596413663932150e-01 -2.458505285161758280e+01
-1.026025594485000525e-01 -2.458232438462001213e+01
-1.050454775306073341e-01 -2.458011163367302032e+01
-1.074883956127146156e-01 -2.457744100378891261e+01
-1.099313136948216751e-01 -2.457527444556579610e+01
-1.123742317769289567e-01 -2.457266048120954238e+01
-1.148171498590357942e-01 -2.457053920025923333e+01
-1.172600679411432978e-01 -2.456798075189301755e+01
-1.197029860232501353e-01 -2.456590384957967643e+01
-1.221459041053574168e-01 -2.456339978928806644e+01
-1.245888221874646984e-01 -2.456136638345468626e+01
-1.270317402695717579e-01 -2.455891560482491442e+01
-1.294746583516790395e-01 -2.455692482909830332e+01
-1.319175764337858769e-01 -2.455452624644201265e+01
-1.343604945158931585e-01 -2.455257725062400809e+01
-1.368034125980002180e-01 -2.455022979895667845e+01
-1.392463306801074996e-01 -2.454832174827395619e+01
-1.416892487622147812e-01 -2.454602438287646393e+01
-1.441321668443216186e-01 -2.454415645786176015e+01
-1.465750849264289002e-01 -2.454190815405934600e+01
-1.490180030085359597e-01 -2.454007955024854226e+01
-1.514609210906432413e-01 -2.453787930300783771e+01
-1.539038391727505228e-01 -2.453608923114115470e+01
-1.563467572548573603e-01 -2.453393605463299920e+01
-1.587896753369648639e-01 -2.453218373993142976e+01
-1.612325934190717014e-01 -2.453007666732237624e+01
-1.636755115011789830e-01 -2.452836134939653334e+01
-1.661184295832860425e-01 -2.452629943237412036e+01
-1.685613476653933240e-01 -2.452462036512550014e+01
-1.710042657475006056e-01 -2.452260267368431101e+01
-1.734471838296074431e-01 -2.452095912494583629e+01
-1.758901019117147246e-01 -2.451898474720882604e+01
-1.783330199938217842e-01 -2.451737599881109375e+01
-1.807759380759290657e-01 -2.451544404072763328e+01
-1.832188561580359032e-01 -2.451386938773788415e+01
-1.856617742401431848e-01 -2.451197897188537667e+01
-1.881046923222504663e-01 -2.451043772203144400e+01
-1.905476104043575258e-01 -2.450858798927916027e+01
-1.929905284864648074e-01 -2.450707946497790246e+01
-1.954334465685716449e-01 -2.450526956916656118e+01
-1.978763646506791485e-01 -2.450379309956676011e+01
-2.003192827327864300e-01 -2.450202222456838896e+01
-2.027622008148932675e-01 -2.450057716813520869e+01
-2.052051188970005491e-01 -2.449884448938725612e+01
-2.076480369791076086e-01 -2.449743019434311364e+01
-2.100909550612148902e-01 -2.449573492605141212e+01
-2.125338731433217276e-01 -2.449435076966403457e+01
-2.149767912254290092e-01 -2.449269213052449956e+01
-2.174197093075362908e-01 -2.449133749456882114e+01
-2.198626273896433503e-01 -2.448971472156611640e+01
-2.223055454717506318e-01 -2.448838900192968282e+01
-2.247484635538574693e-01 -2.448680134650464524e+01
-2.271913816359647509e-01 -2.448550395007068303e+01
-2.296342997180720324e-01 -2.448395067876434794e+01
-2.320772178001790920e-01 -2.448268102403396540e+01
-2.345201358822863735e-01 -2.448116141754902486e+01
-2.369630539643932110e-01 -2.447991893428214993e+01
-2.394059720465007146e-01 -2.447843228794556580e+01
-2.418488901286075521e-01 -2.447721641666260339e+01
-2.442918082107148336e-01 -2.447576203969352804e+01
-2.467347262928221152e-01 -2.447457223216670741e+01
-2.491776443749291747e-01 -2.447314944709826179e+01
-2.516205624570364563e-01 -2.447198516580895600e+01
-2.540634805391432938e-01 -2.447059330937300459e+01
-2.565063986212505753e-01 -2.446945402616898946e+01
-2.589493167033576349e-01 -2.446809244840058639e+01
-2.613922347854649164e-01 -2.446697764672590125e+01
-2.638351528675721980e-01 -2.446564570998262056e+01
-2.662780709496790355e-01 -2.446455488290263602e+01
-2.687209890317863170e-01 -2.446325196273320657e+01
-2.711639071138933765e-01 -2.446218461310873238e+01
-2.736068251960006581e-01 -2.446091009747095768e+01
-2.760497432781079397e-01 -2.445986573769958028e+01
-2.784926613602149992e-01 -2.445861902730829485e+01
-2.809355794423222807e-01 -2.445759718000855898e+01
-2.833784975244291182e-01 -2.445637768658936295e+01
-2.858214156065363998e-01 -2.445537788350678454e+01
-2.882643336886434593e-01 -2.445418503168851032e+01
-2.907072517707507409e-01 -2.445320681353785375e+01
-2.931501698528580224e-01 -2.445204003924007097e+01
-2.955930879349648599e-01 -2.445108295604491389e+01
-2.980360060170721415e-01 -2.444994170625071916e+01
-3.004789240991792010e-01 -2.444900531689437528e+01
-3.029218421812864825e-01 -2.444788905023466086e+01
-3.053647602633937641e-01 -2.444697292211767703e+01
-3.078076783455006016e-01 -2.444588110843451645e+01
-3.102505964276078831e-01 -2.444498481790434141e+01
-3.126935145097149427e-01 -2.444391693697284396e+01
-3.151364325918222242e-01 -2.444304006871556467e+01
-3.175793506739292837e-01 -2.444199561151847178e+01
-3.200222687560365653e-01 -2.444113775842653880e+01
-3.224651868381438469e-01 -2.444011622624939051e+01
-3.249081049202506843e-01 -2.443927698927530656e+01
-3.273510230023579659e-01 -2.443827789336596723e+01
-3.297939410844650254e-01 -2.443745688143290096e+01
-3.322368591665723070e-01 -2.443647974325509864e+01
-3.346797772486791445e-01 -2.443567657317790776e+01
-3.371226953307864260e-01 -2.443472092391668582e+01
-3.395656134128937076e-01 -2.443393522020690511e+01
-3.420085314950007671e-01 -2.443300060061649503e+01
-3.444514495771080487e-01 -2.443223199529260015e+01
-3.468943676592148861e-01 -2.443131795546898033e+01
-3.493372857413221677e-01 -2.443056608796456786e+01
-3.517802038234296713e-01 -2.442967218705909360e+01
-3.542231219055365088e-01 -2.442893670425823061e+01
-3.566660399876437904e-01 -2.442806251103291260e+01
-3.591089580697508499e-01 -2.442734306644686626e+01
-3.615518761518581314e-01 -2.442648815823006458e+01
-3.639947942339649689e-01 -2.442578441262192257e+01
-3.664377123160722505e-01 -2.442494837581619649e+01
-3.688806303981795320e-01 -2.442425999695172223e+01
-3.713235484802865916e-01 -2.442344242587020986e+01
-3.737664665623938731e-01 -2.442276908829950699e+01
-3.762093846445007106e-01 -2.442196958589983424e+01
-3.786523027266079922e-01 -2.442131097051642286e+01
-3.810952208087150517e-01 -2.442052914806973973e+01
-3.835381388908223332e-01 -2.441988494235660312e+01
-3.859810569729296148e-01 -2.441912041916336307e+01
-3.884239750550364523e-01 -2.441849031667967296e+01
-3.908668931371437338e-01 -2.441774271984351685e+01
-3.933098112192507934e-01 -2.441712642089549945e+01
-3.957527293013580749e-01 -2.441639538537586773e+01
-3.981956473834653565e-01 -2.441579259622684006e+01
-4.006385654655724160e-01 -2.441507776432386478e+01
-4.030814835476796976e-01 -2.441448819713361473e+01
-4.055244016297865350e-01 -2.441378921894147069e+01
-4.079673197118938166e-01 -2.441321259172669045e+01
-4.104102377940008761e-01 -2.441252912462769586e+01
-4.128531558761081577e-01 -2.441196516129755878e+01
-4.152960739582154392e-01 -2.441129686956891476e+01
-4.177389920403222767e-01 -2.441074529965015216e+01
-4.201819101224295583e-01 -2.441009185542929671e+01
-4.226248282045366178e-01 -2.440955241484115845e+01
-4.250677462866438994e-01 -2.440891349449696435e+01
-4.275106643687511809e-01 -2.440838592250041117e+01
-4.299535824508580184e-01 -2.440776122858349240e+01
-4.323965005329655220e-01 -2.440724528837177942e+01
-4.348394186150725815e-01 -2.440663445644436536e+01
-4.372823366971796410e-01 -2.440612984812495867e+01
-4.397252547792867006e-01 -2.440553264599962802e+01
-4.421681728613937601e-01 -2.440503918203877376e+01
-4.446110909435012637e-01 -2.440445527691398908e+01
-4.470540090256083232e-01 -2.440397268935386066e+01
-4.494969271077153827e-01 -2.440340180057685870e+01
-4.519398451898224423e-01 -2.440292986410639031e+01
-4.543827632719295018e-01 -2.440237170597393757e+01
-4.568256813540365613e-01 -2.440191018931334810e+01
-4.592685994361440649e-01 -2.440136448559520588e+01
-4.617115175182511244e-01 -2.440091316528779686e+01
-4.641544356003581839e-01 -2.440037964435854434e+01
-4.665973536824652435e-01 -2.439993830093389349e+01
-4.690402717645723030e-01 -2.439941669700966997e+01
-4.714831898466798066e-01 -2.439898511539011494e+01
-4.739261079287868661e-01 -2.439847516847597220e+01
-4.763690260108939256e-01 -2.439805313793493724e+01
-4.788119440930014292e-01 -2.439755459338575960e+01
-4.812548621751080447e-01 -2.439714190815306694e+01
-4.836977802572155483e-01 -2.439665451671948659e+01
-4.861406983393226078e-01 -2.439625097469701842e+01
-4.885836164214296673e-01 -2.439577449240680096e+01
-4.910265345035371709e-01 -2.439537989616920299e+01
-4.934694525856437863e-01 -2.439491408408518680e+01
-4.959123706677512899e-01 -2.439452824011261711e+01
-4.983552887498583495e-01 -2.439407286476986414e+01
-5.007982068319654090e-01 -2.439369558313926589e+01
-5.032411249140724685e-01 -2.439325041564769236e+01
-5.056840429961795280e-01 -2.439288151102958224e+01
-5.081269610782870316e-01 -2.439244632757745279e+01
-5.105698791603940911e-01 -2.439208561828942123e+01
-5.130127972425011507e-01 -2.439166019974307531e+01
-5.154557153246082102e-01 -2.439130750817558635e+01
-5.178986334067157138e-01 -2.439089163993862641e+01
-5.203415514888227733e-01 -2.439054679176367912e+01
-5.227844695709298328e-01 -2.439014026434039550e+01
-5.252273876530368923e-01 -2.438980308949563991e+01
-5.276703057351439519e-01 -2.438940569712856643e+01
-5.301132238172514555e-01 -2.438907602870009228e+01
-5.325561418993580709e-01 -2.438868757064232184e+01
-5.349990599814655745e-01 -2.438836524530774597e+01
-5.374419780635726340e-01 -2.438798552501727812e+01
-5.398848961456796935e-01 -2.438767038285858035e+01
-5.423278142277871972e-01 -2.438729920769014115e+01
-5.447707323098938126e-01 -2.438699109223523465e+01
-5.472136503920013162e-01 -2.438662827385795495e+01
-5.496565684741088198e-01 -2.438632703215282405e+01
-5.520994865562154352e-01 -2.438597238603304262e+01
-5.545424046383229388e-01 -2.438567786773261759e+01
-5.569853227204299984e-01 -2.438533121374530310e+01
-5.594282408025370579e-01 -2.438504327239764891e+01
-5.618711588846441174e-01 -2.438470443386663433e+01
-5.643140769667511769e-01 -2.438442292568483438e+01
-5.667569950488586805e-01 -2.438409173008076181e+01
-5.691999131309657400e-01 -2.438381651448950294e+01
-5.716428312130727996e-01 -2.438349279269133518e+01
-5.740857492951798591e-01 -2.438322373191892822e+01
-5.765286673772869186e-01 -2.438290731868701755e+01
-5.789715854593939781e-01 -2.438264427829061987e+01
-5.814145035415014817e-01 -2.438233501172008388e+01
-5.838574216236085412e-01 -2.438207785961542839e+01
-5.863003397057156008e-01 -2.438177558159494396e+01
-5.887432577878231044e-01 -2.438152418891846551e+01
-5.911861758699297198e-01 -2.438122874435866194e+01
-5.936290939520372234e-01 -2.438098298470171343e+01
-5.960720120341442829e-01 -2.438069422225034799e+01
-5.985149301162513424e-01 -2.438045397205901921e+01
-6.009578481983588460e-01 -2.438017174332626880e+01
-6.034007662804654615e-01 -2.437993688176049289e+01
-6.058436843625729651e-01 -2.437966104168765824e+01
-6.082866024446800246e-01 -2.437943145005277756e+01
-6.107295205267870841e-01 -2.437916185704349914e+01
-6.131724386088945877e-01 -2.437893741976159490e+01
-6.156153566910012032e-01 -2.437867393469995392e+01
-6.180582747731087068e-01 -2.437845453814103891e+01
-6.205011928552157663e-01 -2.437819702539144373e+01
-6.229441109373228258e-01 -2.437798255909151734e+01
-6.253870290194298853e-01 -2.437773088556375711e+01
-6.278299471015369448e-01 -2.437752124088228101e+01
-6.302728651836444485e-01 -2.437727527658261550e+01
-6.327157832657515080e-01 -2.437707034708762777e+01
-6.351587013478585675e-01 -2.437682996520036838e+01
-6.376016194299656270e-01 -2.437662964709470614e+01
-6.400445375120731306e-01 -2.437639472301680144e+01
-6.424874555941801901e-01 -2.437619891452531817e+01
-6.449303736762872497e-01 -2.437596932674132333e+01
-6.473732917583943092e-01 -2.437577792857899084e+01
-6.498162098405013687e-01 -2.437555355832134296e+01
-6.522591279226088723e-01 -2.437536647307722504e+01
-6.547020460047154877e-01 -2.437514720401501478e+01
-6.571449640868229913e-01 -2.437496433748646396e+01
-6.595878821689300509e-01 -2.437475005836003916e+01
-6.620308002510371104e-01 -2.437457132115424230e+01
-6.644737183331446140e-01 -2.437436192248201294e+01
-6.669166364152512294e-01 -2.437418720512160419e+01
-6.693595544973587330e-01 -2.437398253648450108e+01
-6.718024725794662366e-01 -2.437381174667060435e+01
-6.742453906615728521e-01 -2.437361177453717076e+01
-6.766883087436803557e-01 -2.437344486995235471e+01
-6.791312268257874152e-01 -2.437324944072052446e+01
-6.815741449078944747e-01 -2.437308629778030422e+01
-6.840170629900015342e-01 -2.437289532406240511e+01
-6.864599810721085937e-01 -2.437273587013143228e+01
-6.889028991542160973e-01 -2.437254924897283104e+01
-6.913458172363231569e-01 -2.437239339983679187e+01
-6.937887353184302164e-01 -2.437221103488573348e+01
-6.962316534005372759e-01 -2.437205871124188050e+01
-6.986745714826443354e-01 -2.437188050697546871e+01
-7.011174895647513949e-01 -2.437173163038410095e+01
-7.035604076468588985e-01 -2.437155749352207934e+01
-7.060033257289659581e-01 -2.437141198773317186e+01
-7.084462438110730176e-01 -2.437124182659377070e+01
-7.108891618931805212e-01 -2.437109961658165247e+01
-7.133320799752871366e-01 -2.437093334235125752e+01
-7.157749980573946402e-01 -2.437079435468252697e+01
-7.182179161395016997e-01 -2.437063187998823466e+01
-7.206608342216087593e-01 -2.437049604318357510e+01
-7.231037523037162629e-01 -2.437033728246467135e+01
-7.255466703858228783e-01 -2.437020452632435408e+01
-7.279895884679303819e-01 -2.437004939638514145e+01
-7.304325065500374414e-01 -2.436991965196351018e+01
-7.328754246321445009e-01 -2.436976807098978171e+01
-7.353183427142520046e-01 -2.436964127161897053e+01
-7.377612607963586200e-01 -2.436949315952929140e+01
-7.402041788784661236e-01 -2.436936923934679200e+01
-7.426470969605731831e-01 -2.436922451847753024e+01
-7.450900150426802426e-01 -2.436910341346991871e+01
-7.475329331247873021e-01 -2.436896200724725503e+01
-7.499758512068948058e-01 -2.436884365429193622e+01
-7.524187692890018653e-01 -2.436870548795259594e+01
-7.548616873711089248e-01 -2.436858982606242918e+01
-7.573046054532159843e-01 -2.436845482631723314e+01
-7.597475235353230438e-01 -2.436834179547359369e+01
-7.621904416174305474e-01 -2.436820989109939006e+01
-7.646333596995376070e-01 -2.436809943191185823e+01
-7.670762777816446665e-01 -2.436797055318378824e+01
-7.695191958637517260e-01 -2.436786260873250498e+01
-7.719621139458587855e-01 -2.436773668697036754e+01
-7.744050320279662891e-01 -2.436763120069120347e+01
-7.768479501100729046e-01 -2.436750816931363062e+01
-7.792908681921804082e-01 -2.436740508593401699e+01
-7.817337862742874677e-01 -2.436728487974619739e+01
-7.841767043563945272e-01 -2.436718414588519366e+01
-7.866196224385020308e-01 -2.436706670101703764e+01
-7.890625405206090903e-01 -2.436696826380887160e+01
-7.915054586027161498e-01 -2.436685351782669429e+01
-7.939483766848236534e-01 -2.436675732638561342e+01
-7.963912947669302689e-01 -2.436664521799185223e+01
-7.988342128490377725e-01 -2.436655122168214760e+01
-8.012771309311448320e-01 -2.436644169119123049e+01
-8.037200490132518915e-01 -2.436634984102319024e+01
-8.061629670953589510e-01 -2.436624283036272942e+01
-8.086058851774660106e-01 -2.436615307781891815e+01
-8.110488032595735142e-01 -2.436604853002770810e+01
-8.134917213416805737e-01 -2.436596082793186824e+01
-8.159346394237876332e-01 -2.436585868720634096e+01
-8.183775575058946927e-01 -2.436577298974542316e+01
-8.208204755880017522e-01 -2.436567320139769777e+01
-8.232633936701088118e-01 -2.436558946367640388e+01
-8.257063117522163154e-01 -2.436549197437142311e+01
-8.281492298343233749e-01 -2.436541015252469577e+01
-8.305921479164304344e-01 -2.436531490996729943e+01
-8.330350659985379380e-01 -2.436523496074692119e+01
-8.354779840806445534e-01 -2.436514191419873399e+01
-8.379209021627520571e-01 -2.436506379536792366e+01
-8.403638202448591166e-01 -2.436497289470193550e+01
-8.428067383269661761e-01 -2.436489656537869308e+01
-8.452496564090736797e-01 -2.436480776200479426e+01
-8.476925744911802951e-01 -2.436473318186546777e+01
-8.501354925732877987e-01 -2.436464642822453897e+01
-8.525784106553948583e-01 -2.436457355734185981e+01
-8.550213287375019178e-01 -2.436448880694656083e+01
-8.574642468196094214e-01 -2.436441760731555561e+01
-8.599071649017160368e-01 -2.436433481498564291e+01
-8.623500829838235404e-01 -2.436426524859768250e+01
-8.647930010659305999e-01 -2.436418436956523337e+01
-8.672359191480376595e-01 -2.436411640021659863e+01
-8.696788372301447190e-01 -2.436403739069534069e+01
-8.721217553122522226e-01 -2.436397098204128753e+01
-8.745646733943592821e-01 -2.436389379996299098e+01
-8.770075914764663416e-01 -2.436382891753837399e+01
-8.794505095585734011e-01 -2.436375352054844967e+01
-8.818934276406804607e-01 -2.436369012954304836e+01
-8.843363457227879643e-01 -2.436361647736270442e+01
-8.867792638048950238e-01 -2.436355454337493143e+01
-8.892221818870020833e-01 -2.436348259677320627e+01
-8.916650999691091428e-01 -2.436342208859347735e+01
-8.941080180512162023e-01 -2.436335180695134639e+01
-8.965509361333237059e-01 -2.436329269077022630e+01
-8.989938542154303214e-01 -2.436322403969788297e+01
-9.014367722975378250e-01 -2.436316628529048955e+01
-9.038796903796453286e-01 -2.436309922333076372e+01
-9.063226084617519440e-01 -2.436304279886239144e+01
-9.087655265438594476e-01 -2.436297729256443390e+01
-9.112084446259665071e-01 -2.436292216916989162e+01
-9.136513627080735667e-01 -2.436285818234993172e+01
-9.160942807901810703e-01 -2.436280433001678247e+01
-9.185371988722876857e-01 -2.436274182807946076e+01
-9.209801169543951893e-01 -2.436268921814588850e+01
-9.234230350365022488e-01 -2.436262816716990187e+01
-9.258659531186093083e-01 -2.436257677156581991e+01
-9.283088712007163679e-01 -2.436251713848683309e+01
-9.307517892828234274e-01 -2.436246692983324991e+01
-9.331947073649309310e-01 -2.436240868224363609e+01
-9.356376254470379905e-01 -2.436235963368234536e+01
-9.380805435291450500e-01 -2.436230274008703489e+01
-9.405234616112521095e-01 -2.436225482547545695e+01
-9.429663796933596132e-01 -2.436219925484800086e+01
-9.454092977754662286e-01 -2.436215244845448424e+01
-9.478522158575737322e-01 -2.436209817071862460e+01
-9.502951339396807917e-01 -2.436205244761434585e+01
-9.527380520217878512e-01 -2.436199943306070992e+01
-9.551809701038953548e-01 -2.436195476867542808e+01
-9.576238881860019703e-01 -2.436190298844692492e+01
-9.600668062681094739e-01 -2.436185935894106436e+01
-9.625097243502165334e-01 -2.436180878489311397e+01
-9.649526424323235929e-01 -2.436176616666793393e+01
-9.673955605144310965e-01 -2.436171677144699288e+01
-9.698384785965377120e-01 -2.436167514165786585e+01
-9.722813966786452156e-01 -2.436162689819425964e+01
-9.747243147607522751e-01 -2.436158623459298767e+01
-9.771672328428593346e-01 -2.436153911658539428e+01
-9.796101509249668382e-01 -2.436149939728843705e+01
-9.820530690070734536e-01 -2.436145337889303164e+01
-9.844959870891809572e-01 -2.436141458248004099e+01
-9.869389051712880168e-01 -2.436136963877465078e+01
-9.893818232533950763e-01 -2.436133174444334415e+01
-9.918247413355025799e-01 -2.436128785074106773e+01
-9.942676594176096394e-01 -2.436125083812230230e+01
-9.967105774997166989e-01 -2.436120797046297071e+01
-9.991534955818237584e-01 -2.436117181963529177e+01
-1.001596413663930818e+00 -2.436112995447909313e+01
-1.004039331746037877e+00 -2.436109464572368566e+01
-1.006482249828145381e+00 -2.436105376033168213e+01
-1.008925167910252441e+00 -2.436101927481866269e+01
-1.011368085992359500e+00 -2.436097934659065345e+01
-1.013811004074466560e+00 -2.436094566561365582e+01
-1.016253922156573619e+00 -2.436090667273804300e+01
-1.018696840238681123e+00 -2.436087377815370658e+01
-1.021139758320787738e+00 -2.436083569904002033e+01
-1.023582676402895242e+00 -2.436080357323592693e+01
-1.026025594485002745e+00 -2.436076638717963405e+01
-1.028468512567109361e+00 -2.436073501245733297e+01
-1.030911430649216864e+00 -2.436069869922516062e+01
-1.033354348731323924e+00 -2.436066805864089702e+01
-1.035797266813430983e+00 -2.436063259825211347e+01
-1.038240184895538487e+00 -2.436060267557338577e+01
-1.040683102977645103e+00 -2.436056804832007927e+01
-1.043126021059752606e+00 -2.436053882701975937e+01
-1.045568939141859666e+00 -2.436050501418616676e+01
-1.048011857223966725e+00 -2.436047647863609455e+01
-1.050454775306073785e+00 -2.436044346118735859e+01
-1.052897693388180844e+00 -2.436041559594858796e+01
-1.055340611470288348e+00 -2.436038335590194848e+01
-1.057783529552395407e+00 -2.436035614553735229e+01
-1.060226447634502467e+00 -2.436032466528516593e+01
-1.062669365716609526e+00 -2.436029809528938372e+01
-1.065112283798717030e+00 -2.436026735721438286e+01
-1.067555201880823645e+00 -2.436024141289822964e+01
-1.069998119962931149e+00 -2.436021140046593203e+01
-1.072441038045038209e+00 -2.436018606793608754e+01
-1.074883956127145268e+00 -2.436015676416768727e+01
-1.077326874209252772e+00 -2.436013202958732649e+01
-1.079769792291359387e+00 -2.436010341856757577e+01
-1.082212710373466891e+00 -2.436007926851829097e+01
-1.084655628455573950e+00 -2.436005133440533399e+01
-1.087098546537681010e+00 -2.436002775558858957e+01
-1.089541464619788513e+00 -2.436000048301676557e+01
-1.091984382701895129e+00 -2.435997746288619226e+01
-1.094427300784002632e+00 -2.435995083666923477e+01
-1.096870218866109692e+00 -2.435992836248106741e+01
-1.099313136948216751e+00 -2.435990236795556996e+01
-1.101756055030324255e+00 -2.435988042748005000e+01
-1.104198973112431315e+00 -2.435985505036556731e+01
-1.106641891194538374e+00 -2.435983363162081972e+01
-1.109084809276645434e+00 -2.435980885771750337e+01
-1.111527727358752493e+00 -2.435978794901544475e+01
-1.113970645440859997e+00 -2.435976376464887139e+01
-1.116413563522967056e+00 -2.435974335466590546e+01
-1.118856481605074116e+00 -2.435971974640345294e+01
-1.121299399687181175e+00 -2.435969982393105937e+01
-1.123742317769288235e+00 -2.435967677892642058e+01
-1.126185235851395294e+00 -2.435965733325372184e+01
-1.128628153933502798e+00 -2.435963483873645075e+01
-1.131071072015609857e+00 -2.435961585990961709e+01
-1.133513990097716917e+00 -2.435959390475675690e+01
-1.135956908179823976e+00 -2.435957538135832223e+01
-1.138399826261931036e+00 -2.435955394861817425e+01
-1.140842744344038540e+00 -2.435953586940276239e+01
-1.143285662426145599e+00 -2.435951495103235231e+01
-1.145728580508252659e+00 -2.435949730708546568e+01
-1.148171498590360162e+00 -2.435947689157702456e+01
-1.150614416672466778e+00 -2.435945967397157474e+01
-1.153057334754574281e+00 -2.435943974930876621e+01
-1.155500252836681341e+00 -2.435942294814661224e+01
-1.157943170918788400e+00 -2.435940350324836245e+01
-1.160386089000895904e+00 -2.435938710934490103e+01
-1.162829007083002519e+00 -2.435936813342608431e+01
-1.165271925165110023e+00 -2.435935213773087327e+01
-1.167714843247217082e+00 -2.435933362020293202e+01
-1.170157761329324142e+00 -2.435931801397834562e+01
-1.172600679411431202e+00 -2.435929994457474024e+01
-1.175043597493538261e+00 -2.435928471918868965e+01
-1.177486515575645765e+00 -2.435926708784152694e+01
-1.179929433657752824e+00 -2.435925223504242609e+01
-1.182372351739859884e+00 -2.435923503189937378e+01
-1.184815269821966943e+00 -2.435922054342377763e+01
-1.187258187904074447e+00 -2.435920375896871093e+01
-1.189701105986181062e+00 -2.435918962681649091e+01
-1.192144024068288566e+00 -2.435917325165232938e+01
-1.194586942150395625e+00 -2.435915946807875798e+01
-1.197029860232502685e+00 -2.435914349312755789e+01
-1.199472778314610188e+00 -2.435913005058549885e+01
-1.201915696396716804e+00 -2.435911446685166837e+01
-1.204358614478824308e+00 -2.435910135793309905e+01
-1.206801532560931367e+00 -2.435908615681716682e+01
-1.209244450643038427e+00 -2.435907337431256892e+01
-1.211687368725145930e+00 -2.435905854722247810e+01
-1.214130286807252546e+00 -2.435904608400044680e+01
-1.216573204889360049e+00 -2.435903162280146006e+01
-1.219016122971467109e+00 -2.435901947208217777e+01
-1.221459041053574168e+00 -2.435900536862427046e+01
-1.223901959135681672e+00 -2.435899352369294490e+01
-1.226344877217788731e+00 -2.435897977013715376e+01
-1.228787795299895791e+00 -2.435896822448377463e+01
-1.231230713382002850e+00 -2.435895481312155653e+01
-1.233673631464109910e+00 -2.435894356034781438e+01
-1.236116549546217414e+00 -2.435893048361419133e+01
-1.238559467628324473e+00 -2.435891951744986983e+01
-1.241002385710431533e+00 -2.435890676815823497e+01
-1.243445303792538592e+00 -2.435889608253857830e+01
-1.245888221874645652e+00 -2.435888365348957763e+01
-1.248331139956752711e+00 -2.435887324256457731e+01
-1.250774058038860215e+00 -2.435886112684469396e+01
-1.253216976120967274e+00 -2.435885098476765620e+01
-1.255659894203074334e+00 -2.435883917566410517e+01
-1.258102812285181837e+00 -2.435882929691169352e+01
-1.260545730367288453e+00 -2.435881778760347416e+01
-1.262988648449395956e+00 -2.435880816669683213e+01
-1.265431566531503016e+00 -2.435879695095351849e+01
-1.267874484613610075e+00 -2.435878758254145637e+01
-1.270317402695717579e+00 -2.435877665391849689e+01
-1.272760320777824194e+00 -2.435876753282035168e+01
-1.275203238859931698e+00 -2.435875688527407945e+01
-1.277646156942038758e+00 -2.435874800638368498e+01
-1.280089075024145817e+00 -2.435873763399767000e+01
-1.282531993106253321e+00 -2.435872899245116585e+01
-1.284974911188359936e+00 -2.435871888935269425e+01
-1.287417829270467440e+00 -2.435871048038513820e+01
-1.289860747352574499e+00 -2.435870064094305221e+01
-1.292303665434681559e+00 -2.435869245986638987e+01
-1.294746583516788618e+00 -2.435868287849021385e+01
-1.297189501598896122e+00 -2.435867492079225372e+01
-1.299632419681003181e+00 -2.435866559217291183e+01
-1.302075337763110241e+00 -2.435865785332497424e+01
-1.304518255845217301e+00 -2.435864877221160540e+01
-1.306961173927324360e+00 -2.435864124801889830e+01
-1.309404092009431864e+00 -2.435863240931966800e+01
-1.311847010091538479e+00 -2.435862509552915611e+01
-1.314289928173645983e+00 -2.435861649436857590e+01
-1.316732846255753042e+00 -2.435860938703959633e+01
-1.319175764337860102e+00 -2.435860101843928049e+01
-1.321618682419967605e+00 -2.435859411351741244e+01
-1.324061600502074221e+00 -2.435858597281272608e+01
-1.326504518584181724e+00 -2.435857926646090732e+01
-1.328947436666288784e+00 -2.435857134928103207e+01
-1.331390354748395843e+00 -2.435856483834159647e+01
-1.333833272830503347e+00 -2.435855714007116291e+01
-1.336276190912609962e+00 -2.435855081937924993e+01
-1.338719108994717466e+00 -2.435854333617436751e+01
-1.341162027076824526e+00 -2.435853720406306167e+01
-1.343604945158931585e+00 -2.435852993040921888e+01
-1.346047863241039089e+00 -2.435852398228481874e+01
-1.348490781323146148e+00 -2.435851691495267346e+01
-1.350933699405253208e+00 -2.435851114764810532e+01
-1.353376617487360267e+00 -2.435850428247950106e+01
-1.355819535569467327e+00 -2.435849869291456571e+01
-1.358262453651574830e+00 -2.435849202641450262e+01
-1.360705371733681890e+00 -2.435848661147751670e+01
-1.363148289815788949e+00 -2.435848014037413733e+01
-1.365591207897896009e+00 -2.435847489766046081e+01
-1.368034125980003068e+00 -2.435846861640019512e+01
-1.370477044062110128e+00 -2.435846354625513754e+01
-1.372919962144217632e+00 -2.435845745148638386e+01
-1.375362880226324691e+00 -2.435845254288067707e+01
-1.377805798308431751e+00 -2.435844663372574104e+01
-1.380248716390539254e+00 -2.435844188842293434e+01
-1.382691634472645870e+00 -2.435843616028035541e+01
-1.385134552554753373e+00 -2.435843157561031092e+01
-1.387577470636860433e+00 -2.435842602509657340e+01
-1.390020388718967492e+00 -2.435842159844424160e+01
-1.392463306801074996e+00 -2.435841622239662740e+01
-1.394906224883181611e+00 -2.435841195124089964e+01
-1.397349142965289115e+00 -2.435840674659628391e+01
-1.399792061047396174e+00 -2.435840262855997906e+01
-1.402234979129503234e+00 -2.435839759244854719e+01
-1.404677897211610738e+00 -2.435839362516934159e+01
-1.407120815293717353e+00 -2.435838875468689224e+01
-1.409563733375824857e+00 -2.435838493607087329e+01
-1.412006651457931916e+00 -2.435838022858256480e+01
-1.414449569540038976e+00 -2.435837655637296706e+01
-1.416892487622146035e+00 -2.435837200912955325e+01
-1.419335405704253539e+00 -2.435836848137459754e+01
-1.421778323786360598e+00 -2.435836409184290474e+01
-1.424221241868467658e+00 -2.435836070653876817e+01
-1.426664159950574717e+00 -2.435835647225860967e+01
-1.429107078032681777e+00 -2.435835322753024812e+01
-1.431549996114789280e+00 -2.435834914599483270e+01
-1.433992914196895896e+00 -2.435834603999855830e+01
-1.436435832279003399e+00 -2.435834210914698872e+01
-1.438878750361110459e+00 -2.435833914041623061e+01
-1.441321668443217519e+00 -2.435833535746109391e+01
-1.443764586525325022e+00 -2.435833252353067380e+01
-1.446207504607431638e+00 -2.435832888701244769e+01
-1.448650422689539141e+00 -2.435832618750394118e+01
-1.451093340771646645e+00 -2.435832269506310865e+01
-1.453536258853753260e+00 -2.435832012662919155e+01
-1.455979176935860764e+00 -2.435831677686468311e+01
-1.458422095017967823e+00 -2.435831433953981318e+01
-1.460865013100074883e+00 -2.435831112990410929e+01
-1.463307931182181942e+00 -2.435830882260604824e+01
-1.465750849264289002e+00 -2.435830575104810691e+01
-1.468193767346396506e+00 -2.435830357169466964e+01
-1.470636685428503565e+00 -2.435830063694852399e+01
-1.473079603510610625e+00 -2.435829858438136242e+01
-1.475522521592717684e+00 -2.435829578473726542e+01
-1.477965439674824744e+00 -2.435829385883426212e+01
-1.480408357756932247e+00 -2.435829119204142756e+01
-1.482851275839039307e+00 -2.435828938928996479e+01
-1.485294193921146366e+00 -2.435828685519844328e+01
-1.487737112003253426e+00 -2.435828517689181894e+01
-1.490180030085360485e+00 -2.435828277310261925e+01
-1.492622948167467545e+00 -2.435828121726163786e+01
-1.495065866249575048e+00 -2.435827894285132089e+01
-1.497508784331682108e+00 -2.435827750897373534e+01
-1.499951702413789167e+00 -2.435827536227463952e+01
-1.502394620495896671e+00 -2.435827404936396334e+01
-1.504837538578003286e+00 -2.435827202958700610e+01
-1.507280456660110790e+00 -2.435827083727626174e+01
-1.509723374742217850e+00 -2.435826894278940102e+01
-1.512166292824324909e+00 -2.435826786987477277e+01
-1.514609210906432413e+00 -2.435826610006296988e+01
-1.517052128988539028e+00 -2.435826514613893679e+01
-1.519495047070646532e+00 -2.435826349989386941e+01
-1.521937965152753591e+00 -2.435826266485391400e+01
-1.524380883234860651e+00 -2.435826114084234817e+01
-1.526823801316968154e+00 -2.435826042381557599e+01
-1.529266719399074770e+00 -2.435825902130839538e+01
-1.531709637481182273e+00 -2.435825842163904298e+01
-1.534152555563289333e+00 -2.435825714023107125e+01
-1.536595473645396392e+00 -2.435825665782185823e+01
-1.539038391727503452e+00 -2.435825549668002665e+01
-1.541481309809610956e+00 -2.435825513132266096e+01
-1.543924227891718015e+00 -2.435825408962457317e+01
-1.546367145973825075e+00 -2.435825384115792858e+01
-1.548810064055932134e+00 -2.435825291827741523e+01
-1.551252982138039194e+00 -2.435825278662396443e+01
-1.553695900220146697e+00 -2.435825198189682794e+01
-1.556138818302253313e+00 -2.435825196694623429e+01
-1.558581736384360816e+00 -2.435825128057199862e+01
-1.561024654466467876e+00 -2.435825138349321861e+01
-1.563467572548574935e+00 -2.435825081139337200e+01
-1.565910490630682439e+00 -2.435825102937316089e+01
-1.568353408712789054e+00 -2.435825058407715460e+01
-1.570796326794896558e+00 -2.435825092780319778e+01
