1.570796326794896558e+00 2.878707165269590860e+02
1.556115987292140623e+00 5.817720228992707234e+02
1.541435647789384467e+00 3.899013469554030848e+02
1.526755308286628532e+00 4.049634944952899218e+02
1.512074968783872375e+00 4.476321141254161375e+02
1.497394629281116440e+00 3.897640747326341852e+02
1.482714289778360284e+00 3.607199487505075695e+02
1.468033950275604349e+00 3.223611198406181302e+02
1.453353610772848192e+00 2.963198233230112919e+02
1.438673271270092258e+00 2.579267262547852511e+02
1.423992931767336101e+00 2.288221757267738212e+02
1.409312592264580166e+00 1.959839076265682820e+02
1.394632252761824009e+00 1.702475051089138276e+02
1.379951913259068075e+00 1.427442117409991909e+02
1.365271573756311918e+00 1.210806618797555245e+02
1.350591234253555983e+00 9.913467923748437727e+01
1.335910894750799827e+00 8.191317850699913095e+01
1.321230555248043892e+00 6.485816402586542040e+01
1.306550215745287735e+00 5.159913796745220083e+01
1.291869876242531801e+00 3.862001029183583256e+01
1.277189536739775644e+00 2.866695320856182150e+01
1.262509197237019709e+00 1.891957391425058432e+01
1.247828857734263552e+00 1.158516907452430189e+01
1.233148518231507618e+00 4.331059791845911278e+00
1.218468178728751461e+00 -9.876402281283684914e-01
1.203787839225995526e+00 -6.353465521357244405e+00
1.189107499723239592e+00 -1.015012577697096674e+01
1.174427160220483435e+00 -1.410104167947474707e+01
1.159746820717727278e+00 -1.676191536832078199e+01
1.145066481214971343e+00 -1.965921829628995354e+01
1.130386141712215409e+00 -2.147915829950069622e+01
1.115705802209459252e+00 -2.359445913721093291e+01
1.101025462706703095e+00 -2.479519931690856893e+01
1.086345123203947161e+00 -2.633110188824698028e+01
1.071664783701191226e+00 -2.707805242544444013e+01
1.056984444198435069e+00 -2.818516914129583029e+01
1.042304104695678912e+00 -2.860122811065527415e+01
1.027623765192922978e+00 -2.939146246719655053e+01
1.012943425690167043e+00 -2.956780584080454233e+01
9.982630861874108863e-01 -3.012439559202528727e+01
9.835827466846548406e-01 -3.012865405537759145e+01
9.689024071818987949e-01 -3.051363675960848809e+01
9.542220676791427492e-01 -3.039599169628437636e+01
9.395417281763867035e-01 -3.065570438158078304e+01
9.248613886736306577e-01 -3.045339347914374173e+01
9.101810491708746120e-01 -3.062251013227715291e+01
8.955007096681185663e-01 -3.036314685152340687e+01
8.808203701653625206e-01 -3.046764289639275347e+01
8.661400306626065859e-01 -3.017166193428984045e+01
8.514596911598505402e-01 -3.023099718677243075e+01
8.367793516570944945e-01 -2.991346102449512045e+01
8.220990121543384488e-01 -2.994219345626400042e+01
8.074186726515824031e-01 -2.961413149906706366e+01
7.927383331488263574e-01 -2.962311711266334768e+01
7.780579936460703117e-01 -2.929252387910393907e+01
7.633776541433142659e-01 -2.928981364210742555e+01
7.486973146405582202e-01 -2.896239595409649681e+01
7.340169751378021745e-01 -2.895391060660501026e+01
7.193366356350461288e-01 -2.863365029951409824e+01
7.046562961322900831e-01 -2.862369068949347550e+01
6.899759566295340374e-01 -2.831327031270769012e+01
6.752956171267779917e-01 -2.830490573368922114e+01
6.606152776240219460e-01 -2.800603198001972061e+01
6.459349381212659003e-01 -2.800139678365128049e+01
6.312545986185098545e-01 -2.771504715771636285e+01
6.165742591157538088e-01 -2.771556838179148841e+01
6.018939196129977631e-01 -2.744217985212256394e+01
5.872135801102417174e-01 -2.744875218839425912e+01
5.725332406074856717e-01 -2.718836552105270599e+01
5.578529011047297370e-01 -2.720148652582367177e+01
5.431725616019735803e-01 -2.695385691120988625e+01
5.284922220992176456e-01 -2.697373107803799286e+01
5.138118825964614889e-01 -2.673841305066049756e+01
4.991315430937055542e-01 -2.676503203373809114e+01
4.844512035909493974e-01 -2.654144378770549295e+01
4.697708640881934627e-01 -2.657464834443211998e+01
4.550905245854373060e-01 -2.636212104519363564e+01
4.404101850826813713e-01 -2.640164855111529363e+01
4.257298455799252146e-01 -2.619946316996002267e+01
4.110495060771692799e-01 -2.624498389864246661e+01
3.963691665744131232e-01 -2.605239909226651207e+01
3.816888270716571885e-01 -2.610354353218665224e+01
3.670084875689010318e-01 -2.591981576437225954e+01
3.523281480661450971e-01 -2.597619551119516146e+01
3.376478085633889403e-01 -2.580059398286566363e+01
3.229674690606330056e-01 -2.586181691874842414e+01
3.082871295578768489e-01 -2.569363382776154836e+01
2.936067900551209142e-01 -2.575931537748192213e+01
2.789264505523647575e-01 -2.559787276472987116e+01
2.642461110496088228e-01 -2.566764389870422036e+01
2.495657715468526661e-01 -2.551229823772366956e+01
2.348854320440967314e-01 -2.558581097080049815e+01
2.202050925413405746e-01 -2.543595537258580919e+01
2.055247530385846400e-01 -2.551288619110308886e+01
1.908444135358284832e-01 -2.536795135113641564e+01
1.761640740330725485e-01 -2.544800357015881431e+01
1.614837345303166138e-01 -2.530745768020947750e+01
1.468033950275606792e-01 -2.539036239727107969e+01
1.321230555248045224e-01 -2.525370999038907271e+01
1.174427160220485877e-01 -2.533922621737962189e+01
1.027623765192924310e-01 -2.520600640332095210e+01
8.808203701653649631e-02 -2.529392134563867600e+01
7.340169751378033958e-02 -2.516370616863760290e+01
5.872135801102440489e-02 -2.525383378559040892e+01
4.404101850826824815e-02 -2.512622580349621515e+01
2.936067900551231347e-02 -2.521840624546420528e+01
1.468033950275615673e-02 -2.509303588118200778e+01
2.220446049250313081e-16 -2.518713449283922046e+01
-1.468033950275593469e-02 -2.506365780663215048e+01
-2.936067900551209142e-02 -2.515956381108615147e+01
-4.404101850826802611e-02 -2.503765965956021233e+01
-5.872135801102418284e-02 -2.513528509997634686e+01
-7.340169751378011753e-02 -2.501465274974982833e+01
-8.808203701653627427e-02 -2.511393135231405083e+01
-1.027623765192922090e-01 -2.499428794783752394e+01
-1.174427160220483657e-01 -2.509517404692380182e+01
-1.321230555248043004e-01 -2.497625201485041302e+01
-1.468033950275604571e-01 -2.507871975352149008e+01
-1.614837345303163918e-01 -2.496026454432134400e+01
-1.761640740330725485e-01 -2.506430700458728467e+01
-1.908444135358284832e-01 -2.494607445474231611e+01
-2.055247530385846400e-01 -2.505170321482568241e+01
-2.202050925413405746e-01 -2.493345740152974699e+01
-2.348854320440967314e-01 -2.504070199362375959e+01
-2.495657715468526661e-01 -2.492221286997905594e+01
-2.642461110496088228e-01 -2.503112052946320176e+01
-2.789264505523647575e-01 -2.491216154005495653e+01
-2.936067900551209142e-01 -2.502279725626833695e+01
-3.082871295578768489e-01 -2.490314295934986077e+01
-3.229674690606325616e-01 -2.501558976602057172e+01
-3.376478085633889403e-01 -2.489501360072139491e+01
-3.523281480661446530e-01 -2.500937273404061045e+01
-3.670084875689010318e-01 -2.488764449974096138e+01
-3.816888270716567444e-01 -2.500403639415361212e+01
-3.963691665744131232e-01 -2.488091943252321769e+01
-4.110495060771688358e-01 -2.499948476631668726e+01
-4.257298455799252146e-01 -2.487473355863908608e+01
-4.404101850826811493e-01 -2.499563433976936011e+01
-4.550905245854370840e-01 -2.486899136866979987e+01
-4.697708640881930187e-01 -2.499241283441162409e+01
-4.844512035909493974e-01 -2.486360534310265535e+01
-4.991315430937053321e-01 -2.498975796871912181e+01
-5.138118825964612668e-01 -2.485849424903289773e+01
-5.284922220992172015e-01 -2.498761678272264675e+01
-5.431725616019735803e-01 -2.485358219890490972e+01
-5.578529011047295150e-01 -2.498594442277074279e+01
-5.725332406074854497e-01 -2.484879685368437663e+01
-5.872135801102413843e-01 -2.498470377961333000e+01
-6.018939196129977631e-01 -2.484406790337460791e+01
-6.165742591157536978e-01 -2.498386460939962816e+01
-6.312545986185096325e-01 -2.483932612538202633e+01
-6.459349381212655672e-01 -2.498340325656672789e+01
-6.606152776240219460e-01 -2.483450121058077897e+01
-6.752956171267778807e-01 -2.498330219477007219e+01
-6.899759566295338153e-01 -2.482952024063646945e+01
-7.046562961322897500e-01 -2.498354973887736463e+01
-7.193366356350461288e-01 -2.482430593305274868e+01
-7.340169751378020635e-01 -2.498414013262333810e+01
-7.486973146405579982e-01 -2.481877401559722074e+01
-7.633776541433139329e-01 -2.498507346024780063e+01
-7.780579936460703117e-01 -2.481283084264845584e+01
-7.927383331488262463e-01 -2.498635601739570689e+01
-8.074186726515821810e-01 -2.480637008247975217e+01
-8.220990121543381157e-01 -2.498800089792460710e+01
-8.367793516570944945e-01 -2.479926889435207116e+01
-8.514596911598504292e-01 -2.499002906648637889e+01
-8.661400306626063639e-01 -2.479138295408750992e+01
-8.808203701653622986e-01 -2.499247075092423742e+01
-8.955007096681186773e-01 -2.478254057026807189e+01
-9.101810491708746120e-01 -2.499536785167353159e+01
-9.248613886736305467e-01 -2.477253485941071531e+01
-9.395417281763864814e-01 -2.499877707440286301e+01
-9.542220676791428602e-01 -2.476111373822140393e+01
-9.689024071818983508e-01 -2.500277559423886231e+01
-9.835827466846547296e-01 -2.474796681279843824e+01
-9.982630861874106643e-01 -2.500746721597356981e+01
-1.012943425690167043e+00 -2.473270761122379113e+01
-1.027623765192922534e+00 -2.501299469413507381e+01
-1.042304104695678912e+00 -2.471485008881632339e+01
-1.056984444198434847e+00 -2.501955410806425917e+01
-1.071664783701191226e+00 -2.469377460830843773e+01
-1.086345123203946716e+00 -2.502741874727155036e+01
-1.101025462706703095e+00 -2.466867970637174778e+01
-1.115705802209459030e+00 -2.503697377330188090e+01
-1.130386141712215409e+00 -2.463851233376133365e+01
-1.145066481214970899e+00 -2.504876739074752479e+01
-1.159746820717727278e+00 -2.460185624243693780e+01
-1.174427160220483213e+00 -2.506359386361207697e+01
-1.189107499723239592e+00 -2.455677760408522303e+01
-1.203787839225995082e+00 -2.508260446491470574e+01
-1.218468178728751461e+00 -2.450049867799478065e+01
-1.233148518231507396e+00 -2.510755743311664645e+01
-1.247828857734263330e+00 -2.442914176306738483e+01
-1.262509197237019265e+00 -2.514095713948585598e+01
-1.277189536739775200e+00 -2.433615613039898662e+01
-1.291869876242531578e+00 -2.518737822111122071e+01
-1.306550215745287513e+00 -2.421380894706667775e+01
-1.321230555248043448e+00 -2.525164519281946340e+01
-1.335910894750799383e+00 -2.403892732286362133e+01
-1.350591234253555761e+00 -2.535218230190300659e+01
-1.365271573756311696e+00 -2.381110662571615322e+01
-1.379951913259067631e+00 -2.548124872305083244e+01
-1.394632252761823565e+00 -2.336565915174942276e+01
-1.409312592264579944e+00 -2.579204511760099905e+01
-1.423992931767335879e+00 -2.301850239564671696e+01
-1.438673271270091814e+00 -2.591507210073687872e+01
-1.453353610772847748e+00 -2.070385576386052051e+01
-1.468033950275604127e+00 -2.801499950399586680e+01
-1.482714289778360062e+00 -2.275796865805878610e+01
-1.497394629281115996e+00 -2.428459271428670974e+01
-1.512074968783871931e+00 5.298934656918614650e+00
-1.526755308286628310e+00 -6.014924770272241261e+01
-1.541435647789384245e+00 -9.365941771460859400e+01
-1.556115987292140179e+00 8.815321972569762465e+01
-1.570796326794896114e+00 -2.111615751908836671e+02
