1.563456157043518591e+00 -9.408504226428591919e+10
1.548775817540762434e+00 -9.408564665077551270e+10
1.534095478038006499e+00 -9.408683734028530884e+10
1.519415138535250342e+00 -9.408857931211051941e+10
1.504734799032494408e+00 -9.409082277576475525e+10
1.490054459529738251e+00 -9.409350612938403320e+10
1.475374120026982316e+00 -9.409655941093962097e+10
1.460693780524226160e+00 -9.409990792183845520e+10
1.446013441021470225e+00 -9.410347572403790283e+10
1.431333101518714068e+00 -9.410718876506721497e+10
1.416652762015958134e+00 -9.411097746066752625e+10
1.401972422513201977e+00 -9.411477864447537231e+10
1.387292083010446042e+00 -9.411853686819580078e+10
1.372611743507690107e+00 -9.412220509456190491e+10
1.357931404004933951e+00 -9.412574486560099792e+10
1.343251064502177794e+00 -9.412912605082780457e+10
1.328570724999421859e+00 -9.413232628563121033e+10
1.313890385496665925e+00 -9.413533020470550537e+10
1.299210045993909768e+00 -9.413812856149526978e+10
1.284529706491153611e+00 -9.414071730785754395e+10
1.269849366988397676e+00 -9.414309668946340942e+10
1.255169027485641742e+00 -9.414527039628782654e+10
1.240488687982885585e+00 -9.414724479256845093e+10
1.225808348480129428e+00 -9.414902823886961365e+10
1.211128008977373494e+00 -9.415063051074046326e+10
1.196447669474617559e+00 -9.415206231110803223e+10
1.181767329971861402e+00 -9.415333487063937378e+10
1.167086990469105467e+00 -9.415445962694047546e+10
1.152406650966349311e+00 -9.415544797340235901e+10
1.137726311463593376e+00 -9.415631106710488892e+10
1.123045971960836997e+00 -9.415705968686894226e+10
1.108365632458081063e+00 -9.415770413223507690e+10
1.093685292955325128e+00 -9.415825415608555603e+10
1.079004953452569193e+00 -9.415871892361735535e+10
1.064324613949813259e+00 -9.415910699241217041e+10
1.049644274447057102e+00 -9.415942630847573853e+10
1.034963934944300945e+00 -9.415968421436795044e+10
1.020283595441545010e+00 -9.415988746631021118e+10
1.005603255938789076e+00 -9.416004225744244385e+10
9.909229164360328079e-01 -9.416015424550456238e+10
9.762425769332767622e-01 -9.416022858295783997e+10
9.615622374305207165e-01 -9.416026994864016724e+10
9.468818979277646708e-01 -9.416028257986779785e+10
9.322015584250087361e-01 -9.416027030416809082e+10
9.175212189222525794e-01 -9.416023657022903442e+10
9.028408794194965337e-01 -9.416018447806494141e+10
8.881605399167404880e-01 -9.416011680735519409e+10
8.734802004139846643e-01 -9.416003604447561646e+10
8.587998609112285076e-01 -9.415994440793450928e+10
8.441195214084725729e-01 -9.415984387209231567e+10
8.294391819057165272e-01 -9.415973618924949646e+10
8.147588424029604814e-01 -9.415962291016519165e+10
8.000785029002044357e-01 -9.415950540298852539e+10
7.853981633974482790e-01 -9.415938487072033691e+10
7.707178238946921223e-01 -9.415926236725805664e+10
7.560374843919360766e-01 -9.415913881208271790e+10
7.413571448891801419e-01 -9.415901500378105164e+10
7.266768053864240962e-01 -9.415889163230270386e+10
7.119964658836680504e-01 -9.415876929022425842e+10
6.973161263809118937e-01 -9.415864848294837952e+10
6.826357868781558480e-01 -9.415852963804995728e+10
6.679554473753999133e-01 -9.415841311367337036e+10
6.532751078726437566e-01 -9.415829920620266724e+10
6.385947683698877109e-01 -9.415818815725035095e+10
6.239144288671318872e-01 -9.415808015987193298e+10
6.092340893643758415e-01 -9.415797536428892517e+10
5.945537498616199068e-01 -9.415787388299066162e+10
5.798734103588637501e-01 -9.415777579536010742e+10
5.651930708561077044e-01 -9.415768115182414246e+10
5.505127313533517697e-01 -9.415758997761647034e+10
5.358323918505956129e-01 -9.415750227605004883e+10
5.211520523478396782e-01 -9.415741803162286377e+10
5.064717128450835215e-01 -9.415733721270474243e+10
4.917913733423275868e-01 -9.415725977381854248e+10
4.771110338395714301e-01 -9.415718565793072510e+10
4.624306943368154954e-01 -9.415711479829348755e+10
4.477503548340593387e-01 -9.415704712012196350e+10
4.330700153313034040e-01 -9.415698254221064758e+10
4.183896758285472472e-01 -9.415692097803457642e+10
4.037093363257913126e-01 -9.415686233726319885e+10
3.890289968230349338e-01 -9.415680652635662842e+10
3.743486573202792211e-01 -9.415675344995648193e+10
3.596683178175230644e-01 -9.415670301127708435e+10
3.449879783147671297e-01 -9.415665511297465515e+10
3.303076388120109730e-01 -9.415660965775633240e+10
3.156272993092550383e-01 -9.415656654878897095e+10
3.009469598064991036e-01 -9.415652569031460571e+10
2.862666203037429469e-01 -9.415648698778938293e+10
2.715862808009870122e-01 -9.415645034835058594e+10
2.569059412982308555e-01 -9.415641568112409973e+10
2.422256017954749208e-01 -9.415638289728642273e+10
2.275452622927187640e-01 -9.415635191034704590e+10
2.128649227899628293e-01 -9.415632263630517578e+10
1.981845832872066726e-01 -9.415629499359239197e+10
1.835042437844507379e-01 -9.415626890337794495e+10
1.688239042816945812e-01 -9.415624428948278809e+10
1.541435647789386465e-01 -9.415622107840766907e+10
1.394632252761824898e-01 -9.415619919941075134e+10
1.247828857734265551e-01 -9.415617858446520996e+10
1.101025462706703983e-01 -9.415615916825576782e+10
9.542220676791446365e-02 -9.415614088817773438e+10
8.074186726515830692e-02 -9.415612368418904114e+10
6.606152776240237223e-02 -9.415610749890821838e+10
5.138118825964621550e-02 -9.415609227742967224e+10
3.670084875689028081e-02 -9.415607796738139343e+10
2.202050925413412408e-02 -9.415606451878726196e+10
7.340169751378189389e-03 -9.415605188399754333e+10
-7.340169751377745300e-03 -9.415604001763421631e+10
-2.202050925413390203e-02 -9.415602887653771973e+10
-3.670084875688983672e-02 -9.415601841964587402e+10
-5.138118825964599345e-02 -9.415600860794979858e+10
-6.606152776240192814e-02 -9.415599940441452026e+10
-8.074186726515808488e-02 -9.415599077390592957e+10
-9.542220676791401957e-02 -9.415598268307418823e+10
-1.101025462706701763e-01 -9.415597510035023499e+10
-1.247828857734261110e-01 -9.415596799581262207e+10
-1.394632252761822677e-01 -9.415596134112902832e+10
-1.541435647789382024e-01 -9.415595510953442383e+10
-1.688239042816943591e-01 -9.415594927567959595e+10
-1.835042437844502938e-01 -9.415594381562519836e+10
-1.981845832872064506e-01 -9.415593870676141357e+10
-2.128649227899623853e-01 -9.415593392769055176e+10
-2.275452622927185420e-01 -9.415592945828776550e+10
-2.422256017954744767e-01 -9.415592527951174927e+10
-2.569059412982306334e-01 -9.415592137344900513e+10
-2.715862808009865681e-01 -9.415591772320420837e+10
-2.862666203037427248e-01 -9.415591431281214905e+10
-3.009469598064986595e-01 -9.415591112731330872e+10
-3.156272993092548163e-01 -9.415590815257513428e+10
-3.303076388120107509e-01 -9.415590537529199219e+10
-3.449879783147669077e-01 -9.415590278298081970e+10
-3.596683178175228424e-01 -9.415590036387281799e+10
-3.743486573202792211e-01 -9.415589810691156006e+10
-3.890289968230349338e-01 -9.415589600171060181e+10
-4.037093363257910905e-01 -9.415589403850099182e+10
-4.183896758285470252e-01 -9.415589220814340210e+10
-4.330700153313031819e-01 -9.415589050199047852e+10
-4.477503548340591166e-01 -9.415588891199070740e+10
-4.624306943368154954e-01 -9.415588743055865479e+10
-4.771110338395709860e-01 -9.415588605059661865e+10
-4.917913733423273648e-01 -9.415588476543257141e+10
-5.064717128450832995e-01 -9.415588356879873657e+10
-5.211520523478396782e-01 -9.415588245485983276e+10
-5.358323918505951688e-01 -9.415588141812463379e+10
-5.505127313533515476e-01 -9.415588045344438171e+10
-5.651930708561074823e-01 -9.415587955601290894e+10
-5.798734103588638611e-01 -9.415587872129684448e+10
-5.945537498616193517e-01 -9.415587794513562012e+10
-6.092340893643757305e-01 -9.415587722353614807e+10
-6.239144288671316652e-01 -9.415587655278225708e+10
-6.385947683698880439e-01 -9.415587592945335388e+10
-6.532751078726435345e-01 -9.415587535030633545e+10
-6.679554473753999133e-01 -9.415587481235168457e+10
-6.826357868781558480e-01 -9.415587431276623535e+10
-6.973161263809122268e-01 -9.415587384890100098e+10
-7.119964658836677174e-01 -9.415587341830212402e+10
-7.266768053864240962e-01 -9.415587301868252563e+10
-7.413571448891800308e-01 -9.415587264787435913e+10
-7.560374843919364096e-01 -9.415587230391369629e+10
-7.707178238946919002e-01 -9.415587198486679077e+10
-7.853981633974478349e-01 -9.415587168901780701e+10
-8.000785029002042137e-01 -9.415587141475164795e+10
-8.147588424029601484e-01 -9.415587116054632568e+10
-8.294391819057160831e-01 -9.415587092498004150e+10
-8.441195214084720178e-01 -9.415587070674273682e+10
-8.587998609112283965e-01 -9.415587050460708618e+10
-8.734802004139843312e-01 -9.415587031742663574e+10
-8.881605399167402659e-01 -9.415587014414257812e+10
-9.028408794194962006e-01 -9.415586998375497437e+10
-9.175212189222525794e-01 -9.415586983536251831e+10
-9.322015584250085141e-01 -9.415586969806355286e+10
-9.468818979277644488e-01 -9.415586957106195068e+10
-9.615622374305203834e-01 -9.415586945367210388e+10
-9.762425769332767622e-01 -9.415586934512876892e+10
-9.909229164360326969e-01 -9.415586924481303406e+10
-1.005603255938788632e+00 -9.415586915212771606e+10
-1.020283595441544566e+00 -9.415586906651263428e+10
-1.034963934944300945e+00 -9.415586898743037415e+10
-1.049644274447056880e+00 -9.415586891445904541e+10
-1.064324613949812814e+00 -9.415586884709979248e+10
-1.079004953452568749e+00 -9.415586878494927979e+10
-1.093685292955325128e+00 -9.415586872763230896e+10
-1.108365632458081063e+00 -9.415586867478866577e+10
-1.123045971960836997e+00 -9.415586862608186340e+10
-1.137726311463592932e+00 -9.415586858120811462e+10
-1.152406650966349311e+00 -9.415586853988851929e+10
-1.167086990469105245e+00 -9.415586850185598755e+10
-1.181767329971861180e+00 -9.415586846685974121e+10
-1.196447669474617115e+00 -9.415586843468167114e+10
-1.211128008977373494e+00 -9.415586840510095215e+10
-1.225808348480129428e+00 -9.415586837795373535e+10
-1.240488687982885363e+00 -9.415586835302951050e+10
-1.255169027485641298e+00 -9.415586833018197632e+10
-1.269849366988397676e+00 -9.415586830919023132e+10
-1.284529706491153611e+00 -9.415586829002984619e+10
-1.299210045993909546e+00 -9.415586827251467896e+10
-1.313890385496665481e+00 -9.415586825653141785e+10
-1.328570724999421859e+00 -9.415586824191046143e+10
-1.343251064502177794e+00 -9.415586822867880249e+10
-1.357931404004933729e+00 -9.415586821664965820e+10
-1.372611743507689663e+00 -9.415586820575756836e+10
-1.387292083010446042e+00 -9.415586819594346619e+10
-1.401972422513201977e+00 -9.415586818712062073e+10
-1.416652762015957912e+00 -9.415586817921745300e+10
-1.431333101518713846e+00 -9.415586817223678589e+10
-1.446013441021470225e+00 -9.415586816607487488e+10
-1.460693780524226160e+00 -9.415586816070271301e+10
-1.475374120026982094e+00 -9.415586815608169556e+10
-1.490054459529738029e+00 -9.415586815218257141e+10
-1.504734799032494408e+00 -9.415586814901135254e+10
-1.519415138535250342e+00 -9.415586814647537231e+10
-1.534095478038006277e+00 -9.415586814458821106e+10
-1.548775817540762212e+00 -9.415586814333068848e+10
-1.563456157043518591e+00 -9.415586814270625305e+10
