1.563456157043518591e+00 -1.507935721241383653e-14
1.548775817540762434e+00 -1.477375704660141704e-14
1.534095478038006499e+00 -1.418016405234140831e-14
1.519415138535250342e+00 -1.333172411598953890e-14
1.504734799032494408e+00 -1.227339441642370267e-14
1.490054459529738251e+00 -1.105725437179670917e-14
1.475374120026982316e+00 -9.737644807597969940e-15
1.460693780524226160e+00 -8.366830089203769064e-15
1.446013441021470225e+00 -6.991654547888273683e-15
1.431333101518714068e+00 -5.651397571800302792e-15
1.416652762015958134e+00 -4.376795334236712877e-15
1.401972422513201977e+00 -3.190034561285360352e-15
1.387292083010446042e+00 -2.105445745359117392e-15
1.372611743507690107e+00 -1.130616535036740656e-15
1.357931404004933951e+00 -2.676858140038464478e-16
1.343251064502177794e+00 4.853599025049060048e-16
1.328570724999421859e+00 1.133502845066730000e-15
1.313890385496665925e+00 1.683684124824691070e-15
1.299210045993909768e+00 2.143988252672386495e-15
1.284529706491153611e+00 2.523016172052311993e-15
1.269849366988397676e+00 2.829425871015119882e-15
1.255169027485641742e+00 3.071613144536550585e-15
1.240488687982885585e+00 3.257504000143813533e-15
1.225808348480129428e+00 3.394432424702395691e-15
1.211128008977373494e+00 3.489080915793102729e-15
1.196447669474617559e+00 3.547465356738975712e-15
1.181767329971861180e+00 3.574949839431379860e-15
1.167086990469105467e+00 3.576280502024201023e-15
1.152406650966349311e+00 3.555630405156832333e-15
1.137726311463593376e+00 3.516649765137985679e-15
1.123045971960836997e+00 3.462517652876236692e-15
1.108365632458081285e+00 3.395992598422318533e-15
1.093685292955325128e+00 3.319460518486444145e-15
1.079004953452569193e+00 3.234979070093324346e-15
1.064324613949813259e+00 3.144318011728067799e-15
1.049644274447056880e+00 3.048995474195761504e-15
1.034963934944300945e+00 2.950310251370067160e-15
1.020283595441545010e+00 2.849370334213492199e-15
1.005603255938789076e+00 2.747117993446042154e-15
9.909229164360329190e-01 2.644351733643492684e-15
9.762425769332767622e-01 2.541745445943852713e-15
9.615622374305208275e-01 2.439865083488364264e-15
9.468818979277646708e-01 2.339183165956153948e-15
9.322015584250086251e-01 2.240091351488355933e-15
9.175212189222525794e-01 2.142911381432572680e-15
9.028408794194965337e-01 2.047904544686942499e-15
8.881605399167404880e-01 1.955279913473477736e-15
8.734802004139845533e-01 1.865201485361756371e-15
8.587998609112286186e-01 1.777794391185328631e-15
8.441195214084724618e-01 1.693150292943758968e-15
8.294391819057164161e-01 1.611332067094256412e-15
8.147588424029604814e-01 1.532377901215469041e-15
8.000785029002043247e-01 1.456304851978330555e-15
7.853981633974483900e-01 1.383111950348806633e-15
7.707178238946921223e-01 1.312782914139524401e-15
7.560374843919360766e-01 1.245288509119762219e-15
7.413571448891801419e-01 1.180588622201892789e-15
7.266768053864240962e-01 1.118634059922306129e-15
7.119964658836680504e-01 1.059368133769926267e-15
6.973161263809118937e-01 1.002728043312203086e-15
6.826357868781558480e-01 9.486460691296178737e-16
6.679554473753999133e-01 8.970506329894210762e-16
6.532751078726437566e-01 8.478672131700915050e-16
6.385947683698878219e-01 8.010191415628398557e-16
6.239144288671319982e-01 7.564282978018997879e-16
6.092340893643759525e-01 7.140157161361083018e-16
5.945537498616199068e-01 6.737020967470345328e-16
5.798734103588637501e-01 6.354082609520893635e-16
5.651930708561077044e-01 5.990555335186547375e-16
5.505127313533517697e-01 5.645660781453613258e-16
5.358323918505956129e-01 5.318631672681952445e-16
5.211520523478396782e-01 5.008714199692195670e-16
5.064717128450835215e-01 4.715169943399145897e-16
4.917913733423275868e-01 4.437277575040820826e-16
4.771110338395714301e-01 4.174334146265778868e-16
4.624306943368154954e-01 3.925656066797665789e-16
4.477503548340593387e-01 3.690579951850683873e-16
4.330700153313034040e-01 3.468463203210612387e-16
4.183896758285472472e-01 3.258684435749852346e-16
4.037093363257913126e-01 3.060643719991230127e-16
3.890289968230351558e-01 2.873762702102966392e-16
3.743486573202792211e-01 2.697484588088186786e-16
3.596683178175230644e-01 2.531274039571339761e-16
3.449879783147671297e-01 2.374616959247205099e-16
3.303076388120109730e-01 2.227020225054990809e-16
3.156272993092550383e-01 2.088011323737638441e-16
3.009469598064991036e-01 1.957137972443364035e-16
2.862666203037429469e-01 1.833967648822756226e-16
2.715862808009870122e-01 1.718087122078776186e-16
2.569059412982308555e-01 1.609101918850206541e-16
2.422256017954749208e-01 1.506635801623184979e-16
2.275452622927187640e-01 1.410330205955297042e-16
2.128649227899628293e-01 1.319843660792524915e-16
1.981845832872066726e-01 1.234851217395546303e-16
1.835042437844507379e-01 1.155043858807582483e-16
1.688239042816945812e-01 1.080127918220645432e-16
1.541435647789386465e-01 1.009824504711287298e-16
1.394632252761824898e-01 9.438689060636342899e-17
1.247828857734265551e-01 8.820100256673654828e-17
1.101025462706703983e-01 8.240098255373952309e-17
9.542220676791446365e-02 7.696427624332410823e-17
8.074186726515830692e-02 7.186952445701347700e-17
6.606152776240237223e-02 6.709651163277022090e-17
5.138118825964621550e-02 6.262611311083244394e-17
3.670084875689028081e-02 5.844024567679528735e-17
2.202050925413412408e-02 5.452181797246093309e-17
7.340169751378189389e-03 5.085468459041897824e-17
-7.340169751377745300e-03 4.742360060077684336e-17
-2.202050925413390203e-02 4.421417619212922687e-17
-3.670084875688983672e-02 4.121283575848728578e-17
-5.138118825964599345e-02 3.840677599327978082e-17
-6.606152776240192814e-02 3.578392817715097263e-17
-8.074186726515808488e-02 3.333291940796945123e-17
-9.542220676791401957e-02 3.104303625782067766e-17
-1.101025462706701763e-01 2.890419149052721126e-17
-1.247828857734261110e-01 2.690689013320873646e-17
-1.394632252761822677e-01 2.504219762835114325e-17
-1.541435647789382024e-01 2.330171013025560751e-17
-1.688239042816943591e-01 2.167752593757405159e-17
-1.835042437844502938e-01 2.016221714580498071e-17
-1.981845832872064506e-01 1.874880412386940561e-17
-2.128649227899623853e-01 1.743073038572364843e-17
-2.275452622927185420e-01 1.620183886689552159e-17
-2.422256017954744767e-01 1.505634939431567461e-17
-2.569059412982306334e-01 1.398883677468148636e-17
-2.715862808009865681e-01 1.299421140944732955e-17
-2.862666203037427248e-01 1.206770004543259275e-17
-3.009469598064986595e-01 1.120482520705403125e-17
-3.156272993092548163e-01 1.040139178695321205e-17
-3.303076388120107509e-01 9.653466135089482513e-18
-3.449879783147669077e-01 8.957363934170539347e-18
-3.596683178175228424e-01 8.309633965625220840e-18
-3.743486573202789991e-01 7.707044453201509091e-18
-3.890289968230349338e-01 7.146570831429074749e-18
-4.037093363257910905e-01 6.625380743830763331e-18
-4.183896758285470252e-01 6.140825182234899296e-18
-4.330700153313031819e-01 5.690426126065040731e-18
-4.477503548340591166e-01 5.271865868182144003e-18
-4.624306943368154954e-01 4.882977291650638677e-18
-4.771110338395709860e-01 4.521734524773711898e-18
-4.917913733423273648e-01 4.186244941814796473e-18
-5.064717128450832995e-01 3.874739972735425215e-18
-5.211520523478396782e-01 3.585567319924756030e-18
-5.358323918505951688e-01 3.317184795485227613e-18
-5.505127313533515476e-01 3.068151909991115071e-18
-5.651930708561074823e-01 2.837123958345830334e-18
-5.798734103588638611e-01 2.622846000479890415e-18
-5.945537498616193517e-01 2.424148370019923941e-18
-6.092340893643757305e-01 2.239938238845325500e-18
-6.239144288671316652e-01 2.069198061106730679e-18
-6.385947683698880439e-01 1.910978146842947725e-18
-6.532751078726435345e-01 1.764392823491191067e-18
-6.679554473753999133e-01 1.628619030019778493e-18
-6.826357868781558480e-01 1.502886891018215848e-18
-6.973161263809122268e-01 1.386480385791223955e-18
-7.119964658836677174e-01 1.278734500456135025e-18
-7.266768053864240962e-01 1.179031541757753704e-18
-7.413571448891800308e-01 1.086782388591763132e-18
-7.560374843919364096e-01 1.001458988236297614e-18
-7.707178238946919002e-01 9.225584109513865690e-19
-7.853981633974478349e-01 8.496141606493647581e-19
-8.000785029002042137e-01 7.821921009125391678e-19
-8.147588424029601484e-01 7.198924303347542997e-19
-8.294391819057160831e-01 6.623382554204168158e-19
-8.441195214084720178e-01 6.091815811566139001e-19
-8.587998609112283965e-01 5.601024039867940192e-19
-8.734802004139843312e-01 5.147977301290198017e-19
-8.881605399167402659e-01 4.729899273546186983e-19
-9.028408794194962006e-01 4.344134482895276104e-19
-9.175212189222525794e-01 3.988335206142020557e-19
-9.322015584250085141e-01 3.660264844352537448e-19
-9.468818979277644488e-01 3.357837785672555161e-19
-9.615622374305203834e-01 3.079150527039560250e-19
-9.762425769332767622e-01 2.822371950532596552e-19
-9.909229164360326969e-01 2.585871664909373117e-19
-1.005603255938788632e+00 2.368126017170363178e-19
-1.020283595441544566e+00 2.167702942317286142e-19
-1.034963934944300945e+00 1.983286714831331292e-19
-1.049644274447056880e+00 1.813647438646505589e-19
-1.064324613949812814e+00 1.657660061513908264e-19
-1.079004953452568749e+00 1.514276553778696827e-19
-1.093685292955325128e+00 1.382528147420568427e-19
-1.108365632458081063e+00 1.261515823274591840e-19
-1.123045971960836997e+00 1.150410268720297965e-19
-1.137726311463592932e+00 1.048444859004959693e-19
-1.152406650966349311e+00 9.549046849567901221e-20
-1.167086990469105245e+00 8.691396805736802955e-20
-1.181767329971861180e+00 7.905414419176356529e-20
-1.196447669474617115e+00 7.185416951355153622e-20
-1.211128008977373494e+00 6.526598642260564434e-20
-1.225808348480129428e+00 5.923910650583248136e-20
-1.240488687982885363e+00 5.372779979665687159e-20
-1.255169027485641298e+00 4.869422152210238742e-20
-1.269849366988397676e+00 4.410127294591119626e-20
-1.284529706491153611e+00 3.991425796191903509e-20
-1.299210045993909546e+00 3.610269476133570436e-20
-1.313890385496665481e+00 3.263833885295317284e-20
-1.328570724999421859e+00 2.949208657514535806e-20
-1.343251064502177794e+00 2.664061137467435394e-20
-1.357931404004933729e+00 2.406328239090511760e-20
-1.372611743507689663e+00 2.173962459947241751e-20
-1.387292083010446042e+00 1.965119980870001263e-20
-1.401972422513201977e+00 1.778257316101026300e-20
-1.416652762015957912e+00 1.611750021939496260e-20
-1.431333101518713846e+00 1.464408392836691502e-20
-1.446013441021470225e+00 1.335004258229077824e-20
-1.460693780524226160e+00 1.222477635651850305e-20
-1.475374120026982094e+00 1.125941894554327330e-20
-1.490054459529738029e+00 1.044613296193470589e-20
-1.504734799032494408e+00 9.777904152427030268e-21
-1.519415138535250342e+00 9.249884252532336281e-21
-1.534095478038006277e+00 8.857708751425294653e-21
-1.548775817540762212e+00 8.598048882857683836e-21
-1.563456157043518591e+00 8.468911065064016560e-21
