1.570796326794896558e+00 -1.499585903083294408e-14
1.567865736632965801e+00 -1.502444775129743423e-14
1.564935146471035043e+00 -1.497160781700702931e-14
1.562004556309104286e+00 -1.497577721155842417e-14
1.559073966147173529e+00 -1.489885120639276478e-14
1.556143375985242772e+00 -1.487887144802094526e-14
1.553212785823311792e+00 -1.477839081607180457e-14
1.550282195661381035e+00 -1.473462097866121648e-14
1.547351605499450278e+00 -1.461132034579310032e-14
1.544421015337519520e+00 -1.454435039627195981e-14
1.541490425175588763e+00 -1.439915195778320790e-14
1.538559835013658006e+00 -1.430978244900827950e-14
1.535629244851727249e+00 -1.414378882768037781e-14
1.532698654689796491e+00 -1.403300792819178960e-14
1.529768064527865734e+00 -1.384748627189559686e-14
1.526837474365934977e+00 -1.371644877755625809e-14
1.523906884204004220e+00 -1.351281005512544659e-14
1.520976294042073240e+00 -1.336281569375098672e-14
1.518045703880142483e+00 -1.314259149889648158e-14
1.515115113718211726e+00 -1.297506190975902302e-14
1.512184523556280968e+00 -1.273987990497891993e-14
1.509253933394350211e+00 -1.255633460868587548e-14
1.506323343232419454e+00 -1.230789337893537924e-14
1.503392753070488697e+00 -1.210992530094031983e-14
1.500462162908557939e+00 -1.184996927372846793e-14
1.497531572746627182e+00 -1.163922041593897379e-14
1.494600982584696425e+00 -1.136951543905822653e-14
1.491670392422765667e+00 -1.114765325671054924e-14
1.488739802260834910e+00 -1.086996335611521721e-14
1.485809212098903931e+00 -1.063865833353779139e-14
1.482878621936973174e+00 -1.035472409597959526e-14
1.479948031775042416e+00 -1.011562893697866278e-14
1.477017441613111659e+00 -9.827147874679164686e-15
1.474086851451180902e+00 -9.581878637165649252e-15
1.471156261289250144e+00 -9.290487801881213585e-15
1.468225671127319387e+00 -9.040607218699193315e-15
1.465295080965388630e+00 -8.747868241612921784e-15
1.462364490803457873e+00 -8.494871382139487481e-15
1.459433900641527115e+00 -8.202258030404051052e-15
1.456503310479596358e+00 -7.947560375552485087e-15
1.453572720317665379e+00 -7.656448637000063984e-15
1.450642130155734622e+00 -7.401376566193332970e-15
1.447711539993803864e+00 -7.113037204044756320e-15
1.444780949831873107e+00 -6.858820827863679020e-15
1.441850359669942350e+00 -6.574414289383642749e-15
1.438919769508011592e+00 -6.322182507715281380e-15
1.435989179346080835e+00 -6.042756022658393732e-15
1.433058589184150078e+00 -5.793533646689586455e-15
1.430127999022219321e+00 -5.520020317992275684e-15
1.427197408860288563e+00 -5.274727061701831088e-15
1.424266818698357806e+00 -5.007946725419093649e-15
1.421336228536426827e+00 -4.767397853388092619e-15
1.418405638374496069e+00 -4.508059472434344515e-15
1.415475048212565312e+00 -4.272967879474827763e-15
1.412544458050634555e+00 -4.021673231989181345e-15
1.409613867888703798e+00 -3.792652726863243025e-15
1.406683277726773040e+00 -3.549901151671307287e-15
1.403752687564842283e+00 -3.327470724287923934e-15
1.400822097402911526e+00 -3.093664698440784675e-15
1.397891507240980769e+00 -2.878253557666098934e-15
1.394960917079050011e+00 -2.653704893805893769e-15
1.392030326917119254e+00 -2.445658079823338876e-15
1.389099736755188275e+00 -2.230594550345304724e-15
1.386169146593257517e+00 -2.030178942328799809e-15
1.383238556431326760e+00 -1.824751157537906451e-15
1.380307966269396003e+00 -1.632161717250347776e-15
1.377377376107465246e+00 -1.436450106423630338e-15
1.374446785945534488e+00 -1.251816218812819742e-15
1.371516195783603731e+00 -1.065837984881812808e-15
1.368585605621672974e+00 -8.892297772287836018e-16
1.365655015459742216e+00 -7.129457172434907936e-16
1.362724425297811459e+00 -5.443802583656067527e-16
1.359793835135880702e+00 -3.777013621161908251e-16
1.356863244973949723e+00 -2.171486618230757037e-16
1.353932654812018965e+00 -5.994241985760336081e-17
1.351002064650088208e+00 9.266883373776697176e-17
1.348071474488157451e+00 2.405724644016969092e-16
1.345140884326226693e+00 3.853494765698368360e-16
1.342210294164295936e+00 5.241524856057373908e-16
1.339279704002365179e+00 6.612332685662652247e-16
1.336349113840434422e+00 7.911644076805763913e-16
1.333418523678503664e+00 9.207130570676148538e-16
1.330487933516572907e+00 1.042023069566512412e-15
1.327557343354642150e+00 1.164225414436318675e-15
1.324626753192711170e+00 1.277182681600922692e-15
1.321696163030780635e+00 1.392242310204779709e-15
1.318765572868849656e+00 1.497128909319540546e-15
1.315834982706918899e+00 1.605263565832410293e-15
1.312904392544988141e+00 1.702371728589712314e-15
1.309973802383057384e+00 1.803810070531436271e-15
1.307043212221126627e+00 1.893439025718539118e-15
1.304112622059195870e+00 1.988417727461126206e-15
1.301182031897265112e+00 2.070870908393084318e-15
1.298251441735334355e+00 2.159632093146017096e-15
1.295320851573403598e+00 2.235214687762063371e-15
1.292390261411472618e+00 2.318003668099752732e-15
1.289459671249542083e+00 2.387020488197450262e-15
1.286529081087611104e+00 2.464083793952683910e-15
1.283598490925680347e+00 2.526837439093941109e-15
1.280667900763749589e+00 2.598421110695672297e-15
1.277737310601818832e+00 2.655210402256540500e-15
1.274806720439888075e+00 2.721558527432425249e-15
1.271876130277957317e+00 2.772677188491484597e-15
1.268945540116026560e+00 2.834030660581201065e-15
1.266014949954095803e+00 2.879766218056321418e-15
1.263084359792165046e+00 2.936361694800818086e-15
1.260153769630234066e+00 2.976994581197352653e-15
1.257223179468303531e+00 3.029063623687015272e-15
1.254292589306372552e+00 3.064866457029587934e-15
1.251361999144441794e+00 3.112634829684950424e-15
1.248431408982511037e+00 3.143871851422190002e-15
1.245500818820580280e+00 3.187558964925016266e-15
1.242570228658649523e+00 3.214485617139362669e-15
1.239639638496718765e+00 3.254304097594382572e-15
1.236709048334788008e+00 3.277166722164725201e-15
1.233778458172857251e+00 3.313322090978746417e-15
1.230847868010926494e+00 3.332357734839755520e-15
1.227917277848995514e+00 3.365048185139041915e-15
1.224986687687064979e+00 3.380484497172992342e-15
1.222056097525134000e+00 3.409900753867573913e-15
1.219125507363203242e+00 3.421955960336174683e-15
1.216194917201272485e+00 3.448281212056748794e-15
1.213264327039341728e+00 3.457164158801516359e-15
1.210333736877410971e+00 3.480574051203097815e-15
1.207403146715480213e+00 3.486484302049384724e-15
1.204472556553549456e+00 3.507146983040203620e-15
1.201541966391618699e+00 3.510274964992379245e-15
1.198611376229687941e+00 3.528351173442516040e-15
1.195680786067756962e+00 3.528878360353895785e-15
1.192750195905826427e+00 3.544521550837457867e-15
1.189819605743895448e+00 3.542620678193622756e-15
1.186889015581964912e+00 3.555977175144379262e-15
1.183958425420033933e+00 3.551812479530238035e-15
1.181027835258103176e+00 3.563021655030191837e-15
1.178097245096172418e+00 3.556749132629897603e-15
1.175166654934241661e+00 3.565943602802260201e-15
1.172236064772310904e+00 3.557711282047855839e-15
1.169305474610380147e+00 3.565017117587816609e-15
1.166374884448449389e+00 3.554965341774886067e-15
1.163444294286518410e+00 3.560502288877995793e-15
1.160513704124587875e+00 3.548764005085258284e-15
1.157583113962656896e+00 3.552645713435870101e-15
1.154652523800726138e+00 3.539346764696686931e-15
1.151721933638795381e+00 3.541681019825849694e-15
1.148791343476864624e+00 3.526940437939182528e-15
1.145860753314933866e+00 3.527829395266200804e-15
1.142930163153003109e+00 3.511759692161327567e-15
1.139999572991072352e+00 3.511300111306473627e-15
1.137068982829141373e+00 3.494007566359347555e-15
1.134138392667210837e+00 3.492291043949274355e-15
1.131207802505280080e+00 3.473875987602641739e-15
1.128277212343349323e+00 3.470989185534365081e-15
1.125346622181418343e+00 3.451546276124102067e-15
1.122416032019487586e+00 3.447571147242949201e-15
1.119485441857556829e+00 3.427189640610004491e-15
1.116554851695626072e+00 3.422203648432599653e-15
1.113624261533695314e+00 3.400967660126035665e-15
1.110693671371764557e+00 3.395043992722879350e-15
1.107763081209833800e+00 3.373032751664427291e-15
1.104832491047903043e+00 3.366240529156532517e-15
1.101901900885972285e+00 3.343528622585117274e-15
1.098971310724041306e+00 3.335933097782382611e-15
1.096040720562110771e+00 3.312590707132264526e-15
1.093110130400179791e+00 3.304253459037772089e-15
1.090179540238249034e+00 3.280346586612873817e-15
1.087248950076318277e+00 3.271325706594487307e-15
1.084318359914387520e+00 3.246916392969163755e-15
1.081387769752456762e+00 3.237266663518718460e-15
1.078457179590526005e+00 3.212413195686900917e-15
1.075526589428595248e+00 3.202186261716899709e-15
1.072595999266664490e+00 3.176943372070898807e-15
1.069665409104733733e+00 3.166187904811360346e-15
1.066734818942802754e+00 3.140606961086518756e-15
1.063804228780872219e+00 3.129368814644540087e-15
1.060873638618941239e+00 3.103498001019322287e-15
1.057943048457010704e+00 3.091820361741597558e-15
1.055012458295079725e+00 3.065704851299949305e-15
1.052081868133149190e+00 3.053628380096137076e-15
1.049151277971218210e+00 3.027310498897721688e-15
1.046220687809287453e+00 3.014873466704071874e-15
1.043290097647356696e+00 2.988392849750925759e-15
1.040359507485425938e+00 2.975631266338120265e-15
1.037428917323495181e+00 2.949025005681176886e-15
1.034498327161564202e+00 2.935972742044170293e-15
1.031567736999633667e+00 2.909275527351280225e-15
1.028637146837702687e+00 2.895964431880751503e-15
1.025706556675772152e+00 2.869208683753139248e-15
1.022775966513841173e+00 2.855668692462417044e-15
1.019845376351910415e+00 2.828884688788656622e-15
1.016914786189979658e+00 2.815143929809947146e-15
1.013984196028048901e+00 2.788359925478834060e-15
1.011053605866118144e+00 2.774444818077230129e-15
1.008123015704187386e+00 2.747687158340241392e-15
1.005192425542256629e+00 2.733622506696885144e-15
1.002261835380325650e+00 2.706915734454861807e-15
9.993312452183951144e-01 2.692724816452707100e-15
9.964006550564642462e-01 2.666091773779921273e-15
9.934700648945334889e-01 2.651796425020743957e-15
9.905394747326026206e-01 2.625258349203056314e-15
9.876088845706719743e-01 2.610879042494588918e-15
9.846782944087412170e-01 2.584455656832007362e-15
9.817477042468103487e-01 2.570011577369235100e-15
9.788171140848795915e-01 2.543721177035669007e-15
9.758865239229487232e-01 2.529230293481872910e-15
9.729559337610180769e-01 2.503089826678259220e-15
9.700253435990873196e-01 2.488568958372024512e-15
9.670947534371564513e-01 2.462594103024398144e-15
9.641641632752256941e-01 2.448058983497342614e-15
9.612335731132949368e-01 2.422264219733528377e-15
9.583029829513641795e-01 2.407729556745576284e-15
9.553723927894334222e-01 2.382128235375460161e-15
9.524418026275025539e-01 2.367607767645976972e-15
9.495112124655717967e-01 2.342212174862214649e-15
9.465806223036410394e-01 2.327718725684331036e-15
9.436500321417102821e-01 2.302540144181494207e-15
9.407194419797794138e-01 2.288085672075287210e-15
9.377888518178486565e-01 2.263134438800052382e-15
9.348582616559178993e-01 2.248730085377377393e-15
9.319276714939871420e-01 2.224015646073261623e-15
9.289970813320563847e-01 2.209671781268992759e-15
9.260664911701255164e-01 2.185202742006725659e-15
9.231359010081947591e-01 2.170929006814402306e-15
9.202053108462641129e-01 2.146713182678695877e-15
9.172747206843332446e-01 2.132518529533415258e-15
9.143441305224024873e-01 2.108562990612096054e-15
9.114135403604716190e-01 2.094455721558712727e-15
9.084829501985409728e-01 2.070766836394480170e-15
9.055523600366102155e-01 2.056754639153996077e-15
9.026217698746793472e-01 2.033338115800104507e-15
8.996911797127485899e-01 2.019428097864737045e-15
8.967605895508178326e-01 1.996289022674421210e-15
8.938299993888870754e-01 1.982487743532873340e-15
8.908994092269563181e-01 1.959630617819831961e-15
8.879688190650254498e-01 1.945944119428896920e-15
8.850382289030946925e-01 1.923372894105953372e-15
8.821076387411639352e-01 1.909806729690914005e-15
8.791770485792331780e-01 1.887524838013738830e-15
8.762464584173024207e-01 1.874084099320238485e-15
8.733158682553715524e-01 1.852094487832555030e-15
8.703852780934407951e-01 1.838783830880741087e-15
8.674546879315100378e-01 1.817088988672049197e-15
8.645240977695792806e-01 1.803912658132022810e-15
8.615935076076485233e-01 1.782514644485672747e-15
8.586629174457176550e-01 1.769476496741682557e-15
8.557323272837870087e-01 1.748376967304832042e-15
8.528017371218561404e-01 1.735480492262407974e-15
8.498711469599253832e-01 1.714680723739681064e-15
8.469405567979946259e-01 1.701929065476767808e-15
8.440099666360638686e-01 1.681429979049144332e-15
8.410793764741331113e-01 1.668825955361560276e-15
8.381487863122022430e-01 1.648628138779341158e-15
8.352181961502714858e-01 1.636174259680804930e-15
8.322876059883407285e-01 1.616277988192371851e-15
8.293570158264099712e-01 1.603976473432922810e-15
8.264264256644792139e-01 1.584381729570706436e-15
8.234958355025483456e-01 1.572234525226896793e-15
8.205652453406175884e-01 1.552941017527312495e-15
8.176346551786868311e-01 1.540949811716796566e-15
8.147040650167560738e-01 1.521956992434201243e-15
8.117734748548253165e-01 1.510123230201660244e-15
8.088428846928944482e-01 1.491430312065863813e-15
8.059122945309636910e-01 1.479755209486971492e-15
8.029817043690330447e-01 1.461361181565219085e-15
8.000511142071021764e-01 1.449845739113014323e-15
7.971205240451714191e-01 1.431749381814609992e-15
7.941899338832405508e-01 1.420394397026551509e-15
7.912593437213099046e-01 1.402594296308425597e-15
7.883287535593791473e-01 1.391400375793058651e-15
7.853981633974482790e-01 1.373894936600566064e-15
7.824675732355174107e-01 1.362862507424691753e-15
7.795369830735867644e-01 1.345649966414606764e-15
7.766063929116560072e-01 1.334779286894838864e-15
7.736758027497251389e-01 1.317857724476805454e-15
7.707452125877944926e-01 1.307148894416396908e-15
7.678146224258636243e-01 1.290516246150009908e-15
7.648840322639328670e-01 1.279969216546611418e-15
7.619534421020019987e-01 1.263623283928938711e-15
7.590228519400713525e-01 1.253237866183357837e-15
7.560922617781404842e-01 1.237176326858404230e-15
7.531616716162097269e-01 1.226952201508350316e-15
7.502310814542790807e-01 1.211172618930366379e-15
7.473004912923482124e-01 1.201109343938590439e-15
7.443699011304173441e-01 1.185609176518128006e-15
7.414393109684866978e-01 1.175706195132439513e-15
7.385087208065558295e-01 1.160482804888425449e-15
7.355781306446250722e-01 1.150739453105072623e-15
7.326475404826942039e-01 1.135790113857216691e-15
7.297169503207635577e-01 1.126205627494136605e-15
7.267863601588326894e-01 1.111527532608329524e-15
7.238557699969019321e-01 1.102101054027631617e-15
7.209251798349712859e-01 1.087691323747274770e-15
7.179945896730404176e-01 1.078421908226916323e-15
7.150639995111095493e-01 1.064277596607799745e-15
7.121334093491789030e-01 1.055164218389458027e-15
7.092028191872481457e-01 1.041282319857378097e-15
7.062722290253172774e-01 1.032323877887145195e-15
7.033416388633864091e-01 1.018701333437600948e-15
7.004110487014557629e-01 1.009896656815105354e-15
6.974804585395250056e-01 9.965303598781852605e-16
6.945498683775941373e-01 9.878782130220004208e-16
6.916192782156634911e-01 9.747650150017181107e-16
6.886886880537326228e-01 9.662641025558940470e-16
6.857580978918018655e-01 9.534008180670956586e-16
6.828275077298712192e-01 9.450497895532484283e-16
6.798969175679403509e-01 9.324332013666595736e-16
6.769663274060094826e-01 9.242306556000282259e-16
6.740357372440787254e-01 9.118575193141061931e-16
6.711051470821480791e-01 9.038020085908321729e-16
6.681745569202172108e-01 8.916690570409309985e-16
6.652439667582863425e-01 8.837590911107698498e-16
6.623133765963556963e-01 8.718630385292149671e-16
6.593827864344249390e-01 8.640970883623420276e-16
6.564521962724940707e-01 8.524346343056501362e-16
6.535216061105634244e-01 8.448111356649087770e-16
6.505910159486325561e-01 8.333789687102944942e-16
6.476604257867017989e-01 8.258963255382401317e-16
6.447298356247709306e-01 8.146911267738254585e-16
6.417992454628402843e-01 8.073477144033897348e-16
6.388686553009094160e-01 7.963661607112996695e-16
6.359380651389786587e-01 7.891603289050939277e-16
6.330074749770479015e-01 7.783990960532793423e-16
6.300768848151171442e-01 7.713291718884310509e-16
6.271462946531862759e-01 7.607849374384167917e-16
6.242157044912556296e-01 7.538492280337382137e-16
6.212851143293247613e-01 7.435186740742050120e-16
6.183545241673940041e-01 7.367154691747143254e-16
6.154239340054631358e-01 7.265952848883874965e-16
6.124933438435324895e-01 7.199228593113825582e-16
6.095627536816016212e-01 7.100097433861601148e-16
6.066321635196708639e-01 7.034663593360448998e-16
6.037015733577402177e-01 6.937570222236450644e-16
6.007709831958093494e-01 6.873409314794723133e-16
5.978403930338784811e-01 6.778320975142016941e-16
5.949098028719478348e-01 6.715415434994390216e-16
5.919792127100170775e-01 6.622299528764275852e-16
5.890486225480862092e-01 6.560631726117702266e-16
5.861180323861553410e-01 6.469455832416519163e-16
5.831874422242246947e-01 6.409008091948049146e-16
5.802568520622939374e-01 6.319739984341061351e-16
5.773262619003630691e-01 6.260494602549952301e-16
5.743956717384324229e-01 6.173102264844681227e-16
5.714650815765015546e-01 6.115041526778559078e-16
5.685344914145706863e-01 6.029493168945321868e-16
5.656039012526399290e-01 5.972599362937697282e-16
5.626733110907091717e-01 5.888863434122724332e-16
5.597427209287784144e-01 5.833118867337753220e-16
5.568121307668476572e-01 5.751164069031650178e-16
5.538815406049168999e-01 5.696551080671088158e-16
5.509509504429861426e-01 5.616346378892903042e-16
5.480203602810553853e-01 5.562847353201756405e-16
5.450897701191246281e-01 5.484361989469034169e-16
5.421591799571938708e-01 5.431959367903057960e-16
5.392285897952628915e-01 5.355162869426655802e-16
5.362979996333321342e-01 5.303839162048710790e-16
5.333674094714015990e-01 5.228701351153864180e-16
5.304368193094706196e-01 5.178439147322745465e-16
5.275062291475398624e-01 5.104930150006821554e-16
5.245756389856091051e-01 5.055712128390788713e-16
5.216450488236783478e-01 4.983802382211046376e-16
5.187144586617475905e-01 4.935611320181800989e-16
5.157838684998168333e-01 4.865271581384058611e-16
5.128532783378860760e-01 4.818090363743978522e-16
5.099226881759553187e-01 4.749291713755465816e-16
5.069920980140243394e-01 4.703103340931715363e-16
5.040615078520938042e-01 4.635817192178788435e-16
5.011309176901628248e-01 4.590604787826824297e-16
4.982003275282320676e-01 4.524802888994914643e-16
4.952697373663013103e-01 4.480549707099613507e-16
4.923391472043705530e-01 4.416204147767257788e-16
4.894085570424397957e-01 4.372893579190946516e-16
4.864779668805090385e-01 4.309976793960246479e-16
4.835473767185782812e-01 4.267592372564735067e-16
4.806167865566475239e-01 4.206077144650163385e-16
4.776861963947165446e-01 4.164602552902064656e-16
4.747556062327860094e-01 4.104462017237759928e-16
4.718250160708550300e-01 4.063881091420401332e-16
4.688944259089242728e-01 4.005088737290083419e-16
4.659638357469937375e-01 3.965385472269410689e-16
4.630332455850627582e-01 3.907915145514764274e-16
4.601026554231320009e-01 3.869073699122044060e-16
4.571720652612012437e-01 3.812899603915493221e-16
4.542414750992704864e-01 3.774904300941945952e-16
4.513108849373397291e-01 3.720001001174951243e-16
4.483802947754087498e-01 3.682836337014627960e-16
4.454497046134782146e-01 3.629178757307246436e-16
4.425191144515474573e-01 3.592829401239455845e-16
4.395885242896164780e-01 3.540392827596254255e-16
4.366579341276859427e-01 3.504843625776230561e-16
4.337273439657549634e-01 3.453603705914486486e-16
4.307967538038242061e-01 3.418839684004508727e-16
4.278661636418936709e-01 3.368772427350382637e-16
4.249355734799626916e-01 3.334778792923084785e-16
4.220049833180319343e-01 3.285860570330566154e-16
4.190743931561011770e-01 3.252622714909533423e-16
4.161438029941704198e-01 3.204830258097453871e-16
4.132132128322396625e-01 3.172333758996014588e-16
4.102826226703086832e-01 3.125644159687064877e-16
4.073520325083781479e-01 3.093874781573196755e-16
4.044214423464473906e-01 3.048265490431834049e-16
4.014908521845164113e-01 3.017209186655213119e-16
3.985602620225858761e-01 2.972658011961483741e-16
3.956296718606548968e-01 2.942300925638439268e-16
3.926990816987241395e-01 2.898786031741679686e-16
3.897684915367933822e-01 2.869114496649499646e-16
3.868379013748626249e-01 2.826614402236460888e-16
3.839073112129318677e-01 2.797614943482999784e-16
3.809767210510008884e-01 2.756108519629083422e-16
3.780461308890703531e-01 2.727767854136845299e-16
3.751155407271395958e-01 2.687234322182035309e-16
3.721849505652086165e-01 2.659539358992597151e-16
3.692543604032780813e-01 2.619958288266113894e-16
3.663237702413471020e-01 2.592896128670334017e-16
3.633931800794163447e-01 2.554247434031466369e-16
3.604625899174855874e-01 2.527805371518072384e-16
3.575319997555548301e-01 2.490069310764355017e-16
3.546014095936240729e-01 2.464234830846505858e-16
3.516708194316933156e-01 2.427392001978428856e-16
3.487402292697625583e-01 2.402152781840609300e-16
3.458096391078318010e-01 2.366184120212658827e-16
3.428790489459008217e-01 2.341528028243721168e-16
3.399484587839702865e-01 2.306414803576620565e-16
3.370178686220395292e-01 2.282329898767439516e-16
3.340872784601085499e-01 2.248053712067361008e-16
3.311566882981777926e-01 2.224528243286416817e-16
3.282260981362470353e-01 2.191071023652511965e-16
3.252955079743162781e-01 2.168093428790783189e-16
3.223649178123855208e-01 2.135437430137183567e-16
3.194343276504547635e-01 2.112996335174090152e-16
3.165037374885240062e-01 2.081124132876968945e-16
3.135731473265932490e-01 2.059208350826603204e-16
3.106425571646622696e-01 2.028102838272598875e-16
3.077119670027317344e-01 2.006701368038042086e-16
3.047813768408007551e-01 1.976345753118875070e-16
3.018507866788699978e-01 1.955447778259409532e-16
2.989201965169392405e-01 1.925825579787885986e-16
2.959896063550084833e-01 1.905420467198535545e-16
2.930590161930777260e-01 1.876515511345891506e-16
2.901284260311469687e-01 1.856592809853260726e-16
2.871978358692162114e-01 1.828389226272593378e-16
2.842672457072854542e-01 1.808938665271070760e-16
2.813366555453544748e-01 1.781420883614126304e-16
2.784060653834239396e-01 1.762432371365811873e-16
2.754754752214929603e-01 1.735585117379649515e-16
2.725448850595622030e-01 1.717048739532480840e-16
2.696142948976316678e-01 1.690857031284273659e-16
2.666837047357006885e-01 1.672763049209391060e-16
2.637531145737699312e-01 1.647212193261079243e-16
2.608225244118391739e-01 1.629551042349057316e-16
2.578919342499084166e-01 1.604626629899047468e-16
2.549613440879776594e-01 1.587388917785435062e-16
2.520307539260466800e-01 1.563076820783485883e-16
2.491001637641161448e-01 1.546253325583044751e-16
2.461695736021853875e-01 1.522539692842310109e-16
2.432389834402544082e-01 1.506121361304060548e-16
2.403083932783238730e-01 1.482992614605069396e-16
2.373778031163928937e-01 1.466970560239591651e-16
2.344472129544621364e-01 1.444413390429139314e-16
2.315166227925316011e-01 1.428778891615376182e-16
2.285860326306006218e-01 1.406780254666587157e-16
2.256554424686698646e-01 1.391524752698417067e-16
2.227248523067391073e-01 1.370071865795291359e-16
2.197942621448083500e-01 1.355186962942031989e-16
2.168636719828775927e-01 1.334267300577671775e-16
2.139330818209466134e-01 1.319744758080197833e-16
2.110024916590160782e-01 1.299346048145760081e-16
2.080719014970853209e-01 1.285177784232048015e-16
2.051413113351543416e-01 1.265288004103363794e-16
2.022107211732238063e-01 1.251466091957226733e-16
1.992801310112928270e-01 1.232073464616028352e-16
1.963495408493620697e-01 1.218590130326600123e-16
1.934189506874313125e-01 1.199683120474092123e-16
1.904883605255005552e-01 1.186530741001081587e-16
1.875577703635697979e-01 1.168098051200130624e-16
1.846271802016388186e-01 1.155269152317592620e-16
1.816965900397082834e-01 1.137299719136652099e-16
1.787659998777775261e-01 1.124786973342604898e-16
1.758354097158465468e-01 1.107269963549989397e-16
1.729048195539160115e-01 1.095066188002134701e-16
1.699742293919850322e-01 1.077990994750265504e-16
1.670436392300542749e-01 1.066089149202553270e-16
1.641130490681235177e-01 1.049445388264967236e-16
1.611824589061927604e-01 1.037838572962180765e-16
1.582518687442620031e-01 1.021616078961994229e-16
1.553212785823312458e-01 1.010297532561485268e-16
1.523906884204004886e-01 9.944863552568217087e-17
1.494600982584697313e-01 9.834494527527621383e-17
1.465295080965387520e-01 9.680398533483771819e-17
1.435989179346082167e-01 9.572781039917631808e-17
1.406683277726774595e-01 9.422605514559046777e-17
1.377377376107464801e-01 9.317675966960223417e-17
1.348071474488157229e-01 9.171327641502973054e-17
1.318765572868849656e-01 9.069023755480567466e-17
1.289459671249542083e-01 8.926411366444504583e-17
1.260153769630234510e-01 8.826672138050420667e-17
1.230847868010926938e-01 8.687706391643993055e-17
1.201541966391619365e-01 8.590472077217448916e-17
1.172236064772311792e-01 8.455065614099396107e-17
1.142930163153004219e-01 8.360277709510441804e-17
1.113624261533696647e-01 8.228345069660675114e-17
1.084318359914386853e-01 8.135946290178980044e-17
1.055012458295079281e-01 8.007403878627621251e-17
1.025706556675771708e-01 7.917338138570110550e-17
9.964006550564641351e-02 7.792104190796233283e-17
9.670947534371565624e-02 7.704316583624005157e-17
9.377888518178489896e-02 7.582311132119566982e-17
9.084829501985414169e-02 7.496747910437764129e-17
8.791770485792338441e-02 7.377892750867124153e-17
8.498711469599262713e-02 7.294501306678881257e-17
8.205652453406186986e-02 7.178719965203475164e-17
7.912593437213089054e-02 7.097448810178997721e-17
7.619534421020013326e-02 6.984666510488298929e-17
7.326475404826959803e-02 6.905465256730936780e-17
7.033416388633861871e-02 6.795608888037112268e-17
6.740357372440786143e-02 6.718428228617183845e-17
6.447298356247710416e-02 6.611426313718976224e-17
6.154239340054634688e-02 6.536218003626037906e-17
5.861180323861558961e-02 6.432000667545939827e-17
5.568121307668461029e-02 6.358717504817757667e-17
5.275062291475407505e-02 6.257216443796705386e-17
4.982003275282331778e-02 6.185812250568761433e-17
4.688944259089233846e-02 6.086960701398215557e-17
4.395885242896180323e-02 6.017390305466169749e-17
4.102826226703082391e-02 5.921123015464565917e-17
3.809767210510006663e-02 5.853342231879072361e-17
3.516708194316953140e-02 5.759595429295205917e-17
3.223649178123855208e-02 5.693561042352275123e-17
2.930590161930779480e-02 5.602272406552965608e-17
2.637531145737703753e-02 5.537942151844747304e-17
2.344472129544628025e-02 5.449050784894544774e-17
2.051413113351552298e-02 5.386383331213503390e-17
1.758354097158454366e-02 5.299829729303093062e-17
1.465295080965400842e-02 5.238784661578978392e-17
1.172236064772325115e-02 5.154510686349925887e-17
8.791770485792271828e-03 5.095048488581177363e-17
5.861180323861736596e-03 5.012997341218097842e-17
2.930590161930757276e-03 4.955079377728424989e-17
0.000000000000000000e+00 4.875195569724746488e-17
-2.930590161930757276e-03 4.818784070392561431e-17
-5.861180323861736596e-03 4.741013397990033151e-17
-8.791770485792049783e-03 4.686071440418312601e-17
-1.172236064772302910e-02 4.610360957925390864e-17
-1.465295080965378638e-02 4.556852451251123248e-17
-1.758354097158454366e-02 4.483150445174055508e-17
-2.051413113351552298e-02 4.431040113867756466e-17
-2.344472129544628025e-02 4.359296077443980692e-17
-2.637531145737703753e-02 4.308549445239445806e-17
-2.930590161930757276e-02 4.238714053094661679e-17
-3.223649178123833003e-02 4.189297427260464234e-17
-3.516708194316930935e-02 4.121322511035987237e-17
-3.809767210510006663e-02 4.073202966852261612e-17
-4.102826226703082391e-02 4.007041490736629740e-17
-4.395885242896180323e-02 3.960186856221839898e-17
-4.688944259089256050e-02 3.895792893181720298e-17
-4.982003275282309573e-02 3.850171733827053111e-17
-5.275062291475385301e-02 3.787500442060137256e-17
-5.568121307668461029e-02 3.743082046177368294e-17
-5.861180323861558961e-02 3.682089646155075659e-17
-6.154239340054634688e-02 3.638844010142892660e-17
-6.447298356247710416e-02 3.579487761813215004e-17
-6.740357372440763939e-02 3.537385575679641324e-17
-7.033416388633839667e-02 3.479623756374251797e-17
-7.326475404826937599e-02 3.438636389613897044e-17
-7.619534421020013326e-02 3.382428272017674824e-17
-7.912593437213089054e-02 3.342527759634781152e-17
-8.205652453406186986e-02 3.287833590405027755e-17
-8.498711469599262713e-02 3.248992619186662725e-17
-8.791770485792316236e-02 3.195773597779648212e-17
-9.084829501985391964e-02 3.157965492762794112e-17
-9.377888518178489896e-02 3.106183750806678225e-17
-9.670947534371565624e-02 3.069382461919574602e-17
-9.964006550564641351e-02 3.019001042758969855e-17
-1.025706556675771708e-01 2.983181131812849578e-17
-1.055012458295081501e-01 2.934163970588681939e-17
-1.084318359914386853e-01 2.899300598412385985e-17
-1.113624261533694426e-01 2.851612502514122556e-17
-1.142930163153001999e-01 2.817681416265647678e-17
-1.172236064772311792e-01 2.771288046029961445e-17
-1.201541966391619365e-01 2.738265566795094658e-17
-1.230847868010926938e-01 2.693133416626075242e-17
-1.260153769630232290e-01 2.660996427180979488e-17
-1.289459671249539863e-01 2.617092807068335934e-17
-1.318765572868849656e-01 2.585818739845683433e-17
-1.348071474488157229e-01 2.543111757159650129e-17
-1.377377376107464801e-01 2.512678582573370360e-17
-1.406683277726774595e-01 2.471137124252961808e-17
-1.435989179346082167e-01 2.441523338957793823e-17
-1.465295080965387520e-01 2.401117054043125101e-17
-1.494600982584695092e-01 2.372301669667455582e-17
-1.523906884204002665e-01 2.333000952139920701e-17
-1.553212785823312458e-01 2.304963484017354588e-17
-1.582518687442620031e-01 2.266739456008006912e-17
-1.611824589061927604e-01 2.239459912302324792e-17
-1.641130490681237397e-01 2.202284407604287223e-17
-1.670436392300540529e-01 2.175743278466411672e-17
-1.699742293919850322e-01 2.139588826324899620e-17
-1.729048195539157895e-01 2.113767073309744373e-17
-1.758354097158465468e-01 2.078606882679554454e-17
-1.787659998777775261e-01 2.053485928360703253e-17
-1.816965900397082834e-01 2.019293872342862768e-17
-1.846271802016390406e-01 1.994855590297019053e-17
-1.875577703635695759e-01 1.961606190880323741e-17
-1.904883605255003332e-01 1.937832895427338263e-17
-1.934189506874313125e-01 1.905501308697564082e-17
-1.963495408493620697e-01 1.882375745220795125e-17
-1.992801310112928270e-01 1.850937746590710387e-17
-2.022107211732238063e-01 1.828443081936379170e-17
-2.051413113351541195e-01 1.797875052009592235e-17
-2.080719014970850989e-01 1.775994865045399467e-17
-2.110024916590158561e-01 1.746273775511142421e-17
-2.139330818209466134e-01 1.724992047792899016e-17
-2.168636719828775927e-01 1.696095447681157157e-17
-2.197942621448083500e-01 1.675396554524610279e-17
-2.227248523067391073e-01 1.647302556836189484e-17
-2.256554424686696425e-01 1.627171258249037165e-17
-2.285860326306003998e-01 1.599858526698432823e-17
-2.315166227925313791e-01 1.580279958781722841e-17
-2.344472129544621364e-01 1.553727694998096024e-17
-2.373778031163928937e-01 1.534687361297614390e-17
-2.403083932783238730e-01 1.508875292184063141e-17
-2.432389834402546303e-01 1.490359055421397326e-17
-2.461695736021851655e-01 1.465267420649080018e-17
-2.491001637641159228e-01 1.447261494409931476e-17
-2.520307539260466800e-01 1.422871034604130575e-17
-2.549613440879776594e-01 1.405361975325759309e-17
-2.578919342499084166e-01 1.381653919947177356e-17
-2.608225244118391739e-01 1.364628619005916266e-17
-2.637531145737697091e-01 1.341584674830872440e-17
-2.666837047357004664e-01 1.325030351379607263e-17
-2.696142948976314457e-01 1.302632690973223867e-17
-2.725448850595622030e-01 1.286536882759978538e-17
-2.754754752214929603e-01 1.264768134534269931e-17
-2.784060653834239396e-01 1.249118691874666310e-17
-2.813366555453546969e-01 1.227961927632757556e-17
-2.842672457072852321e-01 1.212747006433302469e-17
-2.871978358692159894e-01 1.192185731221303089e-17
-2.901284260311469687e-01 1.177393784869331690e-17
-2.930590161930777260e-01 1.157411926991450789e-17
-2.959896063550084833e-01 1.143031699831217290e-17
-2.989201965169392405e-01 1.123613600465988534e-17
-3.018507866788702199e-01 1.109634120897195169e-17
-3.047813768408007551e-01 1.090764524121378307e-17
-3.077119670027315124e-01 1.077175097978051739e-17
-3.106425571646622696e-01 1.058839141082359966e-17
-3.135731473265932490e-01 1.045629345073552213e-17
-3.165037374885240062e-01 1.027812548968995765e-17
-3.194343276504547635e-01 1.014972224193892577e-17
-3.223649178123852987e-01 9.976604843235835668e-18
-3.252955079743160560e-01 9.851797301754218501e-18
-3.282260981362470353e-01 9.683593069800485372e-18
-3.311566882981777926e-01 9.562284749890600713e-18
-3.340872784601085499e-01 9.398859854665622062e-18
-3.370178686220395292e-01 9.280956730700443307e-18
-3.399484587839702865e-01 9.122180818416178019e-18
-3.428790489459008217e-01 9.007591268378304907e-18
-3.458096391078315790e-01 8.853337376183911279e-18
-3.487402292697623363e-01 8.741972122631909768e-18
-3.516708194316933156e-01 8.592116597141371430e-18
-3.546014095936240729e-01 8.483888650880431989e-18
-3.575319997555548301e-01 8.338311065681354551e-18
-3.604625899174858095e-01 8.233135670418071380e-18
-3.633931800794161227e-01 8.091718747609578461e-18
-3.663237702413471020e-01 7.989513327103746181e-18
-3.692543604032778592e-01 7.852142857782486414e-18
-3.721849505652086165e-01 7.752826963850965152e-18
-3.751155407271395958e-01 7.619391734105687142e-18
-3.780461308890703531e-01 7.522886992867594665e-18
-3.809767210510008884e-01 7.393278708621565928e-18
-3.839073112129316456e-01 7.299508772966506884e-18
-3.868379013748624029e-01 7.173621988075729696e-18
-3.897684915367933822e-01 7.082512485709601283e-18
-3.926990816987241395e-01 6.960244530611829075e-18
-3.956296718606548968e-01 6.871723019036245688e-18
-3.985602620225858761e-01 6.752973932585022273e-18
-4.014908521845161893e-01 6.666969848923332944e-18
-4.044214423464471686e-01 6.551642310005386191e-18
-4.073520325083779259e-01 6.468086927253331633e-18
-4.102826226703086832e-01 6.356086188636097720e-18
-4.132132128322396625e-01 6.274912569673374286e-18
-4.161438029941704198e-01 6.166146394223247731e-18
-4.190743931561011770e-01 6.087289348153630062e-18
-4.220049833180317123e-01 5.981667945165688891e-18
-4.249355734799624695e-01 5.905063984376416529e-18
-4.278661636418934489e-01 5.802499948718401785e-18
-4.307967538038242061e-01 5.728087246616208915e-18
-4.337273439657551855e-01 5.628495498391838116e-18
-4.366579341276857207e-01 5.556213849152294236e-18
-4.395885242896167000e-01 5.459511574933475880e-18
-4.425191144515472352e-01 5.389302352758283722e-18
-4.454497046134782146e-01 5.295408948476821660e-18
-4.483802947754087498e-01 5.227215068238800025e-18
-4.513108849373397291e-01 5.136052082744998060e-18
-4.542414750992707084e-01 5.069817962495756301e-18
-4.571720652612012437e-01 4.981309043849785658e-18
-4.601026554231317789e-01 4.916980566218384531e-18
-4.630332455850627582e-01 4.831051407538856137e-18
-4.659638357469932934e-01 4.768575884653745633e-18
-4.688944259089242728e-01 4.685154172046063339e-18
-4.718250160708552521e-01 4.624480308974533629e-18
-4.747556062327857873e-01 4.543495671773356258e-18
-4.776861963947167666e-01 4.484573531554510009e-18
-4.806167865566473019e-01 4.405957491934557684e-18
-4.835473767185782812e-01 4.348738461559280616e-18
-4.864779668805088164e-01 4.272424385938720416e-18
-4.894085570424397957e-01 4.216861143669670775e-18
-4.923391472043707751e-01 4.142784195795927767e-18
-4.952697373663013103e-01 4.088830677919095277e-18
-4.982003275282322896e-01 4.016927772304573431e-18
-5.011309176901628248e-01 3.964539142320845888e-18
-5.040615078520933601e-01 3.894748899735020636e-18
-5.069920980140243394e-01 3.843881516618861618e-18
-5.099226881759553187e-01 3.776144220219662514e-18
-5.128532783378858539e-01 3.726755607651907513e-18
-5.157838684998168333e-01 3.661013159461902441e-18
-5.187144586617473685e-01 3.613061977691843025e-18
-5.216450488236783478e-01 3.549257857360908781e-18
-5.245756389856088830e-01 3.502703874180748006e-18
-5.275062291475398624e-01 3.440783098050904649e-18
-5.304368193094708417e-01 3.395587159172365289e-18
-5.333674094714013769e-01 3.335496240278701811e-18
-5.362979996333323562e-01 3.291620243405191019e-18
-5.392285897952628915e-01 3.233307152802957863e-18
-5.421591799571934267e-01 3.190714019286141900e-18
-5.450897701191244060e-01 3.134128145538844628e-18
-5.480203602810553853e-01 3.092781798273709728e-18
-5.509509504429859206e-01 3.037873919738945923e-18
-5.538815406049168999e-01 2.997739249284411047e-18
-5.568121307668478792e-01 2.944461486164450470e-18
-5.597427209287784144e-01 2.905504330225045467e-18
-5.626733110907089497e-01 2.853810115687646514e-18
-5.656039012526399290e-01 2.815997241942473866e-18
-5.685344914145709083e-01 2.765841285426265523e-18
-5.714650815765014435e-01 2.729140357758800226e-18
-5.743956717384324229e-01 2.680478613905661628e-18
-5.773262619003629581e-01 2.644858172518020690e-18
-5.802568520622939374e-01 2.597647807077343763e-18
-5.831874422242244727e-01 2.563077246836152193e-18
-5.861180323861554520e-01 2.517276605330392865e-18
-5.890486225480859872e-01 2.483726151818260818e-18
-5.919792127100169665e-01 2.439294728170727750e-18
-5.949098028719479458e-01 2.406735417798728141e-18
-5.978403930338784811e-01 2.363633824153056799e-18
-6.007709831958090163e-01 2.332037483102738638e-18
-6.037015733577399956e-01 2.290227420405331744e-18
-6.066321635196709749e-01 2.259566642836345574e-18
-6.095627536816015102e-01 2.219010871907861104e-18
-6.124933438435324895e-01 2.189259000711989299e-18
-6.154239340054634688e-01 2.149921314515443424e-18
-6.183545241673940041e-01 2.121052421771442284e-18
-6.212851143293245393e-01 2.082897617398933936e-18
-6.242157044912555186e-01 2.054886485946977405e-18
-6.271462946531864979e-01 2.017880339079321925e-18
-6.300768848151170332e-01 1.990702442185899251e-18
-6.330074749770480125e-01 1.954811679095253052e-18
-6.359380651389785477e-01 1.928443164551947372e-18
-6.388686553009090829e-01 1.893635439128933072e-18
-6.417992454628400623e-01 1.868053110187266875e-18
-6.447298356247710416e-01 1.834296978059148038e-18
-6.476604257867015768e-01 1.809478276961779797e-18
-6.505910159486325561e-01 1.776743171436627182e-18
-6.535216061105635355e-01 1.752666160346664007e-18
-6.564521962724940707e-01 1.720922369255588732e-18
-6.593827864344246059e-01 1.697565717992814338e-18
-6.623133765963555852e-01 1.666784359681590200e-18
-6.652439667582865646e-01 1.644127326187265983e-18
-6.681745569202170998e-01 1.614280329254105271e-18
-6.711051470821480791e-01 1.592302746100493567e-18
-6.740357372440790584e-01 1.563362825689371316e-18
-6.769663274060091496e-01 1.542045083772668933e-18
-6.798969175679401289e-01 1.513985721719378166e-18
-6.828275077298711082e-01 1.493308756267586505e-18
-6.857580978918016434e-01 1.466104179645826209e-18
-6.886886880537326228e-01 1.446049454442662146e-18
-6.916192782156636021e-01 1.419674617203658696e-18
-6.945498683775941373e-01 1.400224111754863277e-18
-6.974804585395246725e-01 1.374654672330427203e-18
-7.004110487014556519e-01 1.355790867812626438e-18
-7.033416388633866312e-01 1.331003171781385603e-18
-7.062722290253171664e-01 1.312709038506660618e-18
-7.092028191872481457e-01 1.288680099636715393e-18
-7.121334093491791251e-01 1.270939081925437682e-18
-7.150639995111092162e-01 1.247646564675293869e-18
-7.179945896730401955e-01 1.230442569851665696e-18
-7.209251798349711748e-01 1.207864771038605079e-18
-7.238557699969017101e-01 1.191182156475691797e-18
-7.267863601588326894e-01 1.169297988200715108e-18
-7.297169503207636687e-01 1.153121549824112298e-18
-7.326475404826942039e-01 1.131910523004180278e-18
-7.355781306446247392e-01 1.116225482316429946e-18
-7.385087208065557185e-01 1.095667689243487905e-18
-7.414393109684866978e-01 1.080459683647484608e-18
-7.443699011304172330e-01 1.060535783824017090e-18
-7.473004912923482124e-01 1.045790854478395110e-18
-7.502310814542791917e-01 1.026482058781642957e-18
-7.531616716162097269e-01 1.012186639059506682e-18
-7.560922617781402622e-01 9.934746936203535313e-19
-7.590228519400712415e-01 9.796155988148423605e-19
-7.619534421020017767e-01 9.614827708105930583e-19
-7.648840322639327560e-01 9.480471889970321435e-19
-7.678146224258637353e-01 9.304762528002418756e-19
-7.707452125877942706e-01 9.174517330558690228e-19
-7.736758027497248058e-01 9.004259568913668073e-19
-7.766063929116557851e-01 8.878004011746723625e-19
-7.795369830735867644e-01 8.713035308569255920e-19
-7.824675732355172997e-01 8.590651836079414905e-19
-7.853981633974482790e-01 8.430814327044276744e-19
-7.883287535593792583e-01 8.312188716244416398e-19
-7.912593437213097936e-01 8.157329066273241390e-19
-7.941899338832403288e-01 8.042350334887003073e-19
-7.971205240451713081e-01 7.892319620789219216e-19
-8.000511142071022874e-01 7.780879936800815990e-19
-8.029817043690328227e-01 7.635533512936499887e-19
-8.059122945309638020e-01 7.527528109815912223e-19
-8.088428846928947813e-01 7.386725512192068913e-19
-8.117734748548253165e-01 7.282052611627085839e-19
-8.147040650167558518e-01 7.145657423273554862e-19
-8.176346551786868311e-01 7.044218154147657655e-19
-8.205652453406173663e-01 6.912097898931083049e-19
-8.234958355025483456e-01 6.813796199816090819e-19
-8.264264256644793250e-01 6.685822215907682519e-19
-8.293570158264098602e-01 6.590564810121719133e-19
-8.322876059883403954e-01 6.466612296739879906e-19
-8.352181961502713747e-01 6.374308434514924982e-19
-8.381487863122023541e-01 6.254255926918064925e-19
-8.410793764741328893e-01 6.164817718551172283e-19
-8.440099666360638686e-01 6.048547501460264097e-19
-8.469405567979948479e-01 5.961889367026826849e-19
-8.498711469599253832e-01 5.849287099015281235e-19
-8.528017371218559184e-01 5.765325979785511789e-19
-8.557323272837868977e-01 5.656280629875850570e-19
-8.586629174457174329e-01 5.574935846328502676e-19
-8.615935076076484123e-01 5.469339622632509749e-19
-8.645240977695793916e-01 5.390532832495794505e-19
-8.674546879315099268e-01 5.288281078164744673e-19
-8.703852780934409061e-01 5.211936191101851775e-19
-8.733158682553714414e-01 5.112927320486782577e-19
-8.762464584173024207e-01 5.038970440778181984e-19
-8.791770485792329559e-01 4.943105819868866680e-19
-8.821076387411639352e-01 4.871465191404794064e-19
-8.850382289030949146e-01 4.778649088818647518e-19
-8.879688190650254498e-01 4.709255018379743670e-19
-8.908994092269559850e-01 4.619394496787177956e-19
-8.938299993888869643e-01 4.552179322098524500e-19
-8.967605895508174996e-01 4.465184176790013984e-19
-8.996911797127484789e-01 4.400082195147520680e-19
-9.026217698746794582e-01 4.315864865388636689e-19
-9.055523600366099934e-01 4.252812275127626379e-19
-9.084829501985409728e-01 4.171287772751271505e-19
-9.114135403604715080e-01 4.110222637205198173e-19
-9.143441305224024873e-01 4.031308485412785954e-19
-9.172747206843330225e-01 3.972170657168568016e-19
-9.202053108462640019e-01 3.895786804240176223e-19
-9.231359010081949812e-01 3.838517901186970149e-19
-9.260664911701255164e-01 3.764586654504553570e-19
-9.289970813320564957e-01 3.709129987532376910e-19
-9.319276714939870310e-01 3.637575955185245955e-19
-9.348582616559175662e-01 3.583876496254366574e-19
-9.377888518178485455e-01 3.514626513269805352e-19
-9.407194419797795248e-01 3.462630840800010333e-19
-9.436500321417100601e-01 3.395613912430607769e-19
-9.465806223036410394e-01 3.345270176984193550e-19
-9.495112124655720187e-01 3.280417405595978761e-19
-9.524418026275025539e-01 3.231675267901593230e-19
-9.553723927894330892e-01 3.168919811711201689e-19
-9.583029829513640685e-01 3.121730413438365724e-19
-9.612335731132950478e-01 3.061007407480457691e-19
-9.641641632752255830e-01 3.015323324776968439e-19
-9.670947534371565624e-01 2.956569839170108995e-19
-9.700253435990870976e-01 2.912345052053143299e-19
-9.729559337610180769e-01 2.855500034514851922e-19
-9.758865239229486122e-01 2.812689866987287006e-19
-9.788171140848795915e-01 2.757694094669446962e-19
-9.817477042468105708e-01 2.716255191122615158e-19
-9.846782944087411060e-01 2.663051185322301953e-19
-9.876088845706720853e-01 2.622941483436397528e-19
-9.905394747326026206e-01 2.571473505014689575e-19
-9.934700648945331558e-01 2.532652172949792010e-19
-9.964006550564641351e-01 2.482866148250072201e-19
-9.993312452183951144e-01 2.445293567697117683e-19
-1.002261835380325650e+00 2.397137042659014390e-19
-1.005192425542256629e+00 2.360774765314130549e-19
-1.008123015704187608e+00 2.314196864305635504e-19
-1.011053605866118144e+00 2.279007599247604261e-19
-1.013984196028048679e+00 2.233958963902173238e-19
-1.016914786189979658e+00 2.199906513601430474e-19
-1.019845376351910637e+00 2.156339284868227371e-19
-1.022775966513841173e+00 2.123388548873667247e-19
-1.025706556675772152e+00 2.081256302035892114e-19
-1.028637146837702687e+00 2.049373201381471570e-19
-1.031567736999633222e+00 2.008630920560777467e-19
-1.034498327161564202e+00 1.977782416497255061e-19
-1.037428917323495181e+00 1.938386438681166865e-19
-1.040359507485425716e+00 1.908540458312867824e-19
-1.043290097647356696e+00 1.870448458250209119e-19
-1.046220687809287675e+00 1.841573909236300043e-19
-1.049151277971218210e+00 1.804744818356745447e-19
-1.052081868133148745e+00 1.776811529050668563e-19
-1.055012458295079725e+00 1.741205549511968536e-19
-1.057943048457010704e+00 1.714184270187271791e-19
-1.060873638618941239e+00 1.679762790757282902e-19
-1.063804228780872219e+00 1.653625133356951322e-19
-1.066734818942803198e+00 1.620350739837607847e-19
-1.069665409104733289e+00 1.595069191723115878e-19
-1.072595999266664268e+00 1.562905598292442605e-19
-1.075526589428595248e+00 1.538453447432439270e-19
-1.078457179590525783e+00 1.507365490450910538e-19
-1.081387769752456762e+00 1.483716866768354123e-19
-1.084318359914387742e+00 1.453670432435642799e-19
-1.087248950076318277e+00 1.430800219888866091e-19
-1.090179540238248812e+00 1.401762263726206872e-19
-1.093110130400179791e+00 1.379646144740020828e-19
-1.096040720562110771e+00 1.351584606422592077e-19
-1.098971310724041306e+00 1.330198966559572496e-19
-1.101901900885972285e+00 1.303082812483623998e-19
-1.104832491047903265e+00 1.282404809215310418e-19
-1.107763081209833356e+00 1.256203903552937505e-19
-1.110693671371764335e+00 1.236211211342420243e-19
-1.113624261533695314e+00 1.210896371045434006e-19
-1.116554851695625850e+00 1.191567691966588474e-19
-1.119485441857556829e+00 1.167110715966518260e-19
-1.122416032019487808e+00 1.148425083062306014e-19
-1.125346622181418343e+00 1.124798539704292349e-19
-1.128277212343348879e+00 1.106735758459253648e-19
-1.131207802505279858e+00 1.083913083429320864e-19
-1.134138392667210837e+00 1.066453578057986282e-19
-1.137068982829141373e+00 1.044409049452719207e-19
-1.139999572991072352e+00 1.027533836174549049e-19
-1.142930163153003331e+00 1.006242526168577445e-19
-1.145860753314933866e+00 9.899332156711799212e-20
-1.148791343476864402e+00 9.693709779057289060e-20
-1.151721933638795381e+00 9.536097443902327795e-20
-1.154652523800725916e+00 9.337531790890721259e-20
-1.157583113962656896e+00 9.185227532110587781e-20
-1.160513704124587875e+00 8.993491987617177282e-20
-1.163444294286518410e+00 8.846328453018778002e-20
-1.166374884448448945e+00 8.661203449492883675e-20
-1.169305474610379925e+00 8.519018555928448613e-20
-1.172236064772310904e+00 8.340291480137002104e-20
-1.175166654934241439e+00 8.202928135088091567e-20
-1.178097245096172418e+00 8.030393034172565589e-20
-1.181027835258103398e+00 7.897699141765074384e-20
-1.183958425420033933e+00 7.731156542423205068e-20
-1.186889015581964468e+00 7.602984764110048538e-20
-1.189819605743895448e+00 7.442241506106758240e-20
-1.192750195905826427e+00 7.318449223981879978e-20
-1.195680786067756962e+00 7.163318250370963187e-20
-1.198611376229687941e+00 7.043767260546331837e-20
-1.201541966391618921e+00 6.894067547904780438e-20
-1.204472556553549456e+00 6.778624112472042193e-20
-1.207403146715479991e+00 6.634180320365255746e-20
-1.210333736877410971e+00 6.522714911106372185e-20
-1.213264327039341506e+00 6.383357390654356074e-20
-1.216194917201272485e+00 6.275744642096491216e-20
-1.219125507363203464e+00 6.141308977807112995e-20
-1.222056097525134000e+00 6.037427602193227087e-20
-1.224986687687064535e+00 5.907754941813465923e-20
-1.227917277848995514e+00 5.807487478254813988e-20
-1.230847868010926494e+00 5.682423878320131906e-20
-1.233778458172857029e+00 5.585656732399075728e-20
-1.236709048334788008e+00 5.465053300201474103e-20
-1.239639638496718987e+00 5.371676620384779179e-20
-1.242570228658649523e+00 5.255389321505176923e-20
-1.245500818820580058e+00 5.165296690417169734e-20
-1.248431408982511037e+00 5.053186099531177886e-20
-1.251361999144441572e+00 4.966274774694044644e-20
-1.254292589306372552e+00 4.858206107391970865e-20
-1.257223179468303531e+00 4.774376606739579253e-20
-1.260153769630234066e+00 4.670219435799409442e-20
-1.263084359792165046e+00 4.589375639657234133e-20
-1.266014949954095581e+00 4.489003841256934128e-20
-1.268945540116026560e+00 4.411052792277677124e-20
-1.271876130277957095e+00 4.314344482976228720e-20
-1.274806720439888075e+00 4.239196401664792394e-20
-1.277737310601819054e+00 4.146033647537837465e-20
-1.280667900763749589e+00 4.073601818837021163e-20
-1.283598490925680125e+00 3.983870695352618311e-20
-1.286529081087611104e+00 3.914071297923366496e-20
-1.289459671249541639e+00 3.827661617151045664e-20
-1.292390261411472618e+00 3.760413697546462223e-20
-1.295320851573403598e+00 3.677219035480129209e-20
-1.298251441735334133e+00 3.612444464982703738e-20
-1.301182031897265112e+00 3.532362011485478673e-20
-1.304112622059195647e+00 3.469985395139904637e-20
-1.307043212221126627e+00 3.392915876795816110e-20
-1.309973802383057162e+00 3.332864462988742410e-20
-1.312904392544988141e+00 3.258711881934177679e-20
-1.315834982706919121e+00 3.200915463329281028e-20
-1.318765572868849656e+00 3.129587273060157655e-20
-1.321696163030780635e+00 3.073978139164380273e-20
-1.324626753192711170e+00 3.005384904766942472e-20
-1.327557343354641706e+00 2.951897877530785906e-20
-1.330487933516572685e+00 2.885953413750336606e-20
-1.333418523678503664e+00 2.834525525230258428e-20
-1.336349113840434200e+00 2.771146589902346930e-20
-1.339279704002365179e+00 2.721717520542665306e-20
-1.342210294164295714e+00 2.660823663552495726e-20
-1.345140884326226693e+00 2.613335318962841455e-20
-1.348071474488157229e+00 2.554849017330026707e-20
-1.351002064650088208e+00 2.509244987752776438e-20
-1.353932654812019187e+00 2.453091748217575081e-20
-1.356863244973949723e+00 2.409318443592844816e-20
-1.359793835135880702e+00 2.355426358083377009e-20
-1.362724425297811237e+00 2.313431827880388449e-20
-1.365655015459742216e+00 2.261731897236071930e-20
-1.368585605621672752e+00 2.221466515158505122e-20
-1.371516195783603731e+00 2.171891850899857411e-20
-1.374446785945534266e+00 2.133307709095149262e-20
-1.377377376107465246e+00 2.085794027480526815e-20
-1.380307966269396225e+00 2.048845519622075843e-20
-1.383238556431326760e+00 2.003331131114767107e-20
-1.386169146593257295e+00 1.967974374327295203e-20
-1.389099736755188275e+00 1.924400042273725555e-20
-1.392030326917119254e+00 1.890593082719940367e-20
-1.394960917079049789e+00 1.848902597628730054e-20
-1.397891507240980769e+00 1.816604375027280697e-20
-1.400822097402911304e+00 1.776740973822294352e-20
-1.403752687564842283e+00 1.745914854351457229e-20
-1.406683277726772818e+00 1.707826885941777632e-20
-1.409613867888703798e+00 1.678435560092571544e-20
-1.412544458050634777e+00 1.642072541295898901e-20
-1.415475048212565312e+00 1.614081124406399299e-20
-1.418405638374496291e+00 1.579394003303257074e-20
-1.421336228536426827e+00 1.552770183616978091e-20
-1.424266818698357362e+00 1.519714153448653358e-20
-1.427197408860288341e+00 1.494424478622546094e-20
-1.430127999022219321e+00 1.462954441839816530e-20
-1.433058589184149856e+00 1.438969758962660274e-20
-1.435989179346080835e+00 1.409043461664654017e-20
-1.438919769508011814e+00 1.386335550190433374e-20
-1.441850359669942350e+00 1.357912306949931397e-20
-1.444780949831872885e+00 1.336454548800742202e-20
-1.447711539993803864e+00 1.309495788681959839e-20
-1.450642130155734844e+00 1.289262886366802631e-20
-1.453572720317665379e+00 1.263731785135551755e-20
-1.456503310479596358e+00 1.244700028802761855e-20
-1.459433900641527337e+00 1.220561585864300607e-20
-1.462364490803457429e+00 1.202708759076838887e-20
-1.465295080965388408e+00 1.179929727482711367e-20
-1.468225671127319387e+00 1.163235044115303598e-20
-1.471156261289249922e+00 1.141783868086778535e-20
-1.474086851451180902e+00 1.126228059543401747e-20
-1.477017441613111881e+00 1.106074705096723461e-20
-1.479948031775042416e+00 1.091640007169881666e-20
-1.482878621936972952e+00 1.072756264320851127e-20
-1.485809212098903931e+00 1.059426116718341179e-20
-1.488739802260834910e+00 1.041785327414577934e-20
-1.491670392422765445e+00 1.029544755677094793e-20
-1.494600982584696425e+00 1.013121898078133346e-20
-1.497531572746627404e+00 1.001957269022360032e-20
-1.500462162908557495e+00 9.867286828541514389e-21
-1.503392753070488475e+00 9.766277667335295357e-21
-1.506323343232419454e+00 9.625717004595271058e-21
-1.509253933394349989e+00 9.535234192840530213e-21
-1.512184523556280968e+00 9.406192168272133377e-21
-1.515115113718211948e+00 9.326141166990613800e-21
-1.518045703880142483e+00 9.208428767823052129e-21
-1.520976294042073018e+00 9.138726817268261238e-21
-1.523906884204003997e+00 9.032168085494169797e-21
-1.526837474365934977e+00 8.972746744969161334e-21
-1.529768064527865512e+00 8.877181605204397799e-21
-1.532698654689796491e+00 8.827985302303284856e-21
-1.535629244851727471e+00 8.743266064409002825e-21
-1.538559835013658006e+00 8.704253556139076970e-21
-1.541490425175588541e+00 8.630248831602010237e-21
-1.544421015337519520e+00 8.601389560532942887e-21
-1.547351605499450056e+00 8.537980364892182164e-21
-1.550282195661381035e+00 8.519258428320064711e-21
-1.553212785823312014e+00 8.466343608183207514e-21
-1.556143375985242550e+00 8.457752918386135469e-21
-1.559073966147173085e+00 8.415247845486820635e-21
-1.562004556309104064e+00 8.416789098804278974e-21
-1.564935146471035043e+00 8.384634774594175679e-21
-1.567865736632965579e+00 8.396316221051047096e-21
-1.570796326794896558e+00 8.374392262706960657e-21
