#time,vrms
4.112331e-05 1.791120e+02 
6.128110e-05 3.653929e+02 
7.463554e-05 5.515129e+02 
8.462360e-05 7.373412e+02 
9.260383e-05 9.227685e+02 
9.925104e-05 1.107690e+03 
1.049492e-04 1.292001e+03 
1.099376e-04 1.475603e+03 
1.143753e-04 1.658392e+03 
1.183737e-04 1.840272e+03 
1.220135e-04 2.021143e+03 
1.253551e-04 2.200910e+03 
1.284452e-04 2.379476e+03 
1.313203e-04 2.556750e+03 
1.340095e-04 2.732639e+03 
1.365366e-04 2.907053e+03 
1.389210e-04 3.079905e+03 
1.411792e-04 3.251108e+03 
1.433246e-04 3.420578e+03 
1.453691e-04 3.588234e+03 
1.473225e-04 3.753995e+03 
1.491935e-04 3.917785e+03 
1.509896e-04 4.079529e+03 
1.527173e-04 4.239153e+03 
1.543824e-04 4.396588e+03 
1.559901e-04 4.551766e+03 
1.575447e-04 4.704621e+03 
1.590505e-04 4.855091e+03 
1.605111e-04 5.003115e+03 
1.619296e-04 5.148636e+03 
1.633092e-04 5.291598e+03 
1.646525e-04 5.431949e+03 
1.659619e-04 5.569639e+03 
1.672397e-04 5.704621e+03 
1.684879e-04 5.836849e+03 
1.697084e-04 5.966281e+03 
1.709030e-04 6.092877e+03 
1.720731e-04 6.216600e+03 
1.732205e-04 6.337414e+03 
1.743463e-04 6.455286e+03 
1.754518e-04 6.570187e+03 
1.765383e-04 6.682088e+03 
1.776069e-04 6.790964e+03 
1.786586e-04 6.896791e+03 
1.796944e-04 6.999547e+03 
1.807151e-04 7.099214e+03 
1.817217e-04 7.195773e+03 
1.827150e-04 7.289211e+03 
1.836957e-04 7.379513e+03 
1.846645e-04 7.466668e+03 
1.856219e-04 7.550660e+03 
1.865688e-04 7.631478e+03 
1.875057e-04 7.709119e+03 
1.884332e-04 7.783577e+03 
1.893518e-04 7.854852e+03 
1.902622e-04 7.922944e+03 
1.911647e-04 7.987853e+03 
1.920600e-04 8.049581e+03 
1.929484e-04 8.108135e+03 
1.938305e-04 8.163518e+03 
1.947067e-04 8.215737e+03 
1.955774e-04 8.264801e+03 
1.964431e-04 8.310719e+03 
1.973040e-04 8.353500e+03 
1.981607e-04 8.393157e+03 
1.990135e-04 8.429700e+03 
1.998627e-04 8.463145e+03 
2.007087e-04 8.493503e+03 
2.015519e-04 8.520792e+03 
2.023926e-04 8.545025e+03 
2.032306e-04 8.566221e+03 
2.040656e-04 8.584386e+03 
2.048978e-04 8.599531e+03 
2.057274e-04 8.611688e+03 
2.065548e-04 8.620889e+03 
2.073802e-04 8.627167e+03 
2.082037e-04 8.630557e+03 
2.090255e-04 8.631094e+03 
2.098459e-04 8.628816e+03 
2.106651e-04 8.623762e+03 
2.114833e-04 8.615972e+03 
2.123008e-04 8.605487e+03 
2.131176e-04 8.592348e+03 
2.139342e-04 8.576597e+03 
2.147506e-04 8.558277e+03 
2.155671e-04 8.537432e+03 
2.163839e-04 8.514106e+03 
2.172012e-04 8.488343e+03 
2.180192e-04 8.460188e+03 
2.188381e-04 8.429688e+03 
2.196581e-04 8.396887e+03 
2.204793e-04 8.361832e+03 
2.213021e-04 8.324570e+03 
2.221265e-04 8.285148e+03 
2.229529e-04 8.243612e+03 
2.237813e-04 8.200009e+03 
2.246119e-04 8.154388e+03 
2.254451e-04 8.106795e+03 
2.262809e-04 8.057278e+03 
2.271196e-04 8.005884e+03 
2.279614e-04 7.952662e+03 
2.288064e-04 7.897658e+03 
2.296548e-04 7.840922e+03 
2.305067e-04 7.782508e+03 
2.313624e-04 7.722464e+03 
2.322221e-04 7.660839e+03 
2.330859e-04 7.597679e+03 
2.339541e-04 7.533033e+03 
2.348270e-04 7.466947e+03 
2.357047e-04 7.399469e+03 
2.365874e-04 7.330644e+03 
2.374754e-04 7.260520e+03 
2.383689e-04 7.189142e+03 
2.392682e-04 7.116557e+03 
2.401734e-04 7.042809e+03 
2.410849e-04 6.967944e+03 
2.420028e-04 6.892007e+03 
2.429275e-04 6.815042e+03 
2.438592e-04 6.737094e+03 
2.447982e-04 6.658206e+03 
2.457446e-04 6.578422e+03 
2.466989e-04 6.497785e+03 
2.476613e-04 6.416338e+03 
2.486321e-04 6.334123e+03 
2.496115e-04 6.251183e+03 
2.506000e-04 6.167560e+03 
2.515977e-04 6.083296e+03 
2.526052e-04 5.998430e+03 
2.536225e-04 5.913005e+03 
2.546503e-04 5.827061e+03 
2.556887e-04 5.740638e+03 
2.567381e-04 5.653776e+03 
2.577990e-04 5.566516e+03 
2.588717e-04 5.478895e+03 
2.599567e-04 5.390955e+03 
2.610542e-04 5.302733e+03 
2.621649e-04 5.214268e+03 
2.632891e-04 5.125599e+03 
2.644272e-04 5.036764e+03 
2.655797e-04 4.947805e+03 
2.667470e-04 4.858763e+03 
2.679298e-04 4.769673e+03 
2.691285e-04 4.680574e+03 
2.703436e-04 4.591502e+03 
2.715759e-04 4.502494e+03 
2.728257e-04 4.413587e+03 
2.740938e-04 4.324819e+03 
2.753809e-04 4.236225e+03 
2.766875e-04 4.147842e+03 
2.780144e-04 4.059706e+03 
2.793622e-04 3.971855e+03 
2.807318e-04 3.884324e+03 
2.821239e-04 3.797151e+03 
2.835394e-04 3.710371e+03 
2.849790e-04 3.624022e+03 
2.864437e-04 3.538140e+03 
2.879344e-04 3.452761e+03 
2.894521e-04 3.367924e+03 
2.909977e-04 3.283664e+03 
2.925723e-04 3.200019e+03 
2.941770e-04 3.117027e+03 
2.958129e-04 3.034726e+03 
2.974813e-04 2.953152e+03 
2.991834e-04 2.872344e+03 
3.009204e-04 2.792341e+03 
3.026938e-04 2.713180e+03 
3.045050e-04 2.634901e+03 
3.063554e-04 2.557543e+03 
3.082466e-04 2.481144e+03 
3.101803e-04 2.405745e+03 
3.121581e-04 2.331385e+03 
3.141818e-04 2.258103e+03 
3.162534e-04 2.185939e+03 
3.183747e-04 2.114934e+03 
3.205477e-04 2.045127e+03 
3.227747e-04 1.976558e+03 
3.250578e-04 1.909265e+03 
3.273993e-04 1.843289e+03 
3.298017e-04 1.778668e+03 
3.322676e-04 1.715440e+03 
3.347995e-04 1.653641e+03 
3.374002e-04 1.593307e+03 
3.400726e-04 1.534473e+03 
3.428192e-04 1.477172e+03 
3.456430e-04 1.421444e+03 
3.485472e-04 1.367316e+03 
3.515349e-04 1.314815e+03 
3.546097e-04 1.263960e+03 
3.577750e-04 1.214771e+03 
3.610344e-04 1.167262e+03 
3.643917e-04 1.121440e+03 
3.678505e-04 1.077311e+03 
3.714146e-04 1.034873e+03 
3.750869e-04 9.941228e+02 
3.788714e-04 9.550570e+02 
3.827722e-04 9.176546e+02 
3.867934e-04 8.818883e+02 
3.909390e-04 8.477248e+02 
3.952114e-04 8.151251e+02 
3.996147e-04 7.840569e+02 
