1.570796326794896558e+00 -1.085678510469189760e-16
1.566705711360534936e+00 -1.088959940517731049e-16
1.562615095926173092e+00 -1.083210751461196397e-16
1.558524480491811470e+00 -1.083795619472721357e-16
1.554433865057449626e+00 -1.075280652048303198e-16
1.550343249623088004e+00 -1.073129424118139051e-16
1.546252634188726383e+00 -1.062087705384749292e-16
1.542162018754364539e+00 -1.057387846778212835e-16
1.538071403320002917e+00 -1.044009189192010377e-16
1.533980787885641073e+00 -1.036928035909749627e-16
1.529890172451279451e+00 -1.021408626023799205e-16
1.525799557016917829e+00 -1.012139007068931269e-16
1.521708941582555985e+00 -9.947173725816104458e-17
1.517618326148194363e+00 -9.834906551933638971e-17
1.513527710713832519e+00 -9.644330402292648893e-17
1.509437095279470897e+00 -9.515025625226183054e-17
1.505346479845109275e+00 -9.310911324201270962e-17
1.501255864410747431e+00 -9.167252354256556909e-17
1.497165248976385810e+00 -8.952484998367490582e-17
1.493074633542024188e+00 -8.797197532712188642e-17
1.488984018107662344e+00 -8.574630630821830456e-17
1.484893402673300722e+00 -8.410408457196593899e-17
1.480802787238938878e+00 -8.182788443156888443e-17
1.476712171804577256e+00 -8.012213196130877272e-17
1.472621556370215412e+00 -7.782112480064732546e-17
1.468530940935853790e+00 -7.607603756823297433e-17
1.464440325501492168e+00 -7.377368943061994716e-17
1.460349710067130324e+00 -7.201131145819781806e-17
1.456259094632768702e+00 -6.972851768162958726e-17
1.452168479198407081e+00 -6.796852789342122037e-17
1.448077863764045237e+00 -6.572348168800357950e-17
1.443987248329683615e+00 -6.398289896955345188e-17
1.439896632895321771e+00 -6.179088605268457841e-17
1.435806017460960149e+00 -6.008417620513397436e-17
1.431715402026598527e+00 -5.795770318781068643e-17
1.427624786592236683e+00 -5.629678048361382623e-17
1.423534171157875061e+00 -5.424577903820195225e-17
1.419443555723513217e+00 -5.264005512719637575e-17
1.415352940289151595e+00 -5.067194009957679166e-17
1.411262324854789973e+00 -4.912866639580955790e-17
1.407171709420428130e+00 -4.724865693683720286e-17
1.403081093986066508e+00 -4.577303308975348983e-17
1.398990478551704664e+00 -4.398439796290776885e-17
1.394899863117343042e+00 -4.257992221818395445e-17
1.390809247682981420e+00 -4.088421963373450975e-17
1.386718632248619576e+00 -3.955282224105005398e-17
1.382628016814257954e+00 -3.795023646253479389e-17
1.378537401379896110e+00 -3.669257713413525094e-17
1.374446785945534488e+00 -3.518213394986523529e-17
1.370356170511172866e+00 -3.399783516338943085e-17
1.366265555076811022e+00 -3.257762966551272627e-17
1.362174939642449401e+00 -3.146538384175319650e-17
1.358084324208087779e+00 -3.013281501091598681e-17
1.353993708773725935e+00 -2.909075360576767493e-17
1.349903093339364313e+00 -2.784252528412935211e-17
1.345812477905002469e+00 -2.686832964838355376e-17
1.341721862470640847e+00 -2.570090149528987193e-17
1.337631247036279003e+00 -2.479176290441280779e-17
1.333540631601917381e+00 -2.370130271977985749e-17
1.329450016167555759e+00 -2.285422563771816467e-17
1.325359400733193915e+00 -2.183674845793410212e-17
1.321268785298832293e+00 -2.104858566561510471e-17
1.317178169864470672e+00 -2.010004676301323827e-17
1.313087554430108828e+00 -1.936757993625374552e-17
1.308996938995747206e+00 -1.848394405901233393e-17
1.304906323561385584e+00 -1.780394589789938198e-17
1.300815708127023740e+00 -1.698124323901484485e-17
1.296725092692661896e+00 -1.635052760844778149e-17
1.292634477258300274e+00 -1.558489521189421629e-17
1.288543861823938652e+00 -1.500035293782804373e-17
1.284453246389576808e+00 -1.428806441937678525e-17
1.280362630955215186e+00 -1.374668917741239417e-17
1.276272015520853564e+00 -1.308417656263355289e-17
1.272181400086491720e+00 -1.258308610498326363e-17
1.268090784652130099e+00 -1.196695337447314471e-17
1.264000169217768255e+00 -1.150340142448340713e-17
1.259909553783406633e+00 -1.093043327603260050e-17
1.255818938349045011e+00 -1.050181811171366303e-17
1.251728322914683167e+00 -9.968983509732262729e-18
1.247637707480321545e+00 -9.572849842955240257e-18
1.243547092045959701e+00 -9.077299671880448046e-18
1.239456476611598079e+00 -8.711340636355649284e-18
1.235365861177236457e+00 -8.250406940382040541e-18
1.231275245742874613e+00 -7.912459682362495221e-18
1.227184630308512991e+00 -7.483648147534226019e-18
1.223094014874151370e+00 -7.171692477345751313e-18
1.219003399439789526e+00 -6.772678529984087517e-18
1.214912784005427682e+00 -6.484830620229132789e-18
1.210822168571066060e+00 -6.113449190411510649e-18
1.206731553136704438e+00 -5.847955424901496622e-18
1.202640937702342594e+00 -5.502193592406197290e-18
1.198550322267980972e+00 -5.257422560674774339e-18
1.194459706833619350e+00 -4.935410268065526355e-18
1.190369091399257506e+00 -4.709848656407027568e-18
1.186278475964895884e+00 -4.409852397872030355e-18
1.182187860530534262e+00 -4.202096748511568743e-18
1.178097245096172418e+00 -3.922509202101426864e-18
1.174006629661810797e+00 -3.731258808374693992e-18
1.169916014227448953e+00 -3.470590193635225407e-18
1.165825398793087331e+00 -3.294639888930948247e-18
1.161734783358725709e+00 -3.051512078314105328e-18
1.157644167924363865e+00 -2.889746474992598304e-18
1.153553552490002243e+00 -2.662881792948601716e-18
1.149462937055640399e+00 -2.514268951115806079e-18
1.145372321621278777e+00 -2.302485826547807711e-18
1.141281706186917155e+00 -2.166073339217925766e-18
1.137191090752555311e+00 -1.968278761364818355e-18
1.133100475318193689e+00 -1.843178226727987547e-18
1.129009859883831846e+00 -1.658354564257523267e-18
1.124919244449470224e+00 -1.543750013840689353e-18
1.120828629015108380e+00 -1.370964164574132577e-18
1.116738013580746758e+00 -1.266100520843156010e-18
1.112647398146385136e+00 -1.104484631741447150e-18
1.108556782712023292e+00 -1.008662169704420934e-18
1.104466167277661670e+00 -8.574126717611820749e-19
1.100375551843300048e+00 -7.699839278526384521e-19
1.096284936408938204e+00 -6.283584747811673612e-19
1.092194320974576582e+00 -5.487252434151962309e-19
1.088103705540214960e+00 -4.160351163032937909e-19
1.084013090105853117e+00 -3.436414412852342086e-19
1.079922474671491273e+00 -2.192462290614694394e-19
1.075831859237129651e+00 -1.535755938881040244e-19
1.071741243802768029e+00 -3.688241974179247956e-20
1.067650628368406185e+00 2.253879960607091068e-20
1.063560012934044563e+00 1.320738719288937166e-19
1.059469397499682941e+00 1.856890079214136851e-19
1.055378782065321097e+00 2.885771140271550680e-19
1.051288166630959475e+00 3.367927176303664550e-19
1.047197551196597853e+00 4.335029401001830490e-19
1.043106935762236009e+00 4.766994457723416564e-19
1.039016320327874388e+00 5.676711376786931376e-19
1.034925704893512766e+00 6.061984797541899914e-19
1.030835089459150922e+00 6.918341281218439907e-19
1.026744474024789078e+00 7.260197917210723849e-19
1.022653858590427456e+00 8.066993060318468646e-19
1.018563243156065834e+00 8.368471619411041034e-19
1.014472627721703990e+00 9.129188120868482895e-19
1.010382012287342368e+00 9.393092767258124376e-19
1.006291396852980746e+00 1.011098624369343507e-18
1.002200781418618902e+00 1.033994541410785445e-18
9.981101659842571694e-01 1.101804941394936375e-18
9.940195505498954365e-01 1.121448106157875723e-18
9.899289351155338146e-01 1.185557822084205248e-18
9.858383196811720817e-01 1.202172612379638112e-18
9.817477042468103487e-01 1.262843847289708685e-18
9.776570888124487269e-01 1.276640449980396020e-18
9.735664733780869939e-01 1.334150375493979416e-18
9.694758579437252610e-01 1.345276891626523938e-18
9.653852425093635281e-01 1.399832878108422803e-18
9.612946270750017952e-01 1.408521541631062259e-18
9.572040116406400623e-01 1.460275425583571354e-18
9.531133962062784404e-01 1.466740803991627725e-18
9.490227807719167075e-01 1.515924128875334595e-18
9.449321653375549745e-01 1.520276698585516625e-18
9.408415499031933527e-01 1.567075334626568228e-18
9.367509344688316197e-01 1.569460246345767062e-18
9.326603190344697758e-01 1.614045386291866353e-18
9.285697036001081539e-01 1.614599379679731255e-18
9.244790881657464210e-01 1.657128977403607966e-18
9.203884727313846881e-01 1.655979636598739775e-18
9.162978572970230662e-01 1.696601108249265060e-18
9.122072418626613333e-01 1.693866947912404425e-18
9.081166264282996003e-01 1.732717017424449630e-18
9.040260109939378674e-01 1.728508641889259603e-18
8.999353955595761345e-01 1.765714701142679349e-18
8.958447801252144016e-01 1.760134251424329016e-18
8.917541646908527797e-01 1.795814681462238670e-18
8.876635492564910468e-01 1.788958983329381763e-18
8.835729338221293139e-01 1.823225375810346762e-18
8.794823183877676920e-01 1.815183675277822803e-18
8.753917029534059591e-01 1.848138653096440579e-18
8.713010875190442261e-01 1.838994322380085116e-18
8.672104720846824932e-01 1.870734346155746626e-18
8.631198566503207603e-01 1.860565908568250423e-18
8.590292412159590274e-01 1.891180639996188820e-18
8.549386257815974055e-01 1.880059506400250629e-18
8.508480103472356726e-01 1.909631104104504289e-18
8.467573949128739397e-01 1.897625042529407262e-18
8.426667794785123178e-01 1.926231934634607893e-18
8.385761640441505849e-01 1.913404575584250689e-18
8.344855486097888519e-01 1.941120149553230979e-18
8.303949331754271190e-01 1.927531701953924143e-18
8.263043177410653861e-01 1.954423618522346099e-18
8.222137023067036532e-01 1.940126310370488999e-18
8.181230868723420313e-01 1.966255468765768371e-18
8.140324714379802984e-01 1.951302918525673650e-18
8.099418560036185655e-01 1.976730630518845393e-18
8.058512405692568326e-01 1.961169583939790278e-18
8.017606251348950996e-01 1.985949046810328883e-18
7.976700097005333667e-01 1.969825057241468519e-18
7.935793942661717448e-01 1.994007260952146397e-18
7.894887788318100119e-01 1.977360647603733541e-18
7.853981633974482790e-01 2.000993662372715074e-18
7.813075479630866571e-01 1.983867323227808202e-18
7.772169325287249242e-01 2.006997258910227820e-18
7.731263170943631913e-01 1.989423408251043684e-18
7.690357016600014584e-01 2.012085632411034040e-18
7.649450862256398365e-01 1.994095710833772309e-18
7.608544707912779925e-01 2.016330563418171709e-18
7.567638553569163706e-01 1.997958457032616107e-18
7.526732399225547487e-01 2.019803813367735053e-18
7.485826244881929048e-01 2.001082072944637485e-18
7.444920090538312829e-01 2.022571401944732747e-18
7.404013936194695500e-01 2.003524318343583783e-18
7.363107781851077061e-01 2.024685315777440157e-18
7.322201627507460842e-01 2.005338277068481065e-18
7.281295473163844623e-01 2.026201244545951497e-18
7.240389318820226183e-01 2.006577803225176990e-18
7.199483164476609964e-01 2.027170361739200714e-18
7.158577010132993745e-01 2.007295558250308900e-18
7.117670855789375306e-01 2.027642376648563501e-18
7.076764701445757977e-01 2.007534821009358574e-18
7.035858547102141758e-01 2.027656777927395062e-18
6.994952392758523319e-01 2.007334156962016719e-18
6.954046238414907100e-01 2.027253695320843058e-18
6.913140084071290881e-01 2.006738895642464169e-18
6.872233929727672441e-01 2.026479950615060256e-18
6.831327775384056222e-01 2.005786613633743416e-18
6.790421621040438893e-01 2.025361736787705559e-18
6.749515466696821564e-01 2.004503752007188494e-18
6.708609312353204235e-01 2.023930577980655206e-18
6.667703158009588016e-01 2.002923464443467534e-18
6.626797003665969577e-01 2.022219805306259894e-18
6.585890849322353358e-01 2.001077763081342743e-18
6.544984694978737139e-01 2.020257409033027310e-18
6.504078540635118699e-01 1.998993085255880658e-18
6.463172386291502480e-01 2.018070058783716094e-18
6.422266231947885151e-01 1.996693151020016147e-18
6.381360077604267822e-01 2.015678720862310783e-18
6.340453923260650493e-01 1.994201734480777604e-18
6.299547768917034274e-01 2.013109556689545771e-18
6.258641614573415834e-01 1.991541769888372287e-18
6.217735460229799616e-01 2.010381193859894402e-18
6.176829305886183397e-01 1.988732409753379891e-18
6.135923151542564957e-01 2.007513417530494432e-18
6.095016997198947628e-01 1.985792987402673856e-18
6.054110842855331409e-01 2.004526086643388152e-18
6.013204688511712970e-01 1.982740983755943282e-18
5.972298534168096751e-01 2.001434509361118183e-18
5.931392379824480532e-01 1.979596019508884050e-18
5.890486225480862092e-01 1.998255125772946311e-18
5.849580071137245874e-01 1.976357423236995793e-18
5.808673916793628544e-01 1.994906085879820300e-18
5.767767762450011215e-01 1.973060492436321470e-18
5.726861608106393886e-01 1.991767779703664540e-18
5.685955453762778777e-01 1.969714863984496410e-18
5.645049299419160338e-01 1.988302620089213093e-18
5.604143145075541899e-01 1.966285771151847351e-18
5.563236990731925680e-01 1.984882175164455933e-18
5.522330836388307240e-01 1.962846150099632005e-18
5.481424682044691021e-01 1.981436367803959849e-18
5.440518527701074802e-01 1.959377411194884887e-18
5.399612373357456363e-01 1.977969484232564130e-18
5.358706219013840144e-01 1.955891737161639586e-18
5.317800064670223925e-01 1.974490192375699505e-18
5.276893910326605486e-01 1.952397745390382636e-18
5.235987755982989267e-01 1.971006605639704973e-18
5.195081601639373048e-01 1.948903699527737298e-18
5.154175447295754608e-01 1.967526169717420391e-18
5.113269292952138390e-01 1.945415209488020031e-18
5.072363138608522171e-01 1.964053692408545610e-18
5.031456984264903731e-01 1.941936942285165174e-18
4.990550829921287512e-01 1.960594109575576602e-18
4.949644675577669073e-01 1.938475426304224955e-18
4.908738521234052854e-01 1.957154989928074609e-18
4.867832366890434415e-01 1.935037196621123284e-18
4.826926212546818196e-01 1.953741621425768835e-18
4.786020058203199756e-01 1.931627016547160313e-18
4.745113903859583537e-01 1.950357935283661836e-18
4.704207749515967318e-01 1.928248622277776815e-18
4.663301595172348879e-01 1.947007642388901817e-18
4.622395440828732660e-01 1.924905471609444209e-18
4.581489286485116441e-01 1.943694693795648611e-18
4.540583132141498002e-01 1.921601983118023443e-18
4.499676977797881783e-01 1.940423101958746311e-18
4.458770823454265564e-01 1.918341752064539571e-18
4.417864669110647124e-01 1.937196119901615609e-18
4.376958514767030906e-01 1.915126700539951163e-18
4.336052360423412466e-01 1.934014868314854623e-18
4.295146206079796247e-01 1.911959362643254576e-18
4.254240051736177808e-01 1.930882731013277240e-18
4.213333897392561589e-01 1.908842111039913215e-18
4.172427743048943150e-01 1.927801243182410630e-18
4.131521588705326931e-01 1.905777089683954229e-18
4.090615434361710712e-01 1.924773107675548501e-18
4.049709280018092272e-01 1.902765322906861142e-18
4.008803125674476053e-01 1.921798259023546222e-18
3.967896971330859834e-01 1.899808766083500340e-18
3.926990816987241395e-01 1.918880297915660084e-18
3.886084662643625176e-01 1.896910306050121443e-18
3.845178508300008957e-01 1.916020387333152622e-18
3.804272353956390518e-01 1.894070542744395364e-18
3.763366199612774299e-01 1.913219154838710021e-18
3.722460045269158080e-01 1.891289529143236461e-18
3.681553890925539640e-01 1.910476831417077311e-18
3.640647736581921201e-01 1.888567786561396519e-18
3.599741582238304982e-01 1.907793687780433379e-18
3.558835427894686543e-01 1.885906170127095086e-18
3.517929273551070324e-01 1.905171634683542505e-18
3.477023119207454105e-01 1.883306623653492884e-18
3.436116964863835666e-01 1.902612632751030237e-18
3.395210810520219447e-01 1.880771360346993379e-18
3.354304656176603228e-01 1.900117221360762346e-18
3.313398501832984788e-01 1.878298831887815358e-18
3.272492347489368569e-01 1.897683469367941992e-18
3.231586193145752350e-01 1.875889419254895867e-18
3.190680038802133911e-01 1.895314003401630182e-18
3.149773884458517692e-01 1.873543033130254708e-18
3.108867730114901473e-01 1.893006068943189082e-18
3.067961575771283034e-01 1.871258550074264499e-18
3.027055421427666815e-01 1.890760135537241511e-18
2.986149267084048375e-01 1.869037074623272500e-18
2.945243112740429936e-01 1.888578384702785439e-18
2.904336958396813717e-01 1.866880459383202075e-18
2.863430804053197498e-01 1.886461656541299432e-18
2.822524649709579059e-01 1.864790025008520569e-18
2.781618495365962840e-01 1.884410694616737011e-18
2.740712341022346621e-01 1.862761370788939925e-18
2.699806186678728182e-01 1.882417749858021115e-18
2.658900032335111963e-01 1.860795043737256865e-18
2.617993877991495744e-01 1.880490118355897734e-18
2.577087723647877304e-01 1.858892974302410866e-18
2.536181569304261085e-01 1.878625112974061659e-18
2.495275414960644866e-01 1.857051265012063314e-18
2.454369260617026427e-01 1.876819350700163522e-18
2.413463106273410208e-01 1.855270281568718079e-18
2.372556951929791769e-01 1.875075070446233343e-18
2.331650797586175550e-01 1.853551847250556270e-18
2.290744643242557110e-01 1.873395019745666973e-18
2.249838488898940891e-01 1.851897936291493104e-18
2.208932334555322452e-01 1.871780820183330108e-18
2.168026180211706233e-01 1.850290679921642381e-18
2.127120025868090014e-01 1.870260070398081088e-18
2.086213871524471575e-01 1.848778018144701086e-18
2.045307717180855356e-01 1.868721700912568664e-18
2.004401562837239137e-01 1.847315480946415611e-18
1.963495408493620697e-01 1.867304538737291885e-18
1.922589254150004479e-01 1.845917074740455556e-18
1.881683099806388260e-01 1.865938635645822788e-18
1.840776945462769820e-01 1.844574436806547980e-18
1.799870791119153601e-01 1.864621805760908738e-18
1.758964636775537382e-01 1.843289799932916641e-18
1.718058482431918943e-01 1.863385217562169690e-18
1.677152328088300504e-01 1.842057869243912278e-18
1.636246173744684285e-01 1.862175806063686918e-18
1.595340019401065845e-01 1.840880675264614879e-18
1.554433865057449626e-01 1.861041424796198282e-18
1.513527710713833407e-01 1.839772222748485423e-18
1.472621556370214968e-01 1.859972847165227149e-18
1.431715402026598749e-01 1.838739867899785848e-18
1.390809247682982530e-01 1.858988647577658879e-18
1.349903093339364091e-01 1.837767480659483737e-18
1.308996938995747872e-01 1.858023950435919675e-18
1.268090784652131653e-01 1.836828903316724645e-18
1.227184630308513213e-01 1.857122764922046265e-18
1.186278475964896995e-01 1.835966780523390144e-18
1.145372321621280776e-01 1.856284330458497420e-18
1.104466167277662336e-01 1.835159698513418065e-18
1.063560012934046117e-01 1.855525751780898573e-18
1.022653858590427678e-01 1.834418444477806922e-18
9.817477042468114590e-02 1.854799646167453761e-18
9.408415499031930196e-02 1.833726678798291527e-18
8.999353955595768007e-02 1.854132369912167834e-18
8.590292412159583613e-02 1.833096896639349493e-18
8.181230868723421423e-02 1.853541528747663676e-18
7.772169325287259234e-02 1.832520375805073330e-18
7.363107781851074840e-02 1.853013865086451686e-18
6.954046238414912651e-02 1.832009041448752033e-18
6.544984694978750461e-02 1.852519137396693427e-18
6.135923151542566067e-02 1.831548621048803908e-18
5.726861608106403878e-02 1.852102021252289244e-18
5.317800064670241689e-02 1.831155280163262877e-18
4.908738521234057295e-02 1.851728898258612667e-18
4.499676977797895105e-02 1.830810819207684021e-18
4.090615434361710712e-02 1.851394895296683913e-18
3.681553890925548522e-02 1.830522399615771361e-18
3.272492347489364128e-02 1.851151380413330577e-18
2.863430804053201939e-02 1.830295042451695208e-18
2.454369260617017545e-02 1.850954173130890847e-18
2.045307717180855356e-02 1.830124709709721058e-18
1.636246173744693166e-02 1.850812221210985023e-18
1.227184630308508773e-02 1.830010554688535837e-18
8.181230868723465832e-03 1.850726995464239705e-18
4.090615434361843938e-03 1.829953525612914849e-18
0.000000000000000000e+00 1.850698544055824723e-18
