1.570796326794896558e+00 3.882802142836138728e+02
1.567126241919207574e+00 4.653108257832778349e+02
1.563456157043518591e+00 4.194252896335115679e+02
1.559786072167829607e+00 4.267424995207353504e+02
1.556115987292140623e+00 4.415796091477864707e+02
1.552445902416451418e+00 4.321217017957637836e+02
1.548775817540762434e+00 4.302703316023824982e+02
1.545105732665073450e+00 4.260181900002539237e+02
1.541435647789384467e+00 4.247223596881444792e+02
1.537765562913695483e+00 4.197421658700807257e+02
1.534095478038006499e+00 4.165659137675711463e+02
1.530425393162317516e+00 4.114733377181689207e+02
1.526755308286628532e+00 4.074479911428473997e+02
1.523085223410939326e+00 4.018576490040865679e+02
1.519415138535250342e+00 3.969872369481424244e+02
1.515745053659561359e+00 3.909392999152581751e+02
1.512074968783872375e+00 3.853961373380847704e+02
1.508404883908183391e+00 3.789006245514390798e+02
1.504734799032494408e+00 3.727827041259810130e+02
1.501064714156805424e+00 3.658927711716010549e+02
1.497394629281116440e+00 3.593011338317581931e+02
1.493724544405427235e+00 3.520770545996147121e+02
1.490054459529738251e+00 3.451028466326810644e+02
1.486384374654049267e+00 3.376119153987182244e+02
1.482714289778360284e+00 3.303419081414676839e+02
1.479044204902671300e+00 3.226528514178472165e+02
1.475374120026982316e+00 3.151684533980771903e+02
1.471704035151293333e+00 3.073491351010711696e+02
1.468033950275604349e+00 2.997263357126006440e+02
1.464363865399915365e+00 2.918417283153085009e+02
1.460693780524226160e+00 2.841505674401416854e+02
1.457023695648537176e+00 2.762614135728729821e+02
1.453353610772848192e+00 2.685655847941908405e+02
1.449683525897159209e+00 2.607274469152138749e+02
1.446013441021470225e+00 2.530839968309712162e+02
1.442343356145781241e+00 2.453466581013252323e+02
1.438673271270092258e+00 2.378058428671907905e+02
1.435003186394403052e+00 2.302129850809282630e+02
1.431333101518714068e+00 2.228182785547457740e+02
1.427663016643025085e+00 2.154073909402303286e+02
1.423992931767336101e+00 2.081956359197232018e+02
1.420322846891647117e+00 2.009981108904620157e+02
1.416652762015958134e+00 1.939997922239056720e+02
1.412982677140269150e+00 1.870411633758938592e+02
1.409312592264580166e+00 1.802807801468659363e+02
1.405642507388891183e+00 1.735810729985210230e+02
1.401972422513201977e+00 1.670775819032706693e+02
1.398302337637512993e+00 1.606517377151417065e+02
1.394632252761824009e+00 1.544190465051928811e+02
1.390962167886135026e+00 1.482773984855676588e+02
1.387292083010446042e+00 1.423248855415663741e+02
1.383621998134757058e+00 1.364736571089174788e+02
1.379951913259068075e+00 1.308067002374249057e+02
1.376281828383379091e+00 1.252485090580152587e+02
1.372611743507690107e+00 1.198690065163176968e+02
1.368941658632000902e+00 1.146033594677506500e+02
1.365271573756311918e+00 1.095102281859473692e+02
1.361601488880622934e+00 1.045339971438488789e+02
1.357931404004933951e+00 9.972364838115406371e+01
1.354261319129244967e+00 9.503151056936023622e+01
1.350591234253555983e+00 9.049828509978929958e+01
1.346921149377867000e+00 8.608313187551814849e+01
1.343251064502177794e+00 8.181969887581651335e+01
1.339580979626488810e+00 7.767300429651329807e+01
1.335910894750799827e+00 7.367071873294349871e+01
1.332240809875110843e+00 6.978286875972241887e+01
1.328570724999421859e+00 6.603208775585532919e+01
1.324900640123732876e+00 6.239266934544957621e+01
1.321230555248043892e+00 5.888302888085444664e+01
1.317560470372354908e+00 5.548108074392006017e+01
1.313890385496665925e+00 5.220173390938550995e+01
1.310220300620976719e+00 4.902596120503459787e+01
1.306550215745287735e+00 4.596578143700916286e+01
1.302880130869598752e+00 4.300473694613247488e+01
1.299210045993909768e+00 4.015248782702928310e+01
1.295539961118220784e+00 3.739472296006603358e+01
1.291869876242531801e+00 3.473919956979566592e+01
1.288199791366842817e+00 3.217338700076466296e+01
1.284529706491153611e+00 2.970353070234294890e+01
1.280859621615464849e+00 2.731856390585938854e+01
1.277189536739775644e+00 2.502355327406000285e+01
1.273519451864086660e+00 2.280862454660395855e+01
1.269849366988397676e+00 2.067794737195116284e+01
1.266179282112708693e+00 1.862260697371448259e+01
1.262509197237019709e+00 1.664611407169502044e+01
1.258839112361330725e+00 1.474031436308058396e+01
1.255169027485641742e+00 1.290825910339255067e+01
1.251498942609952536e+00 1.114238454640388198e+01
1.247828857734263552e+00 9.445449534040069040e+00
1.244158772858574569e+00 7.810336688384079018e+00
1.240488687982885585e+00 6.239650078845262904e+00
1.236818603107196601e+00 4.726597697506093709e+00
1.233148518231507618e+00 3.273741609953149112e+00
1.229478433355818634e+00 1.874512985434438228e+00
1.225808348480129428e+00 5.315242092254862660e-01
1.222138263604440667e+00 -7.616558389606334911e-01
1.218468178728751461e+00 -2.002290723630589575e+00
1.214798093853062699e+00 -3.196743744958204125e+00
1.211128008977373494e+00 -4.342096793407145938e+00
1.207457924101684510e+00 -5.444702987962430463e+00
1.203787839225995526e+00 -6.501417228465042442e+00
1.200117754350306543e+00 -7.518629886804931495e+00
1.196447669474617559e+00 -8.492934457733285925e+00
1.192777584598928575e+00 -9.430796317022426933e+00
1.189107499723239592e+00 -1.032852293495586871e+01
1.185437414847550386e+00 -1.119268447717295700e+01
1.181767329971861402e+00 -1.201928528537569463e+01
1.178097245096172418e+00 -1.281502340540166962e+01
1.174427160220483435e+00 -1.357558952020353793e+01
1.170757075344794451e+00 -1.430782684276877603e+01
1.167086990469105467e+00 -1.500710740605108207e+01
1.163416905593416484e+00 -1.568043161489552517e+01
1.159746820717727278e+00 -1.632285247596280797e+01
1.156076735842038294e+00 -1.694153596351825186e+01
1.152406650966349311e+00 -1.753121860746188787e+01
1.148736566090660327e+00 -1.809923695996948112e+01
1.145066481214971343e+00 -1.864001678721007238e+01
1.141396396339282360e+00 -1.916106740945960851e+01
1.137726311463593376e+00 -1.965651152216412711e+01
1.134056226587904170e+00 -2.013403106365213091e+01
1.130386141712215409e+00 -2.058745546774329327e+01
1.126716056836526203e+00 -2.102463699008132636e+01
1.123045971960837219e+00 -2.143912286285475943e+01
1.119375887085148236e+00 -2.183893215240576069e+01
1.115705802209459252e+00 -2.221734170337401082e+01
1.112035717333770268e+00 -2.258253229754140889e+01
1.108365632458081285e+00 -2.292752349928048261e+01
1.104695547582392301e+00 -2.326065148767273172e+01
1.101025462706703095e+00 -2.357469194109667754e+01
1.097355377831014334e+00 -2.387812980533109908e+01
1.093685292955325128e+00 -2.416351008052050631e+01
1.090015208079636366e+00 -2.443945950961745694e+01
1.086345123203947161e+00 -2.469830562479067737e+01
1.082675038328258177e+00 -2.494880938565498951e+01
1.079004953452569193e+00 -2.518309449832104718e+01
1.075334868576880210e+00 -2.541004804641080739e+01
1.071664783701191226e+00 -2.562160315783846443e+01
1.067994698825502020e+00 -2.582676509413766652e+01
1.064324613949813259e+00 -2.601728934443688956e+01
1.060654529074124053e+00 -2.620229143280389650e+01
1.056984444198435069e+00 -2.637336164419399509e+01
1.053314359322746085e+00 -2.653971780995277641e+01
1.049644274447057102e+00 -2.669279725973364492e+01
1.045974189571368118e+00 -2.684191224588147051e+01
1.042304104695678912e+00 -2.697835891717719292e+01
1.038634019819990151e+00 -2.711153600770997940e+01
1.034963934944300945e+00 -2.723261018639833964e+01
1.031293850068612183e+00 -2.735105902290791846e+01
1.027623765192922978e+00 -2.745792997782947253e+01
1.023953680317233994e+00 -2.756277391883958927e+01
1.020283595441545010e+00 -2.765652861267628992e+01
1.016613510565856027e+00 -2.774880826700509928e+01
1.012943425690167043e+00 -2.783045368613628057e+01
1.009273340814477837e+00 -2.791113679945966553e+01
1.005603255938789076e+00 -2.798160887164452504e+01
1.001933171063099870e+00 -2.805159314309851126e+01
9.982630861874108863e-01 -2.811176057882005352e+01
9.945930013117219026e-01 -2.817187952879395141e+01
9.909229164360329190e-01 -2.822254905757488430e+01
9.872528315603439353e-01 -2.827357646047210338e+01
9.835827466846548406e-01 -2.831549711281858706e+01
9.799126618089658569e-01 -2.835815151642990628e+01
9.762425769332768732e-01 -2.839201887113081213e+01
9.725724920575878896e-01 -2.842696756379022105e+01
9.689024071818987949e-01 -2.845342762500026268e+01
9.652323223062098112e-01 -2.848129024958540612e+01
9.615622374305208275e-01 -2.850094302168410820e+01
9.578921525548318439e-01 -2.852229507696030097e+01
9.542220676791427492e-01 -2.853569790576173659e+01
9.505519828034537655e-01 -2.855107401827806157e+01
9.468818979277647818e-01 -2.855874461036060907e+01
9.432118130520757981e-01 -2.856864109127083751e+01
9.395417281763867035e-01 -2.857106013825276136e+01
9.358716433006978308e-01 -2.857593816663997188e+01
9.322015584250087361e-01 -2.857355213462129484e+01
9.285314735493197524e-01 -2.857384012341431756e+01
9.248613886736306577e-01 -2.856706401957681152e+01
9.211913037979417851e-01 -2.856315970384416758e+01
9.175212189222526904e-01 -2.855237882541660355e+01
9.138511340465637067e-01 -2.854465161658253081e+01
9.101810491708746120e-01 -2.853022378427880668e+01
9.065109642951857394e-01 -2.851901679678013224e+01
9.028408794194966447e-01 -2.850127422212002415e+01
8.991707945438076610e-01 -2.848690624134415117e+01
8.955007096681185663e-01 -2.846615752880419947e+01
8.918306247924296937e-01 -2.844892419192009569e+01
8.881605399167405990e-01 -2.842545597725644058e+01
8.844904550410516153e-01 -2.840563200307417446e+01
8.808203701653625206e-01 -2.837971011560293277e+01
8.771502852896736480e-01 -2.835755049878919465e+01
8.734802004139845533e-01 -2.832942172716137819e+01
8.698101155382955696e-01 -2.830516305734267490e+01
8.661400306626065859e-01 -2.827505650640465262e+01
8.624699457869176022e-01 -2.824891812373707367e+01
8.587998609112286186e-01 -2.821704631419997966e+01
8.551297760355395239e-01 -2.818923187100461192e+01
8.514596911598505402e-01 -2.815579165066543510e+01
8.477896062841615565e-01 -2.812648995771088067e+01
8.441195214084725729e-01 -2.809166411596281776e+01
8.404494365327834782e-01 -2.806105007513712479e+01
8.367793516570944945e-01 -2.802500783077390878e+01
8.331092667814055108e-01 -2.799324358094301957e+01
8.294391819057165272e-01 -2.795614153360617138e+01
8.257690970300274325e-01 -2.792337731521633870e+01
8.220990121543384488e-01 -2.788536067667644147e+01
8.184289272786494651e-01 -2.785173542588536932e+01
8.147588424029604814e-01 -2.781293852681191581e+01
8.110887575272713867e-01 -2.777858072193865269e+01
8.074186726515824031e-01 -2.773912775526305197e+01
8.037485877758934194e-01 -2.770415623820151652e+01
8.000785029002044357e-01 -2.766416193950786351e+01
7.964084180245153410e-01 -2.762868650394484149e+01
7.927383331488263574e-01 -2.758825681418642617e+01
7.890682482731373737e-01 -2.755237895329632991e+01
7.853981633974483900e-01 -2.751161157858143724e+01
7.817280785217594063e-01 -2.747542472896104471e+01
7.780579936460703117e-01 -2.743440985078149197e+01
7.743879087703813280e-01 -2.739800018784103131e+01
7.707178238946922333e-01 -2.735682085873501990e+01
7.670477390190033606e-01 -2.732026767837287196e+01
7.633776541433142659e-01 -2.727900021712172318e+01
7.597075692676252823e-01 -2.724237650106275055e+01
7.560374843919361876e-01 -2.720109103075575518e+01
7.523673995162473149e-01 -2.716446376578643651e+01
7.486973146405582202e-01 -2.712322467286299243e+01
7.450272297648692366e-01 -2.708665529165897112e+01
7.413571448891801419e-01 -2.704552158491008029e+01
7.376870600134912692e-01 -2.700906631704875949e+01
7.340169751378021745e-01 -2.696809191972371522e+01
7.303468902621131909e-01 -2.693180225058251409e+01
7.266768053864240962e-01 -2.689103644754645472e+01
7.230067205107352235e-01 -2.685495934491002856e+01
7.193366356350461288e-01 -2.681444699117378505e+01
7.156665507593571451e-01 -2.677862523809482909e+01
7.119964658836680504e-01 -2.673840718873660194e+01
7.083263810079791778e-01 -2.670287960770619407e+01
7.046562961322900831e-01 -2.666299289926472227e+01
7.009862112566010994e-01 -2.662779474612832331e+01
6.973161263809120047e-01 -2.658827290260514431e+01
6.936460415052231321e-01 -2.655343584868699125e+01
6.899759566295340374e-01 -2.651430903383467808e+01
6.863058717538450537e-01 -2.647986190821713492e+01
6.826357868781559590e-01 -2.644115678499312949e+01
6.789657020024670864e-01 -2.640712536901899199e+01
6.752956171267779917e-01 -2.636886727197252966e+01
6.716255322510890080e-01 -2.633527408240689738e+01
6.679554473753999133e-01 -2.629748384007596229e+01
6.642853624997110407e-01 -2.626434969071146242e+01
6.606152776240219460e-01 -2.622704668016639928e+01
6.569451927483329623e-01 -2.619438950201975658e+01
6.532751078726438676e-01 -2.615759050309186051e+01
6.496050229969549950e-01 -2.612542614725475332e+01
6.459349381212659003e-01 -2.608914582885721245e+01
6.422648532455769166e-01 -2.605748811889646888e+01
6.385947683698878219e-01 -2.602173922361690472e+01
6.349246834941989492e-01 -2.599060002202446995e+01
6.312545986185098545e-01 -2.595539343466133175e+01
6.275845137428208709e-01 -2.592478288593698821e+01
6.239144288671319982e-01 -2.589012769059635488e+01
6.202443439914429035e-01 -2.586005435412257469e+01
6.165742591157538088e-01 -2.582595822316665135e+01
6.129041742400648252e-01 -2.579642898321759148e+01
6.092340893643759525e-01 -2.576289800460499180e+01
6.055640044886868578e-01 -2.573391851239249206e+01
6.018939196129977631e-01 -2.570095742611561462e+01
5.982238347373087795e-01 -2.567253190523559070e+01
5.945537498616199068e-01 -2.564014416896396753e+01
5.908836649859308121e-01 -2.561227573401766122e+01
5.872135801102417174e-01 -2.558046371248368800e+01
5.835434952345527337e-01 -2.555315432355225269e+01
5.798734103588638611e-01 -2.552191930186742042e+01
5.762033254831747664e-01 -2.549516987495783127e+01
5.725332406074856717e-01 -2.546451212750861259e+01
5.688631557317966880e-01 -2.543832267850882545e+01
5.651930708561077044e-01 -2.540824148542398575e+01
5.615229859804187207e-01 -2.538261117373368592e+01
5.578529011047297370e-01 -2.535310511826298807e+01
5.541828162290405313e-01 -2.532803223469943177e+01
5.505127313533517697e-01 -2.529909906263668873e+01
5.468426464776627860e-01 -2.527458130952177839e+01
5.431725616019735803e-01 -2.524621808022763503e+01
5.395024767262845966e-01 -2.522225237181362090e+01
5.358323918505956129e-01 -2.519445556830442356e+01
5.321623069749066293e-01 -2.517103818411940352e+01
5.284922220992176456e-01 -2.514380361046396928e+01
5.248221372235284399e-01 -2.512093034261864588e+01
5.211520523478396782e-01 -2.509425327366131242e+01
5.174819674721506946e-01 -2.507191946176817510e+01
5.138118825964614889e-01 -2.504579478155260119e+01
5.101417977207725052e-01 -2.502399520812963374e+01
5.064717128450835215e-01 -2.499841724075455218e+01
5.028016279693945378e-01 -2.497714634003380851e+01
4.991315430937055542e-01 -2.495210906489382552e+01
4.954614582180163485e-01 -2.493136079675203831e+01
4.917913733423275868e-01 -2.490685784434177563e+01
4.881212884666386032e-01 -2.488662595810729172e+01
4.844512035909493974e-01 -2.486265066484026320e+01
4.807811187152604138e-01 -2.484292862687333425e+01
4.771110338395714301e-01 -2.481947401162024036e+01
4.734409489638824464e-01 -2.480025488846728621e+01
4.697708640881934627e-01 -2.477731374432708833e+01
4.661007792125042570e-01 -2.475859045223163690e+01
4.624306943368154954e-01 -2.473615532492438973e+01
4.587606094611265117e-01 -2.471792067004655991e+01
4.550905245854373060e-01 -2.469598404986633611e+01
4.514204397097483223e-01 -2.467823038428833371e+01
4.477503548340593387e-01 -2.465678438835154651e+01
4.440802699583703550e-01 -2.463950417255201941e+01
4.404101850826813713e-01 -2.461854089035811910e+01
4.367401002069921656e-01 -2.460172630975429087e+01
4.330700153313034040e-01 -2.458123768415721599e+01
4.293999304556144203e-01 -2.456488094367862018e+01
4.257298455799252146e-01 -2.454485879002673698e+01
4.220597607042362309e-01 -2.452895192794265355e+01
4.183896758285472472e-01 -2.450938805213753469e+01
4.147195909528582636e-01 -2.449392309394076506e+01
4.110495060771692799e-01 -2.447480928994242433e+01
4.073794212014800742e-01 -2.445977810437407385e+01
4.037093363257913126e-01 -2.444110605523039581e+01
4.000392514501023289e-01 -2.442650053832242207e+01
3.963691665744131232e-01 -2.440826183781558356e+01
3.926990816987243615e-01 -2.439407391271365455e+01
3.890289968230351558e-01 -2.437626020995644538e+01
3.853589119473461722e-01 -2.436248179727838448e+01
3.816888270716571885e-01 -2.434508480990340118e+01
3.780187421959682048e-01 -2.433170775861600887e+01
3.743486573202792211e-01 -2.431471916280522549e+01
3.706785724445902375e-01 -2.430173548214663626e+01
3.670084875689010318e-01 -2.428514688251817688e+01
3.633384026932122701e-01 -2.427254853939214740e+01
3.596683178175230644e-01 -2.425635172531108807e+01
3.559982329418340807e-01 -2.424413062169521282e+01
3.523281480661450971e-01 -2.422831737762604121e+01
3.486580631904561134e-01 -2.421646545908958004e+01
3.449879783147671297e-01 -2.420102743755841956e+01
3.413178934390781460e-01 -2.418953724926180016e+01
3.376478085633889403e-01 -2.417446585407932602e+01
3.339777236877001787e-01 -2.416333073003168508e+01
3.303076388120109730e-01 -2.414861673599604330e+01
3.266375539363219893e-01 -2.413782961174496933e+01
3.229674690606330056e-01 -2.412347861956399697e+01
3.192973841849440220e-01 -2.411301922424180688e+01
3.156272993092550383e-01 -2.409900247598745793e+01
3.119572144335660546e-01 -2.408887850208541437e+01
3.082871295578768489e-01 -2.407519755328672062e+01
3.046170446821880873e-01 -2.406539766778022127e+01
3.009469598064991036e-01 -2.405204461999129961e+01
2.972768749308098979e-01 -2.404256057520307266e+01
2.936067900551209142e-01 -2.402952781665316806e+01
2.899367051794319305e-01 -2.402035190927021446e+01
2.862666203037429469e-01 -2.400763209726608238e+01
2.825965354280539632e-01 -2.399875712765244984e+01
2.789264505523647575e-01 -2.398634267794598784e+01
2.752563656766759959e-01 -2.397776163442941666e+01
2.715862808009870122e-01 -2.396564527350619755e+01
2.679161959252978065e-01 -2.395735100844138188e+01
2.642461110496088228e-01 -2.394552553362822067e+01
2.605760261739198391e-01 -2.393751120181572034e+01
2.569059412982308555e-01 -2.392596968925879253e+01
2.532358564225418718e-01 -2.391822856398452046e+01
2.495657715468526661e-01 -2.390696393120358820e+01
2.458956866711639044e-01 -2.389948926485123337e+01
2.422256017954749208e-01 -2.388849472630592174e+01
2.385555169197857150e-01 -2.388127988049744488e+01
2.348854320440967314e-01 -2.387054864148772992e+01
2.312153471684077477e-01 -2.386358715800137631e+01
2.275452622927187640e-01 -2.385311263924134551e+01
2.238751774170297804e-01 -2.384639837777392657e+01
2.202050925413405746e-01 -2.383617412019919612e+01
2.165350076656518130e-01 -2.382970081029238330e+01
2.128649227899628293e-01 -2.381972044696142277e+01
2.091948379142736236e-01 -2.381348188805320731e+01
2.055247530385846400e-01 -2.380373902021611343e+01
2.018546681628956563e-01 -2.379772916624571266e+01
1.981845832872066726e-01 -2.378821772898532316e+01
1.945144984115176889e-01 -2.378243086373724680e+01
1.908444135358284832e-01 -2.377314488872774589e+01
1.871743286601397216e-01 -2.376757533361702812e+01
1.835042437844507379e-01 -2.375850903943178238e+01
1.798341589087615322e-01 -2.375315115838091984e+01
1.761640740330725485e-01 -2.374429871605552833e+01
1.724939891573835649e-01 -2.373914684996897861e+01
1.688239042816945812e-01 -2.373050247443392280e+01
1.651538194060055975e-01 -2.372555122936157446e+01
1.614837345303166138e-01 -2.371710929989153271e+01
1.578136496546276302e-01 -2.371235345244843273e+01
1.541435647789386465e-01 -2.370410856233436192e+01
1.504734799032494408e-01 -2.369954300027214700e+01
1.468033950275606792e-01 -2.369148988841272185e+01
1.431333101518714734e-01 -2.368710966251694572e+01
1.394632252761824898e-01 -2.367924329900562341e+01
1.357931404004935061e-01 -2.367504345039324676e+01
1.321230555248045224e-01 -2.366735867216104339e+01
1.284529706491155387e-01 -2.366333430441100916e+01
1.247828857734265551e-01 -2.365582609098648703e+01
1.211128008977373494e-01 -2.365197229076970231e+01
1.174427160220485877e-01 -2.364463566635519953e+01
1.137726311463593820e-01 -2.364094804032677644e+01
1.101025462706703983e-01 -2.363377834702914271e+01
1.064324613949814147e-01 -2.363025253571995776e+01
1.027623765192924310e-01 -2.362324520293525509e+01
9.909229164360344733e-02 -2.361987671429553259e+01
9.542220676791446365e-02 -2.361302705106851363e+01
9.175212189222525794e-02 -2.360981157189261026e+01
8.808203701653649631e-02 -2.360311518747453263e+01
8.441195214084729059e-02 -2.360004851105368928e+01
8.074186726515830692e-02 -2.359350098752833702e+01
7.707178238946932325e-02 -2.359057908629553069e+01
7.340169751378033958e-02 -2.358417640391185799e+01
6.973161263809135590e-02 -2.358139521669390959e+01
6.606152776240237223e-02 -2.357513322055553218e+01
6.239144288671316652e-02 -2.357248905660236105e+01
5.872135801102440489e-02 -2.356636372817217762e+01
5.505127313533519917e-02 -2.356385274106957795e+01
5.138118825964621550e-02 -2.355785994392156724e+01
4.771110338395723183e-02 -2.355547823895548376e+01
4.404101850826824815e-02 -2.354961407397242823e+01
4.037093363257926448e-02 -2.354735827526959824e+01
3.670084875689028081e-02 -2.354161922213287284e+01
3.303076388120107509e-02 -2.353948582304021286e+01
2.936067900551231347e-02 -2.353386817824922872e+01
2.569059412982310775e-02 -2.353185381763762152e+01
2.202050925413412408e-02 -2.352635404269807751e+01
1.835042437844514041e-02 -2.352445531532967848e+01
1.468033950275615673e-02 -2.351906983167159382e+01
1.101025462706717306e-02 -2.351728366853092922e+01
7.340169751378189389e-03 -2.351200922357317324e+01
3.670084875688983672e-03 -2.351033223972335762e+01
2.220446049250313081e-16 -2.350516533973757305e+01
-3.670084875688983672e-03 -2.350359443882031485e+01
-7.340169751377745300e-03 -2.349853165421994916e+01
-1.101025462706695102e-02 -2.349706412968459546e+01
-1.468033950275593469e-02 -2.349210288917876355e+01
-1.835042437844514041e-02 -2.349073526438277426e+01
-2.202050925413390203e-02 -2.348587260852446690e+01
-2.569059412982288571e-02 -2.348460254448233187e+01
-2.936067900551209142e-02 -2.347983206643840859e+01
-3.303076388120107509e-02 -2.347866008042738528e+01
-3.670084875688983672e-02 -2.347398401184382877e+01
-4.037093363257904244e-02 -2.347290184987595296e+01
-4.404101850826802611e-02 -2.346831546382506417e+01
-4.771110338395723183e-02 -2.346732265782711480e+01
-5.138118825964599345e-02 -2.346282306420812702e+01
-5.505127313533497713e-02 -2.346191724836898018e+01
-5.872135801102418284e-02 -2.345750155163181461e+01
-6.239144288671316652e-02 -2.345668037062981526e+01
-6.606152776240192814e-02 -2.345234602423219528e+01
-6.973161263809113386e-02 -2.345160715291681086e+01
-7.340169751378011753e-02 -2.344735160306472821e+01
-7.707178238946887916e-02 -2.344669271999288185e+01
-8.074186726515808488e-02 -2.344251349141056195e+01
-8.441195214084706855e-02 -2.344193231271397693e+01
-8.808203701653627427e-02 -2.343782688758103916e+01
-9.175212189222503589e-02 -2.343732125697125923e+01
-9.542220676791401957e-02 -2.343328733747710757e+01
-9.909229164360322528e-02 -2.343285516143455993e+01
-1.027623765192922090e-01 -2.342889045072585219e+01
-1.064324613949809706e-01 -2.342852970009477076e+01
-1.101025462706701763e-01 -2.342463198000223912e+01
-1.137726311463591600e-01 -2.342434067381036300e+01
-1.174427160220483657e-01 -2.342050769306714386e+01
-1.211128008977371273e-01 -2.342028392427179995e+01
-1.247828857734261110e-01 -2.341651359648951924e+01
-1.284529706491153167e-01 -2.341635545273002350e+01
-1.321230555248043004e-01 -2.341264569888856784e+01
-1.357931404004930620e-01 -2.341255144429151258e+01
-1.394632252761822677e-01 -2.340890019145651380e+01
-1.431333101518712514e-01 -2.340886806515234753e+01
-1.468033950275604571e-01 -2.340527337815840170e+01
-1.504734799032492187e-01 -2.340530168776277264e+01
-1.541435647789382024e-01 -2.340176171394972116e+01
-1.578136496546274081e-01 -2.340184874878305621e+01
-1.614837345303163918e-01 -2.339836161160257788e+01
-1.651538194060051534e-01 -2.339850579716182821e+01
-1.688239042816943591e-01 -2.339506961963152776e+01
-1.724939891573833428e-01 -2.339526940902548802e+01
-1.761640740330725485e-01 -2.339188241447426009e+01
-1.798341589087613102e-01 -2.339213633533310954e+01
-1.835042437844502938e-01 -2.338879682361553591e+01
-1.871743286601394995e-01 -2.338910344424078502e+01
-1.908444135358284832e-01 -2.338580972689580051e+01
-1.945144984115172448e-01 -2.338616766128977886e+01
-1.981845832872064506e-01 -2.338291804632981652e+01
-2.018546681628954342e-01 -2.338332603211237881e+01
-2.055247530385846400e-01 -2.338011904845134126e+01
-2.091948379142734016e-01 -2.338057551648085308e+01
-2.128649227899623853e-01 -2.337740966240863116e+01
-2.165350076656515910e-01 -2.337791344089958656e+01
-2.202050925413405746e-01 -2.337478710998222198e+01
-2.238751774170293363e-01 -2.337533706545504586e+01
-2.275452622927185420e-01 -2.337224877744734286e+01
-2.312153471684075257e-01 -2.337284361835123292e+01
-2.348854320440967314e-01 -2.336979196270119985e+01
-2.385555169197854930e-01 -2.337043061113508102e+01
-2.422256017954744767e-01 -2.336741414578704124e+01
-2.458956866711636824e-01 -2.336809548201041409e+01
-2.495657715468526661e-01 -2.336511287851322294e+01
-2.532358564225414277e-01 -2.336583592040424406e+01
-2.569059412982306334e-01 -2.336288579129639942e+01
-2.605760261739196171e-01 -2.336364949787817125e+01
-2.642461110496088228e-01 -2.336073060875474994e+01
-2.679161959252975844e-01 -2.336153391583965444e+01
-2.715862808009865681e-01 -2.335864493062514669e+01
-2.752563656766757738e-01 -2.335948696093732835e+01
-2.789264505523647575e-01 -2.335662673056673100e+01
-2.825965354280535191e-01 -2.335750655336527259e+01
-2.862666203037427248e-01 -2.335467392953718146e+01
-2.899367051794317085e-01 -2.335559056812020984e+01
-2.936067900551209142e-01 -2.335278424421564480e+01
-2.972768749308096758e-01 -2.335373704788008098e+01
-3.009469598064986595e-01 -2.335095590085252226e+01
-3.046170446821878652e-01 -2.335194385455902832e+01
-3.082871295578768489e-01 -2.334918678804506698e+01
-3.119572144335656105e-01 -2.335020913429906386e+01
-3.156272993092548163e-01 -2.334747499262730841e+01
-3.192973841849437999e-01 -2.334853109163689666e+01
-3.229674690606325616e-01 -2.334581884235691973e+01
-3.266375539363217673e-01 -2.334690799255182370e+01
-3.303076388120107509e-01 -2.334421653590328916e+01
-3.339777236876999567e-01 -2.334533798096088475e+01
-3.376478085633889403e-01 -2.334266640884569455e+01
-3.413178934390777020e-01 -2.334381944624520955e+01
-3.449879783147669077e-01 -2.334116673227204686e+01
-3.486580631904558913e-01 -2.334235070930996159e+01
-3.523281480661446530e-01 -2.333971590727335155e+01
-3.559982329418338587e-01 -2.334093027222834493e+01
-3.596683178175228424e-01 -2.333831225296113132e+01
-3.633384026932120481e-01 -2.333955642008194786e+01
-3.670084875689010318e-01 -2.333695456358038811e+01
-3.706785724445897934e-01 -2.333822799506342704e+01
-3.743486573202789991e-01 -2.333564093151834129e+01
-3.780187421959679828e-01 -2.333694320376623565e+01
-3.816888270716567444e-01 -2.333436385836637683e+01
-3.853589119473459501e-01 -2.333569999431922781e+01
-3.890289968230349338e-01 -2.333313976397869993e+01
-3.926990816987241395e-01 -2.333449892674875059e+01
-3.963691665744131232e-01 -2.333195187286255035e+01
-4.000392514501018848e-01 -2.333333742691487700e+01
-4.037093363257910905e-01 -2.333080197343527118e+01
-4.073794212014800742e-01 -2.333221443771973469e+01
-4.110495060771688358e-01 -2.332968979726338787e+01
-4.147195909528580415e-01 -2.333112870646153425e+01
-4.183896758285470252e-01 -2.332861400679911412e+01
-4.220597607042362309e-01 -2.333007898533761448e+01
-4.257298455799252146e-01 -2.332757342303203174e+01
-4.293999304556139762e-01 -2.332906416046678544e+01
-4.330700153313031819e-01 -2.332656689650527682e+01
-4.367401002069919436e-01 -2.332808303488267043e+01
-4.404101850826811493e-01 -2.332559331859735607e+01
-4.440802699583703550e-01 -2.332713452362623130e+01
-4.477503548340591166e-01 -2.332465157893293295e+01
-4.514204397097483223e-01 -2.332621764833885436e+01
-4.550905245854370840e-01 -2.332374072944709553e+01
-4.587606094611262897e-01 -2.332533129651429959e+01
-4.624306943368154954e-01 -2.332285970597270364e+01
-4.661007792125042570e-01 -2.332447449590296173e+01
-4.697708640881930187e-01 -2.332200744330532416e+01
-4.734409489638822244e-01 -2.332364647113180212e+01
-4.771110338395709860e-01 -2.332118315988626733e+01
-4.807811187152601917e-01 -2.332284609851236112e+01
-4.844512035909493974e-01 -2.332038601554504709e+01
-4.881212884666381591e-01 -2.332207256269772344e+01
-4.917913733423273648e-01 -2.331961497645556491e+01
-4.954614582180161264e-01 -2.332132504456605560e+01
-4.991315430937053321e-01 -2.331886917762923517e+01
-5.028016279693945378e-01 -2.332060262276646156e+01
-5.064717128450832995e-01 -2.331814774745857122e+01
-5.101417977207725052e-01 -2.331990450072119003e+01
-5.138118825964612668e-01 -2.331745001086229507e+01
-5.174819674721504725e-01 -2.331922985236482404e+01
-5.211520523478396782e-01 -2.331677501897283378e+01
-5.248221372235284399e-01 -2.331857801318538392e+01
-5.284922220992172015e-01 -2.331612215141210598e+01
-5.321623069749064072e-01 -2.331794822867120942e+01
-5.358323918505951688e-01 -2.331549072393302779e+01
-5.395024767262843746e-01 -2.331733978095124016e+01
-5.431725616019735803e-01 -2.331487993211651855e+01
-5.468426464776623419e-01 -2.331675189140351989e+01
-5.505127313533515476e-01 -2.331428902678759130e+01
-5.541828162290403093e-01 -2.331618391396673218e+01
-5.578529011047295150e-01 -2.331371737200460004e+01
-5.615229859804187207e-01 -2.331563528456936751e+01
-5.651930708561074823e-01 -2.331316440928077327e+01
-5.688631557317962439e-01 -2.331510529058032333e+01
-5.725332406074854497e-01 -2.331262946592875807e+01
-5.762033254831742113e-01 -2.331459339516450413e+01
-5.798734103588638611e-01 -2.331211192548406785e+01
-5.835434952345526227e-01 -2.331409893122751242e+01
-5.872135801102413843e-01 -2.331161108672688798e+01
-5.908836649859305901e-01 -2.331362134377807749e+01
-5.945537498616193517e-01 -2.331112654656589811e+01
-5.982238347373085574e-01 -2.331316011474712013e+01
-6.018939196129977631e-01 -2.331065761776638467e+01
-6.055640044886865248e-01 -2.331271478920353601e+01
-6.092340893643757305e-01 -2.331020394067352086e+01
-6.129041742400644921e-01 -2.331228472739950774e+01
-6.165742591157536978e-01 -2.330976495771250612e+01
-6.202443439914429035e-01 -2.331186948360485545e+01
-6.239144288671316652e-01 -2.330934001324607507e+01
-6.275845137428204268e-01 -2.331146855490357694e+01
-6.312545986185096325e-01 -2.330892878694875847e+01
-6.349246834941983941e-01 -2.331108152753245832e+01
-6.385947683698880439e-01 -2.330853073538595410e+01
-6.422648532455768056e-01 -2.331070791488081895e+01
-6.459349381212655672e-01 -2.330814536452353281e+01
-6.496050229969547729e-01 -2.331034725964311249e+01
-6.532751078726435345e-01 -2.330777226163544569e+01
-6.569451927483327403e-01 -2.330999913022341374e+01
-6.606152776240219460e-01 -2.330741106655417738e+01
-6.642853624997107076e-01 -2.330966322483754638e+01
-6.679554473753999133e-01 -2.330706125643388305e+01
-6.716255322510886749e-01 -2.330933899676495002e+01
-6.752956171267778807e-01 -2.330672243664831456e+01
-6.789657020024670864e-01 -2.330902621997947222e+01
-6.826357868781558480e-01 -2.330639438476627490e+01
-6.863058717538446096e-01 -2.330872439604573643e+01
-6.899759566295338153e-01 -2.330607661002448339e+01
-6.936460415052225770e-01 -2.330843330066125318e+01
-6.973161263809122268e-01 -2.330576865354172966e+01
-7.009862112566009884e-01 -2.330815245496695809e+01
-7.046562961322897500e-01 -2.330547019035648404e+01
-7.083263810079789558e-01 -2.330788162685553644e+01
-7.119964658836677174e-01 -2.330518096136191986e+01
-7.156665507593569231e-01 -2.330762039110994621e+01
-7.193366356350461288e-01 -2.330490052136527623e+01
-7.230067205107348904e-01 -2.330736862191427861e+01
-7.266768053864240962e-01 -2.330462919774965158e+01
-7.303468902621128578e-01 -2.330712625014098904e+01
-7.340169751378020635e-01 -2.330436501547348982e+01
-7.376870600134912692e-01 -2.330689221253952681e+01
-7.413571448891800308e-01 -2.330410999098960900e+01
-7.450272297648687925e-01 -2.330666642671835120e+01
-7.486973146405579982e-01 -2.330386121041784264e+01
-7.523673995162467598e-01 -2.330644887229427908e+01
-7.560374843919364096e-01 -2.330362042656475552e+01
-7.597075692676251712e-01 -2.330623949262505334e+01
-7.633776541433139329e-01 -2.330338661942920098e+01
-7.670477390190031386e-01 -2.330603783322823475e+01
-7.707178238946919002e-01 -2.330315966318553222e+01
-7.743879087703811059e-01 -2.330584370546384676e+01
-7.780579936460703117e-01 -2.330293917686008598e+01
-7.817280785217590733e-01 -2.330565676436658862e+01
-7.853981633974478349e-01 -2.330272487209945709e+01
-7.890682482731370406e-01 -2.330547681966734785e+01
-7.927383331488262463e-01 -2.330251657830727297e+01
-7.964084180245154521e-01 -2.330530356412566206e+01
-8.000785029002042137e-01 -2.330231397765297885e+01
-8.037485877758929753e-01 -2.330513704396539154e+01
-8.074186726515821810e-01 -2.330211693572374543e+01
-8.110887575272709427e-01 -2.330497692377636554e+01
-8.147588424029601484e-01 -2.330192520498733799e+01
-8.184289272786493541e-01 -2.330482299435833582e+01
-8.220990121543381157e-01 -2.330173843198749140e+01
-8.257690970300273214e-01 -2.330467500074730935e+01
-8.294391819057160831e-01 -2.330155644012232941e+01
-8.331092667814052888e-01 -2.330453283891620231e+01
-8.367793516570944945e-01 -2.330137904684172057e+01
-8.404494365327832561e-01 -2.330439631374375864e+01
-8.441195214084720178e-01 -2.330120608546626215e+01
-8.477896062841612235e-01 -2.330426543351503454e+01
-8.514596911598504292e-01 -2.330103724940344634e+01
-8.551297760355396349e-01 -2.330413985943108557e+01
-8.587998609112283965e-01 -2.330087253502682643e+01
-8.624699457869171582e-01 -2.330401941928074550e+01
-8.661400306626063639e-01 -2.330071149690569854e+01
-8.698101155382951255e-01 -2.330390401002405909e+01
-8.734802004139843312e-01 -2.330055400255576359e+01
-8.771502852896735369e-01 -2.330379349797956579e+01
-8.808203701653622986e-01 -2.330039980963391244e+01
-8.844904550410515043e-01 -2.330368776878816561e+01
-8.881605399167402659e-01 -2.330024881879676002e+01
-8.918306247924294716e-01 -2.330358670794352705e+01
-8.955007096681186773e-01 -2.330010073347499855e+01
-8.991707945438074390e-01 -2.330349014872939506e+01
-9.028408794194962006e-01 -2.329995557746041968e+01
-9.065109642951854063e-01 -2.330339800187275046e+01
-9.101810491708746120e-01 -2.329981307692845149e+01
-9.138511340465638177e-01 -2.330331027457947002e+01
-9.175212189222525794e-01 -2.329967310389689317e+01
-9.211913037979413410e-01 -2.330322681652892314e+01
-9.248613886736305467e-01 -2.329953539910797389e+01
-9.285314735493193083e-01 -2.330314748000898462e+01
-9.322015584250085141e-01 -2.329939970832921858e+01
-9.358716433006977198e-01 -2.330307209269124513e+01
-9.395417281763864814e-01 -2.329926584765793507e+01
-9.432118130520756871e-01 -2.330300039753302599e+01
-9.468818979277644488e-01 -2.329913331532297249e+01
-9.505519828034536545e-01 -2.330293229138403888e+01
-9.542220676791428602e-01 -2.329900208305230436e+01
-9.578921525548316218e-01 -2.330286787326249609e+01
-9.615622374305203834e-01 -2.329887232455271473e+01
-9.652323223062095892e-01 -2.330280738528341189e+01
-9.689024071818983508e-01 -2.329874400006466573e+01
-9.725724920575880006e-01 -2.330275074539177638e+01
-9.762425769332767622e-01 -2.329861678311401363e+01
-9.799126618089655238e-01 -2.330269776482897370e+01
-9.835827466846547296e-01 -2.329849039457362636e+01
-9.872528315603434912e-01 -2.330264832982334511e+01
-9.909229164360326969e-01 -2.329836462379854467e+01
-9.945930013117219026e-01 -2.330260246263419077e+01
-9.982630861874106643e-01 -2.329823924969323556e+01
-1.001933171063099870e+00 -2.330255993238012380e+01
-1.005603255938788632e+00 -2.329811397574385978e+01
-1.009273340814477837e+00 -2.330252076303815656e+01
-1.012943425690167043e+00 -2.329798868016909807e+01
-1.016613510565855805e+00 -2.330248501541740325e+01
-1.020283595441544566e+00 -2.329786335089184846e+01
-1.023953680317233772e+00 -2.330245269470510650e+01
-1.027623765192922534e+00 -2.329773770101633446e+01
-1.031293850068611739e+00 -2.330242376792834591e+01
-1.034963934944300945e+00 -2.329761137253468206e+01
-1.038634019819989707e+00 -2.330239824128443260e+01
-1.042304104695678912e+00 -2.329748428987607411e+01
-1.045974189571367674e+00 -2.330237614090833276e+01
-1.049644274447056880e+00 -2.329735620633439197e+01
-1.053314359322746085e+00 -2.330235764105846030e+01
-1.056984444198434847e+00 -2.329722718212568466e+01
-1.060654529074123609e+00 -2.330234275727065096e+01
-1.064324613949812814e+00 -2.329709682623258971e+01
-1.067994698825502020e+00 -2.330233075275375043e+01
-1.071664783701191226e+00 -2.329696562033647922e+01
-1.075334868576879988e+00 -2.330232386142127154e+01
-1.079004953452568749e+00 -2.329682983361921700e+01
-1.082675038328257955e+00 -2.330232794184555800e+01
-1.086345123203946716e+00 -2.329678284289973789e+01
-1.090015208079635922e+00 -2.330233153309778160e+01
-1.093685292955325128e+00 -2.329656202718454949e+01
-1.097355377831013890e+00 -2.330232645953934778e+01
-1.101025462706703095e+00 -2.329641865409046630e+01
-1.104695547582391857e+00 -2.330233085116611136e+01
-1.108365632458081063e+00 -2.329626675694396098e+01
-1.112035717333770268e+00 -2.330233769244077635e+01
-1.115705802209459030e+00 -2.329611553591330164e+01
-1.119375887085147792e+00 -2.330235011486280072e+01
-1.123045971960836997e+00 -2.329596022882848771e+01
-1.126716056836526203e+00 -2.330236689873050793e+01
-1.130386141712215409e+00 -2.329580103739344565e+01
-1.134056226587904170e+00 -2.330238824131907194e+01
-1.137726311463592932e+00 -2.329563711821923278e+01
-1.141396396339282138e+00 -2.330241408081830912e+01
-1.145066481214970899e+00 -2.329546797514972667e+01
-1.148736566090660105e+00 -2.330244458072304781e+01
-1.152406650966349311e+00 -2.329529302782232492e+01
-1.156076735842038072e+00 -2.330247988294642170e+01
-1.159746820717727278e+00 -2.329511171934269953e+01
-1.163416905593416040e+00 -2.330252016204989118e+01
-1.167086990469105245e+00 -2.329492337320180440e+01
-1.170757075344794451e+00 -2.330256560064734472e+01
-1.174427160220483213e+00 -2.329472739631167144e+01
-1.178097245096171974e+00 -2.330261652838217401e+01
-1.181767329971861180e+00 -2.329452306677780982e+01
-1.185437414847550386e+00 -2.330267328507522961e+01
-1.189107499723239592e+00 -2.329430952541636302e+01
-1.192777584598928353e+00 -2.330273614976548302e+01
-1.196447669474617115e+00 -2.329408606973959905e+01
-1.200117754350306321e+00 -2.330280548894433679e+01
-1.203787839225995082e+00 -2.329385181281537598e+01
-1.207457924101684288e+00 -2.330288188231124025e+01
-1.211128008977373494e+00 -2.329360583676423957e+01
-1.214798093853062255e+00 -2.330296571348235801e+01
-1.218468178728751461e+00 -2.329334686221091388e+01
-1.222138263604440223e+00 -2.330305758286791473e+01
-1.225808348480129428e+00 -2.329307375961285942e+01
-1.229478433355818634e+00 -2.330315796044572352e+01
-1.233148518231507396e+00 -2.329278514790118848e+01
-1.236818603107196157e+00 -2.330326765888532492e+01
-1.240488687982885363e+00 -2.329247963294797330e+01
-1.244158772858574569e+00 -2.330338718575176316e+01
-1.247828857734263330e+00 -2.329215539084237463e+01
-1.251498942609952536e+00 -2.330351752175186064e+01
-1.255169027485641298e+00 -2.329181070486056626e+01
-1.258839112361330503e+00 -2.330365968004676347e+01
-1.262509197237019265e+00 -2.329144364569567571e+01
-1.266179282112708471e+00 -2.330381480201733524e+01
-1.269849366988397676e+00 -2.329105169674466680e+01
-1.273519451864086438e+00 -2.330398390948672827e+01
-1.277189536739775200e+00 -2.329063249064535768e+01
-1.280859621615464405e+00 -2.330416850752500579e+01
-1.284529706491153611e+00 -2.329018294588716742e+01
-1.288199791366842817e+00 -2.330437008799271936e+01
-1.291869876242531578e+00 -2.328969987277413267e+01
-1.295539961118220340e+00 -2.330459041561328704e+01
-1.299210045993909546e+00 -2.328917944342109791e+01
-1.302880130869598752e+00 -2.330483152444408290e+01
-1.306550215745287513e+00 -2.328861740446095752e+01
-1.310220300620976719e+00 -2.330509567663100867e+01
-1.313890385496665481e+00 -2.328800880324046219e+01
-1.317560470372354686e+00 -2.330538553615053488e+01
-1.321230555248043448e+00 -2.328734815077370968e+01
-1.324900640123732654e+00 -2.330570428566902663e+01
-1.328570724999421859e+00 -2.328662899544677245e+01
-1.332240809875110621e+00 -2.330605533714911459e+01
-1.335910894750799383e+00 -2.328584373716175548e+01
-1.339580979626488588e+00 -2.330644283348049228e+01
-1.343251064502177794e+00 -2.328498367889713450e+01
-1.346921149377867000e+00 -2.330687157324090464e+01
-1.350591234253555761e+00 -2.328403862705744487e+01
-1.354261319129244523e+00 -2.330734728541323264e+01
-1.357931404004933729e+00 -2.328299674162353128e+01
-1.361601488880622490e+00 -2.330787660209347933e+01
-1.365271573756311696e+00 -2.328184367990279569e+01
-1.368941658632000902e+00 -2.330846788412263138e+01
-1.372611743507689663e+00 -2.328056362275869873e+01
-1.376281828383378869e+00 -2.330912955148130195e+01
-1.379951913259067631e+00 -2.327912259023570130e+01
-1.383621998134756836e+00 -2.330987273445757779e+01
-1.387292083010446042e+00 -2.327753276263812410e+01
-1.390962167886134804e+00 -2.331070960710595230e+01
-1.394632252761823565e+00 -2.327572638162127916e+01
-1.398302337637512771e+00 -2.331165931580710193e+01
-1.401972422513201977e+00 -2.327368353755975861e+01
-1.405642507388891183e+00 -2.331274174471408500e+01
-1.409312592264579944e+00 -2.327135887062483377e+01
-1.412982677140268706e+00 -2.331398159137643233e+01
-1.416652762015957912e+00 -2.326869680414034391e+01
-1.420322846891646673e+00 -2.331541057371503101e+01
-1.423992931767335879e+00 -2.326562749493728077e+01
-1.427663016643025085e+00 -2.331706694869374275e+01
-1.431333101518713846e+00 -2.326206297619550156e+01
-1.435003186394403052e+00 -2.331900244683660972e+01
-1.438673271270091814e+00 -2.325788977609683172e+01
-1.442343356145781019e+00 -2.332128208397789493e+01
-1.446013441021470225e+00 -2.325296002350002311e+01
-1.449683525897158987e+00 -2.332399190196290917e+01
-1.453353610772847748e+00 -2.324707825421633700e+01
-1.457023695648536954e+00 -2.332724582650509504e+01
-1.460693780524226160e+00 -2.323998078453121963e+01
-1.464363865399915365e+00 -2.333119876639368329e+01
-1.468033950275604127e+00 -2.323130616035903984e+01
-1.471704035151292889e+00 -2.333606561552254277e+01
-1.475374120026982094e+00 -2.322055043693685761e+01
-1.479044204902670856e+00 -2.334214764153232835e+01
-1.482714289778360062e+00 -2.320697872089145619e+01
-1.486384374654049267e+00 -2.334989297334955793e+01
-1.490054459529738029e+00 -2.318954584489524251e+01
-1.493724544405426791e+00 -2.335993230404584509e+01
-1.497394629281115996e+00 -2.316649382609665864e+01
-1.501064714156805202e+00 -2.337339970403909106e+01
-1.504734799032494408e+00 -2.313564375521481153e+01
-1.508404883908183169e+00 -2.339151911261880201e+01
-1.512074968783871931e+00 -2.309090197669251054e+01
-1.515745053659561137e+00 -2.341882070231067203e+01
-1.519415138535250342e+00 -2.303114803827212143e+01
-1.523085223410939104e+00 -2.345368219769065732e+01
-1.526755308286628310e+00 -2.291491309146012867e+01
-1.530425393162317071e+00 -2.353354937351957687e+01
-1.534095478038006277e+00 -2.281513796215920920e+01
-1.537765562913695039e+00 -2.356920017369661480e+01
-1.541435647789384245e+00 -2.222351853543639422e+01
-1.545105732665073450e+00 -2.408955807564037599e+01
-1.548775817540762212e+00 -2.268066991832075630e+01
-1.552445902416450974e+00 -2.317228223986453273e+01
-1.556115987292140179e+00 -1.571423508770242883e+01
-1.559786072167829385e+00 -3.206868360369997362e+01
-1.563456157043518591e+00 -4.054922825243788509e+01
-1.567126241919207352e+00 4.790605751712994298e+00
-1.570796326794896114e+00 -7.265936900106987650e+01
