1.570796326794896558e+00 1.133795383452097667e+03
1.566705711360534936e+00 1.133190731363423538e+03
1.562615095926173092e+00 1.132205626038868786e+03
1.558524480491811470e+00 1.130016585376993362e+03
1.554433865057449626e+00 1.127451043492634653e+03
1.550343249623088004e+00 1.123697570011392600e+03
1.546252634188726383e+00 1.119575418015288733e+03
1.542162018754364539e+00 1.114291668350219425e+03
1.538071403320002917e+00 1.108650773748015808e+03
1.533980787885641073e+00 1.101884448472594613e+03
1.529890172451279451e+00 1.094775990033975859e+03
1.525799557016917829e+00 1.086587428432464321e+03
1.521708941582555985e+00 1.078074925654856088e+03
1.517618326148194363e+00 1.068535981485493494e+03
1.513527710713832519e+00 1.058694115059152864e+03
1.509437095279470897e+00 1.047886848008473407e+03
1.505346479845109275e+00 1.036800107970682575e+03
1.501255864410747431e+00 1.024815333101907981e+03
1.497165248976385810e+00 1.012576536110178267e+03
1.493074633542024188e+00 9.995122719741817718e+02
1.488984018107662344e+00 9.862209909057613686e+02
1.484893402673300722e+00 9.721808533490496984e+02
1.480802787238938878e+00 9.579418046320595295e+02
1.476712171804577256e+00 9.430333846644081177e+02
1.472621556370215412e+00 9.279548121383663783e+02
1.468530940935853790e+00 9.122880821502682238e+02
1.464440325501492168e+00 8.964801792775468812e+02
1.460349710067130324e+00 8.801659622934975005e+02
1.456259094632768702e+00 8.637393673263546816e+02
1.452168479198407081e+00 8.468878991472877260e+02
1.448077863764045237e+00 8.299522909479775308e+02
1.443987248329683615e+00 8.126719037394202587e+02
1.439896632895321771e+00 7.953347250905352439e+02
1.435806017460960149e+00 7.777306675346371776e+02
1.431715402026598527e+00 7.600959890197751747e+02
1.427624786592236683e+00 7.422694032368974604e+02
1.423534171157875061e+00 7.244369456026710168e+02
1.419443555723513217e+00 7.064839997154233515e+02
1.415352940289151595e+00 6.885483146375016759e+02
1.411262324854789973e+00 6.705595007995602828e+02
1.407171709420428130e+00 6.526093141520178733e+02
1.403081093986066508e+00 6.346689050532021383e+02
1.398990478551704664e+00 6.167866183352149392e+02
1.394899863117343042e+00 5.989722756223040960e+02
1.390809247682981420e+00 5.812336162457783075e+02
1.386718632248619576e+00 5.636161450660703167e+02
1.382628016814257954e+00 5.460899575106302564e+02
1.378537401379896110e+00 5.287331876256306487e+02
1.374446785945534488e+00 5.114813498240151830e+02
1.370356170511172866e+00 4.944421378046670270e+02
1.366265555076811022e+00 4.775195916481016525e+02
1.362174939642449401e+00 4.608479189158120448e+02
1.358084324208087779e+00 4.443027928627012670e+02
1.353993708773725935e+00 4.280419591222125746e+02
1.349903093339364313e+00 4.119157841491697809e+02
1.345812477905002469e+00 3.961026586898802861e+02
1.341721862470640847e+00 3.804306289395649401e+02
1.337631247036279003e+00 3.650959721562701930e+02
1.333540631601917381e+00 3.499072864036559167e+02
1.329450016167555759e+00 3.350761050145466697e+02
1.325359400733193915e+00 3.203943253016152539e+02
1.321268785298832293e+00 3.060862616144815433e+02
1.317178169864470672e+00 2.919297080540973752e+02
1.313087554430108828e+00 2.781594480105081857e+02
1.308996938995747206e+00 2.645416088549295068e+02
1.304906323561385584e+00 2.513192994674681700e+02
1.300815708127023740e+00 2.382492480288186698e+02
1.296725092692661896e+00 2.255809161547342114e+02
1.292634477258300274e+00 2.130637269732156653e+02
1.288543861823938652e+00 2.009516924967447835e+02
1.284453246389576808e+00 1.889888502863565520e+02
1.280362630955215186e+00 1.774321273966471040e+02
1.276272015520853564e+00 1.660219228800455085e+02
1.272181400086491720e+00 1.550166061475117658e+02
1.268090784652130099e+00 1.441545157040913523e+02
1.264000169217768255e+00 1.336941460548400471e+02
1.259909553783406633e+00 1.233731909406025835e+02
1.255818938349045011e+00 1.134491005266825141e+02
1.251728322914683167e+00 1.036601839909871074e+02
1.247637707480321545e+00 9.426181768620804746e+01
1.243547092045959701e+00 8.499403873596190806e+01
1.239456476611598079e+00 7.610925104827879295e+01
1.235365861177236457e+00 6.735019403813677741e+01
1.231275245742874613e+00 5.896552165044146676e+01
1.227184630308512991e+00 5.070152132771809050e+01
1.223094014874151370e+00 4.280243143819171081e+01
1.219003399439789526e+00 3.501881383641559609e+01
1.214912784005427682e+00 2.758992866592406656e+01
1.210822168571066060e+00 2.027122869847614695e+01
1.206731553136704438e+00 1.329652701517740532e+01
1.202640937702342594e+00 6.426683529917397664e+00
1.198550322267980972e+00 -1.103194953918456567e-01
1.194459706833619350e+00 -6.547790048980711042e+00
1.190369091399257506e+00 -1.266388363393147465e+01
1.186278475964895884e+00 -1.868573349049885834e+01
1.182187860530534262e+00 -2.439787133814493103e+01
1.178097245096172418e+00 -3.002098690312702800e+01
1.174006629661810797e+00 -3.534616466013589076e+01
1.169916014227448953e+00 -4.058744875691730414e+01
1.165825398793087331e+00 -4.554259848403929567e+01
1.161734783358725709e+00 -5.041886890335081972e+01
1.157644167924363865e+00 -5.502076823857623822e+01
1.153553552490002243e+00 -5.954867081629433301e+01
1.149462937055640399e+00 -6.381386540069578217e+01
1.145372321621278777e+00 -6.800980016403195805e+01
1.141281706186917155e+00 -7.195453889846800166e+01
1.137191090752555311e+00 -7.583459812952675350e+01
1.133100475318193689e+00 -7.947477929916379935e+01
1.129009859883831846e+00 -8.305469628804522131e+01
1.124919244449470224e+00 -8.640582327092484149e+01
1.120828629015108380e+00 -8.970093073247269899e+01
1.116738013580746758e+00 -9.277807702916460642e+01
1.112647398146385136e+00 -9.580327372283932164e+01
1.108556782712023292e+00 -9.862105514653518412e+01
1.104466167277661670e+00 -1.013907803031921162e+02
1.100375551843300048e+00 -1.039633343025207211e+02
1.096284936408938204e+00 -1.064915482396443309e+02
1.092194320974576582e+00 -1.088325192848205063e+02
1.088103705540214960e+00 -1.111326899894713875e+02
1.084013090105853117e+00 -1.132552196835835332e+02
1.079922474671491273e+00 -1.153403143315632775e+02
1.075831859237129651e+00 -1.172570365514119004e+02
1.071741243802768029e+00 -1.191395171811421392e+02
1.067650628368406185e+00 -1.208625566027322975e+02
1.063560012934044563e+00 -1.225543797770181982e+02
1.059469397499682941e+00 -1.240953539629617950e+02
1.055378782065321097e+00 -1.256079731274922437e+02
1.051288166630959475e+00 -1.269779973922729113e+02
1.047197551196597853e+00 -1.283223684112548426e+02
1.043106935762236009e+00 -1.295320627677916718e+02
1.039016320327874388e+00 -1.307186512232462121e+02
1.034925704893512766e+00 -1.317781494684854806e+02
1.030835089459150922e+00 -1.328169399716694841e+02
1.026744474024789078e+00 -1.337359003479003547e+02
1.022653858590427456e+00 -1.346364074234008683e+02
1.018563243156065834e+00 -1.354240243797301844e+02
1.014472627721703990e+00 -1.361953044871011969e+02
1.010382012287342368e+00 -1.368603215540567533e+02
1.006291396852980746e+00 -1.375109857943216412e+02
1.002200781418618902e+00 -1.380617094355264953e+02
9.981101659842571694e-01 -1.385999375129699445e+02
9.940195505498954365e-01 -1.390442508524576226e+02
9.899289351155338146e-01 -1.394778047940571639e+02
9.858383196811720817e-01 -1.398231830996194844e+02
9.817477042468103487e-01 -1.401594227767944005e+02
9.776570888124487269e-01 -1.404129438341776108e+02
9.735664733780869939e-01 -1.406588378389993750e+02
9.694758579437252610e-01 -1.408272152849832821e+02
9.653852425093635281e-01 -1.409893613393147405e+02
9.612946270750017952e-01 -1.410789118827819379e+02
9.572040116406400623e-01 -1.411635632611592257e+02
9.531133962062784404e-01 -1.411803012453714530e+02
9.490227807719167075e-01 -1.411933392850239670e+02
9.449321653375549745e-01 -1.411429069236755254e+02
9.408415499031933527e-01 -1.410898972109476119e+02
9.367509344688316197e-01 -1.409776361615498388e+02
9.326603190344697758e-01 -1.408638364341735496e+02
9.285697036001081539e-01 -1.406947749732970863e+02
9.244790881657464210e-01 -1.405251345588683591e+02
9.203884727313846881e-01 -1.403040119178771761e+02
9.162978572970230662e-01 -1.400831946594237820e+02
9.122072418626613333e-01 -1.398144712417602307e+02
9.081166264282996003e-01 -1.395468666025797120e+02
9.040260109939378674e-01 -1.392347379407246422e+02
8.999353955595761345e-01 -1.389244745348611900e+02
8.958447801252144016e-01 -1.385728837743122881e+02
8.917541646908527797e-01 -1.382238417371113997e+02
8.876635492564910468e-01 -1.378364919207254502e+02
8.835729338221293139e-01 -1.374523150894164587e+02
8.794823183877676920e-01 -1.370326809847513516e+02
8.753917029534059591e-01 -1.366167885419209540e+02
8.713010875190442261e-01 -1.361681281160990125e+02
8.672104720846824932e-01 -1.357237256538390682e+02
8.631198566503207603e-01 -1.352490912460326911e+02
8.590292412159590274e-01 -1.347791820940653338e+02
8.549386257815974055e-01 -1.342814305742899421e+02
8.508480103472356726e-01 -1.337888256637572795e+02
8.467573949128739397e-01 -1.332706290433247602e+02
8.426667794785123178e-01 -1.327579573717752623e+02
8.385761640441505849e-01 -1.322218122344970368e+02
8.344855486097888519e-01 -1.316915301236469986e+02
8.303949331754271190e-01 -1.311397670740763033e+02
8.263043177410653861e-01 -1.305941675417581678e+02
8.222137023067036532e-01 -1.300289600262959198e+02
8.181230868723420313e-01 -1.294701814437865721e+02
8.140324714379802984e-01 -1.288935543764749809e+02
8.099418560036185655e-01 -1.283235888267516600e+02
8.058512405692568326e-01 -1.277374267260233154e+02
8.017606251348950996e-01 -1.271581281974792148e+02
7.976700097005333667e-01 -1.265641827908833505e+02
7.935793942661717448e-01 -1.259772745646158398e+02
7.894887788318100119e-01 -1.253771723434447836e+02
7.853981633974482790e-01 -1.247842544532775406e+02
7.813075479630866571e-01 -1.241795036376952766e+02
7.772169325287249242e-01 -1.235820598055521202e+02
7.731263170943631913e-01 -1.229740570859272850e+02
7.690357016600014584e-01 -1.223734611381530470e+02
7.649450862256398365e-01 -1.217634980669657097e+02
7.608544707912779925e-01 -1.211610205057779552e+02
7.567638553569163706e-01 -1.205502895495096425e+02
7.526732399225547487e-01 -1.199471032936095725e+02
7.485826244881929048e-01 -1.193367037190754871e+02
7.444920090538312829e-01 -1.187338899681090822e+02
7.404013936194695500e-01 -1.181248332130431749e+02
7.363107781851077061e-01 -1.175233866950988357e+02
7.322201627507460842e-01 -1.169166015914916699e+02
7.281295473163844623e-01 -1.163174358116149563e+02
7.240389318820226183e-01 -1.157137735410054091e+02
7.199483164476609964e-01 -1.151177256024678144e+02
7.158577010132993745e-01 -1.145179644610086740e+02
7.117670855789375306e-01 -1.139257995948791091e+02
7.076764701445757977e-01 -1.133306493492126066e+02
7.035858547102141758e-01 -1.127430654680887443e+02
6.994952392758523319e-01 -1.121531715878804079e+02
6.954046238414907100e-01 -1.115708033363341940e+02
6.913140084071290881e-01 -1.109867510477701416e+02
6.872233929727672441e-01 -1.104101737027485797e+02
6.831327775384056222e-01 -1.098324917531330982e+02
6.790421621040438893e-01 -1.092622250567117987e+02
6.749515466696821564e-01 -1.086913892209370687e+02
6.708609312353204235e-01 -1.081279008140563604e+02
6.667703158009588016e-01 -1.075643374087015474e+02
6.626797003665969577e-01 -1.070080462328592574e+02
6.585890849322353358e-01 -1.064521352050781076e+02
6.544984694978737139e-01 -1.059034145001729001e+02
6.504078540635118699e-01 -1.053554926180521392e+02
6.463172386291502480e-01 -1.048146732081094967e+02
6.422266231947885151e-01 -1.042750367103576252e+02
6.381360077604267822e-01 -1.037424095026651827e+02
6.340453923260650493e-01 -1.032113170557657611e+02
6.299547768917034274e-01 -1.026871359672546049e+02
6.258641614573415834e-01 -1.021648110455830789e+02
6.217735460229799616e-01 -1.016492953641255497e+02
6.176829305886183397e-01 -1.011359286842345853e+02
6.135923151542564957e-01 -1.006292655019123998e+02
6.095016997198947628e-01 -1.001250173838297144e+02
6.054110842855331409e-01 -9.962736389261878855e+01
6.013204688511712970e-01 -9.913236626459753609e+01
5.972298534168096751e-01 -9.864385165685014556e+01
5.931392379824480532e-01 -9.815821046218869128e+01
5.890486225480862092e-01 -9.767893835983272766e+01
5.849580071137245874e-01 -9.720273441390989433e+01
5.808673916793628544e-01 -9.673278383712766981e+01
5.767767762450011215e-01 -9.626607637634275250e+01
5.726861608106393886e-01 -9.580550559158324120e+01
5.685955453762778777e-01 -9.534833357874548199e+01
5.645049299419160338e-01 -9.489717838414505025e+01
5.604143145075541899e-01 -9.444955913238523237e+01
5.563236990731925680e-01 -9.400783744125364194e+01
5.522330836388307240e-01 -9.356977255325315923e+01
5.481424682044691021e-01 -9.313748510258989199e+01
5.440518527701074802e-01 -9.270895917078651394e+01
5.399612373357456363e-01 -9.228609012171425263e+01
5.358706219013840144e-01 -9.186707277781165715e+01
5.317800064670223925e-01 -9.145359165623979436e+01
5.276893910326605486e-01 -9.104403882573443241e+01
5.235987755982989267e-01 -9.063990159123736134e+01
5.195081601639373048e-01 -9.023975651143389598e+01
5.154175447295754608e-01 -8.984490676472979942e+01
5.113269292952138390e-01 -8.945410128809608352e+01
5.072363138608522171e-01 -8.906847131627395697e+01
5.031456984264903731e-01 -8.868692673772173407e+01
4.990550829921287512e-01 -8.831043861516312177e+01
4.949644675577669073e-01 -8.793806676025387503e+01
4.908738521234052854e-01 -8.757063304087319011e+01
4.867832366890434415e-01 -8.720733724568682987e+01
4.826926212546818196e-01 -8.684886223831173879e+01
4.786020058203199756e-01 -8.649453806177770332e+01
4.745113903859583537e-01 -8.614491837972002486e+01
4.704207749515967318e-01 -8.579945438486733167e+01
4.663301595172348879e-01 -8.545857977167760566e+01
4.622395440828732660e-01 -8.512185840733843634e+01
4.581489286485116441e-01 -8.478961260833737867e+01
4.540583132141498002e-01 -8.446151071370439922e+01
4.499676977797881783e-01 -8.413777199172970711e+01
4.458770823454265564e-01 -8.381816170679726952e+01
4.417864669110647124e-01 -8.350280367914835722e+01
4.376958514767030906e-01 -8.319155273005165441e+01
4.336052360423412466e-01 -8.288444465560910146e+01
4.295146206079796247e-01 -8.258141717834467954e+01
4.254240051736177808e-01 -8.228242482299802418e+01
4.213333897392561589e-01 -8.198748181889850173e+01
4.172427743048943150e-01 -8.169646779836014616e+01
4.131521588705326931e-01 -8.140946750106809304e+01
4.090615434361710712e-01 -8.112629190546670088e+01
4.049709280018092272e-01 -8.084709039255774599e+01
4.008803125674476053e-01 -8.057161098887122819e+01
3.967896971330859834e-01 -8.030006252950032319e+01
3.926990816987241395e-01 -8.003213537597653726e+01
3.886084662643625176e-01 -7.976809282608030571e+01
3.845178508300008957e-01 -7.950757264251707568e+01
3.804272353956390518e-01 -7.925088783442177487e+01
3.763366199612774299e-01 -7.899762827275590382e+01
3.722460045269158080e-01 -7.874815229339596101e+01
3.681553890925539640e-01 -7.850200636316932901e+01
3.640647736581921201e-01 -7.825958996047971539e+01
3.599741582238304982e-01 -7.802041026433305149e+01
3.558835427894686543e-01 -7.778490402730302833e+01
3.517929273551070324e-01 -7.755254305292761785e+01
3.477023119207454105e-01 -7.732379777933753928e+01
3.436116964863835666e-01 -7.709810815658565275e+01
3.395210810520219447e-01 -7.687597491124468263e+01
3.354304656176603228e-01 -7.665680974349974974e+01
3.313398501832984788e-01 -7.644114027608233641e+01
3.272492347489368569e-01 -7.622835320994056474e+01
3.231586193145752350e-01 -7.601900008951818677e+01
3.190680038802133911e-01 -7.581244553146359522e+01
3.149773884458517692e-01 -7.560926239166256835e+01
3.108867730114901473e-01 -7.540879589742021949e+01
3.067961575771283034e-01 -7.521163739852902097e+01
3.027055421427666815e-01 -7.501711559600829560e+01
2.986149267084048375e-01 -7.482583778864540136e+01
2.945243112740429936e-01 -7.463711855850216637e+01
2.904336958396813717e-01 -7.445157909189859424e+01
2.863430804053197498e-01 -7.426852176615395251e+01
2.822524649709579059e-01 -7.408857974700927684e+01
2.781618495365962840e-01 -7.391104532114663073e+01
2.740712341022346621e-01 -7.373656152598060487e+01
2.699806186678728182e-01 -7.356441264088945786e+01
2.658900032335111963e-01 -7.339524965616860186e+01
2.617993877991495744e-01 -7.322835076828000922e+01
2.577087723647877304e-01 -7.306437308375039663e+01
2.536181569304261085e-01 -7.290259043680825357e+01
2.495275414960644866e-01 -7.274366453170773639e+01
2.454369260617026427e-01 -7.258686634368892499e+01
2.413463106273410208e-01 -7.243286081364946938e+01
2.372556951929791769e-01 -7.228091738408406286e+01
2.331650797586175550e-01 -7.213170281092322966e+01
2.290744643242557110e-01 -7.198448644536333063e+01
2.249838488898940891e-01 -7.183993560943599732e+01
2.208932334555322452e-01 -7.169732074737547123e+01
2.168026180211706233e-01 -7.155730861562089729e+01
2.127120025868090014e-01 -7.141917187093096686e+01
2.086213871524471575e-01 -7.128357560602822218e+01
2.045307717180855356e-01 -7.114979576695758112e+01
2.004401562837239137e-01 -7.101849502538041747e+01
1.963495408493620697e-01 -7.088895340525306210e+01
1.922589254150004479e-01 -7.076182949829099300e+01
1.881683099806388260e-01 -7.063640887654619860e+01
1.840776945462769820e-01 -7.051334718043007399e+01
1.799870791119153601e-01 -7.039193342514036544e+01
1.758964636775537382e-01 -7.027281893183388206e+01
1.718058482431918943e-01 -7.015530057322180824e+01
1.677152328088300504e-01 -7.004002210667924544e+01
1.636246173744684285e-01 -6.992628859049474954e+01
1.595340019401065845e-01 -6.981473752517698017e+01
1.554433865057449626e-01 -6.970468160222367260e+01
1.513527710713833407e-01 -6.959675136337277479e+01
1.472621556370214968e-01 -6.949026784515378097e+01
1.431715402026598749e-01 -6.938585416132605133e+01
1.390809247682982530e-01 -6.928284015452065603e+01
1.349903093339364091e-01 -6.918184104487099262e+01
1.308996938995747872e-01 -6.908219592386879526e+01
1.268090784652131653e-01 -6.898451172383624908e+01
1.227184630308513213e-01 -6.888813713277178863e+01
1.186278475964896995e-01 -6.879367050755817559e+01
1.145372321621280776e-01 -6.870047041015622824e+01
1.104466167277662336e-01 -6.860912620773314075e+01
1.063560012934046117e-01 -6.851900675175983224e+01
1.022653858590427678e-01 -6.843069225769040997e+01
9.817477042468114590e-02 -6.834356194076535473e+01
9.408415499031930196e-02 -6.825818647537228401e+01
8.999353955595768007e-02 -6.817395584233599948e+01
8.590292412159583613e-02 -6.809143102544148007e+01
8.181230868723421423e-02 -6.801001287333168932e+01
7.772169325287259234e-02 -6.793025247726437499e+01
7.363107781851074840e-02 -6.785156171035764316e+01
6.954046238414912651e-02 -6.777448177083331871e+01
6.544984694978750461e-02 -6.769843553136189485e+01
6.135923151542566067e-02 -6.762395402196246152e+01
5.726861608106403878e-02 -6.755047147954303455e+01
5.317800064670241689e-02 -6.747850865300493695e+01
4.908738521234057295e-02 -6.740751105270383903e+01
4.499676977797895105e-02 -6.733798919804890204e+01
4.090615434361710712e-02 -6.726939979273475956e+01
3.681553890925548522e-02 -6.720224312616980455e+01
3.272492347489364128e-02 -6.713598728739417254e+01
2.863430804053201939e-02 -6.707112207463580944e+01
2.454369260617017545e-02 -6.700712702967322798e+01
2.045307717180855356e-02 -6.694448161137896136e+01
1.636246173744693166e-02 -6.688267657928464871e+01
1.227184630308508773e-02 -6.682218104197180253e+01
8.181230868723465832e-03 -6.676249702860512514e+01
4.090615434361843938e-03 -6.670408344039914539e+01
0.000000000000000000e+00 -6.664645353342689305e+01
-4.090615434361399849e-03 -6.659005584182737891e+01
-8.181230868723243788e-03 -6.653441482340492996e+01
-1.227184630308508773e-02 -6.647996881027218308e+01
-1.636246173744670962e-02 -6.642625324478147775e+01
-2.045307717180833151e-02 -6.637369649861649634e+01
-2.454369260617017545e-02 -6.632184490305579061e+01
-2.863430804053179735e-02 -6.627111673634844635e+01
-3.272492347489364128e-02 -6.622106923650102317e+01
-3.681553890925548522e-02 -6.617211066538489206e+01
-4.090615434361688507e-02 -6.612380899581906135e+01
-4.499676977797872901e-02 -6.607656261545815823e+01
-4.908738521234057295e-02 -6.602995020726520181e+01
-5.317800064670197280e-02 -6.598436045862831634e+01
-5.726861608106381674e-02 -6.593938248443600969e+01
-6.135923151542566067e-02 -6.589539535751340793e+01
-6.544984694978706052e-02 -6.585199849116006021e+01
-6.954046238414890446e-02 -6.580956144256589369e+01
-7.363107781851074840e-02 -6.576769384587603895e+01
-7.772169325287214825e-02 -6.572675595041908991e+01
-8.181230868723399219e-02 -6.568636742095945635e+01
-8.590292412159583613e-02 -6.564687924931843099e+01
-8.999353955595745802e-02 -6.560792100372313485e+01
-9.408415499031930196e-02 -6.556983462142942187e+01
-9.817477042468114590e-02 -6.553225933100380018e+01
-1.022653858590425457e-01 -6.549552810236610867e+01
-1.063560012934043897e-01 -6.545928985290525759e+01
-1.104466167277662336e-01 -6.542386870193479353e+01
-1.145372321621276335e-01 -6.538892293726601679e+01
-1.186278475964894774e-01 -6.535476802775062311e+01
-1.227184630308513213e-01 -6.532107151514686905e+01
-1.268090784652127212e-01 -6.528814039459227558e+01
-1.308996938995745651e-01 -6.525565122477212299e+01
-1.349903093339364091e-01 -6.522390270843504823e+01
-1.390809247682978089e-01 -6.519258027623493490e+01
-1.431715402026596529e-01 -6.516197453257240113e+01
-1.472621556370214968e-01 -6.513177953643797480e+01
-1.513527710713831187e-01 -6.510227782719927347e+01
-1.554433865057449626e-01 -6.507317209116614265e+01
-1.595340019401065845e-01 -6.504473695348102069e+01
-1.636246173744682064e-01 -6.501668344116208687e+01
-1.677152328088300504e-01 -6.498927849909460974e+01
-1.718058482431918943e-01 -6.496224139302567835e+01
-1.758964636775532941e-01 -6.493583157501218750e+01
-1.799870791119151381e-01 -6.490977623977659050e+01
-1.840776945462769820e-01 -6.488432736104327603e+01
-1.881683099806383819e-01 -6.485922007446286841e+01
-1.922589254150002258e-01 -6.483469941101073175e+01
-1.963495408493620697e-01 -6.481050801417029561e+01
-2.004401562837234696e-01 -6.478688225758868668e+01
-2.045307717180853135e-01 -6.476357337468462561e+01
-2.086213871524471575e-01 -6.474081272888182070e+01
-2.127120025868087794e-01 -6.471835824915565638e+01
-2.168026180211704013e-01 -6.469643627649941209e+01
-2.208932334555322452e-01 -6.467480612055459233e+01
-2.249838488898938671e-01 -6.465368644917802499e+01
-2.290744643242557110e-01 -6.463284985580440889e+01
-2.331650797586175550e-01 -6.461250924987790256e+01
-2.372556951929789548e-01 -6.459244161376950899e+01
-2.413463106273407988e-01 -6.457285158513386136e+01
-2.454369260617026427e-01 -6.455352449645992863e+01
-2.495275414960640425e-01 -6.453465927454629991e+01
-2.536181569304258865e-01 -6.451604725799556661e+01
-2.577087723647877304e-01 -6.449788118362425848e+01
-2.617993877991491303e-01 -6.447995893605548190e+01
-2.658900032335109742e-01 -6.446246748123166981e+01
-2.699806186678728182e-01 -6.444521079508461980e+01
-2.740712341022342180e-01 -6.442837006556190715e+01
-2.781618495365960619e-01 -6.441175535024005683e+01
-2.822524649709579059e-01 -6.439554240315754896e+01
-2.863430804053195278e-01 -6.437954704640705472e+01
-2.904336958396813717e-01 -6.436393960189818131e+01
-2.945243112740429936e-01 -6.434854165878292065e+01
-2.986149267084046155e-01 -6.433351830596919285e+01
-3.027055421427664594e-01 -6.431869652506509283e+01
-3.067961575771283034e-01 -6.430423643671669254e+01
-3.108867730114897032e-01 -6.428997044347126177e+01
-3.149773884458515472e-01 -6.427605341008502648e+01
-3.190680038802133911e-01 -6.426232319361366763e+01
-3.231586193145747909e-01 -6.424892984034218557e+01
-3.272492347489366349e-01 -6.423571630045570657e+01
-3.313398501832984788e-01 -6.422282789332069797e+01
-3.354304656176598787e-01 -6.421011240768430639e+01
-3.395210810520217226e-01 -6.419771083221435504e+01
-3.436116964863835666e-01 -6.418547564697263397e+01
-3.477023119207451884e-01 -6.417354318186440310e+01
-3.517929273551070324e-01 -6.416177097600298396e+01
-3.558835427894686543e-01 -6.415029082209265709e+01
-3.599741582238302762e-01 -6.413896476109820810e+01
-3.640647736581921201e-01 -6.412792058919269778e+01
-3.681553890925539640e-01 -6.411702467015582840e+01
-3.722460045269153639e-01 -6.410640060272214669e+01
-3.763366199612772078e-01 -6.409591911137896147e+01
-3.804272353956390518e-01 -6.408569997990925060e+01
-3.845178508300004516e-01 -6.407561800613402170e+01
-3.886084662643622956e-01 -6.406578896001178691e+01
-3.926990816987241395e-01 -6.405609182713824623e+01
-3.967896971330855393e-01 -6.404663877538042982e+01
-4.008803125674473833e-01 -6.403731255213418194e+01
-4.049709280018092272e-01 -6.402822162272131834e+01
-4.090615434361708491e-01 -6.401925267512001483e+01
-4.131521588705324710e-01 -6.401051065953571140e+01
-4.172427743048943150e-01 -6.400188591944373684e+01
-4.213333897392559368e-01 -6.399347998402912197e+01
-4.254240051736177808e-01 -6.398518683573402654e+01
-4.295146206079794027e-01 -6.397710455754597092e+01
-4.336052360423408025e-01 -6.396913091354367253e+01
-4.376958514767026465e-01 -6.396136037724810564e+01
-4.417864669110644904e-01 -6.395369424057005148e+01
-4.458770823454263343e-01 -6.394622403869625771e+01
-4.499676977797881783e-01 -6.393885418624876138e+01
-4.540583132141495781e-01 -6.393167314020789860e+01
-4.581489286485114221e-01 -6.392458850529988013e+01
-4.622395440828732660e-01 -6.391768592758177192e+01
-4.663301595172351099e-01 -6.391087601496378312e+01
-4.704207749515965098e-01 -6.390424154129024714e+01
-4.745113903859583537e-01 -6.389769612121580167e+01
-4.786020058203201977e-01 -6.389131977411904018e+01
-4.826926212546815975e-01 -6.388502904586789555e+01
-4.867832366890434415e-01 -6.387890115229286891e+01
-4.908738521234052854e-01 -6.387285555496214329e+01
-4.949644675577666852e-01 -6.386696688232419206e+01
-4.990550829921285292e-01 -6.386115724919635284e+01
-5.031456984264903731e-01 -6.385549883295692553e+01
-5.072363138608517730e-01 -6.384991638870237551e+01
-5.113269292952136169e-01 -6.384447957000730156e+01
-5.154175447295754608e-01 -6.383911575393674553e+01
-5.195081601639368607e-01 -6.383389223480223507e+01
-5.235987755982987046e-01 -6.382873885498044331e+01
-5.276893910326605486e-01 -6.382372059453326330e+01
-5.317800064670219484e-01 -6.381876968383786419e+01
-5.358706219013837924e-01 -6.381394895019529656e+01
-5.399612373357456363e-01 -6.380919293797809644e+01
-5.440518527701070362e-01 -6.380456224492389339e+01
-5.481424682044688801e-01 -6.379999372787473533e+01
-5.522330836388307240e-01 -6.379554592259722767e+01
-5.563236990731921239e-01 -6.379115781834919829e+01
-5.604143145075539678e-01 -6.378688588918048197e+01
-5.645049299419158118e-01 -6.378267129618325271e+01
-5.685955453762772116e-01 -6.377856867497759907e+01
-5.726861608106390555e-01 -6.377452114461261345e+01
-5.767767762450008995e-01 -6.377058081461586170e+01
-5.808673916793627434e-01 -6.376669314982093795e+01
-5.849580071137245874e-01 -6.376291082636513607e+01
-5.890486225480859872e-01 -6.375917918014523167e+01
-5.931392379824478311e-01 -6.375554454142252325e+01
-5.972298534168096751e-01 -6.375195915349322462e+01
-6.013204688511715190e-01 -6.374848227513628984e+01
-6.054110842855329189e-01 -6.374505646591184416e+01
-6.095016997198947628e-01 -6.374168943913775820e+01
-6.135923151542566067e-01 -6.373836957321164931e+01
-6.176829305886180066e-01 -6.373516225967404836e+01
-6.217735460229798505e-01 -6.373199710311887856e+01
-6.258641614573416945e-01 -6.372890978927611627e+01
-6.299547768917030943e-01 -6.372586401875811646e+01
-6.340453923260649383e-01 -6.372290292638140841e+01
-6.381360077604267822e-01 -6.371998134943643066e+01
-6.422266231947881820e-01 -6.371713873316444676e+01
-6.463172386291500260e-01 -6.371433424250282940e+01
-6.504078540635118699e-01 -6.371160610478716535e+01
-6.544984694978732698e-01 -6.370891453908282642e+01
-6.585890849322351137e-01 -6.370629631703692297e+01
-6.626797003665969577e-01 -6.370371308924354992e+01
-6.667703158009583575e-01 -6.370120055109658352e+01
-6.708609312353202014e-01 -6.369872165120440854e+01
-6.749515466696820454e-01 -6.369631051915484221e+01
-6.790421621040434452e-01 -6.369393166681923191e+01
-6.831327775384052892e-01 -6.369161835708616337e+01
-6.872233929727671331e-01 -6.368933599522907940e+01
-6.913140084071285330e-01 -6.368711654383339749e+01
-6.954046238414903769e-01 -6.368492681452431015e+01
-6.994952392758522208e-01 -6.368279760157265201e+01
-7.035858547102140648e-01 -6.368069696172076277e+01
-7.076764701445754646e-01 -6.367865446497597048e+01
-7.117670855789373086e-01 -6.367663934402463610e+01
-7.158577010132991525e-01 -6.367468023986814529e+01
-7.199483164476609964e-01 -6.367274737777708538e+01
-7.240389318820228404e-01 -6.367086816177366160e+01
-7.281295473163842402e-01 -6.366901416905719202e+01
-7.322201627507460842e-01 -6.366721186040241065e+01
-7.363107781851079281e-01 -6.366543378016152133e+01
-7.404013936194693279e-01 -6.366370524266559272e+01
-7.444920090538311719e-01 -6.366199993082680209e+01
-7.485826244881930158e-01 -6.366034238917031018e+01
-7.526732399225544157e-01 -6.365870699284869971e+01
-7.567638553569162596e-01 -6.365711757380166347e+01
-7.608544707912781035e-01 -6.365554936955768284e+01
-7.649450862256395034e-01 -6.365402538121539067e+01
-7.690357016600013473e-01 -6.365252178217567547e+01
-7.731263170943631913e-01 -6.365106061553952799e+01
-7.772169325287245911e-01 -6.364961899185178851e+01
-7.813075479630864351e-01 -6.364821819737750275e+01
-7.853981633974482790e-01 -6.364683616790769349e+01
-7.894887788318096788e-01 -6.364549333674111153e+01
-7.935793942661715228e-01 -6.364416847254435083e+01
-7.976700097005333667e-01 -6.364288129196164334e+01
-8.017606251348947666e-01 -6.364161132507322094e+01
-8.058512405692566105e-01 -6.364037762222287853e+01
-8.099418560036184545e-01 -6.363916038487748494e+01
-8.140324714379798543e-01 -6.363797795664467571e+01
-8.181230868723416982e-01 -6.363681139373777285e+01
-8.222137023067035422e-01 -6.363567812321979034e+01
-8.263043177410649420e-01 -6.363456013361611241e+01
-8.303949331754267860e-01 -6.363347419306435171e+01
-8.344855486097886299e-01 -6.363240279312132230e+01
-8.385761640441504738e-01 -6.363136220016478006e+01
-8.426667794785123178e-01 -6.363033558883665108e+01
-8.467573949128737176e-01 -6.362933856124876542e+01
-8.508480103472355616e-01 -6.362835486043292121e+01
-8.549386257815974055e-01 -6.362739962590534049e+01
-8.590292412159592494e-01 -6.362645721969602164e+01
-8.631198566503206493e-01 -6.362554201990761982e+01
-8.672104720846824932e-01 -6.362463921432492953e+01
-8.713010875190443372e-01 -6.362376250966388369e+01
-8.753917029534057370e-01 -6.362289763285316724e+01
-8.794823183877675810e-01 -6.362205785624184529e+01
-8.835729338221294249e-01 -6.362122931925453884e+01
-8.876635492564908247e-01 -6.362042506841022060e+01
-8.917541646908526687e-01 -6.361963151499428193e+01
-8.958447801252145126e-01 -6.361886118672687473e+01
-8.999353955595759125e-01 -6.361810124155677926e+01
-9.040260109939377564e-01 -6.361736354115802072e+01
-9.081166264282996003e-01 -6.361663575846352359e+01
-9.122072418626610002e-01 -6.361592929916379546e+01
-9.162978572970228441e-01 -6.361523236923215308e+01
-9.203884727313846881e-01 -6.361455592371620327e+01
-9.244790881657460879e-01 -6.361388856175738482e+01
-9.285697036001079319e-01 -6.361324093297321980e+01
-9.326603190344697758e-01 -6.361260197168984121e+01
-9.367509344688311756e-01 -6.361198195927935473e+01
-9.408415499031930196e-01 -6.361137024103797444e+01
-9.449321653375548635e-01 -6.361077669219968556e+01
-9.490227807719162634e-01 -6.361019112116494512e+01
-9.531133962062781073e-01 -6.360962293217975372e+01
-9.572040116406399513e-01 -6.360906237818397813e+01
-9.612946270750013511e-01 -6.360851859512327877e+01
-9.653852425093631950e-01 -6.360798204981484361e+01
-9.694758579437250390e-01 -6.360746156972246723e+01
-9.735664733780868829e-01 -6.360694802068073272e+01
-9.776570888124487269e-01 -6.360645003941851883e+01
-9.817477042468105708e-01 -6.360595871810910040e+01
-9.858383196811719706e-01 -6.360548174819943767e+01
-9.899289351155338146e-01 -6.360501098353066141e+01
-9.940195505498956585e-01 -6.360455571721393397e+01
-9.981101659842570584e-01 -6.360410634841917243e+01
-1.002200781418618902e+00 -6.360366939264931574e+01
-1.006291396852980746e+00 -6.360323863805133016e+01
-1.010382012287342146e+00 -6.360282136942543474e+01
-1.014472627721703990e+00 -6.360240974019367144e+01
-1.018563243156065834e+00 -6.360201037623085085e+01
-1.022653858590427234e+00 -6.360161638412475327e+01
-1.026744474024789078e+00 -6.360123446019488824e+01
-1.030835089459150922e+00 -6.360085765406289227e+01
-1.034925704893512322e+00 -6.360049234110513083e+01
-1.039016320327874165e+00 -6.360013194732663777e+01
-1.043106935762236009e+00 -6.359978260040280418e+01
-1.047197551196597409e+00 -6.359943792495725035e+01
-1.051288166630959253e+00 -6.359910387802121789e+01
-1.055378782065321097e+00 -6.359877432632444538e+01
-1.059469397499682497e+00 -6.359845488840737460e+01
-1.063560012934044341e+00 -6.359813979466754574e+01
-1.067650628368406185e+00 -6.359783440297442070e+01
-1.071741243802767585e+00 -6.359753315836587007e+01
-1.075831859237129429e+00 -6.359724123611448476e+01
-1.079922474671491273e+00 -6.359695324681598549e+01
-1.084013090105852672e+00 -6.359667417958576863e+01
-1.088103705540214516e+00 -6.359639892654416116e+01
-1.092194320974576360e+00 -6.359613220341998385e+01
-1.096284936408938204e+00 -6.359586906051633548e+01
-1.100375551843299604e+00 -6.359561422017414856e+01
-1.104466167277661448e+00 -6.359536278533933285e+01
-1.108556782712023292e+00 -6.359511922047929744e+01
-1.112647398146385136e+00 -6.359487891845701313e+01
-1.116738013580746980e+00 -6.359464630126949203e+01
-1.120828629015108380e+00 -6.359441675058997845e+01
-1.124919244449470224e+00 -6.359419446690874622e+01
-1.129009859883832068e+00 -6.359397515792844757e+01
-1.133100475318193467e+00 -6.359376287256874605e+01
-1.137191090752555311e+00 -6.359355339101153959e+01
-1.141281706186917155e+00 -6.359335056915281825e+01
-1.145372321621278555e+00 -6.359315049565631739e+01
-1.149462937055640399e+00 -6.359295683873492067e+01
-1.153553552490002243e+00 -6.359276581293740094e+01
-1.157644167924363643e+00 -6.359258085021969720e+01
-1.161734783358725487e+00 -6.359239845326739982e+01
-1.165825398793087331e+00 -6.359222188339231252e+01
-1.169916014227448731e+00 -6.359204776789344749e+01
-1.174006629661810575e+00 -6.359187924448647067e+01
-1.178097245096172418e+00 -6.359171302108762802e+01
-1.182187860530533818e+00 -6.359155218963621081e+01
-1.186278475964895662e+00 -6.359139359232583644e+01
-1.190369091399257506e+00 -6.359124011230466778e+01
-1.194459706833618906e+00 -6.359108879572549711e+01
-1.198550322267980750e+00 -6.359094237823483553e+01
-1.202640937702342594e+00 -6.359079798787432480e+01
-1.206731553136703994e+00 -6.359065835164386726e+01
-1.210822168571065838e+00 -6.359052062352496648e+01
-1.214912784005427682e+00 -6.359038741760252833e+01
-1.219003399439789082e+00 -6.359025608189898549e+01
-1.223094014874150925e+00 -6.359012908376055861e+01
-1.227184630308512769e+00 -6.359000383783973831e+01
-1.231275245742874613e+00 -6.358988280309038998e+01
-1.235365861177236457e+00 -6.358976344553627769e+01
-1.239456476611597857e+00 -6.358964805221555849e+01
-1.243547092045959701e+00 -6.358953430989582500e+01
-1.247637707480321545e+00 -6.358942437667843706e+01
-1.251728322914683389e+00 -6.358931600748696411e+01
-1.255818938349044789e+00 -6.358921133880613752e+01
-1.259909553783406633e+00 -6.358910812810260182e+01
-1.264000169217768477e+00 -6.358900842030841005e+01
-1.268090784652129877e+00 -6.358891013081867527e+01
-1.272181400086491720e+00 -6.358881524200437951e+01
-1.276272015520853564e+00 -6.358872169062294688e+01
-1.280362630955214964e+00 -6.358863141428629007e+01
-1.284453246389576808e+00 -6.358854235432941238e+01
-1.288543861823938652e+00 -6.358845648778278559e+01
-1.292634477258300052e+00 -6.358837180938719058e+01
-1.296725092692661896e+00 -6.358829016698199155e+01
-1.300815708127023740e+00 -6.358820966211953163e+01
-1.304906323561385140e+00 -6.358813206787107930e+01
-1.308996938995746984e+00 -6.358805556996661323e+01
-1.313087554430108828e+00 -6.358798188018798214e+01
-1.317178169864470227e+00 -6.358790921351111791e+01
-1.321268785298832071e+00 -6.358783926264442954e+01
-1.325359400733193915e+00 -6.358777031555172243e+01
-1.329450016167555315e+00 -6.358770395456947000e+01
-1.333540631601917159e+00 -6.358763855768839335e+01
-1.337631247036279003e+00 -6.358757560551958932e+01
-1.341721862470640403e+00 -6.358751364313759780e+01
-1.345812477905002247e+00 -6.358745399017333000e+01
-1.349903093339364091e+00 -6.358739514261878156e+01
-1.353993708773725491e+00 -6.358733910242715837e+01
-1.358084324208087335e+00 -6.358728348668414299e+01
-1.362174939642449178e+00 -6.358722977396644183e+01
-1.366265555076811022e+00 -6.358717703348794004e+01
-1.370356170511172866e+00 -6.358712670466103134e+01
-1.374446785945534266e+00 -6.358707713419595109e+01
-1.378537401379896110e+00 -6.358702954788207506e+01
-1.382628016814257954e+00 -6.358698275349934192e+01
-1.386718632248619798e+00 -6.358693777186073959e+01
-1.390809247682981198e+00 -6.358689354705807517e+01
-1.394899863117343042e+00 -6.358685127283730054e+01
-1.398990478551704886e+00 -6.358680960591632214e+01
-1.403081093986066286e+00 -6.358676993204750261e+01
-1.407171709420428130e+00 -6.358673102289832002e+01
-1.411262324854789973e+00 -6.358669363403318187e+01
-1.415352940289151373e+00 -6.358665700225829198e+01
-1.419443555723513217e+00 -6.358662209803262044e+01
-1.423534171157875061e+00 -6.358658768641151937e+01
-1.427624786592236461e+00 -6.358655516789752937e+01
-1.431715402026598305e+00 -6.358652329915362600e+01
-1.435806017460960149e+00 -6.358649282328286034e+01
-1.439896632895321549e+00 -6.358646305363970441e+01
-1.443987248329683393e+00 -6.358643473358153386e+01
-1.448077863764045237e+00 -6.358640705668129556e+01
-1.452168479198406636e+00 -6.358638095143634672e+01
-1.456259094632768480e+00 -6.358635531285602127e+01
-1.460349710067130324e+00 -6.358633120473223954e+01
-1.464440325501491724e+00 -6.358630752665199992e+01
-1.468530940935853568e+00 -6.358628553822833851e+01
-1.472621556370215412e+00 -6.358626390889484270e+01
-1.476712171804576812e+00 -6.358624376068112127e+01
-1.480802787238938656e+00 -6.358622403640745091e+01
-1.484893402673300500e+00 -6.358620570322671028e+01
-1.488984018107662344e+00 -6.358618788172401537e+01
-1.493074633542023744e+00 -6.358617136764524247e+01
-1.497165248976385588e+00 -6.358615559107460768e+01
-1.501255864410747431e+00 -6.358614077173866974e+01
-1.505346479845109275e+00 -6.358612645111083594e+01
-1.509437095279471119e+00 -6.358611361516313565e+01
-1.513527710713832519e+00 -6.358610122604368087e+01
-1.517618326148194363e+00 -6.358609010950721085e+01
-1.521708941582556207e+00 -6.358607946650185028e+01
-1.525799557016917607e+00 -6.358607015787759309e+01
-1.529890172451279451e+00 -6.358606133143105410e+01
-1.533980787885641295e+00 -6.358605349553423025e+01
-1.538071403320002695e+00 -6.358604609985349043e+01
-1.542162018754364539e+00 -6.358604011408485945e+01
-1.546252634188726383e+00 -6.358603453623450719e+01
-1.550343249623087782e+00 -6.358603026173906159e+01
-1.554433865057449626e+00 -6.358602635726926167e+01
-1.558524480491811470e+00 -6.358602366129554184e+01
-1.562615095926172870e+00 -6.358602139155068045e+01
-1.566705711360534714e+00 -6.358602035624184623e+01
-1.570796326794896558e+00 -6.358601975860594280e+01
