1.566705711360534936e+00 1.126835613142649436e+03
1.558524480491811470e+00 1.123681812316894593e+03
1.550343249623088004e+00 1.117403409195454742e+03
1.542162018754364539e+00 1.108058228430938698e+03
1.533980787885641073e+00 1.095731595193226894e+03
1.525799557016917829e+00 1.080534694284566285e+03
1.517618326148194363e+00 1.062602469501749511e+03
1.509437095279470897e+00 1.042091127985381945e+03
1.501255864410747431e+00 1.019175332146453798e+03
1.493074633542024188e+00 9.940451616572062221e+02
1.484893402673300722e+00 9.669029337359111196e+02
1.476712171804577256e+00 9.379599690640767449e+02
1.468530940935853790e+00 9.074333858563741160e+02
1.460349710067130324e+00 8.755429986351014122e+02
1.452168479198407081e+00 8.425083848678589220e+02
1.443987248329683615e+00 8.085461779777529046e+02
1.435806017460960149e+00 7.738676265815735178e+02
1.427624786592236683e+00 7.386764522967019957e+02
1.419443555723513217e+00 7.031670240872703062e+02
1.411262324854789973e+00 6.675228549952190633e+02
1.403081093986066508e+00 6.319154236994424991e+02
1.394899863117343042e+00 5.965033010017393735e+02
1.386718632248619354e+00 5.614315731025694731e+02
1.378537401379896110e+00 5.268315294914245897e+02
1.370356170511172866e+00 4.928205955291747955e+02
1.362174939642449401e+00 4.595024705245971290e+02
1.353993708773725935e+00 4.269674641260782550e+02
1.345812477905002469e+00 3.952929432212829965e+02
1.337631247036279003e+00 3.645439545839946049e+02
1.329450016167555759e+00 3.347738978167216715e+02
1.321268785298832293e+00 3.060252827847799040e+02
1.313087554430108828e+00 2.783305302996317891e+02
1.304906323561385584e+00 2.517127962099711169e+02
1.296725092692661896e+00 2.261868029507955100e+02
1.288543861823938652e+00 2.017596630706786982e+02
1.280362630955215186e+00 1.784316837918599390e+02
1.272181400086491720e+00 1.561971417994181479e+02
1.264000169217768033e+00 1.350450217730204372e+02
1.255818938349045011e+00 1.149597133664449018e+02
1.247637707480321545e+00 9.592166203689573933e+01
1.239456476611597857e+00 7.790797301991780444e+01
1.231275245742874613e+00 6.089296622543334792e+01
1.223094014874151370e+00 4.484868274307250147e+01
1.214912784005427682e+00 2.974534422378539844e+01
1.206731553136704438e+00 1.555176601893107069e+01
1.198550322267980750e+00 2.235726347605387243e+00
1.190369091399257506e+00 -1.023570539677937852e+01
1.182187860530534262e+00 -2.189587975540160869e+01
1.174006629661810797e+00 -3.277831429646809625e+01
1.165825398793087331e+00 -4.291647399673462360e+01
1.157644167924363865e+00 -5.234358178354898428e+01
1.149462937055640399e+00 -6.109245737075805494e+01
1.141281706186917155e+00 -6.919538078079223453e+01
1.133100475318193689e+00 -7.668397835973104293e+01
1.124919244449470224e+00 -8.358912972361247284e+01
1.116738013580746758e+00 -8.994089176279703679e+01
1.108556782712023292e+00 -9.576843940734860894e+01
1.100375551843300048e+00 -1.011000199719747030e+02
1.092194320974576360e+00 -1.059629197423299019e+02
1.084013090105853117e+00 -1.103834418197631777e+02
1.075831859237129651e+00 -1.143868924069722368e+02
1.067650628368406185e+00 -1.179975759961446187e+02
1.059469397499682941e+00 -1.212387967104593969e+02
1.051288166630959253e+00 -1.241328658315022864e+02
1.043106935762236009e+00 -1.267011141639709280e+02
1.034925704893512766e+00 -1.289639082120259559e+02
1.026744474024789078e+00 -1.309406699864705388e+02
1.018563243156065834e+00 -1.326498995836893755e+02
1.010382012287342368e+00 -1.341091993387857713e+02
1.002200781418618902e+00 -1.353353004351297955e+02
9.940195505498953255e-01 -1.363440903277079030e+02
9.858383196811719706e-01 -1.371506409250895047e+02
9.776570888124486158e-01 -1.377692374333699377e+02
9.694758579437251500e-01 -1.382133859260559063e+02
9.612946270750017952e-01 -1.384959606844584243e+02
9.531133962062783294e-01 -1.386289781949361100e+02
9.449321653375549745e-01 -1.386239088717142920e+02
9.367509344688315087e-01 -1.384915442385355675e+02
9.285697036001080429e-01 -1.382420609840393126e+02
9.203884727313845771e-01 -1.378850528638203912e+02
9.122072418626613333e-01 -1.374295547653198071e+02
9.040260109939378674e-01 -1.368840692517598541e+02
8.958447801252142906e-01 -1.362565916140238471e+02
8.876635492564909358e-01 -1.355546345115661495e+02
8.794823183877675810e-01 -1.347852515378316127e+02
8.713010875190441151e-01 -1.339550600344340126e+02
8.631198566503207603e-01 -1.330702630617777800e+02
8.549386257815974055e-01 -1.321366703979492456e+02
8.467573949128738287e-01 -1.311597191652933816e+02
8.385761640441505849e-01 -1.301444930386861074e+02
8.303949331754270080e-01 -1.290957409988403413e+02
8.222137023067035422e-01 -1.280178949994405002e+02
8.140324714379802984e-01 -1.269150872108459396e+02
8.058512405692567215e-01 -1.257911664237976055e+02
7.976700097005333667e-01 -1.246497133481343695e+02
7.894887788318100119e-01 -1.234940556048075706e+02
7.813075479630865461e-01 -1.223272818982442232e+02
7.731263170943631913e-01 -1.211522552363077807e+02
7.649450862256398365e-01 -1.199716261502583876e+02
7.567638553569162596e-01 -1.187878446825663161e+02
7.485826244881929048e-01 -1.176031720652262464e+02
7.404013936194695500e-01 -1.164196917157490958e+02
7.322201627507460842e-01 -1.152393197827657048e+02
7.240389318820226183e-01 -1.140638150538126609e+02
7.158577010132993745e-01 -1.128947882550557438e+02
7.076764701445756867e-01 -1.117337113288879493e+02
6.994952392758522208e-01 -1.105819256690978989e+02
6.913140084071289770e-01 -1.094406502403259367e+02
6.831327775384055112e-01 -1.083109893089294360e+02
6.749515466696819344e-01 -1.071939395856221466e+02
6.667703158009588016e-01 -1.060903969902038568e+02
6.585890849322352247e-01 -1.050011631690978930e+02
6.504078540635118699e-01 -1.039269517346700127e+02
6.422266231947885151e-01 -1.028683939069112085e+02
6.340453923260649383e-01 -1.018260440638224225e+02
6.258641614573415834e-01 -1.008003849011739419e+02
6.176829305886182286e-01 -9.979183233235677619e+01
6.095016997198946518e-01 -9.880073995437622614e+01
6.013204688511712970e-01 -9.782740354741414990e+01
5.931392379824479422e-01 -9.687206514256799039e+01
5.849580071137244763e-01 -9.593491708806355689e+01
5.767767762450011215e-01 -9.501610465418497142e+01
5.685955453762778777e-01 -9.411573165791828899e+01
5.604143145075541899e-01 -9.323386154937742276e+01
5.522330836388307240e-01 -9.237052078323364412e+01
5.440518527701074802e-01 -9.152570317153931967e+01
5.358706219013840144e-01 -9.069937095387778925e+01
5.276893910326605486e-01 -8.989145799992877528e+01
5.195081601639373048e-01 -8.910187225519815968e+01
5.113269292952138390e-01 -8.833049767990111434e+01
5.031456984264903731e-01 -8.757719662551880901e+01
4.949644675577669073e-01 -8.684181155192057133e+01
4.867832366890434415e-01 -8.612416715469360895e+01
4.786020058203199756e-01 -8.542407181371051195e+01
4.704207749515967318e-01 -8.474131940129598206e+01
4.622395440828732660e-01 -8.407569068272908908e+01
4.540583132141498002e-01 -8.342695477472940979e+01
4.458770823454265564e-01 -8.279487045923869459e+01
4.376958514767030906e-01 -8.217918745803832792e+01
4.295146206079796247e-01 -8.157964755274453239e+01
4.213333897392561589e-01 -8.099598553187053085e+01
4.131521588705326931e-01 -8.042793050969441992e+01
4.049709280018092272e-01 -7.987520653788247671e+01
3.967896971330859834e-01 -7.933753353246054019e+01
3.886084662643625176e-01 -7.881462821756998949e+01
3.804272353956390518e-01 -7.830620471191406295e+01
3.722460045269158080e-01 -7.781197534052532205e+01
3.640647736581921201e-01 -7.733165117772419705e+01
3.558835427894686543e-01 -7.686494272664388916e+01
3.477023119207454105e-01 -7.641156028544108381e+01
3.395210810520219447e-01 -7.597121479517619491e+01
3.313398501832984788e-01 -7.554361776351929336e+01
3.231586193145752350e-01 -7.512848208262123251e+01
3.149773884458517692e-01 -7.472552251281739188e+01
3.067961575771283034e-01 -7.433445568923949054e+01
2.986149267084048375e-01 -7.395500061976116513e+01
2.904336958396813717e-01 -7.358687882410684722e+01
2.822524649709579059e-01 -7.322981496785482136e+01
2.740712341022346621e-01 -7.288353668645223138e+01
2.658900032335111963e-01 -7.254777501805622819e+01
2.577087723647877304e-01 -7.222226443939210583e+01
2.495275414960644866e-01 -7.190674321009318248e+01
2.413463106273410208e-01 -7.160095348027547857e+01
2.331650797586175550e-01 -7.130464142379759096e+01
2.249838488898940891e-01 -7.101755717442830473e+01
2.168026180211706233e-01 -7.073945511169434042e+01
2.086213871524471575e-01 -7.047009391504923315e+01
2.004401562837239137e-01 -7.020923669408162482e+01
1.922589254150004479e-01 -6.995665076166788765e+01
1.840776945462769820e-01 -6.971210843887330100e+01
1.758964636775537382e-01 -6.947538580856321744e+01
1.677152328088300504e-01 -6.924626322479247165e+01
1.595340019401065845e-01 -6.902452651392620453e+01
1.513527710713833407e-01 -6.880996567077637849e+01
1.431715402026598749e-01 -6.860237510096231972e+01
1.349903093339364091e-01 -6.840155370152791647e+01
1.268090784652131653e-01 -6.820730491994223144e+01
1.186278475964896995e-01 -6.801943662185669837e+01
1.104466167277662336e-01 -6.783776114959718484e+01
1.022653858590427678e-01 -6.766209528020223729e+01
9.408415499031930196e-02 -6.749226014073690294e+01
8.590292412159583613e-02 -6.732808111699422682e+01
7.772169325287259234e-02 -6.716938781305948680e+01
6.954046238414912651e-02 -6.701601419245402269e+01
6.135923151542566067e-02 -6.686779837570189500e+01
5.317800064670241689e-02 -6.672458253962199137e+01
4.499676977797895105e-02 -6.658621290003459592e+01
3.681553890925548522e-02 -6.645253977635701403e+01
2.863430804053201939e-02 -6.632341723836262304e+01
2.045307717180855356e-02 -6.619870338770547846e+01
1.227184630308508773e-02 -6.607825997568765786e+01
4.090615434361843938e-03 -6.596195246887207020e+01
-4.090615434361399849e-03 -6.584965015004476641e+01
-1.227184630308508773e-02 -6.574122579600016536e+01
-2.045307717180833151e-02 -6.563655561930336546e+01
-2.863430804053179735e-02 -6.553551966908773352e+01
-3.681553890925548522e-02 -6.543800102284748732e+01
-4.499676977797872901e-02 -6.534388593495687303e+01
-5.317800064670197280e-02 -6.525306420059204981e+01
-6.135923151542566067e-02 -6.516542879486082995e+01
-6.954046238414890446e-02 -6.508087559941610323e+01
-7.772169325287214825e-02 -6.499930353266398697e+01
-8.590292412159583613e-02 -6.492061473846435149e+01
-9.408415499031930196e-02 -6.484471393432617958e+01
-1.022653858590425457e-01 -6.477150880304972702e+01
-1.104466167277662336e-01 -6.470090978825888328e+01
-1.186278475964894774e-01 -6.463283002700805469e+01
-1.268090784652127212e-01 -6.456718516438802169e+01
-1.349903093339364091e-01 -6.450389352289836609e+01
-1.431715402026596529e-01 -6.444287586085002317e+01
-1.513527710713831187e-01 -6.438405553588869168e+01
-1.595340019401065845e-01 -6.432735800730388576e+01
-1.677152328088300504e-01 -6.427271119842528435e+01
-1.758964636775532941e-01 -6.422004515279134296e+01
-1.840776945462769820e-01 -6.416929234720865338e+01
-1.922589254150002258e-01 -6.412038712997437528e+01
-2.004401562837234696e-01 -6.407326612421671541e+01
-2.086213871524471575e-01 -6.402786927769979286e+01
-2.168026180211704013e-01 -6.398412966283162717e+01
-2.249838488898938671e-01 -6.394200118687948020e+01
-2.331650797586175550e-01 -6.390141967061359907e+01
-2.413463106273407988e-01 -6.386233444849649743e+01
-2.495275414960640425e-01 -6.382469259262085615e+01
-2.577087723647877304e-01 -6.378844386978150283e+01
-2.658900032335109742e-01 -6.375353919728596708e+01
-2.740712341022342180e-01 -6.371993112513224844e+01
-2.822524649709579059e-01 -6.368757386652628583e+01
-2.904336958396813717e-01 -6.365642330474853594e+01
-2.986149267084046155e-01 -6.362643667373658474e+01
-3.067961575771283034e-01 -6.359757267939249203e+01
-3.149773884458515472e-01 -6.356979116261799589e+01
-3.231586193145747909e-01 -6.354305355148315471e+01
-3.313398501832984788e-01 -6.351732237828573346e+01
-3.395210810520217226e-01 -6.349256163050335289e+01
-3.477023119207451884e-01 -6.346873648045858118e+01
-3.558835427894686543e-01 -6.344581301040649635e+01
-3.640647736581921201e-01 -6.342375882288614974e+01
-3.722460045269153639e-01 -6.340254238637288609e+01
-3.804272353956390518e-01 -6.338213339818318559e+01
-3.886084662643622956e-01 -6.336250245641073775e+01
-3.967896971330855393e-01 -6.334362131474811264e+01
-4.049709280018092272e-01 -6.332546254450478784e+01
-4.131521588705324710e-01 -6.330799967422485963e+01
-4.213333897392559368e-01 -6.329120722147623468e+01
-4.295146206079794027e-01 -6.327506071675617960e+01
-4.376958514767026465e-01 -6.325953610356649648e+01
-4.458770823454263343e-01 -6.324461063766479185e+01
-4.540583132141495781e-01 -6.323026215108234993e+01
-4.622395440828732660e-01 -6.321646925710042808e+01
-4.704207749515965098e-01 -6.320321136856079391e+01
-4.786020058203201977e-01 -6.319046867980957671e+01
-4.867832366890434415e-01 -6.317822187830606850e+01
-4.949644675577666852e-01 -6.316645248845418337e+01
-5.031456984264903731e-01 -6.315514267069499255e+01
-5.113269292952136169e-01 -6.314427522354125699e+01
-5.195081601639368607e-01 -6.313383358434042236e+01
-5.276893910326605486e-01 -6.312380168660480706e+01
-5.358706219013837924e-01 -6.311416413853963547e+01
-5.440518527701070362e-01 -6.310490606460570717e+01
-5.522330836388307240e-01 -6.309601312942505302e+01
-5.604143145075539678e-01 -6.308747149022420331e+01
-5.685955453762772116e-01 -6.307926781667073612e+01
-5.767767762450008995e-01 -6.307138919550578038e+01
-5.849580071137245874e-01 -6.306382341130574787e+01
-5.931392379824478311e-01 -6.305655731430054090e+01
-6.013204688511715190e-01 -6.304958654607136737e+01
-6.095016997198947628e-01 -6.304288703791300463e+01
-6.176829305886180066e-01 -6.303645164667765499e+01
-6.258641614573416945e-01 -6.303028194376628335e+01
-6.340453923260649383e-01 -6.302435691909789739e+01
-6.422266231947881820e-01 -6.301867015253702675e+01
-6.504078540635118699e-01 -6.301321208521525108e+01
-6.585890849322351137e-01 -6.300797392654418871e+01
-6.667703158009583575e-01 -6.300294658279418769e+01
-6.749515466696820454e-01 -6.299812196400960573e+01
-6.831327775384052892e-01 -6.299349255854288998e+01
-6.913140084071285330e-01 -6.298905088729858903e+01
-6.994952392758522208e-01 -6.298478966700236015e+01
-7.076764701445754646e-01 -6.298070169779459349e+01
-7.158577010132991525e-01 -6.297678032862345532e+01
-7.240389318820228404e-01 -6.297301899719238349e+01
-7.322201627507460842e-01 -6.296941121139526842e+01
-7.404013936194693279e-01 -6.296595102055867699e+01
-7.485826244881930158e-01 -6.296263261769612996e+01
-7.567638553569162596e-01 -6.295945038731893106e+01
-7.649450862256395034e-01 -6.295639898554484404e+01
-7.731263170943631913e-01 -6.295347324803670119e+01
-7.813075479630864351e-01 -6.295066826960245265e+01
-7.894887788318096788e-01 -6.294797911071777463e+01
-7.976700097005333667e-01 -6.294540136032104272e+01
-8.058512405692566105e-01 -6.294293045171102108e+01
-8.140324714379798543e-01 -6.294056215337117521e+01
-8.222137023067035422e-01 -6.293829243113199823e+01
-8.303949331754267860e-01 -6.293611713231404536e+01
-8.385761640441504738e-01 -6.293403266677856323e+01
-8.467573949128737176e-01 -6.293203527247111140e+01
-8.549386257815974055e-01 -6.293012151947022659e+01
-8.631198566503206493e-01 -6.292828803939819693e+01
-8.713010875190443372e-01 -6.292653149337768781e+01
-8.794823183877675810e-01 -6.292484886500040631e+01
-8.876635492564908247e-01 -6.292323702824910470e+01
-8.958447801252145126e-01 -6.292169337895711578e+01
-9.040260109939377564e-01 -6.292021495539347598e+01
-9.122072418626610002e-01 -6.291879915771483667e+01
-9.203884727313846881e-01 -6.291744333063761729e+01
-9.285697036001079319e-01 -6.291614514185587126e+01
-9.367509344688311756e-01 -6.291490223948161997e+01
-9.449321653375548635e-01 -6.291371236038207826e+01
-9.531133962062781073e-01 -6.291257329279581967e+01
-9.612946270750013511e-01 -6.291148295135498358e+01
-9.694758579437250390e-01 -6.291043936843872331e+01
-9.776570888124487269e-01 -6.290944060846964447e+01
-9.858383196811719706e-01 -6.290848469009399935e+01
-9.940195505498956585e-01 -6.290756989466349580e+01
-1.002200781418618902e+00 -6.290669523289998466e+01
-1.010382012287342146e+00 -6.290585782089233646e+01
-1.018563243156065834e+00 -6.290505691350301021e+01
-1.026744474024789078e+00 -6.290429071044921727e+01
-1.034925704893512322e+00 -6.290355787378947383e+01
-1.043106935762236009e+00 -6.290285699259439411e+01
-1.051288166630959253e+00 -6.290218674392700393e+01
-1.059469397499682497e+00 -6.290154583180745362e+01
-1.067650628368406185e+00 -6.290093306274414431e+01
-1.075831859237129429e+00 -6.290034723230996860e+01
-1.084013090105852672e+00 -6.289978723373413771e+01
-1.092194320974576360e+00 -6.289925189310711318e+01
-1.100375551843299604e+00 -6.289874029057822469e+01
-1.108556782712023292e+00 -6.289825143890379877e+01
-1.116738013580746980e+00 -6.289778425699870468e+01
-1.124919244449470224e+00 -6.289733802159627629e+01
-1.133100475318193467e+00 -6.289691165491739611e+01
-1.141281706186917155e+00 -6.289650444234212046e+01
-1.149462937055640399e+00 -6.289611549072265717e+01
-1.157644167924363643e+00 -6.289574409815470091e+01
-1.165825398793087331e+00 -6.289538951594035154e+01
-1.174006629661810575e+00 -6.289505094426474585e+01
-1.182187860530533818e+00 -6.289472790985107054e+01
-1.190369091399257506e+00 -6.289441964340210234e+01
-1.198550322267980750e+00 -6.289412545344035266e+01
-1.206731553136703994e+00 -6.289384480845133396e+01
-1.214912784005427682e+00 -6.289357717946370485e+01
-1.223094014874150925e+00 -6.289332189941406881e+01
-1.231275245742874613e+00 -6.289307853953043548e+01
-1.239456476611597857e+00 -6.289284664204915742e+01
-1.247637707480321545e+00 -6.289262563858030575e+01
-1.255818938349044789e+00 -6.289241507670085696e+01
-1.264000169217768477e+00 -6.289221460825602605e+01
-1.272181400086491720e+00 -6.289202371164958549e+01
-1.280362630955214964e+00 -6.289184200515747136e+01
-1.288543861823938652e+00 -6.289166917215982977e+01
-1.296725092692661896e+00 -6.289150480575561630e+01
-1.304906323561385140e+00 -6.289134857991537331e+01
-1.313087554430108828e+00 -6.289120010604860056e+01
-1.321268785298832071e+00 -6.289105917892455722e+01
-1.329450016167555315e+00 -6.289092544962564801e+01
-1.337631247036279003e+00 -6.289079864756266147e+01
-1.345812477905002247e+00 -6.289067840754191252e+01
-1.353993708773725491e+00 -6.289056437377930564e+01
-1.362174939642449178e+00 -6.289045722325641918e+01
-1.370356170511172866e+00 -6.289035496851602858e+01
-1.378537401379896110e+00 -6.289025894419353335e+01
-1.386718632248619798e+00 -6.289016809997557544e+01
-1.394899863117343042e+00 -6.289008263956704781e+01
-1.403081093986066286e+00 -6.289000227686563704e+01
-1.411262324854789973e+00 -6.288992682596843053e+01
-1.419443555723513217e+00 -6.288985610046388075e+01
-1.427624786592236461e+00 -6.288978999226889499e+01
-1.435806017460960149e+00 -6.288972819493613287e+01
-1.443987248329683393e+00 -6.288967097600301770e+01
-1.452168479198406636e+00 -6.288961772791543581e+01
-1.460349710067130324e+00 -6.288956855748495656e+01
-1.468530940935853568e+00 -6.288952345733642346e+01
-1.476712171804576812e+00 -6.288948207499184662e+01
-1.484893402673300500e+00 -6.288944442494710074e+01
-1.493074633542023744e+00 -6.288941043497722916e+01
-1.501255864410747431e+00 -6.288938042068481593e+01
-1.509437095279471119e+00 -6.288935344670611727e+01
-1.517618326148194363e+00 -6.288933028615315379e+01
-1.525799557016917607e+00 -6.288931048634848509e+01
-1.533980787885641295e+00 -6.288929396438597763e+01
-1.542162018754364539e+00 -6.288928082809447773e+01
-1.550343249623087782e+00 -6.288927099812824650e+01
-1.558524480491811470e+00 -6.288926448440551553e+01
-1.566705711360534714e+00 -6.288926123326618978e+01
