# x y dynamic_topography_bottom
3399971.554 13908.05369 -65.46366815
3399743.986 41723.23017 -65.58078525
3399288.867 69535.61403 -65.7020725
3398606.225 97343.34371 -65.82765786
3397696.108 125144.558 -65.95768011
3396558.575 152937.3961 -66.09228352
3395193.703 180719.9977 -66.2316356
3393601.584 208490.5034 -66.37590113
3391782.323 236247.0544 -66.52517914
3389736.044 263987.7928 -66.67964739
3387462.881 291710.862 -66.83947123
3384962.989 319414.4063 -67.00487032
3382236.534 347096.5715 -67.17595571
3379283.698 374755.5048 -67.35294235
3376104.68 402389.3549 -67.53597776
3372699.691 429996.2722 -67.72529295
3369068.96 457574.4089 -67.92099853
3365212.731 485121.9192 -68.1233545
3361131.26 512636.9592 -68.3325136
3356824.822 540117.6873 -68.54874232
3352293.704 567562.2642 -68.77218843
3347538.21 594968.8529 -69.00310926
3342558.657 622335.619 -69.24166388
3337355.38 649660.7309 -69.48815272
3331928.727 676942.3596 -69.74274188
3326279.06 704178.6791 -70.00570139
3320406.759 731367.8663 -70.27721042
3314312.215 758508.1015 -70.55757468
3307995.837 785597.5682 -70.84696821
3301458.048 812634.453 -71.145694
3294699.286 839616.9465 -71.45396089
3287720.002 866543.2427 -71.77210698
3280520.663 893411.5392 -72.10029732
3273101.753 920220.0377 -72.43885701
3265463.766 946966.9439 -72.78800526
3257607.215 973650.4676 -73.14810401
3249532.625 1000268.823 -73.51933823
3241240.537 1026820.228 -73.90204202
3232731.506 1053302.905 -74.29643618
3224006.101 1079715.083 -74.70289324
3215064.906 1106054.993 -75.12162032
3205908.52 1132320.873 -75.55296548
3196537.556 1158510.964 -75.99715841
3186952.641 1184623.513 -76.45455611
3177154.415 1210656.773 -76.92539772
3167143.536 1236609 -77.4100188
3156920.674 1262478.459 -77.90866588
3146486.511 1288263.418 -78.42171644
3135841.748 1313962.15 -78.94939289
3124987.096 1339572.936 -79.4920282
3113923.281 1365094.062 -80.04987114
3102651.046 1390523.818 -80.6232618
3091171.143 1415860.504 -81.21242054
3079484.341 1441102.424 -81.81766803
3067591.422 1466247.887 -82.4392246
3055493.183 1491295.211 -83.07742623
3043190.434 1516242.72 -83.73247553
3030683.997 1541088.743 -84.4046649
3017974.709 1565831.617 -85.09418124
3005063.423 1590469.687 -85.80131725
2991951 1615001.304 -86.52622081
2978638.32 1639424.825 -87.26913951
2965126.274 1663738.616 -88.0302093
2951415.765 1687941.049 -88.80966688
2937507.711 1712030.505 -89.60758109
2923403.043 1736005.37 -90.42413356
2909102.706 1759864.042 -91.25935993
2894607.657 1783604.921 -92.11340754
2879918.865 1807226.42 -92.98624942
2865037.313 1830726.958 -93.87797819
2849963.999 1854104.961 -94.78849932
2834699.93 1877358.864 -95.71783188
2819246.129 1900487.112 -96.66581348
2803603.629 1923488.157 -97.63236897
2787773.479 1946360.458 -98.61722837
2771756.736 1969102.485 -99.62024019
2755554.474 1991712.715 -100.6410443
2739167.777 2014189.636 -101.6793633
2722597.741 2036531.743 -102.7347134
2705845.476 2058737.541 -103.8066929
2688912.102 2080805.542 -104.8946688
2671798.754 2102734.271 -105.9980944
2654506.577 2124522.26 -107.1161942
2637036.728 2146168.049 -108.2482764
2619390.376 2167670.191 -109.3933487
2601568.703 2189027.246 -110.5505322
2583572.901 2210237.784 -111.7186643
2565404.175 2231300.387 -112.8966393
2547063.741 2252213.644 -114.0830543
2528552.827 2272976.155 -115.2765019
2509872.671 2293586.531 -116.475336
2491024.524 2314043.393 -117.6778991
2472009.647 2334345.37 -118.8822475
2452829.313 2354491.105 -120.0863467
2433484.806 2374479.248 -121.287826
2413977.421 2394308.462 -122.4842556
2394308.462 2413977.421 -123.6730231
2374479.248 2433484.806 -124.8511921
2354491.105 2452829.313 -126.015787
2334345.37 2472009.647 -127.1634559
2314043.393 2491024.524 -128.2907634
2293586.531 2509872.671 -129.3937828
2272976.155 2528552.827 -130.4684428
2252213.644 2547063.741 -131.510195
2231300.387 2565404.175 -132.514404
2210237.784 2583572.901 -133.4759051
2189027.246 2601568.703 -134.3893613
2167670.191 2619390.376 -135.2488184
2146168.049 2637036.728 -136.0481917
2124522.26 2654506.577 -136.7807284
2102734.271 2671798.754 -137.4394901
2080805.542 2688912.102 -138.0168378
2058737.541 2705845.476 -138.5048828
2036531.743 2722597.741 -138.8950109
2014189.636 2739167.777 -139.1782953
1991712.715 2755554.474 -139.3450373
1969102.485 2771756.736 -139.3851512
1946360.458 2787773.479 -139.2877318
1923488.157 2803603.629 -139.041434
1900487.112 2819246.129 -138.6340239
1877358.864 2834699.93 -138.0527889
1854104.961 2849963.999 -137.2840893
1830726.958 2865037.313 -136.3136907
1807226.42 2879918.865 -135.1263926
1783604.921 2894607.657 -133.7063658
1759864.042 2909102.706 -132.0367358
1736005.37 2923403.043 -130.0999355
1712030.505 2937507.711 -127.8773356
1687941.049 2951415.765 -125.349542
1663738.616 2965126.274 -122.4960483
1639424.825 2978638.32 -119.295545
1615001.304 2991951 -115.7255566
1590469.687 3005063.423 -111.7627697
1565831.617 3017974.709 -107.3827241
1541088.743 3030683.997 -102.5600981
1516242.72 3043190.434 -97.26841575
1491295.211 3055493.183 -91.4803621
1466247.887 3067591.422 -85.16750336
1441102.424 3079484.341 -78.30062917
1415860.504 3091171.143 -70.84947468
1390523.818 3102651.046 -62.78309778
1365094.062 3113923.281 -54.06968207
1339572.936 3124987.096 -44.6768806
1313962.15 3135841.748 -34.57165546
1288263.418 3146486.511 -23.72070457
1262478.459 3156920.674 -12.09034586
1236609 3167143.536 0.3530221796
1210656.773 3177154.415 13.64298873
1184623.513 3186952.641 27.81255221
1158510.964 3196537.556 42.89416133
1132320.873 3205908.52 58.91905859
1106054.993 3215064.906 75.91724286
1079715.083 3224006.101 93.91673214
1053302.905 3232731.506 112.9434018
1026820.228 3241240.537 133.0201584
1000268.823 3249532.625 154.1667325
973650.4676 3257607.215 176.3987315
946966.9439 3265463.766 199.7272839
920220.0377 3273101.753 224.1580468
893411.5392 3280520.663 249.6907949
866543.2427 3287720.002 276.3183209
839616.9465 3294699.286 304.0259042
812634.453 3301458.048 332.7901813
785597.5682 3307995.837 362.578665
758508.1015 3314312.215 393.3486167
731367.8663 3320406.759 425.046485
704178.6791 3326279.06 457.6068813
676942.3596 3331928.727 490.9522135
649660.7309 3337355.38 524.9918156
622335.619 3342558.657 559.6216774
594968.8529 3347538.21 594.723952
567562.2642 3352293.704 630.1670367
540117.6873 3356824.822 665.8054076
512636.9592 3361131.26 701.4801761
485121.9192 3365212.731 737.0194134
457574.4089 3369068.96 772.2393136
429996.2722 3372699.691 806.9451735
402389.3549 3376104.68 840.9330471
374755.5048 3379283.698 873.9913905
347096.5715 3382236.534 905.9034632
319414.4063 3384962.989 936.4495565
291710.862 3387462.881 965.4098234
263987.7928 3389736.044 992.5671142
236247.0544 3391782.323 1017.710209
208490.5034 3393601.584 1040.636874
180719.9977 3395193.703 1061.157218
152937.3961 3396558.575 1079.096675
125144.558 3397696.108 1094.299242
97343.34371 3398606.225 1106.630163
69535.61403 3399288.867 1115.978408
41723.23017 3399743.986 1122.258759
13908.05369 3399971.554 1125.413504
-13908.05369 3399971.554 1125.413504
-41723.23017 3399743.986 1122.25876
-69535.61403 3399288.867 1115.978408
-97343.34371 3398606.225 1106.630163
-125144.558 3397696.108 1094.299242
-152937.3961 3396558.575 1079.096675
-180719.9977 3395193.703 1061.157218
-208490.5034 3393601.584 1040.636874
-236247.0544 3391782.323 1017.710209
-263987.7928 3389736.044 992.5671142
-291710.862 3387462.881 965.4098234
-319414.4063 3384962.989 936.4495567
-347096.5715 3382236.534 905.9034633
-374755.5048 3379283.698 873.9913906
-402389.3549 3376104.68 840.9330473
-429996.2722 3372699.691 806.9451737
-457574.4089 3369068.96 772.2393139
-485121.9192 3365212.731 737.0194134
-512636.9592 3361131.26 701.4801762
-540117.6873 3356824.822 665.8054079
-567562.2642 3352293.704 630.167037
-594968.8529 3347538.21 594.7239523
-622335.619 3342558.657 559.6216775
-649660.7309 3337355.38 524.9918159
-676942.3596 3331928.727 490.9522136
-704178.6791 3326279.06 457.6068816
-731367.8663 3320406.759 425.0464853
-758508.1015 3314312.215 393.348617
-785597.5682 3307995.837 362.5786653
-812634.453 3301458.048 332.7901817
-839616.9465 3294699.286 304.0259045
-866543.2427 3287720.002 276.3183211
-893411.5392 3280520.663 249.6907952
-920220.0377 3273101.753 224.1580472
-946966.9439 3265463.766 199.7272843
-973650.4676 3257607.215 176.3987318
-1000268.823 3249532.625 154.1667329
-1026820.228 3241240.537 133.0201588
-1053302.905 3232731.506 112.9434023
-1079715.083 3224006.101 93.91673255
-1106054.993 3215064.906 75.91724315
-1132320.873 3205908.52 58.9190591
-1158510.964 3196537.556 42.89416169
-1184623.513 3186952.641 27.81255263
-1210656.773 3177154.415 13.64298928
-1236609 3167143.536 0.3530226721
-1262478.459 3156920.674 -12.0903455
-1288263.418 3146486.511 -23.72070419
-1313962.15 3135841.748 -34.571655
-1339572.936 3124987.096 -44.67688009
-1365094.062 3113923.281 -54.06968158
-1390523.818 3102651.046 -62.78309743
-1415860.504 3091171.143 -70.84947422
-1441102.424 3079484.341 -78.30062859
-1466247.887 3067591.422 -85.16750268
-1491295.211 3055493.183 -91.48036183
-1516242.72 3043190.434 -97.26841523
-1541088.743 3030683.997 -102.5600976
-1565831.617 3017974.709 -107.3827237
-1590469.687 3005063.423 -111.7627692
-1615001.304 2991951 -115.7255561
-1639424.825 2978638.32 -119.2955443
-1663738.616 2965126.274 -122.4960477
-1687941.049 2951415.765 -125.3495414
-1712030.505 2937507.711 -127.8773349
-1736005.37 2923403.043 -130.0999351
-1759864.042 2909102.706 -132.0367352
-1783604.921 2894607.657 -133.7063653
-1807226.42 2879918.865 -135.1263921
-1830726.958 2865037.313 -136.3136902
-1854104.961 2849963.999 -137.2840887
-1877358.864 2834699.93 -138.0527883
-1900487.112 2819246.129 -138.6340234
-1923488.157 2803603.629 -139.0414333
-1946360.458 2787773.479 -139.2877313
-1969102.485 2771756.736 -139.3851507
-1991712.715 2755554.474 -139.3450367
-2014189.636 2739167.777 -139.1782948
-2036531.743 2722597.741 -138.8950101
-2058737.541 2705845.476 -138.5048822
-2080805.542 2688912.102 -138.0168371
-2102734.271 2671798.754 -137.4394893
-2124522.26 2654506.577 -136.7807279
-2146168.049 2637036.728 -136.0481912
-2167670.191 2619390.376 -135.2488178
-2189027.246 2601568.703 -134.3893605
-2210237.784 2583572.901 -133.4759046
-2231300.387 2565404.175 -132.5144035
-2252213.644 2547063.741 -131.5101944
-2272976.155 2528552.827 -130.4684421
-2293586.531 2509872.671 -129.3937823
-2314043.393 2491024.524 -128.2907627
-2334345.37 2472009.647 -127.1634553
-2354491.105 2452829.313 -126.0157864
-2374479.248 2433484.806 -124.8511916
-2394308.462 2413977.421 -123.6730225
-2413977.421 2394308.462 -122.4842551
-2433484.806 2374479.248 -121.2878254
-2452829.313 2354491.105 -120.0863459
-2472009.647 2334345.37 -118.8822467
-2491024.524 2314043.393 -117.6778985
-2509872.671 2293586.531 -116.4753355
-2528552.827 2272976.155 -115.2765011
-2547063.741 2252213.644 -114.0830537
-2565404.175 2231300.387 -112.8966387
-2583572.901 2210237.784 -111.7186635
-2601568.703 2189027.246 -110.5505317
-2619390.376 2167670.191 -109.3933481
-2637036.728 2146168.049 -108.2482757
-2654506.577 2124522.26 -107.1161935
-2671798.754 2102734.271 -105.998094
-2688912.102 2080805.542 -104.8946682
-2705845.476 2058737.541 -103.8066923
-2722597.741 2036531.743 -102.7347127
-2739167.777 2014189.636 -101.6793626
-2755554.474 1991712.715 -100.6410438
-2771756.736 1969102.485 -99.62023977
-2787773.479 1946360.458 -98.61722773
-2803603.629 1923488.157 -97.63236843
-2819246.129 1900487.112 -96.66581314
-2834699.93 1877358.864 -95.71783115
-2849963.999 1854104.961 -94.78849876
-2865037.313 1830726.958 -93.87797762
-2879918.865 1807226.42 -92.98624897
-2894607.657 1783604.921 -92.11340691
-2909102.706 1759864.042 -91.25935957
-2923403.043 1736005.37 -90.42413312
-2937507.711 1712030.505 -89.60758055
-2951415.765 1687941.049 -88.80966626
-2965126.274 1663738.616 -88.03020867
-2978638.32 1639424.825 -87.26913916
-2991951 1615001.304 -86.52622026
-3005063.423 1590469.687 -85.80131675
-3017974.709 1565831.617 -85.09418065
-3030683.997 1541088.743 -84.40466432
-3043190.434 1516242.72 -83.73247511
-3055493.183 1491295.211 -83.07742568
-3067591.422 1466247.887 -82.4392241
-3079484.341 1441102.424 -81.81766761
-3091171.143 1415860.504 -81.21242001
-3102651.046 1390523.818 -80.62326143
-3113923.281 1365094.062 -80.04987067
-3124987.096 1339572.936 -79.49202757
-3135841.748 1313962.15 -78.94939246
-3146486.511 1288263.418 -78.42171616
-3156920.674 1262478.459 -77.90866543
-3167143.536 1236609 -77.41001844
-3177154.415 1210656.773 -76.92539728
-3186952.641 1184623.513 -76.45455564
-3196537.556 1158510.964 -75.99715785
-3205908.52 1132320.873 -75.55296503
-3215064.906 1106054.993 -75.12162007
-3224006.101 1079715.083 -74.70289273
-3232731.506 1053302.905 -74.29643599
-3241240.537 1026820.228 -73.90204161
-3249532.625 1000268.823 -73.51933797
-3257607.215 973650.4676 -73.14810352
-3265463.766 946966.9439 -72.78800506
-3273101.753 920220.0377 -72.43885653
-3280520.663 893411.5392 -72.10029702
-3287720.002 866543.2427 -71.77210663
-3294699.286 839616.9465 -71.45396055
-3301458.048 812634.453 -71.14569387
-3307995.837 785597.5682 -70.84696789
-3314312.215 758508.1015 -70.55757433
-3320406.759 731367.8663 -70.27721014
-3326279.06 704178.6791 -70.00570113
-3331928.727 676942.3596 -69.74274159
-3337355.38 649660.7309 -69.48815256
-3342558.657 622335.619 -69.24166352
-3347538.21 594968.8529 -69.00310915
-3352293.704 567562.2642 -68.77218816
-3356824.822 540117.6873 -68.54874217
-3361131.26 512636.9592 -68.33251348
-3365212.731 485121.9192 -68.12335423
-3369068.96 457574.4089 -67.92099833
-3372699.691 429996.2722 -67.72529275
-3376104.68 402389.3549 -67.53597767
-3379283.698 374755.5048 -67.35294213
-3382236.534 347096.5715 -67.1759555
-3384962.989 319414.4063 -67.00487029
-3387462.881 291710.862 -66.83947112
-3389736.044 263987.7928 -66.67964729
-3391782.323 236247.0544 -66.52517906
-3393601.584 208490.5034 -66.37590095
-3395193.703 180719.9977 -66.23163566
-3396558.575 152937.3961 -66.09228339
-3397696.108 125144.558 -65.95767999
-3398606.225 97343.34371 -65.82765786
-3399288.867 69535.61403 -65.7020725
-3399743.986 41723.23017 -65.58078531
-3399971.554 13908.05369 -65.46366808
-3399971.554 -13908.05369 -65.35059741
-3399743.986 -41723.23017 -65.24144486
-3399288.867 -69535.61403 -65.13607719
-3398606.225 -97343.34371 -65.0343658
-3397696.108 -125144.558 -64.93619155
-3396558.575 -152937.3961 -64.84144121
-3395193.703 -180719.9977 -64.75002387
-3393601.584 -208490.5034 -64.66184509
-3391782.323 -236247.0544 -64.57674351
-3389736.044 -263987.7928 -64.4946358
-3387462.881 -291710.862 -64.41542493
-3384962.989 -319414.4063 -64.33906698
-3382236.534 -347096.5715 -64.26540819
-3379283.698 -374755.5048 -64.19439628
-3376104.68 -402389.3549 -64.12591064
-3372699.691 -429996.2722 -64.05991251
-3369068.96 -457574.4089 -63.99624019
-3365212.731 -485121.9192 -63.93488009
-3361131.26 -512636.9592 -63.87570836
-3356824.822 -540117.6873 -63.8187136
-3352293.704 -567562.2642 -63.76376309
-3347538.21 -594968.8529 -63.71083154
-3342558.657 -622335.619 -63.65979266
-3337355.38 -649660.7309 -63.61065896
-3331928.727 -676942.3596 -63.56330654
-3326279.06 -704178.6791 -63.51771333
-3320406.759 -731367.8663 -63.47376233
-3314312.215 -758508.1015 -63.43146218
-3307995.837 -785597.5682 -63.3906858
-3301458.048 -812634.453 -63.3514341
-3294699.286 -839616.9465 -63.31360965
-3287720.002 -866543.2427 -63.2772429
-3280520.663 -893411.5392 -63.24218857
-3273101.753 -920220.0377 -63.20845839
-3265463.766 -946966.9439 -63.17595766
-3257607.215 -973650.4676 -63.14472985
-3249532.625 -1000268.823 -63.11464212
-3241240.537 -1026820.228 -63.0857063
-3232731.506 -1053302.905 -63.0578217
-3224006.101 -1079715.083 -63.03103624
-3215064.906 -1106054.993 -63.00523196
-3205908.52 -1132320.873 -62.9804309
-3196537.556 -1158510.964 -62.95653617
-3186952.641 -1184623.513 -62.93357806
-3177154.415 -1210656.773 -62.91146843
-3167143.536 -1236609 -62.89021736
-3156920.674 -1262478.459 -62.86974543
-3146486.511 -1288263.418 -62.8501073
-3135841.748 -1313962.15 -62.83120321
-3124987.096 -1339572.936 -62.81304757
-3113923.281 -1365094.062 -62.79557352
-3102651.046 -1390523.818 -62.77880989
-3091171.143 -1415860.504 -62.76266991
-3079484.341 -1441102.424 -62.74717368
-3067591.422 -1466247.887 -62.73224705
-3055493.183 -1491295.211 -62.71793836
-3043190.434 -1516242.72 -62.70417282
-3030683.997 -1541088.743 -62.69097315
-3017974.709 -1565831.617 -62.67826905
-3005063.423 -1590469.687 -62.66610744
-2991951 -1615001.304 -62.65440377
-2978638.32 -1639424.825 -62.64318836
-2965126.274 -1663738.616 -62.63239827
-2951415.765 -1687941.049 -62.62208638
-2937507.711 -1712030.505 -62.61216068
-2923403.043 -1736005.37 -62.60266258
-2909102.706 -1759864.042 -62.59351248
-2894607.657 -1783604.921 -62.58476856
-2879918.865 -1807226.42 -62.57634363
-2865037.313 -1830726.958 -62.56830066
-2849963.999 -1854104.961 -62.56055115
-2834699.93 -1877358.864 -62.55315458
-2819246.129 -1900487.112 -62.54603125
-2803603.629 -1923488.157 -62.53922983
-2787773.479 -1946360.458 -62.53265225
-2771756.736 -1969102.485 -62.52636746
-2755554.474 -1991712.715 -62.52029158
-2739167.777 -2014189.636 -62.51447969
-2722597.741 -2036531.743 -62.50884464
-2705845.476 -2058737.541 -62.50344684
-2688912.102 -2080805.542 -62.49818849
-2671798.754 -2102734.271 -62.49313467
-2654506.577 -2124522.26 -62.48820448
-2637036.728 -2146168.049 -62.48348801
-2619390.376 -2167670.191 -62.47887096
-2601568.703 -2189027.246 -62.47445275
-2583572.901 -2210237.784 -62.47015602
-2565404.175 -2231300.387 -62.46607577
-2547063.741 -2252213.644 -62.46213445
-2528552.827 -2272976.155 -62.45837721
-2509872.671 -2293586.531 -62.45475271
-2491024.524 -2314043.393 -62.45134485
-2472009.647 -2334345.37 -62.44810969
-2452829.313 -2354491.105 -62.44507965
-2433484.806 -2374479.248 -62.44212998
-2413977.421 -2394308.462 -62.43926552
-2394308.462 -2413977.421 -62.43650889
-2374479.248 -2433484.806 -62.43377343
-2354491.105 -2452829.313 -62.43115735
-2334345.37 -2472009.647 -62.4286238
-2314043.393 -2491024.524 -62.42630573
-2293586.531 -2509872.671 -62.42411349
-2272976.155 -2528552.827 -62.42209668
-2252213.644 -2547063.741 -62.4201288
-2231300.387 -2565404.175 -62.41831437
-2210237.784 -2583572.901 -62.41656427
-2189027.246 -2601568.703 -62.41497188
-2167670.191 -2619390.376 -62.41338596
-2146168.049 -2637036.728 -62.411921
-2124522.26 -2654506.577 -62.41043919
-2102734.271 -2671798.754 -62.40905291
-2080805.542 -2688912.102 -62.40763606
-2058737.541 -2705845.476 -62.40629815
-2036531.743 -2722597.741 -62.40493056
-2014189.636 -2739167.777 -62.40364783
-1991712.715 -2755554.474 -62.40235307
-1969102.485 -2771756.736 -62.40115024
-1946360.458 -2787773.479 -62.39994004
-1923488.157 -2803603.629 -62.39882442
-1900487.112 -2819246.129 -62.39769186
-1877358.864 -2834699.93 -62.39665356
-1854104.961 -2849963.999 -62.39562216
-1830726.958 -2865037.313 -62.39467943
-1807226.42 -2879918.865 -62.39373007
-1783604.921 -2894607.657 -62.39286806
-1759864.042 -2909102.706 -62.39199322
-1736005.37 -2923403.043 -62.39118568
-1712030.505 -2937507.711 -62.39036812
-1687941.049 -2951415.765 -62.38962315
-1663738.616 -2965126.274 -62.38887336
-1639424.825 -2978638.32 -62.38820558
-1615001.304 -2991951 -62.38752841
-1590469.687 -3005063.423 -62.386911
-1565831.617 -3017974.709 -62.38628143
-1541088.743 -3030683.997 -62.38571523
-1516242.72 -3043190.434 -62.3851356
-1491295.211 -3055493.183 -62.38461774
-1466247.887 -3067591.422 -62.38408322
-1441102.424 -3079484.341 -62.38361387
-1415860.504 -3091171.143 -62.38312195
-1390523.818 -3102651.046 -62.38267353
-1365094.062 -3113923.281 -62.38221145
-1339572.936 -3124987.096 -62.38180652
-1313962.15 -3135841.748 -62.38138394
-1288263.418 -3146486.511 -62.38101136
-1262478.459 -3156920.674 -62.38061998
-1236609 -3167143.536 -62.38027797
-1210656.773 -3177154.415 -62.37989902
-1184623.513 -3186952.641 -62.37956603
-1158510.964 -3196537.556 -62.37920127
-1132320.873 -3205908.52 -62.37889044
-1106054.993 -3215064.906 -62.37855297
-1079715.083 -3224006.101 -62.37825692
-1053302.905 -3232731.506 -62.37792797
-1026820.228 -3241240.537 -62.37765703
-1000268.823 -3249532.625 -62.37735709
-973650.4676 -3257607.215 -62.37710038
-946966.9439 -3265463.766 -62.37681819
-920220.0377 -3273101.753 -62.37659938
-893411.5392 -3280520.663 -62.37635387
-866543.2427 -3287720.002 -62.37613795
-839616.9465 -3294699.286 -62.37587756
-812634.453 -3301458.048 -62.3756743
-785597.5682 -3307995.837 -62.37545018
-758508.1015 -3314312.215 -62.375253
-731367.8663 -3320406.759 -62.37501582
-704178.6791 -3326279.06 -62.37482916
-676942.3596 -3331928.727 -62.37462195
-649660.7309 -3337355.38 -62.37443747
-622335.619 -3342558.657 -62.37423923
-594968.8529 -3347538.21 -62.37408429
-567562.2642 -3352293.704 -62.3739061
-540117.6873 -3356824.822 -62.37375742
-512636.9592 -3361131.26 -62.37357733
-485121.9192 -3365212.731 -62.37344729
-457574.4089 -3369068.96 -62.37331606
-429996.2722 -3372699.691 -62.37320579
-402389.3549 -3376104.68 -62.37306975
-374755.5048 -3379283.698 -62.37298113
-347096.5715 -3382236.534 -62.37287899
-319414.4063 -3384962.989 -62.37278441
-291710.862 -3387462.881 -62.37268111
-263987.7928 -3389736.044 -62.37260737
-236247.0544 -3391782.323 -62.37252366
-208490.5034 -3393601.584 -62.37245355
-180719.9977 -3395193.703 -62.37235133
-152937.3961 -3396558.575 -62.37228775
-125144.558 -3397696.108 -62.37223793
-97343.34371 -3398606.225 -62.37218854
-69535.61403 -3399288.867 -62.37214616
-41723.23017 -3399743.986 -62.37213347
-13908.05369 -3399971.554 -62.37213334
13908.05369 -3399971.554 -62.37213347
41723.23017 -3399743.986 -62.37213332
69535.61403 -3399288.867 -62.37214618
97343.34371 -3398606.225 -62.37218875
125144.558 -3397696.108 -62.3722379
152937.3961 -3396558.575 -62.37228769
180719.9977 -3395193.703 -62.37235137
208490.5034 -3393601.584 -62.37245325
236247.0544 -3391782.323 -62.37252361
263987.7928 -3389736.044 -62.37260724
291710.862 -3387462.881 -62.37268101
319414.4063 -3384962.989 -62.37278466
347096.5715 -3382236.534 -62.37287865
374755.5048 -3379283.698 -62.37298076
402389.3549 -3376104.68 -62.37306979
429996.2722 -3372699.691 -62.37320554
457574.4089 -3369068.96 -62.37331596
485121.9192 -3365212.731 -62.37344686
512636.9592 -3361131.26 -62.37357693
540117.6873 -3356824.822 -62.3737575
567562.2642 -3352293.704 -62.3739057
594968.8529 -3347538.21 -62.37408389
622335.619 -3342558.657 -62.37423961
649660.7309 -3337355.38 -62.37443708
676942.3596 -3331928.727 -62.37462156
704178.6791 -3326279.06 -62.37482869
731367.8663 -3320406.759 -62.37501572
758508.1015 -3314312.215 -62.37525233
785597.5682 -3307995.837 -62.37545019
812634.453 -3301458.048 -62.3756738
839616.9465 -3294699.286 -62.3758773
866543.2427 -3287720.002 -62.37613775
893411.5392 -3280520.663 -62.37635351
920220.0377 -3273101.753 -62.37659897
946966.9439 -3265463.766 -62.37681796
973650.4676 -3257607.215 -62.37709984
1000268.823 -3249532.625 -62.37735708
1026820.228 -3241240.537 -62.37765673
1053302.905 -3232731.506 -62.37792689
1079715.083 -3224006.101 -62.37825729
1106054.993 -3215064.906 -62.37855244
1132320.873 -3205908.52 -62.37889017
1158510.964 -3196537.556 -62.37920088
1184623.513 -3186952.641 -62.3795657
1210656.773 -3177154.415 -62.37989824
1236609 -3167143.536 -62.38027763
1262478.459 -3156920.674 -62.38061963
1288263.418 -3146486.511 -62.38101033
1313962.15 -3135841.748 -62.3813839
1339572.936 -3124987.096 -62.38180599
1365094.062 -3113923.281 -62.38221102
1390523.818 -3102651.046 -62.38267302
1415860.504 -3091171.143 -62.38312145
1441102.424 -3079484.341 -62.38361341
1466247.887 -3067591.422 -62.38408266
1491295.211 -3055493.183 -62.38461734
1516242.72 -3043190.434 -62.38513524
1541088.743 -3030683.997 -62.38571476
1565831.617 -3017974.709 -62.38628122
1590469.687 -3005063.423 -62.38690999
1615001.304 -2991951 -62.38752797
1639424.825 -2978638.32 -62.38820532
1663738.616 -2965126.274 -62.38887236
1687941.049 -2951415.765 -62.38962316
1712030.505 -2937507.711 -62.39036745
1736005.37 -2923403.043 -62.39118525
1759864.042 -2909102.706 -62.39199254
1783604.921 -2894607.657 -62.39286725
1807226.42 -2879918.865 -62.39372966
1830726.958 -2865037.313 -62.39467927
1854104.961 -2849963.999 -62.39562132
1877358.864 -2834699.93 -62.39665331
1900487.112 -2819246.129 -62.39769156
1923488.157 -2803603.629 -62.39882344
1946360.458 -2787773.479 -62.3999391
1969102.485 -2771756.736 -62.40114993
1991712.715 -2755554.474 -62.40235272
2014189.636 -2739167.777 -62.40364719
2036531.743 -2722597.741 -62.40493015
2058737.541 -2705845.476 -62.40629751
2080805.542 -2688912.102 -62.40763542
2102734.271 -2671798.754 -62.40905246
2124522.26 -2654506.577 -62.41043806
2146168.049 -2637036.728 -62.41192088
2167670.191 -2619390.376 -62.41338542
2189027.246 -2601568.703 -62.41497086
2210237.784 -2583572.901 -62.41656386
2231300.387 -2565404.175 -62.41831389
2252213.644 -2547063.741 -62.42012825
2272976.155 -2528552.827 -62.42209576
2293586.531 -2509872.671 -62.4241128
2314043.393 -2491024.524 -62.42630512
2334345.37 -2472009.647 -62.42862344
2354491.105 -2452829.313 -62.43115665
2374479.248 -2433484.806 -62.43377262
2394308.462 -2413977.421 -62.43650846
2413977.421 -2394308.462 -62.43926507
2433484.806 -2374479.248 -62.44212944
2452829.313 -2354491.105 -62.445079
2472009.647 -2334345.37 -62.44810906
2491024.524 -2314043.393 -62.45134417
2509872.671 -2293586.531 -62.45475186
2528552.827 -2272976.155 -62.45837683
2547063.741 -2252213.644 -62.46213349
2565404.175 -2231300.387 -62.46607552
2583572.901 -2210237.784 -62.4701552
2601568.703 -2189027.246 -62.47445206
2619390.376 -2167670.191 -62.47887042
2637036.728 -2146168.049 -62.48348758
2654506.577 -2124522.26 -62.48820344
2671798.754 -2102734.271 -62.49313427
2688912.102 -2080805.542 -62.49818808
2705845.476 -2058737.541 -62.50344634
2722597.741 -2036531.743 -62.50884403
2739167.777 -2014189.636 -62.51447895
2755554.474 -1991712.715 -62.52029126
2771756.736 -1969102.485 -62.52636714
2787773.479 -1946360.458 -62.53265157
2803603.629 -1923488.157 -62.53922925
2819246.129 -1900487.112 -62.54603044
2834699.93 -1877358.864 -62.55315396
2849963.999 -1854104.961 -62.56055058
2865037.313 -1830726.958 -62.56830013
2879918.865 -1807226.42 -62.57634329
2894607.657 -1783604.921 -62.5847678
2909102.706 -1759864.042 -62.59351196
2923403.043 -1736005.37 -62.60266183
2937507.711 -1712030.505 -62.61216027
2951415.765 -1687941.049 -62.6220858
2965126.274 -1663738.616 -62.63239756
2978638.32 -1639424.825 -62.64318813
2991951 -1615001.304 -62.65440317
3005063.423 -1590469.687 -62.6661064
3017974.709 -1565831.617 -62.67826873
3030683.997 -1541088.743 -62.69097306
3043190.434 -1516242.72 -62.70417211
3055493.183 -1491295.211 -62.71793804
3067591.422 -1466247.887 -62.73224624
3079484.341 -1441102.424 -62.74717334
3091171.143 -1415860.504 -62.76266961
3102651.046 -1390523.818 -62.77880955
3113923.281 -1365094.062 -62.79557317
3124987.096 -1339572.936 -62.81304705
3135841.748 -1313962.15 -62.83120275
3146486.511 -1288263.418 -62.8501068
3156920.674 -1262478.459 -62.86974505
3167143.536 -1236609 -62.89021684
3177154.415 -1210656.773 -62.91146829
3186952.641 -1184623.513 -62.93357756
3196537.556 -1158510.964 -62.95653586
3205908.52 -1132320.873 -62.98043045
3215064.906 -1106054.993 -63.00523174
3224006.101 -1079715.083 -63.03103534
3232731.506 -1053302.905 -63.05782146
3241240.537 -1026820.228 -63.08570627
3249532.625 -1000268.823 -63.11464141
3257607.215 -973650.4676 -63.14472983
3265463.766 -946966.9439 -63.17595697
3273101.753 -920220.0377 -63.20845833
3280520.663 -893411.5392 -63.24218802
3287720.002 -866543.2427 -63.2772427
3294699.286 -839616.9465 -63.31360954
3301458.048 -812634.453 -63.3514339
3307995.837 -785597.5682 -63.39068548
3314312.215 -758508.1015 -63.43146158
3320406.759 -731367.8663 -63.47376207
3326279.06 -704178.6791 -63.51771313
3331928.727 -676942.3596 -63.56330633
3337355.38 -649660.7309 -63.61065883
3342558.657 -622335.619 -63.659792
3347538.21 -594968.8529 -63.7108315
3352293.704 -567562.2642 -63.76376297
3356824.822 -540117.6873 -63.81871327
3361131.26 -512636.9592 -63.87570832
3365212.731 -485121.9192 -63.93487984
3369068.96 -457574.4089 -63.99624014
3372699.691 -429996.2722 -64.05991231
3376104.68 -402389.3549 -64.12591043
3379283.698 -374755.5048 -64.194396
3382236.534 -347096.5715 -64.26540832
3384962.989 -319414.4063 -64.33906687
3387462.881 -291710.862 -64.41542486
3389736.044 -263987.7928 -64.49463561
3391782.323 -236247.0544 -64.5767436
3393601.584 -208490.5034 -64.66184501
3395193.703 -180719.9977 -64.75002341
3396558.575 -152937.3961 -64.84144129
3397696.108 -125144.558 -64.93619166
3398606.225 -97343.34371 -65.03436569
3399288.867 -69535.61403 -65.13607729
3399743.986 -41723.23017 -65.24144472
3399971.554 -13908.05369 -65.35059719
