1.570796326794896558e+00 1.758268333287154261e-14
1.563456157043518591e+00 1.755468515478786719e-14
1.556115987292140623e+00 1.747096521489472262e-14
1.548775817540762434e+00 1.733216861845028080e-14
1.541435647789384467e+00 1.713947541812311672e-14
1.534095478038006499e+00 1.689440480066399377e-14
1.526755308286628532e+00 1.659896955946836385e-14
1.519415138535250342e+00 1.625546252355512277e-14
1.512074968783872375e+00 1.586660570685390917e-14
1.504734799032494408e+00 1.543532093276073544e-14
1.497394629281116440e+00 1.496487808582866196e-14
1.490054459529738251e+00 1.445865404802561056e-14
1.482714289778360284e+00 1.392028337719601604e-14
1.475374120026982316e+00 1.335341146880746547e-14
1.468033950275604349e+00 1.276184912273917656e-14
1.460693780524226160e+00 1.214932698221596738e-14
1.453353610772848192e+00 1.151965364268717921e-14
1.446013441021470225e+00 1.087647864855547403e-14
1.438673271270092258e+00 1.022345215025616809e-14
1.431333101518714068e+00 9.564003179088718357e-15
1.423992931767336101e+00 8.901497537849587690e-15
1.416652762015958134e+00 8.239037070866803124e-15
1.409312592264580166e+00 7.579611671466220869e-15
1.401972422513201977e+00 6.925923760256649242e-15
1.394632252761824009e+00 6.280530264274275843e-15
1.387292083010446042e+00 5.645694817983982693e-15
1.379951913259068075e+00 5.023515996756017747e-15
1.372611743507690107e+00 4.415808228128431234e-15
1.365271573756311918e+00 3.824213048673260711e-15
1.357931404004933951e+00 3.250108713392626985e-15
1.350591234253555983e+00 2.694702146410844393e-15
1.343251064502177794e+00 2.158965844289489957e-15
1.335910894750799827e+00 1.643709424709377672e-15
1.328570724999421859e+00 1.149541809021937323e-15
1.321230555248043892e+00 6.769219396166658706e-16
1.313890385496665925e+00 2.261438101053542641e-16
1.306550215745287735e+00 -2.026331212210742763e-16
1.299210045993909768e+00 -6.093788604228357186e-16
1.291869876242531801e+00 -9.941815444094455453e-16
1.284529706491153611e+00 -1.357225153284806804e-15
1.277189536739775644e+00 -1.698795677867902543e-15
1.269849366988397676e+00 -2.019244272087245561e-15
1.262509197237019709e+00 -2.319009040101260122e-15
1.255169027485641742e+00 -2.598566127801161699e-15
1.247828857734263552e+00 -2.858465134051849313e-15
1.240488687982885585e+00 -3.099270390127836782e-15
1.233148518231507618e+00 -3.321608001188510773e-15
1.225808348480129428e+00 -3.526099298216255700e-15
1.218468178728751461e+00 -3.713417502807875408e-15
1.211128008977373494e+00 -3.884215237197295439e-15
1.203787839225995526e+00 -4.039188798394912098e-15
1.196447669474617559e+00 -4.179001416678123300e-15
1.189107499723239592e+00 -4.304353423134289523e-15
1.181767329971861402e+00 -4.415902382832010841e-15
1.174427160220483435e+00 -4.514337910504681148e-15
1.167086990469105467e+00 -4.600299729843559689e-15
1.159746820717727278e+00 -4.674455615856168721e-15
1.152406650966349311e+00 -4.737418462096528665e-15
1.145066481214971343e+00 -4.789826322272914007e-15
1.137726311463593376e+00 -4.832259114095514485e-15
1.130386141712215409e+00 -4.865319707470814115e-15
1.123045971960837219e+00 -4.889551103186851864e-15
1.115705802209459252e+00 -4.905517661125133882e-15
1.108365632458081285e+00 -4.913723270015929373e-15
1.101025462706703095e+00 -4.914692091835727262e-15
1.093685292955325128e+00 -4.908888095405302067e-15
1.086345123203947161e+00 -4.896794765387802019e-15
1.079004953452569193e+00 -4.878836365678363657e-15
1.071664783701191226e+00 -4.855456222579104315e-15
1.064324613949813259e+00 -4.827039914541812680e-15
1.056984444198435069e+00 -4.793991739615364939e-15
1.049644274447057102e+00 -4.756660153221488082e-15
1.042304104695678912e+00 -4.715412078947904354e-15
1.034963934944300945e+00 -4.670560791451075482e-15
1.027623765192922978e+00 -4.622437800777537428e-15
1.020283595441545010e+00 -4.571323309684665962e-15
1.012943425690167043e+00 -4.517515655896460038e-15
1.005603255938789076e+00 -4.461264258886624065e-15
9.982630861874108863e-01 -4.402836478391239878e-15
9.909229164360329190e-01 -4.342453291044669158e-15
9.835827466846548406e-01 -4.280353444875465286e-15
9.762425769332768732e-01 -4.216731707565676099e-15
9.689024071818987949e-01 -4.151800483074998001e-15
9.615622374305208275e-01 -4.085730556075638003e-15
9.542220676791427492e-01 -4.018710219271012195e-15
9.468818979277647818e-01 -3.950888493951032787e-15
9.395417281763867035e-01 -3.882431545532933106e-15
9.322015584250087361e-01 -3.813468729735949570e-15
9.248613886736306577e-01 -3.744146074074898700e-15
9.175212189222526904e-01 -3.674575071546022958e-15
9.101810491708746120e-01 -3.604883656482816764e-15
9.028408794194966447e-01 -3.535167234020850381e-15
8.955007096681185663e-01 -3.465537288519008707e-15
8.881605399167405990e-01 -3.396074814712932237e-15
8.808203701653625206e-01 -3.326876494470344170e-15
8.734802004139845533e-01 -3.258010459551991868e-15
8.661400306626065859e-01 -3.189560042655384394e-15
8.587998609112286186e-01 -3.121581887746320819e-15
8.514596911598505402e-01 -3.054147403257221876e-15
8.441195214084725729e-01 -2.987303009468346106e-15
8.367793516570944945e-01 -2.921109448924169987e-15
8.294391819057165272e-01 -2.855604091555667380e-15
8.220990121543384488e-01 -2.790838130595461544e-15
8.147588424029604814e-01 -2.726840937039697867e-15
8.074186726515824031e-01 -2.663655241449608874e-15
8.000785029002044357e-01 -2.601303387165156223e-15
7.927383331488263574e-01 -2.539820534352145441e-15
7.853981633974483900e-01 -2.479222883693305115e-15
7.780579936460703117e-01 -2.419538906775433296e-15
7.707178238946922333e-01 -2.360779407384114541e-15
7.633776541433142659e-01 -2.302966972624973101e-15
7.560374843919361876e-01 -2.246107707348745926e-15
7.486973146405582202e-01 -2.190219004125026744e-15
7.413571448891801419e-01 -2.135302911730717908e-15
7.340169751378021745e-01 -2.081372262775531881e-15
7.266768053864240962e-01 -2.028425597993638499e-15
7.193366356350461288e-01 -1.976471775473542181e-15
7.119964658836680504e-01 -1.925506312333892988e-15
7.046562961322900831e-01 -1.875534616977066360e-15
6.973161263809120047e-01 -1.826549660060933324e-15
6.899759566295340374e-01 -1.778553814587547016e-15
6.826357868781559590e-01 -1.731537916714573904e-15
6.752956171267779917e-01 -1.685501733095967807e-15
6.679554473753999133e-01 -1.640434297176602064e-15
6.606152776240219460e-01 -1.596333153922584299e-15
6.532751078726438676e-01 -1.553185852276926759e-15
6.459349381212659003e-01 -1.510988025189658024e-15
6.385947683698878219e-01 -1.469726012180310617e-15
6.312545986185098545e-01 -1.429393856345344723e-15
6.239144288671319982e-01 -1.389976927582363703e-15
6.165742591157538088e-01 -1.351467897284800749e-15
6.092340893643759525e-01 -1.313851425514256433e-15
6.018939196129977631e-01 -1.277119049229244150e-15
5.945537498616199068e-01 -1.241254866524150578e-15
5.872135801102417174e-01 -1.206249514082257678e-15
5.798734103588638611e-01 -1.172086679814013111e-15
5.725332406074856717e-01 -1.138756277355783870e-15
5.651930708561077044e-01 -1.106241756159236706e-15
5.578529011047297370e-01 -1.074532448580566958e-15
5.505127313533517697e-01 -1.043611688377994795e-15
5.431725616019735803e-01 -1.013468359892647053e-15
5.358323918505956129e-01 -9.840857940790914217e-16
5.284922220992176456e-01 -9.554525612238572551e-16
5.211520523478396782e-01 -9.275520435306955657e-16
5.138118825964614889e-01 -9.003726405971671067e-16
5.064717128450835215e-01 -8.738979157366161675e-16
4.991315430937055542e-01 -8.481160909374576261e-16
4.917913733423275868e-01 -8.230109927204237656e-16
4.844512035909493974e-01 -7.985708139587408085e-16
4.771110338395714301e-01 -7.747796356190969597e-16
4.697708640881934627e-01 -7.516257196625503801e-16
4.624306943368154954e-01 -7.290934540386733437e-16
4.550905245854373060e-01 -7.071712161269990221e-16
4.477503548340593387e-01 -6.858437327709493021e-16
4.404101850826813713e-01 -6.650994999831656011e-16
4.330700153313034040e-01 -6.449237629011549480e-16
4.257298455799252146e-01 -6.253051390209558591e-16
4.183896758285472472e-01 -6.062292244828392910e-16
4.110495060771692799e-01 -5.876849242043610215e-16
4.037093363257913126e-01 -5.696582522729825853e-16
3.963691665744131232e-01 -5.521384007309983786e-16
3.890289968230351558e-01 -5.351118500555846128e-16
3.816888270716571885e-01 -5.185680120116753055e-16
3.743486573202792211e-01 -5.024938954408129054e-16
3.670084875689010318e-01 -4.868791497504625786e-16
3.596683178175230644e-01 -4.717112442456518579e-16
3.523281480661450971e-01 -4.569801752761804500e-16
3.449879783147671297e-01 -4.426738940191138253e-16
3.376478085633889403e-01 -4.287827142697830560e-16
3.303076388120109730e-01 -4.152950158833343684e-16
3.229674690606330056e-01 -4.022014735066995085e-16
3.156272993092550383e-01 -3.894909164539345729e-16
3.082871295578768489e-01 -3.771543672794597123e-16
3.009469598064991036e-01 -3.651811291383581895e-16
2.936067900551209142e-01 -3.535625300788234829e-16
2.862666203037429469e-01 -3.422883533077613591e-16
2.789264505523647575e-01 -3.313502437566288039e-16
2.715862808009870122e-01 -3.207384318951603243e-16
2.642461110496088228e-01 -3.104449098669129285e-16
2.569059412982308555e-01 -3.004603249237872564e-16
2.495657715468526661e-01 -2.907770077329529525e-16
2.422256017954749208e-01 -2.813860693960434964e-16
2.348854320440967314e-01 -2.722801189588977999e-16
2.275452622927187640e-01 -2.634506740133028852e-16
2.202050925413405746e-01 -2.548906923117946596e-16
2.128649227899628293e-01 -2.465920829337818907e-16
2.055247530385846400e-01 -2.385481163276889398e-16
1.981845832872066726e-01 -2.307511009648560213e-16
1.908444135358284832e-01 -2.231946043833470785e-16
1.835042437844507379e-01 -2.158712983267168939e-16
1.761640740330725485e-01 -2.087750481223290073e-16
1.688239042816945812e-01 -2.018989528378886779e-16
1.614837345303166138e-01 -1.952371015689042169e-16
1.541435647789386465e-01 -1.887829374270997826e-16
1.468033950275606792e-01 -1.825308679884135378e-16
1.394632252761824898e-01 -1.764746282476353707e-16
1.321230555248045224e-01 -1.706089401651511554e-16
1.247828857734265551e-01 -1.649278667398352801e-16
1.174427160220485877e-01 -1.594263585367745449e-16
1.101025462706703983e-01 -1.540987950287786560e-16
1.027623765192924310e-01 -1.489403830961079106e-16
9.542220676791446365e-02 -1.439458165501237989e-16
8.808203701653649631e-02 -1.391105261742671446e-16
8.074186726515830692e-02 -1.344294897541703974e-16
7.340169751378033958e-02 -1.298983838926639620e-16
6.606152776240237223e-02 -1.255124418773509499e-16
5.872135801102440489e-02 -1.212675738168818357e-16
5.138118825964621550e-02 -1.171592820039638148e-16
4.404101850826824815e-02 -1.131836922411924596e-16
3.670084875689028081e-02 -1.093364998595919115e-16
2.936067900551231347e-02 -1.056140950120087005e-16
2.202050925413412408e-02 -1.020124242693652384e-16
1.468033950275615673e-02 -9.852803516930382808e-17
7.340169751378189389e-03 -9.515710695628733910e-17
2.220446049250313081e-16 -9.189637053164241598e-17
-7.340169751377745300e-03 -8.874222589823194076e-17
-1.468033950275593469e-02 -8.569158432018578187e-17
-2.202050925413390203e-02 -8.274104563263958641e-17
-2.936067900551209142e-02 -7.988770397920138809e-17
-3.670084875688983672e-02 -7.712833632254073921e-17
-4.404101850826802611e-02 -7.446019841516574025e-17
-5.138118825964599345e-02 -7.188027322533325538e-17
-5.872135801102418284e-02 -6.938595588242039334e-17
-6.606152776240192814e-02 -6.697440257186827570e-17
-7.340169751378011753e-02 -6.464315359693968550e-17
-8.074186726515808488e-02 -6.238954121247408186e-17
-8.808203701653627427e-02 -6.021124413713578837e-17
-9.542220676791401957e-02 -5.810573311125427193e-17
-1.027623765192922090e-01 -5.607083973251617613e-17
-1.101025462706701763e-01 -5.410417393243615829e-17
-1.174427160220483657e-01 -5.220369528305319970e-17
-1.247828857734261110e-01 -5.036716153799640753e-17
-1.321230555248043004e-01 -4.859264403092474175e-17
-1.394632252761822677e-01 -4.687804695976423567e-17
-1.468033950275604571e-01 -4.522153525322282133e-17
-1.541435647789382024e-01 -4.362114012139391455e-17
-1.614837345303163918e-01 -4.207514638569140017e-17
-1.688239042816943591e-01 -4.058169408763581537e-17
-1.761640740330725485e-01 -3.913917491223704912e-17
-1.835042437844502938e-01 -3.774584714740982286e-17
-1.908444135358284832e-01 -3.640019714692522784e-17
-1.981845832872064506e-01 -3.510057562638723735e-17
-2.055247530385846400e-01 -3.384556240802204343e-17
-2.128649227899623853e-01 -3.263361892478863330e-17
-2.202050925413405746e-01 -3.146341011178005550e-17
-2.275452622927185420e-01 -3.033348275724371986e-17
-2.348854320440967314e-01 -2.924258892022220343e-17
-2.422256017954744767e-01 -2.818937751675465665e-17
-2.495657715468526661e-01 -2.717264847922756516e-17
-2.569059412982306334e-01 -2.619115303871703395e-17
-2.642461110496088228e-01 -2.524376741594738606e-17
-2.715862808009865681e-01 -2.432929864552347036e-17
-2.789264505523647575e-01 -2.344671177286562508e-17
-2.862666203037427248e-01 -2.259489883765854126e-17
-2.936067900551209142e-01 -2.177286175945739503e-17
-3.009469598064986595e-01 -2.097957241283470411e-17
-3.082871295578768489e-01 -2.021411238702026736e-17
-3.156272993092548163e-01 -1.947548900093525169e-17
-3.229674690606325616e-01 -1.876285609621648065e-17
-3.303076388120107509e-01 -1.807528726082997102e-17
-3.376478085633889403e-01 -1.741198084911229233e-17
-3.449879783147669077e-01 -1.677207103692545482e-17
-3.523281480661446530e-01 -1.615481245163554244e-17
-3.596683178175228424e-01 -1.555939080879389117e-17
-3.670084875689010318e-01 -1.498510240266851576e-17
-3.743486573202789991e-01 -1.443120318099851791e-17
-3.816888270716567444e-01 -1.389702218757862873e-17
-3.890289968230349338e-01 -1.338184895543476984e-17
-3.963691665744131232e-01 -1.288507063541758772e-17
-4.037093363257910905e-01 -1.240602502345191818e-17
-4.110495060771688358e-01 -1.194413961567909416e-17
-4.183896758285470252e-01 -1.149877656736616899e-17
-4.257298455799252146e-01 -1.106942085879853673e-17
-4.330700153313031819e-01 -1.065547686886976303e-17
-4.404101850826811493e-01 -1.025644666108481908e-17
-4.477503548340591166e-01 -9.871768521684905839e-18
-4.550905245854370840e-01 -9.500999322565688917e-18
-4.624306943368154954e-01 -9.143617114338188894e-18
-4.697708640881930187e-01 -8.799178875373353322e-18
-4.771110338395709860e-01 -8.467211203069210476e-18
-4.844512035909493974e-01 -8.147317981447591039e-18
-4.917913733423273648e-01 -7.839033717179558879e-18
-4.991315430937053321e-01 -7.541990015592403435e-18
-5.064717128450832995e-01 -7.255741390481572700e-18
-5.138118825964612668e-01 -6.979970649838600359e-18
-5.211520523478396782e-01 -6.714282575080207822e-18
-5.284922220992172015e-01 -6.458327475129297400e-18
-5.358323918505951688e-01 -6.211746350222613260e-18
-5.431725616019735803e-01 -5.974231333664094601e-18
-5.505127313533515476e-01 -5.745434724737491265e-18
-5.578529011047295150e-01 -5.525081916207485366e-18
-5.651930708561074823e-01 -5.312846065919743131e-18
-5.725332406074854497e-01 -5.108411057930941711e-18
-5.798734103588638611e-01 -4.911575922399081269e-18
-5.872135801102413843e-01 -4.722032406464078677e-18
-5.945537498616193517e-01 -4.539516481135704195e-18
-6.018939196129977631e-01 -4.363784146378003504e-18
-6.092340893643757305e-01 -4.194571218392770759e-18
-6.165742591157536978e-01 -4.031712373225819292e-18
-6.239144288671316652e-01 -3.874868581385802041e-18
-6.312545986185096325e-01 -3.723894253184228564e-18
-6.385947683698880439e-01 -3.578564559283905412e-18
-6.459349381212655672e-01 -3.438706050924646689e-18
-6.532751078726435345e-01 -3.304052921503538812e-18
-6.606152776240219460e-01 -3.174527937805027316e-18
-6.679554473753999133e-01 -3.049837069900692275e-18
-6.752956171267778807e-01 -2.929826893497024632e-18
-6.826357868781558480e-01 -2.814370932974457576e-18
-6.899759566295338153e-01 -2.703282852473976102e-18
-6.973161263809122268e-01 -2.596384526815669949e-18
-7.046562961322897500e-01 -2.493546044438641509e-18
-7.119964658836677174e-01 -2.394641986972119941e-18
-7.193366356350461288e-01 -2.299444595983572613e-18
-7.266768053864240962e-01 -2.207906928797023025e-18
-7.340169751378020635e-01 -2.119864651752068952e-18
-7.413571448891800308e-01 -2.035173219192941825e-18
-7.486973146405579982e-01 -1.953736319635377411e-18
-7.560374843919364096e-01 -1.875389150133622824e-18
-7.633776541433139329e-01 -1.800065983800038534e-18
-7.707178238946919002e-01 -1.727638249234210933e-18
-7.780579936460703117e-01 -1.657997161470325029e-18
-7.853981633974478349e-01 -1.591048153521903367e-18
-7.927383331488262463e-01 -1.526677470952555407e-18
-8.000785029002042137e-01 -1.464780741114845131e-18
-8.074186726515821810e-01 -1.405303767590173620e-18
-8.147588424029601484e-01 -1.348116288576167376e-18
-8.220990121543381157e-01 -1.293157361280831974e-18
-8.294391819057160831e-01 -1.240343416956811846e-18
-8.367793516570944945e-01 -1.189589378918940026e-18
-8.441195214084720178e-01 -1.140797174582311247e-18
-8.514596911598504292e-01 -1.093917619305637674e-18
-8.587998609112283965e-01 -1.048879994505496743e-18
-8.661400306626063639e-01 -1.005611825052422111e-18
-8.734802004139843312e-01 -9.640368164647177181e-19
-8.808203701653622986e-01 -9.241077280922497393e-19
-8.881605399167402659e-01 -8.857409661694010292e-19
-8.955007096681186773e-01 -8.489033751200851546e-19
-9.028408794194962006e-01 -8.135063578101825903e-19
-9.101810491708746120e-01 -7.795262355529200815e-19
-9.175212189222525794e-01 -7.468765111125030761e-19
-9.248613886736305467e-01 -7.155369135125684852e-19
-9.322015584250085141e-01 -6.854423032493664326e-19
-9.395417281763864814e-01 -6.565510921590256534e-19
-9.468818979277644488e-01 -6.288108975897222398e-19
-9.542220676791428602e-01 -6.021843987369604949e-19
-9.615622374305203834e-01 -5.766240777328773855e-19
-9.689024071818983508e-01 -5.520846819635920668e-19
-9.762425769332767622e-01 -5.285382202157979268e-19
-9.835827466846547296e-01 -5.059462183322372520e-19
-9.909229164360326969e-01 -4.842573741362933215e-19
-9.982630861874106643e-01 -4.634349260262617283e-19
-1.005603255938788632e+00 -4.434854006009370497e-19
-1.012943425690167043e+00 -4.243574128893325173e-19
-1.020283595441544566e+00 -4.059447232739679570e-19
-1.027623765192922534e+00 -3.883071641702615263e-19
-1.034963934944300945e+00 -3.714059517871964931e-19
-1.042304104695678912e+00 -3.551849893689096068e-19
-1.049644274447056880e+00 -3.396427670775273139e-19
-1.056984444198434847e+00 -3.247417269673638915e-19
-1.064324613949812814e+00 -3.104168955184847153e-19
-1.071664783701191226e+00 -2.967141483670966133e-19
-1.079004953452568749e+00 -2.835700634580359437e-19
-1.086345123203946716e+00 -2.709735944683585125e-19
-1.093685292955325128e+00 -2.588992015599768610e-19
-1.101025462706703095e+00 -2.473268250520551768e-19
-1.108365632458081063e+00 -2.362409251140900053e-19
-1.115705802209459030e+00 -2.256252040527210082e-19
-1.123045971960836997e+00 -2.154376258123065275e-19
-1.130386141712215409e+00 -2.057026383905323737e-19
-1.137726311463592932e+00 -1.963476332259749932e-19
-1.145066481214970899e+00 -1.874054466896125297e-19
-1.152406650966349311e+00 -1.788282777126230224e-19
-1.159746820717727278e+00 -1.706307136079753936e-19
-1.167086990469105245e+00 -1.627702746109941717e-19
-1.174427160220483213e+00 -1.552728679774950341e-19
-1.181767329971861180e+00 -1.480441207751394641e-19
-1.189107499723239592e+00 -1.411733194384164838e-19
-1.196447669474617115e+00 -1.345621392954468861e-19
-1.203787839225995082e+00 -1.282542561419171424e-19
-1.211128008977373494e+00 -1.222248541011850927e-19
-1.218468178728751461e+00 -1.164900487946222707e-19
-1.225808348480129428e+00 -1.109236275167452308e-19
-1.233148518231507396e+00 -1.056642964067798351e-19
-1.240488687982885363e+00 -1.006305212217301236e-19
-1.247828857734263330e+00 -9.580260844500747065e-20
-1.255169027485641298e+00 -9.120701112960594337e-20
-1.262509197237019265e+00 -8.681310221265030315e-20
-1.269849366988397676e+00 -8.259705770061517427e-20
-1.277189536739775200e+00 -7.858621951837359317e-20
-1.284529706491153611e+00 -7.474661802863165928e-20
-1.291869876242531578e+00 -7.109352930205106039e-20
-1.299210045993909546e+00 -6.760144480880464223e-20
-1.306550215745287513e+00 -6.427797189677686226e-20
-1.313890385496665481e+00 -6.110872384865499367e-20
-1.321230555248043448e+00 -5.811707109423173743e-20
-1.328570724999421859e+00 -5.522072947158687921e-20
-1.335910894750799383e+00 -5.249685928438085136e-20
-1.343251064502177794e+00 -4.988929844494386064e-20
-1.350591234253555761e+00 -4.741630219942996594e-20
-1.357931404004933729e+00 -4.506310387223351137e-20
-1.365271573756311696e+00 -4.283059213739340209e-20
-1.372611743507689663e+00 -4.070972287619732560e-20
-1.379951913259067631e+00 -3.870524896685286840e-20
-1.387292083010446042e+00 -3.679813898474509079e-20
-1.394632252761823565e+00 -3.501209463527302491e-20
-1.401972422513201977e+00 -3.330029239022397804e-20
-1.409312592264579944e+00 -3.169721781819291777e-20
-1.416652762015957912e+00 -3.017705120947702693e-20
-1.423992931767335879e+00 -2.876042809634014929e-20
-1.431333101518713846e+00 -2.741744605577676792e-20
-1.438673271270091814e+00 -2.616781600527390176e-20
-1.446013441021470225e+00 -2.499172293469658678e-20
-1.453353610772847748e+00 -2.389841762293856042e-20
-1.460693780524226160e+00 -2.288584965981833187e-20
-1.468033950275604127e+00 -2.195295801495766330e-20
-1.475374120026982094e+00 -2.108352321769612140e-20
-1.482714289778360062e+00 -2.028830493859069182e-20
-1.490054459529738029e+00 -1.956105524594968920e-20
-1.497394629281115996e+00 -1.892714583266455715e-20
-1.504734799032494408e+00 -1.831478042899634696e-20
-1.512074968783871931e+00 -1.780546073994898312e-20
-1.519415138535250342e+00 -1.732821611944768596e-20
-1.526755308286628310e+00 -1.694020182413936196e-20
-1.534095478038006277e+00 -1.659503929717537001e-20
-1.541435647789384245e+00 -1.632415056381174631e-20
-1.548775817540762212e+00 -1.610742179088160791e-20
-1.556115987292140179e+00 -1.595991116756774626e-20
-1.563456157043518591e+00 -1.586420796504750365e-20
-1.570796326794896114e+00 -1.583819896073050902e-20
