1.570796326794896558e+00 2.898319140588378906e+07
1.568353408712789498e+00 2.897684850074768066e+07
1.565910490630682217e+00 2.897050559561157227e+07
1.563467572548575157e+00 2.895150272534179688e+07
1.561024654466467876e+00 2.893249985507202148e+07
1.558581736384360816e+00 2.890091437661743164e+07
1.556138818302253757e+00 2.886932889816284180e+07
1.553695900220146475e+00 2.882528884422302246e+07
1.551252982138039416e+00 2.878124879028320312e+07
1.548810064055932134e+00 2.872493163838195801e+07
1.546367145973825075e+00 2.866861448648071289e+07
1.543924227891718015e+00 2.860024542747497559e+07
1.541481309809610734e+00 2.853187636846923828e+07
1.539038391727503674e+00 2.845172603915405273e+07
1.536595473645396392e+00 2.837157570983886719e+07
1.534152555563289333e+00 2.827995762538146973e+07
1.531709637481182273e+00 2.818833954092407227e+07
1.529266719399074992e+00 2.808560717662048340e+07
1.526823801316967932e+00 2.798287481231689453e+07
1.524380883234860651e+00 2.786941839483642578e+07
1.521937965152753591e+00 2.775596197735595703e+07
1.519495047070646532e+00 2.763220489741516113e+07
1.517052128988539250e+00 2.750844781747436523e+07
1.514609210906432191e+00 2.737484262074279785e+07
1.512166292824324909e+00 2.724123742401123047e+07
1.509723374742217850e+00 2.709826277221679688e+07
1.507280456660110790e+00 2.695528812042236328e+07
1.504837538578003509e+00 2.680344380842590332e+07
1.502394620495896449e+00 2.665159949642944336e+07
1.499951702413789167e+00 2.649140365824890137e+07
1.497508784331682108e+00 2.633120782006835938e+07
1.495065866249575048e+00 2.616319153231811523e+07
1.492622948167467767e+00 2.599517524456787109e+07
1.490180030085360707e+00 2.581988007754516602e+07
1.487737112003253426e+00 2.564458491052246094e+07
1.485294193921146366e+00 2.546255866217041016e+07
1.482851275839039307e+00 2.528053241381835938e+07
1.480408357756932025e+00 2.509232516349792480e+07
1.477965439674824966e+00 2.490411791317749023e+07
1.475522521592717684e+00 2.471027888359069824e+07
1.473079603510610625e+00 2.451643985400390625e+07
1.470636685428503565e+00 2.431751481060791016e+07
1.468193767346396283e+00 2.411858976721191406e+07
1.465750849264289224e+00 2.391511717442321777e+07
1.463307931182181942e+00 2.371164458163452148e+07
1.460865013100074883e+00 2.350415320350646973e+07
1.458422095017967823e+00 2.329666182537841797e+07
1.455979176935860542e+00 2.308566891860961914e+07
1.453536258853753482e+00 2.287467601184082031e+07
1.451093340771646201e+00 2.266068463351440430e+07
1.448650422689539141e+00 2.244669325518798828e+07
1.446207504607432082e+00 2.223019005621337891e+07
1.443764586525324800e+00 2.201368685723876953e+07
1.441321668443217741e+00 2.179514139978027344e+07
1.438878750361110459e+00 2.157659594232177734e+07
1.436435832279003399e+00 2.135645916813659668e+07
1.433992914196896340e+00 2.113632239395141602e+07
1.431549996114789058e+00 2.091502484173583984e+07
1.429107078032681999e+00 2.069372728952026367e+07
1.426664159950574717e+00 2.047167900279235840e+07
1.424221241868467658e+00 2.024963071606445312e+07
1.421778323786360598e+00 2.002722042234802246e+07
1.419335405704253317e+00 1.980481012863159180e+07
1.416892487622146257e+00 1.958240486956787109e+07
1.414449569540038976e+00 1.935999961050415039e+07
1.412006651457931916e+00 1.913794447320556641e+07
1.409563733375824857e+00 1.891588933590698242e+07
1.407120815293717575e+00 1.869450763659667969e+07
1.404677897211610516e+00 1.847312593728637695e+07
1.402234979129503234e+00 1.825271908499145508e+07
1.399792061047396174e+00 1.803231223269653320e+07
1.397349142965289115e+00 1.781316024411010742e+07
1.394906224883181833e+00 1.759400825552368164e+07
1.392463306801074774e+00 1.737637001934814453e+07
1.390020388718967492e+00 1.715873178317260742e+07
1.387577470636860433e+00 1.694284564782714844e+07
1.385134552554753373e+00 1.672695951248168945e+07
1.382691634472646092e+00 1.651304383876037598e+07
1.380248716390539032e+00 1.629912816503906250e+07
1.377805798308431751e+00 1.608738198872375488e+07
1.375362880226324691e+00 1.587563581240844727e+07
1.372919962144217632e+00 1.566623961273193359e+07
1.370477044062110350e+00 1.545684341305541992e+07
1.368034125980003290e+00 1.524995981121826172e+07
1.365591207897896009e+00 1.504307620938110352e+07
1.363148289815788949e+00 1.483885084005737305e+07
1.360705371733681890e+00 1.463462547073364258e+07
1.358262453651574608e+00 1.443318777870178223e+07
1.355819535569467549e+00 1.423175008666992188e+07
1.353376617487360267e+00 1.403321416387939453e+07
1.350933699405253208e+00 1.383467824108886719e+07
1.348490781323146148e+00 1.363914368818664551e+07
1.346047863241038867e+00 1.344360913528442383e+07
1.343604945158931807e+00 1.325116190534973145e+07
1.341162027076824526e+00 1.305871467541503906e+07
1.338719108994717466e+00 1.286942795185852051e+07
1.336276190912610184e+00 1.268014122830200195e+07
1.333833272830503125e+00 1.249407611749267578e+07
1.331390354748396065e+00 1.230801100668334961e+07
1.328947436666288784e+00 1.212521746386718750e+07
1.326504518584181724e+00 1.194242392105102539e+07
1.324061600502074443e+00 1.176294152915954590e+07
1.321618682419967383e+00 1.158345913726806641e+07
1.319175764337860324e+00 1.140731772604370117e+07
1.316732846255753042e+00 1.123117631481933594e+07
1.314289928173645983e+00 1.105839686642456055e+07
1.311847010091538923e+00 1.088561741802978516e+07
1.309404092009431642e+00 1.071621264862060547e+07
1.306961173927324582e+00 1.054680787921142578e+07
1.304518255845217301e+00 1.038078289205932617e+07
1.302075337763110241e+00 1.021475790490722656e+07
1.299632419681003181e+00 1.005211097016906738e+07
1.297189501598895900e+00 9.889464035430908203e+06
1.294746583516788840e+00 9.730186993850708008e+06
1.292303665434681559e+00 9.570909952270507812e+06
1.289860747352574499e+00 9.414988943786621094e+06
1.287417829270467440e+00 9.259067935302734375e+06
1.284974911188360158e+00 9.106483818420410156e+06
1.282531993106252877e+00 8.953899701538085938e+06
1.280089075024145817e+00 8.804628629180908203e+06
1.277646156942038758e+00 8.655357556823730469e+06
1.275203238859931476e+00 8.509371445953369141e+06
1.272760320777824417e+00 8.363385335083007812e+06
1.270317402695717135e+00 8.220652289855957031e+06
1.267874484613610075e+00 8.077919244628906250e+06
1.265431566531503016e+00 7.938403959747314453e+06
1.262988648449395956e+00 7.798888674865722656e+06
1.260545730367288675e+00 7.662552832443237305e+06
1.258102812285181615e+00 7.526216990020751953e+06
1.255659894203074334e+00 7.393019627807617188e+06
1.253216976120967274e+00 7.259822265594482422e+06
1.250774058038860215e+00 7.129720109344482422e+06
1.248331139956752933e+00 6.999617953094482422e+06
1.245888221874645874e+00 6.872565761810302734e+06
1.243445303792538592e+00 6.745513570526123047e+06
1.241002385710431533e+00 6.621464274917602539e+06
1.238559467628324473e+00 6.497414979309082031e+06
1.236116549546217191e+00 6.376320160263061523e+06
1.233673631464110132e+00 6.255225341217041016e+06
1.231230713382002850e+00 6.137035287048339844e+06
1.228787795299895791e+00 6.018845232879638672e+06
1.226344877217788731e+00 5.903509229660034180e+06
1.223901959135681450e+00 5.788173226440429688e+06
1.221459041053574168e+00 5.675639926681518555e+06
1.219016122971467109e+00 5.563106626922607422e+06
1.216573204889360049e+00 5.453323612106323242e+06
1.214130286807252768e+00 5.343540597290039062e+06
1.211687368725145708e+00 5.236455940093994141e+06
1.209244450643038427e+00 5.129371282897949219e+06
1.206801532560931367e+00 5.024931568832397461e+06
1.204358614478824308e+00 4.920491854766845703e+06
1.201915696396717026e+00 4.818644360260009766e+06
1.199472778314609966e+00 4.716796865753173828e+06
1.197029860232502685e+00 4.617488614562988281e+06
1.194586942150395625e+00 4.518180363372802734e+06
1.192144024068288566e+00 4.421358423583984375e+06
1.189701105986181506e+00 4.324536483795166016e+06
1.187258187904074225e+00 4.230148196228027344e+06
1.184815269821967165e+00 4.135759908660888672e+06
1.182372351739859884e+00 4.043752824981689453e+06
1.179929433657752824e+00 3.951745741302490234e+06
1.177486515575645543e+00 3.862067831665039062e+06
1.175043597493538483e+00 3.772389922027587891e+06
1.172600679411431424e+00 3.684989592803955078e+06
1.170157761329324142e+00 3.597589263580322266e+06
1.167714843247217082e+00 3.512415426727294922e+06
1.165271925165110023e+00 3.427241589874267578e+06
1.162829007083002741e+00 3.344243709991455078e+06
1.160386089000895460e+00 3.261245830108642578e+06
1.157943170918788400e+00 3.180374027145385742e+06
1.155500252836681341e+00 3.099502224182128906e+06
1.153057334754574059e+00 3.020707218933105469e+06
1.150614416672467000e+00 2.941912213684082031e+06
1.148171498590359940e+00 2.865145487411499023e+06
1.145728580508252659e+00 2.788378761138916016e+06
1.143285662426145599e+00 2.713592505310058594e+06
1.140842744344038540e+00 2.638806249481201172e+06
1.138399826261931258e+00 2.565953404449462891e+06
1.135956908179823976e+00 2.493100559417724609e+06
1.133513990097716917e+00 2.422134819946289062e+06
1.131071072015609857e+00 2.351169080474853516e+06
1.128628153933502576e+00 2.282045007354736328e+06
1.126185235851395516e+00 2.212920934234619141e+06
1.123742317769288235e+00 2.145593822814941406e+06
1.121299399687181175e+00 2.078266711395263672e+06
1.118856481605074116e+00 2.012692775772094727e+06
1.116413563522966834e+00 1.947118840148925781e+06
1.113970645440859775e+00 1.883255049407958984e+06
1.111527727358752715e+00 1.819391258666992188e+06
1.109084809276645434e+00 1.757195485946655273e+06
1.106641891194538374e+00 1.694999713226318359e+06
1.104198973112431315e+00 1.634430611801147461e+06
1.101756055030324033e+00 1.573861510375976562e+06
1.099313136948216751e+00 1.514878649032592773e+06
1.096870218866109692e+00 1.455895787689208984e+06
1.094427300784002632e+00 1.398459487701416016e+06
1.091984382701895351e+00 1.341023187713623047e+06
1.089541464619788291e+00 1.285094744583129883e+06
1.087098546537681232e+00 1.229166301452636719e+06
1.084655628455573950e+00 1.174707737945556641e+06
1.082212710373466891e+00 1.120249174438476562e+06
1.079769792291359831e+00 1.067223422256469727e+06
1.077326874209252550e+00 1.014197670074462891e+06
1.074883956127145268e+00 9.625684118652343750e+05
1.072441038045038209e+00 9.109391536560058594e+05
1.069998119962931149e+00 8.606709519805908203e+05
1.067555201880824089e+00 8.104027503051757812e+05
1.065112283798716808e+00 7.614609123840332031e+05
1.062669365716609526e+00 7.125190744628906250e+05
1.060226447634502467e+00 6.648698047485351562e+05
1.057783529552395407e+00 6.172205350341796875e+05
1.055340611470288126e+00 5.708307271728515625e+05
1.052897693388181066e+00 5.244409193115234375e+05
1.050454775306073785e+00 4.792783254394531250e+05
1.048011857223966725e+00 4.341157315673828125e+05
1.045568939141859666e+00 3.901487906799316406e+05
1.043126021059752606e+00 3.461818497924804688e+05
1.040683102977645103e+00 3.033798357543945312e+05
1.038240184895538043e+00 2.605778217163085938e+05
1.035797266813430983e+00 2.189106513214111328e+05
1.033354348731323924e+00 1.772434809265136719e+05
1.030911430649216642e+00 1.366819069976806641e+05
1.028468512567109583e+00 9.612033306884765625e+04
1.026025594485002301e+00 5.663572335815429688e+04
1.023582676402895242e+00 1.715111364746093750e+04
1.021139758320788182e+00 -2.128439762878417969e+04
1.018696840238681123e+00 -5.971990890502929688e+04
1.016253922156573841e+00 -9.713353132629394531e+04
1.013811004074466560e+00 -1.345471537475585938e+05
1.011368085992359500e+00 -1.709653681335449219e+05
1.008925167910252441e+00 -2.073835825195312500e+05
1.006482249828145381e+00 -2.428322967834472656e+05
1.004039331746038100e+00 -2.782810110473632812e+05
1.001596413663930818e+00 -3.127854336242675781e+05
9.991534955818237584e-01 -3.472898562011718750e+05
9.967105774997166989e-01 -3.808745949859619141e+05
9.942676594176094174e-01 -4.144593337707519531e+05
9.918247413355023578e-01 -4.471483345031738281e+05
9.893818232533951873e-01 -4.798373352355957031e+05
9.869389051712880168e-01 -5.116539068603515625e+05
9.844959870891808462e-01 -5.434704784851074219e+05
9.820530690070737867e-01 -5.744377825317382812e+05
9.796101509249665051e-01 -6.054050865783691406e+05
9.771672328428594456e-01 -6.355446333312988281e+05
9.747243147607522751e-01 -6.656841800842285156e+05
9.722813966786452156e-01 -6.950180675964355469e+05
9.698384785965379340e-01 -7.243519551086425781e+05
9.673955605144308745e-01 -7.529012522888183594e+05
9.649526424323237039e-01 -7.814505494689941406e+05
9.625097243502165334e-01 -8.092356508789062500e+05
9.600668062681093629e-01 -8.370207522888183594e+05
9.576238881860023033e-01 -8.640617696685791016e+05
9.551809701038951328e-01 -8.911027870483398438e+05
9.527380520217879623e-01 -9.174192051544189453e+05
9.502951339396807917e-01 -9.437356232604980469e+05
9.478522158575736212e-01 -9.693463949584960938e+05
9.454092977754665617e-01 -9.949571666564941406e+05
9.429663796933593911e-01 -1.019880872848510742e+06
9.405234616112522206e-01 -1.044804579040527344e+06
9.380805435291450500e-01 -1.069059195159912109e+06
9.356376254470379905e-01 -1.093313811279296875e+06
9.331947073649307089e-01 -1.116916961898803711e+06
9.307517892828236494e-01 -1.140520112518310547e+06
9.283088712007164789e-01 -1.163488856994628906e+06
9.258659531186093083e-01 -1.186457601470947266e+06
9.234230350365021378e-01 -1.208808687362670898e+06
9.209801169543950783e-01 -1.231159773254394531e+06
9.185371988722877967e-01 -1.252909354003906250e+06
9.160942807901807372e-01 -1.274658934753417969e+06
9.136513627080735667e-01 -1.295822918304443359e+06
9.112084446259665071e-01 -1.316986901855468750e+06
9.087655265438592256e-01 -1.337580647735595703e+06
9.063226084617521661e-01 -1.358174393615722656e+06
9.038796903796449955e-01 -1.378212936370849609e+06
9.014367722975378250e-01 -1.398251479125976562e+06
8.989938542154306544e-01 -1.417749401840209961e+06
8.965509361333235949e-01 -1.437247324554443359e+06
8.941080180512164244e-01 -1.456218936279296875e+06
8.916650999691092538e-01 -1.475190548004150391e+06
8.892221818870020833e-01 -1.493649647491455078e+06
8.867792638048949128e-01 -1.512108746978759766e+06
8.843363457227878532e-01 -1.530068893630981445e+06
8.818934276406806827e-01 -1.548029040283203125e+06
8.794505095585735122e-01 -1.565503378005981445e+06
8.770075914764663416e-01 -1.582977715728759766e+06
8.745646733943592821e-01 -1.599979054656982422e+06
8.721217553122520005e-01 -1.616980393585205078e+06
8.696788372301449410e-01 -1.633521196533203125e+06
8.672359191480377705e-01 -1.650061999481201172e+06
8.647930010659305999e-01 -1.666154516799926758e+06
8.623500829838234294e-01 -1.682247034118652344e+06
8.599071649017163699e-01 -1.697902976196289062e+06
8.574642468196090883e-01 -1.713558918273925781e+06
8.550213287375020288e-01 -1.728789946456909180e+06
8.525784106553948583e-01 -1.744020974639892578e+06
8.501354925732877987e-01 -1.758838200820922852e+06
8.476925744911805172e-01 -1.773655427001953125e+06
8.452496564090734577e-01 -1.788069839660644531e+06
8.428067383269662871e-01 -1.802484252319335938e+06
8.403638202448591166e-01 -1.816506512344360352e+06
8.379209021627519460e-01 -1.830528772369384766e+06
8.354779840806448865e-01 -1.844169246200561523e+06
8.330350659985376049e-01 -1.857809720031738281e+06
8.305921479164305454e-01 -1.871078540557861328e+06
8.281492298343233749e-01 -1.884347361083984375e+06
8.257063117522162043e-01 -1.897254371002197266e+06
8.232633936701090338e-01 -1.910161380920410156e+06
8.208204755880019743e-01 -1.922716148651123047e+06
8.183775575058948037e-01 -1.935270916381835938e+06
8.159346394237876332e-01 -1.947482731109619141e+06
8.134917213416804627e-01 -1.959694545837402344e+06
8.110488032595732921e-01 -1.971572571762084961e+06
8.086058851774662326e-01 -1.983450597686767578e+06
8.061629670953590621e-01 -1.995003640792846680e+06
8.037200490132518915e-01 -2.006556683898925781e+06
8.012771309311447210e-01 -2.017793363265991211e+06
7.988342128490376615e-01 -2.029030042633056641e+06
7.963912947669303799e-01 -2.039958813446044922e+06
7.939483766848233204e-01 -2.050887584259033203e+06
7.915054586027161498e-01 -2.061516554855346680e+06
7.890625405206090903e-01 -2.072145525451660156e+06
7.866196224385018088e-01 -2.082482720077514648e+06
7.841767043563946382e-01 -2.092819914703369141e+06
7.817337862742874677e-01 -2.102873011688232422e+06
7.792908681921804082e-01 -2.112926108673095703e+06
7.768479501100732376e-01 -2.122702782150268555e+06
7.744050320279661781e-01 -2.132479455627441406e+06
7.719621139458590076e-01 -2.141986949295043945e+06
7.695191958637517260e-01 -2.151494442962646484e+06
7.670762777816446665e-01 -2.160739937774658203e+06
7.646333596995374959e-01 -2.169985432586669922e+06
7.621904416174303254e-01 -2.178975973876953125e+06
7.597475235353232659e-01 -2.187966515167236328e+06
7.573046054532160953e-01 -2.196708826156616211e+06
7.548616873711090358e-01 -2.205451137145996094e+06
7.524187692890017543e-01 -2.213951907562255859e+06
7.499758512068945837e-01 -2.222452677978515625e+06
7.475329331247875242e-01 -2.230718189682006836e+06
7.450900150426803537e-01 -2.238983701385498047e+06
7.426470969605731831e-01 -2.247020401412963867e+06
7.402041788784661236e-01 -2.255057101440429688e+06
7.377612607963588420e-01 -2.262871297164916992e+06
7.353183427142516715e-01 -2.270685492889404297e+06
7.328754246321446120e-01 -2.278282675979614258e+06
7.304325065500374414e-01 -2.285879859069824219e+06
7.279895884679303819e-01 -2.293266080673217773e+06
7.255466703858232114e-01 -2.300652302276611328e+06
7.231037523037159298e-01 -2.307833142059326172e+06
7.206608342216087593e-01 -2.315013981842041016e+06
7.182179161395016997e-01 -2.321994999557495117e+06
7.157749980573945292e-01 -2.328976017272949219e+06
7.133320799752874697e-01 -2.335762496734619141e+06
7.108891618931802991e-01 -2.342548976196289062e+06
7.084462438110730176e-01 -2.349146167282104492e+06
7.060033257289658470e-01 -2.355743358367919922e+06
7.035604076468587875e-01 -2.362156347473144531e+06
7.011174895647516170e-01 -2.368569336578369141e+06
6.986745714826445575e-01 -2.374803052368164062e+06
6.962316534005373869e-01 -2.381036768157958984e+06
6.937887353184303274e-01 -2.387096043914794922e+06
6.913458172363230458e-01 -2.393155319671630859e+06
6.889028991542158753e-01 -2.399044799942016602e+06
6.864599810721087048e-01 -2.404934280212402344e+06
6.840170629900016452e-01 -2.410658604034423828e+06
6.815741449078944747e-01 -2.416382927856445312e+06
6.791312268257874152e-01 -2.421946470748901367e+06
6.766883087436801336e-01 -2.427510013641357422e+06
6.742453906615729631e-01 -2.432917169860839844e+06
6.718024725794659036e-01 -2.438324326080322266e+06
6.693595544973587330e-01 -2.443579263168334961e+06
6.669166364152516735e-01 -2.448834200256347656e+06
6.644737183331445030e-01 -2.453941058990478516e+06
6.620308002510372214e-01 -2.459047917724609375e+06
6.595878821689300509e-01 -2.464010648971557617e+06
6.571449640868229913e-01 -2.468973380218505859e+06
6.547020460047158208e-01 -2.473795913253784180e+06
6.522591279226087613e-01 -2.478618446289062500e+06
6.498162098405015907e-01 -2.483304561981201172e+06
6.473732917583943092e-01 -2.487990677673339844e+06
6.449303736762871386e-01 -2.492544068054199219e+06
6.424874555941800791e-01 -2.497097458435058594e+06
6.400445375120729086e-01 -2.501521713195800781e+06
6.376016194299658491e-01 -2.505945967956542969e+06
6.351587013478586785e-01 -2.510244591644287109e+06
6.327157832657513969e-01 -2.514543215332031250e+06
6.302728651836443374e-01 -2.518719601821899414e+06
6.278299471015371669e-01 -2.522895988311767578e+06
6.253870290194299963e-01 -2.526953473220825195e+06
6.229441109373229368e-01 -2.531010958129882812e+06
6.205011928552157663e-01 -2.534952747406005859e+06
6.180582747731087068e-01 -2.538894536682128906e+06
6.156153566910014252e-01 -2.542723827148437500e+06
6.131724386088942547e-01 -2.546553117614746094e+06
6.107295205267871951e-01 -2.550272942428588867e+06
6.082866024446800246e-01 -2.553992767242431641e+06
6.058436843625728541e-01 -2.557606090621948242e+06
6.034007662804657945e-01 -2.561219414001464844e+06
6.009578481983585130e-01 -2.564729183181762695e+06
5.985149301162513424e-01 -2.568238952362060547e+06
5.960720120341442829e-01 -2.571647963729858398e+06
5.936290939520371124e-01 -2.575056975097656250e+06
5.911861758699300529e-01 -2.578368000579833984e+06
5.887432577878228823e-01 -2.581679026062011719e+06
5.863003397057156008e-01 -2.584894717514038086e+06
5.838574216236084302e-01 -2.588110408966064453e+06
5.814145035415013707e-01 -2.591233392288208008e+06
5.789715854593942002e-01 -2.594356375610351562e+06
5.765286673772871406e-01 -2.597389189025878906e+06
5.740857492951799701e-01 -2.600422002441406250e+06
5.716428312130726885e-01 -2.603367122879028320e+06
5.691999131309655180e-01 -2.606312243316650391e+06
5.667569950488584585e-01 -2.609172053863525391e+06
5.643140769667513990e-01 -2.612031864410400391e+06
5.618711588846441174e-01 -2.614808721389770508e+06
5.594282408025370579e-01 -2.617585578369140625e+06
5.569853227204299984e-01 -2.620281788391113281e+06
5.545424046383227168e-01 -2.622977998413085938e+06
5.520994865562156573e-01 -2.625595755432128906e+06
5.496565684741083757e-01 -2.628213512451171875e+06
5.472136503920013162e-01 -2.630754974777221680e+06
5.447707323098942567e-01 -2.633296437103271484e+06
5.423278142277869751e-01 -2.635763743057250977e+06
5.398848961456796935e-01 -2.638231049011230469e+06
5.374419780635726340e-01 -2.640626211029052734e+06
5.349990599814655745e-01 -2.643021373046875000e+06
5.325561418993585150e-01 -2.645346409118652344e+06
5.301132238172512334e-01 -2.647671445190429688e+06
5.276703057351441739e-01 -2.649928270965576172e+06
5.252273876530368923e-01 -2.652185096740722656e+06
5.227844695709298328e-01 -2.654375602233886719e+06
5.203415514888225513e-01 -2.656566107727050781e+06
5.178986334067154917e-01 -2.658692070831298828e+06
5.154557153246084322e-01 -2.660818033935546875e+06
5.130127972425013727e-01 -2.662881516098022461e+06
5.105698791603938691e-01 -2.664944998260498047e+06
5.081269610782868096e-01 -2.666947443115234375e+06
5.056840429961797501e-01 -2.668949887969970703e+06
5.032411249140726905e-01 -2.670893488571166992e+06
5.007982068319654090e-01 -2.672837089172363281e+06
4.983552887498583495e-01 -2.674722564666748047e+06
4.959123706677512899e-01 -2.676608040161132812e+06
4.934694525856440084e-01 -2.678437677337646484e+06
4.910265345035367268e-01 -2.680267314514160156e+06
4.885836164214296673e-01 -2.682042559570312500e+06
4.861406983393226078e-01 -2.683817804626464844e+06
4.836977802572155483e-01 -2.685540168319702148e+06
4.812548621751082667e-01 -2.687262532012939453e+06
4.788119440930009851e-01 -2.688933537612915039e+06
4.763690260108939256e-01 -2.690604543212890625e+06
4.739261079287868661e-01 -2.692225564682006836e+06
4.714831898466798066e-01 -2.693846586151123047e+06
4.690402717645725250e-01 -2.695419055435180664e+06
4.665973536824654655e-01 -2.696991524719238281e+06
4.641544356003581839e-01 -2.698516793182373047e+06
4.617115175182511244e-01 -2.700042061645507812e+06
4.592685994361438429e-01 -2.701521460449218750e+06
4.568256813540367833e-01 -2.703000859252929688e+06
4.543827632719297238e-01 -2.704435681076049805e+06
4.519398451898226643e-01 -2.705870502899169922e+06
4.494969271077151607e-01 -2.707262009963989258e+06
4.470540090256081012e-01 -2.708653517028808594e+06
4.446110909435010417e-01 -2.710002916030883789e+06
4.421681728613939821e-01 -2.711352315032958984e+06
4.397252547792867006e-01 -2.712660821441650391e+06
4.372823366971796410e-01 -2.713969327850341797e+06
4.348394186150725815e-01 -2.715238064697265625e+06
4.323965005329653000e-01 -2.716506801544189453e+06
4.299535824508580184e-01 -2.717736929672241211e+06
4.275106643687509589e-01 -2.718967057800292969e+06
4.250677462866438994e-01 -2.720159662033081055e+06
4.226248282045368398e-01 -2.721352266265869141e+06
4.201819101224295583e-01 -2.722508425201416016e+06
4.177389920403222767e-01 -2.723664584136962891e+06
4.152960739582152172e-01 -2.724785331146240234e+06
4.128531558761081577e-01 -2.725906078155517578e+06
4.104102377940008761e-01 -2.726992429519653320e+06
4.079673197118938166e-01 -2.728078780883789062e+06
4.055244016297867571e-01 -2.729131713958740234e+06
4.030814835476794755e-01 -2.730184647033691406e+06
4.006385654655724160e-01 -2.731205125625610352e+06
3.981956473834651344e-01 -2.732225604217529297e+06
3.957527293013580749e-01 -2.733214541107177734e+06
3.933098112192510154e-01 -2.734203477996826172e+06
3.908668931371437338e-01 -2.735161793045043945e+06
3.884239750550364523e-01 -2.736120108093261719e+06
3.859810569729293928e-01 -2.737048660308837891e+06
3.835381388908223332e-01 -2.737977212524414062e+06
3.810952208087152737e-01 -2.738876884689331055e+06
3.786523027266079922e-01 -2.739776556854248047e+06
3.762093846445009326e-01 -2.740648153610229492e+06
3.737664665623938731e-01 -2.741519750366210938e+06
3.713235484802865916e-01 -2.742364077987670898e+06
3.688806303981793100e-01 -2.743208405609130859e+06
3.664377123160722505e-01 -2.744026272277832031e+06
3.639947942339651910e-01 -2.744844138946533203e+06
3.615518761518581314e-01 -2.745636296829223633e+06
3.591089580697508499e-01 -2.746428454711914062e+06
3.566660399876435683e-01 -2.747195663192749023e+06
3.542231219055365088e-01 -2.747962871673583984e+06
3.517802038234294493e-01 -2.748705862915039062e+06
3.493372857413221677e-01 -2.749448854156494141e+06
3.468943676592151082e-01 -2.750168324066162109e+06
3.444514495771080487e-01 -2.750887793975830078e+06
3.420085314950007671e-01 -2.751584423782348633e+06
3.395656134128937076e-01 -2.752281053588867188e+06
3.371226953307864260e-01 -2.752955525543212891e+06
3.346797772486793665e-01 -2.753629997497558594e+06
3.322368591665723070e-01 -2.754282922790527344e+06
3.297939410844650254e-01 -2.754935848083496094e+06
3.273510230023577439e-01 -2.755567902114868164e+06
3.249081049202506843e-01 -2.756199956146240234e+06
3.224651868381436248e-01 -2.756811710021972656e+06
3.200222687560365653e-01 -2.757423463897705078e+06
3.175793506739292837e-01 -2.758015548858642578e+06
3.151364325918222242e-01 -2.758607633819580078e+06
3.126935145097151647e-01 -2.759180615219116211e+06
3.102505964276078831e-01 -2.759753596618652344e+06
3.078076783455006016e-01 -2.760308041824340820e+06
3.053647602633935421e-01 -2.760862487030029297e+06
3.029218421812864825e-01 -2.761398925415039062e+06
3.004789240991794230e-01 -2.761935363800048828e+06
2.980360060170721415e-01 -2.762454358337402344e+06
2.955930879349648599e-01 -2.762973352874755859e+06
2.931501698528578004e-01 -2.763475375045776367e+06
2.907072517707507409e-01 -2.763977397216796875e+06
2.882643336886434593e-01 -2.764462973541259766e+06
2.858214156065363998e-01 -2.764948549865722656e+06
2.833784975244293403e-01 -2.765418121368408203e+06
2.809355794423220587e-01 -2.765887692871093750e+06
2.784926613602149992e-01 -2.766341872817993164e+06
2.760497432781077176e-01 -2.766796052764892578e+06
2.736068251960006581e-01 -2.767235186370849609e+06
2.711639071138935986e-01 -2.767674319976806641e+06
2.687209890317863170e-01 -2.768099203674316406e+06
2.662780709496790355e-01 -2.768524087371826172e+06
2.638351528675719759e-01 -2.768934456710815430e+06
2.613922347854649164e-01 -2.769344826049804688e+06
2.589493167033578569e-01 -2.769741582366943359e+06
2.565063986212505753e-01 -2.770138338684082031e+06
2.540634805391435158e-01 -2.770521797668457031e+06
2.516205624570364563e-01 -2.770905256652832031e+06
2.491776443749291747e-01 -2.771275811798095703e+06
2.467347262928218932e-01 -2.771646366943359375e+06
2.442918082107148336e-01 -2.772004455490112305e+06
2.418488901286077741e-01 -2.772362544036865234e+06
2.394059720465007146e-01 -2.772708481903076172e+06
2.369630539643934330e-01 -2.773054419769287109e+06
2.345201358822861515e-01 -2.773388630203247070e+06
2.320772178001790920e-01 -2.773722840637207031e+06
2.296342997180720324e-01 -2.774045635314941406e+06
2.271913816359647509e-01 -2.774368429992675781e+06
2.247484635538576914e-01 -2.774680223007202148e+06
2.223055454717506318e-01 -2.774992016021728516e+06
2.198626273896433503e-01 -2.775293026687622070e+06
2.174197093075362908e-01 -2.775594037353515625e+06
2.149767912254290092e-01 -2.775884731506347656e+06
2.125338731433219497e-01 -2.776175425659179688e+06
2.100909550612148902e-01 -2.776456020477294922e+06
2.076480369791076086e-01 -2.776736615295410156e+06
2.052051188970003270e-01 -2.777007455535888672e+06
2.027622008148932675e-01 -2.777278295776367188e+06
2.003192827327862080e-01 -2.777539736633300781e+06
1.978763646506791485e-01 -2.777801177490234375e+06
1.954334465685718669e-01 -2.778053412231445312e+06
1.929905284864648074e-01 -2.778305646972656250e+06
1.905476104043577479e-01 -2.778549039749145508e+06
1.881046923222504663e-01 -2.778792432525634766e+06
1.856617742401431848e-01 -2.779027203750610352e+06
1.832188561580361252e-01 -2.779261974975585938e+06
1.807759380759290657e-01 -2.779488373977661133e+06
1.783330199938220062e-01 -2.779714772979736328e+06
1.758901019117147246e-01 -2.779933107650756836e+06
1.734471838296074431e-01 -2.780151442321777344e+06
1.710042657475003836e-01 -2.780361917190551758e+06
1.685613476653933240e-01 -2.780572392059326172e+06
1.661184295832860425e-01 -2.780775304992675781e+06
1.636755115011789830e-01 -2.780978217926025391e+06
1.612325934190719234e-01 -2.781173776306152344e+06
1.587896753369646419e-01 -2.781369334686279297e+06
1.563467572548573603e-01 -2.781557816650390625e+06
1.539038391727503008e-01 -2.781746298614501953e+06
1.514609210906432413e-01 -2.781927876342773438e+06
1.490180030085361818e-01 -2.782109454071044922e+06
1.465750849264289002e-01 -2.782284358810424805e+06
1.441321668443216186e-01 -2.782459263549804688e+06
1.416892487622145591e-01 -2.782627726394653320e+06
1.392463306801074996e-01 -2.782796189239501953e+06
1.368034125980002180e-01 -2.782958386428833008e+06
1.343604945158931585e-01 -2.783120583618164062e+06
1.319175764337860990e-01 -2.783276728027343750e+06
1.294746583516790395e-01 -2.783432872436523438e+06
1.270317402695717579e-01 -2.783583201583862305e+06
1.245888221874644763e-01 -2.783733530731201172e+06
1.221459041053574168e-01 -2.783878160736083984e+06
1.197029860232503573e-01 -2.784022790740966797e+06
1.172600679411432978e-01 -2.784161940689086914e+06
1.148171498590360162e-01 -2.784301090637207031e+06
1.123742317769287347e-01 -2.784434889526367188e+06
1.099313136948216751e-01 -2.784568688415527344e+06
1.074883956127146156e-01 -2.784697345611572266e+06
1.050454775306073341e-01 -2.784826002807617188e+06
1.026025594485002745e-01 -2.784949712615966797e+06
1.001596413663932150e-01 -2.785073422424316406e+06
9.771672328428593346e-02 -2.785192340362548828e+06
9.527380520217865190e-02 -2.785311258300781250e+06
9.283088712007159238e-02 -2.785425491195678711e+06
9.038796903796453286e-02 -2.785539724090576172e+06
8.794505095585747334e-02 -2.785649454147338867e+06
8.550213287375019178e-02 -2.785759184204101562e+06
8.305921479164291021e-02 -2.785864546722412109e+06
8.061629670953585070e-02 -2.785969909240722656e+06
7.817337862742879118e-02 -2.786071062911987305e+06
7.573046054532150961e-02 -2.786172216583251953e+06
7.328754246321445009e-02 -2.786269310958862305e+06
7.084462438110739058e-02 -2.786366405334472656e+06
6.840170629900033106e-02 -2.786459539566040039e+06
6.595878821689304949e-02 -2.786552673797607422e+06
6.351587013478576793e-02 -2.786641980026245117e+06
6.107295205267870841e-02 -2.786731286254882812e+06
5.863003397057164889e-02 -2.786816971542358398e+06
5.618711588846436733e-02 -2.786902656829833984e+06
5.374419780635730781e-02 -2.786984790283203125e+06
5.130127972425002625e-02 -2.787066923736572266e+06
4.885836164214296673e-02 -2.787145683776855469e+06
4.641544356003590721e-02 -2.787224443817138672e+06
4.397252547792862565e-02 -2.787299629272460938e+06
4.152960739582156613e-02 -2.787374814727783203e+06
3.908668931371450661e-02 -2.787446825500488281e+06
3.664377123160722505e-02 -2.787518836273193359e+06
3.420085314949994348e-02 -2.787588158935546875e+06
3.175793506739288397e-02 -2.787657481597900391e+06
2.931501698528582445e-02 -2.787723344116210938e+06
2.687209890317876493e-02 -2.787789206634521484e+06
2.442918082107148336e-02 -2.787852357101440430e+06
2.198626273896420180e-02 -2.787915507568359375e+06
1.954334465685714228e-02 -2.787975832138061523e+06
1.710042657475008276e-02 -2.788036156707763672e+06
1.465750849264280120e-02 -2.788093838043212891e+06
1.221459041053574168e-02 -2.788151519378662109e+06
9.771672328428682164e-03 -2.788206563507080078e+06
7.328754246321622645e-03 -2.788261607635498047e+06
4.885836164214341082e-03 -2.788314161834716797e+06
2.442918082107059519e-03 -2.788366716033935547e+06
0.000000000000000000e+00 -2.788416832458496094e+06
-2.442918082107281563e-03 -2.788466948883056641e+06
-4.885836164214341082e-03 -2.788514722259521484e+06
-7.328754246321622645e-03 -2.788562495635986328e+06
-9.771672328428460119e-03 -2.788607988006591797e+06
-1.221459041053574168e-02 -2.788653480377197266e+06
-1.465750849264280120e-02 -2.788696830398559570e+06
-1.710042657475008276e-02 -2.788740180419921875e+06
-1.954334465685736433e-02 -2.788781405456542969e+06
-2.198626273896420180e-02 -2.788822630493164062e+06
-2.442918082107148336e-02 -2.788861826889038086e+06
-2.687209890317854288e-02 -2.788901023284912109e+06
-2.931501698528582445e-02 -2.788938311828613281e+06
-3.175793506739310601e-02 -2.788975600372314453e+06
-3.420085314949994348e-02 -2.789011022918701172e+06
-3.664377123160722505e-02 -2.789046445465087891e+06
-3.908668931371428457e-02 -2.789080058212280273e+06
-4.152960739582156613e-02 -2.789113670959472656e+06
-4.397252547792862565e-02 -2.789145510803222656e+06
-4.641544356003590721e-02 -2.789177350646972656e+06
-4.885836164214318877e-02 -2.789207511291503906e+06
-5.130127972425002625e-02 -2.789237671936035156e+06
-5.374419780635730781e-02 -2.789266181579589844e+06
-5.618711588846436733e-02 -2.789294691223144531e+06
-5.863003397057164889e-02 -2.789321619583129883e+06
-6.107295205267848637e-02 -2.789348547943115234e+06
-6.351587013478576793e-02 -2.789374005233764648e+06
-6.595878821689304949e-02 -2.789399462524414062e+06
-6.840170629900010901e-02 -2.789423454437255859e+06
-7.084462438110739058e-02 -2.789447446350097656e+06
-7.328754246321422805e-02 -2.789470043975830078e+06
-7.573046054532150961e-02 -2.789492641601562500e+06
-7.817337862742901322e-02 -2.789513918289184570e+06
-8.061629670953585070e-02 -2.789535194976806641e+06
-8.305921479164313226e-02 -2.789555146896362305e+06
-8.550213287375019178e-02 -2.789575098815917969e+06
-8.794505095585747334e-02 -2.789593825698852539e+06
-9.038796903796431081e-02 -2.789612552581787109e+06
-9.283088712007159238e-02 -2.789630062179565430e+06
-9.527380520217887394e-02 -2.789647571777343750e+06
-9.771672328428593346e-02 -2.789663964218139648e+06
-1.001596413663932150e-01 -2.789680356658935547e+06
-1.026025594485000525e-01 -2.789695598419189453e+06
-1.050454775306073341e-01 -2.789710840179443359e+06
-1.074883956127146156e-01 -2.789725053878784180e+06
-1.099313136948216751e-01 -2.789739267578125000e+06
-1.123742317769289567e-01 -2.789752475875854492e+06
-1.148171498590357942e-01 -2.789765684173583984e+06
-1.172600679411432978e-01 -2.789777914382934570e+06
-1.197029860232501353e-01 -2.789790144592285156e+06
-1.221459041053574168e-01 -2.789801357299804688e+06
-1.245888221874646984e-01 -2.789812570007324219e+06
-1.270317402695717579e-01 -2.789822949066162109e+06
-1.294746583516790395e-01 -2.789833328125000000e+06
-1.319175764337858769e-01 -2.789842838134765625e+06
-1.343604945158931585e-01 -2.789852348144531250e+06
-1.368034125980002180e-01 -2.789860932022094727e+06
-1.392463306801074996e-01 -2.789869515899658203e+06
-1.416892487622147812e-01 -2.789877393005371094e+06
-1.441321668443216186e-01 -2.789885270111083984e+06
-1.465750849264289002e-01 -2.789892366775512695e+06
-1.490180030085359597e-01 -2.789899463439941406e+06
-1.514609210906432413e-01 -2.789905850601196289e+06
-1.539038391727505228e-01 -2.789912237762451172e+06
-1.563467572548573603e-01 -2.789917910919189453e+06
-1.587896753369648639e-01 -2.789923584075927734e+06
-1.612325934190717014e-01 -2.789928609436035156e+06
-1.636755115011789830e-01 -2.789933634796142578e+06
-1.661184295832860425e-01 -2.789938025680541992e+06
-1.685613476653933240e-01 -2.789942416564941406e+06
-1.710042657475006056e-01 -2.789946181701660156e+06
-1.734471838296074431e-01 -2.789949946838378906e+06
-1.758901019117147246e-01 -2.789953139923095703e+06
-1.783330199938217842e-01 -2.789956333007812500e+06
-1.807759380759290657e-01 -2.789958918701171875e+06
-1.832188561580359032e-01 -2.789961504394531250e+06
-1.856617742401431848e-01 -2.789963528076171875e+06
-1.881046923222504663e-01 -2.789965551757812500e+06
-1.905476104043575258e-01 -2.789967086761474609e+06
-1.929905284864648074e-01 -2.789968621765136719e+06
-1.954334465685716449e-01 -2.789969952651977539e+06
-1.978763646506791485e-01 -2.789971283538818359e+06
-2.003192827327864300e-01 -2.789971611099243164e+06
-2.027622008148932675e-01 -2.789971938659667969e+06
-2.052051188970005491e-01 -2.789972218612670898e+06
-2.076480369791076086e-01 -2.789972498565673828e+06
-2.100909550612148902e-01 -2.789972238174438477e+06
-2.125338731433217276e-01 -2.789971977783203125e+06
-2.149767912254290092e-01 -2.789971313751220703e+06
-2.174197093075362908e-01 -2.789970649719238281e+06
-2.198626273896433503e-01 -2.789969618499755859e+06
-2.223055454717506318e-01 -2.789968587280273438e+06
-2.247484635538574693e-01 -2.789967157104492188e+06
-2.271913816359647509e-01 -2.789965726928710938e+06
-2.296342997180720324e-01 -2.789963962265014648e+06
-2.320772178001790920e-01 -2.789962197601318359e+06
-2.345201358822863735e-01 -2.789960102996826172e+06
-2.369630539643932110e-01 -2.789958008392333984e+06
-2.394059720465007146e-01 -2.789955620010375977e+06
-2.418488901286075521e-01 -2.789953231628417969e+06
-2.442918082107148336e-01 -2.789950530807495117e+06
-2.467347262928221152e-01 -2.789947829986572266e+06
-2.491776443749291747e-01 -2.789944867752075195e+06
-2.516205624570364563e-01 -2.789941905517578125e+06
-2.540634805391432938e-01 -2.789938660385131836e+06
-2.565063986212505753e-01 -2.789935415252685547e+06
-2.589493167033576349e-01 -2.789931946105957031e+06
-2.613922347854649164e-01 -2.789928476959228516e+06
-2.638351528675721980e-01 -2.789924744720458984e+06
-2.662780709496790355e-01 -2.789921012481689453e+06
-2.687209890317863170e-01 -2.789917060287475586e+06
-2.711639071138933765e-01 -2.789913108093261719e+06
-2.736068251960006581e-01 -2.789908952621459961e+06
-2.760497432781079397e-01 -2.789904797149658203e+06
-2.784926613602149992e-01 -2.789900420944213867e+06
-2.809355794423222807e-01 -2.789896044738769531e+06
-2.833784975244291182e-01 -2.789891501358032227e+06
-2.858214156065363998e-01 -2.789886957977294922e+06
-2.882643336886434593e-01 -2.789882225723266602e+06
-2.907072517707507409e-01 -2.789877493469238281e+06
-2.931501698528580224e-01 -2.789872608001708984e+06
-2.955930879349648599e-01 -2.789867722534179688e+06
-2.980360060170721415e-01 -2.789862682083129883e+06
-3.004789240991792010e-01 -2.789857641632080078e+06
-3.029218421812864825e-01 -2.789852461013793945e+06
-3.053647602633937641e-01 -2.789847280395507812e+06
-3.078076783455006016e-01 -2.789841959228515625e+06
-3.102505964276078831e-01 -2.789836638061523438e+06
-3.126935145097149427e-01 -2.789831199813842773e+06
-3.151364325918222242e-01 -2.789825761566162109e+06
-3.175793506739292837e-01 -2.789820213439941406e+06
-3.200222687560365653e-01 -2.789814665313720703e+06
-3.224651868381438469e-01 -2.789809002670288086e+06
-3.249081049202506843e-01 -2.789803340026855469e+06
-3.273510230023579659e-01 -2.789797581130981445e+06
-3.297939410844650254e-01 -2.789791822235107422e+06
-3.322368591665723070e-01 -2.789785971282958984e+06
-3.346797772486791445e-01 -2.789780120330810547e+06
-3.371226953307864260e-01 -2.789774200820922852e+06
-3.395656134128937076e-01 -2.789768281311035156e+06
-3.420085314950007671e-01 -2.789762272109985352e+06
-3.444514495771080487e-01 -2.789756262908935547e+06
-3.468943676592148861e-01 -2.789750211639404297e+06
-3.493372857413221677e-01 -2.789744160369873047e+06
-3.517802038234296713e-01 -2.789738017852783203e+06
-3.542231219055365088e-01 -2.789731875335693359e+06
-3.566660399876437904e-01 -2.789725694992065430e+06
-3.591089580697508499e-01 -2.789719514648437500e+06
-3.615518761518581314e-01 -2.789713281219482422e+06
-3.639947942339649689e-01 -2.789707047790527344e+06
-3.664377123160722505e-01 -2.789700797271728516e+06
-3.688806303981795320e-01 -2.789694546752929688e+06
-3.713235484802865916e-01 -2.789688241546630859e+06
-3.737664665623938731e-01 -2.789681936340332031e+06
-3.762093846445007106e-01 -2.789675609817504883e+06
-3.786523027266079922e-01 -2.789669283294677734e+06
-3.810952208087150517e-01 -2.789662917877197266e+06
-3.835381388908223332e-01 -2.789656552459716797e+06
-3.859810569729296148e-01 -2.789650190261840820e+06
-3.884239750550364523e-01 -2.789643828063964844e+06
-3.908668931371437338e-01 -2.789637437576293945e+06
-3.933098112192507934e-01 -2.789631047088623047e+06
-3.957527293013580749e-01 -2.789624659759521484e+06
-3.981956473834653565e-01 -2.789618272430419922e+06
-4.006385654655724160e-01 -2.789611869201660156e+06
-4.030814835476796976e-01 -2.789605465972900391e+06
-4.055244016297865350e-01 -2.789599072692871094e+06
-4.079673197118938166e-01 -2.789592679412841797e+06
-4.104102377940008761e-01 -2.789586257522583008e+06
-4.128531558761081577e-01 -2.789579835632324219e+06
-4.152960739582154392e-01 -2.789573457992553711e+06
-4.177389920403222767e-01 -2.789567080352783203e+06
-4.201819101224295583e-01 -2.789560635238647461e+06
-4.226248282045366178e-01 -2.789554190124511719e+06
-4.250677462866438994e-01 -2.789547962707519531e+06
-4.275106643687511809e-01 -2.789541735290527344e+06
-4.299535824508580184e-01 -2.789534832321166992e+06
-4.323965005329655220e-01 -2.789527929351806641e+06
-4.348394186150725815e-01 -2.789521977050781250e+06
-4.372823366971796410e-01 -2.789516024749755859e+06
-4.397252547792867006e-01 -2.789509612258911133e+06
-4.421681728613937601e-01 -2.789503199768066406e+06
-4.446110909435012637e-01 -2.789496887527465820e+06
-4.470540090256083232e-01 -2.789490575286865234e+06
-4.494969271077153827e-01 -2.789484287994384766e+06
-4.519398451898224423e-01 -2.789478000701904297e+06
-4.543827632719295018e-01 -2.789471759475708008e+06
-4.568256813540365613e-01 -2.789465518249511719e+06
-4.592685994361440649e-01 -2.789459310958862305e+06
-4.617115175182511244e-01 -2.789453103668212891e+06
-4.641544356003581839e-01 -2.789446917129516602e+06
-4.665973536824652435e-01 -2.789440730590820312e+06
-4.690402717645723030e-01 -2.789434584396362305e+06
-4.714831898466798066e-01 -2.789428438201904297e+06
-4.739261079287868661e-01 -2.789422334854125977e+06
-4.763690260108939256e-01 -2.789416231506347656e+06
-4.788119440930014292e-01 -2.789410167404174805e+06
-4.812548621751080447e-01 -2.789404103302001953e+06
-4.836977802572155483e-01 -2.789398068817138672e+06
-4.861406983393226078e-01 -2.789392034332275391e+06
-4.885836164214296673e-01 -2.789386063766479492e+06
-4.910265345035371709e-01 -2.789380093200683594e+06
-4.934694525856437863e-01 -2.789374149063110352e+06
-4.959123706677512899e-01 -2.789368204925537109e+06
-4.983552887498583495e-01 -2.789362304656982422e+06
-5.007982068319654090e-01 -2.789356404388427734e+06
-5.032411249140724685e-01 -2.789350561187744141e+06
-5.056840429961795280e-01 -2.789344717987060547e+06
-5.081269610782870316e-01 -2.789338933593750000e+06
-5.105698791603940911e-01 -2.789333149200439453e+06
-5.130127972425011507e-01 -2.789327411529541016e+06
-5.154557153246082102e-01 -2.789321673858642578e+06
-5.178986334067157138e-01 -2.789315976562500000e+06
-5.203415514888227733e-01 -2.789310279266357422e+06
-5.227844695709298328e-01 -2.789304641952514648e+06
-5.252273876530368923e-01 -2.789299004638671875e+06
-5.276703057351439519e-01 -2.789293421829223633e+06
-5.301132238172514555e-01 -2.789287839019775391e+06
-5.325561418993580709e-01 -2.789282311294555664e+06
-5.349990599814655745e-01 -2.789276783569335938e+06
-5.374419780635726340e-01 -2.789271310089111328e+06
-5.398848961456796935e-01 -2.789265836608886719e+06
-5.423278142277871972e-01 -2.789260429183959961e+06
-5.447707323098938126e-01 -2.789255021759033203e+06
-5.472136503920013162e-01 -2.789249631942749023e+06
-5.496565684741088198e-01 -2.789244242126464844e+06
-5.520994865562154352e-01 -2.789238934494018555e+06
-5.545424046383229388e-01 -2.789233626861572266e+06
-5.569853227204299984e-01 -2.789228342544555664e+06
-5.594282408025370579e-01 -2.789223058227539062e+06
-5.618711588846441174e-01 -2.789217868835449219e+06
-5.643140769667511769e-01 -2.789212679443359375e+06
-5.667569950488586805e-01 -2.789207552536010742e+06
-5.691999131309657400e-01 -2.789202425628662109e+06
-5.716428312130727996e-01 -2.789197341735839844e+06
-5.740857492951798591e-01 -2.789192257843017578e+06
-5.765286673772869186e-01 -2.789187244720458984e+06
-5.789715854593939781e-01 -2.789182231597900391e+06
-5.814145035415014817e-01 -2.789177240341186523e+06
-5.838574216236085412e-01 -2.789172249084472656e+06
-5.863003397057156008e-01 -2.789167337524414062e+06
-5.887432577878231044e-01 -2.789162425964355469e+06
-5.911861758699297198e-01 -2.789157578933715820e+06
-5.936290939520372234e-01 -2.789152731903076172e+06
-5.960720120341442829e-01 -2.789147957641601562e+06
-5.985149301162513424e-01 -2.789143183380126953e+06
-6.009578481983588460e-01 -2.789138485610961914e+06
-6.034007662804654615e-01 -2.789133787841796875e+06
-6.058436843625729651e-01 -2.789129118652343750e+06
-6.082866024446800246e-01 -2.789124449462890625e+06
-6.107295205267870841e-01 -2.789119847564697266e+06
-6.131724386088945877e-01 -2.789115245666503906e+06
-6.156153566910012032e-01 -2.789110668243408203e+06
-6.180582747731087068e-01 -2.789106090820312500e+06
-6.205011928552157663e-01 -2.789101610122680664e+06
-6.229441109373228258e-01 -2.789097129425048828e+06
-6.253870290194298853e-01 -2.789092689193725586e+06
-6.278299471015369448e-01 -2.789088248962402344e+06
-6.302728651836444485e-01 -2.789083870956420898e+06
-6.327157832657515080e-01 -2.789079492950439453e+06
-6.351587013478585675e-01 -2.789075198547363281e+06
-6.376016194299656270e-01 -2.789070904144287109e+06
-6.400445375120731306e-01 -2.789066629852294922e+06
-6.424874555941801901e-01 -2.789062355560302734e+06
-6.449303736762872497e-01 -2.789058175933837891e+06
-6.473732917583943092e-01 -2.789053996307373047e+06
-6.498162098405013687e-01 -2.789049821472167969e+06
-6.522591279226088723e-01 -2.789045646636962891e+06
-6.547020460047154877e-01 -2.789041679718017578e+06
-6.571449640868229913e-01 -2.789037712799072266e+06
-6.595878821689300509e-01 -2.789033428512573242e+06
-6.620308002510371104e-01 -2.789029144226074219e+06
-6.644737183331446140e-01 -2.789025358078002930e+06
-6.669166364152512294e-01 -2.789021571929931641e+06
-6.693595544973587330e-01 -2.789017704345703125e+06
-6.718024725794662366e-01 -2.789013836761474609e+06
-6.742453906615728521e-01 -2.789009897476196289e+06
-6.766883087436803557e-01 -2.789005958190917969e+06
-6.791312268257874152e-01 -2.789002182174682617e+06
-6.815741449078944747e-01 -2.788998406158447266e+06
-6.840170629900015342e-01 -2.788994644851684570e+06
-6.864599810721085937e-01 -2.788990883544921875e+06
-6.889028991542160973e-01 -2.788987218322753906e+06
-6.913458172363231569e-01 -2.788983553100585938e+06
-6.937887353184302164e-01 -2.788979908554077148e+06
-6.962316534005372759e-01 -2.788976264007568359e+06
-6.986745714826443354e-01 -2.788972687255859375e+06
-7.011174895647513949e-01 -2.788969110504150391e+06
-7.035604076468588985e-01 -2.788965568847656250e+06
-7.060033257289659581e-01 -2.788962027191162109e+06
-7.084462438110730176e-01 -2.788958556152343750e+06
-7.108891618931805212e-01 -2.788955085113525391e+06
-7.133320799752871366e-01 -2.788951625610351562e+06
-7.157749980573946402e-01 -2.788948166107177734e+06
-7.182179161395016997e-01 -2.788944820144653320e+06
-7.206608342216087593e-01 -2.788941474182128906e+06
-7.231037523037162629e-01 -2.788938155487060547e+06
-7.255466703858228783e-01 -2.788934836791992188e+06
-7.279895884679303819e-01 -2.788931568130493164e+06
-7.304325065500374414e-01 -2.788928299468994141e+06
-7.328754246321445009e-01 -2.788925090194702148e+06
-7.353183427142520046e-01 -2.788921880920410156e+06
-7.377612607963586200e-01 -2.788918743591308594e+06
-7.402041788784661236e-01 -2.788915606262207031e+06
-7.426470969605731831e-01 -2.788912490890502930e+06
-7.450900150426802426e-01 -2.788909375518798828e+06
-7.475329331247873021e-01 -2.788906316680908203e+06
-7.499758512068948058e-01 -2.788903257843017578e+06
-7.524187692890018653e-01 -2.788900239044189453e+06
-7.548616873711089248e-01 -2.788897220245361328e+06
-7.573046054532159843e-01 -2.788894256317138672e+06
-7.597475235353230438e-01 -2.788891292388916016e+06
-7.621904416174305474e-01 -2.788888383483886719e+06
-7.646333596995376070e-01 -2.788885474578857422e+06
-7.670762777816446665e-01 -2.788882591552734375e+06
-7.695191958637517260e-01 -2.788879708526611328e+06
-7.719621139458587855e-01 -2.788876863479614258e+06
-7.744050320279662891e-01 -2.788874018432617188e+06
-7.768479501100729046e-01 -2.788871230087280273e+06
-7.792908681921804082e-01 -2.788868441741943359e+06
-7.817337862742874677e-01 -2.788865689270019531e+06
-7.841767043563945272e-01 -2.788862936798095703e+06
-7.866196224385020308e-01 -2.788860256698608398e+06
-7.890625405206090903e-01 -2.788857576599121094e+06
-7.915054586027161498e-01 -2.788854944427490234e+06
-7.939483766848236534e-01 -2.788852312255859375e+06
-7.963912947669302689e-01 -2.788849698669433594e+06
-7.988342128490377725e-01 -2.788847085083007812e+06
-8.012771309311448320e-01 -2.788844564056396484e+06
-8.037200490132518915e-01 -2.788842043029785156e+06
-8.061629670953589510e-01 -2.788839511245727539e+06
-8.086058851774660106e-01 -2.788836979461669922e+06
-8.110488032595735142e-01 -2.788834537643432617e+06
-8.134917213416805737e-01 -2.788832095825195312e+06
-8.159346394237876332e-01 -2.788829659225463867e+06
-8.183775575058946927e-01 -2.788827222625732422e+06
-8.208204755880017522e-01 -2.788824852569580078e+06
-8.232633936701088118e-01 -2.788822482513427734e+06
-8.257063117522163154e-01 -2.788820148941040039e+06
-8.281492298343233749e-01 -2.788817815368652344e+06
-8.305921479164304344e-01 -2.788815525222778320e+06
-8.330350659985379380e-01 -2.788813235076904297e+06
-8.354779840806445534e-01 -2.788810979202270508e+06
-8.379209021627520571e-01 -2.788808723327636719e+06
-8.403638202448591166e-01 -2.788806515991210938e+06
-8.428067383269661761e-01 -2.788804308654785156e+06
-8.452496564090736797e-01 -2.788802150009155273e+06
-8.476925744911802951e-01 -2.788799991363525391e+06
-8.501354925732877987e-01 -2.788797854766845703e+06
-8.525784106553948583e-01 -2.788795718170166016e+06
-8.550213287375019178e-01 -2.788793639389038086e+06
-8.574642468196094214e-01 -2.788791560607910156e+06
-8.599071649017160368e-01 -2.788789496612548828e+06
-8.623500829838235404e-01 -2.788787432617187500e+06
-8.647930010659305999e-01 -2.788785414199829102e+06
-8.672359191480376595e-01 -2.788783395782470703e+06
-8.696788372301447190e-01 -2.788781390533447266e+06
-8.721217553122522226e-01 -2.788779385284423828e+06
-8.745646733943592821e-01 -2.788777448303222656e+06
-8.770075914764663416e-01 -2.788775511322021484e+06
-8.794505095585734011e-01 -2.788773598373413086e+06
-8.818934276406804607e-01 -2.788771685424804688e+06
-8.843363457227879643e-01 -2.788769808502197266e+06
-8.867792638048950238e-01 -2.788767931579589844e+06
-8.892221818870020833e-01 -2.788766093688964844e+06
-8.916650999691091428e-01 -2.788764255798339844e+06
-8.941080180512162023e-01 -2.788762542907714844e+06
-8.965509361333237059e-01 -2.788760830017089844e+06
-8.989938542154303214e-01 -2.788758945968627930e+06
-9.014367722975378250e-01 -2.788757061920166016e+06
-9.038796903796453286e-01 -2.788755223022460938e+06
-9.063226084617519440e-01 -2.788753384124755859e+06
-9.087655265438594476e-01 -2.788751626922607422e+06
-9.112084446259665071e-01 -2.788749869720458984e+06
-9.136513627080735667e-01 -2.788748191833496094e+06
-9.160942807901810703e-01 -2.788746513946533203e+06
-9.185371988722876857e-01 -2.788744845947265625e+06
-9.209801169543951893e-01 -2.788743177947998047e+06
-9.234230350365022488e-01 -2.788741543991088867e+06
-9.258659531186093083e-01 -2.788739910034179688e+06
-9.283088712007163679e-01 -2.788738305282592773e+06
-9.307517892828234274e-01 -2.788736700531005859e+06
-9.331947073649309310e-01 -2.788735100585937500e+06
-9.356376254470379905e-01 -2.788733500640869141e+06
-9.380805435291450500e-01 -2.788731958557128906e+06
-9.405234616112521095e-01 -2.788730416473388672e+06
-9.429663796933596132e-01 -2.788728903854370117e+06
-9.454092977754662286e-01 -2.788727391235351562e+06
-9.478522158575737322e-01 -2.788725934738159180e+06
-9.502951339396807917e-01 -2.788724478240966797e+06
-9.527380520217878512e-01 -2.788723055068969727e+06
-9.551809701038953548e-01 -2.788721631896972656e+06
-9.576238881860019703e-01 -2.788720200836181641e+06
-9.600668062681094739e-01 -2.788718769775390625e+06
-9.625097243502165334e-01 -2.788717380126953125e+06
-9.649526424323235929e-01 -2.788715990478515625e+06
-9.673955605144310965e-01 -2.788714622924804688e+06
-9.698384785965377120e-01 -2.788713255371093750e+06
-9.722813966786452156e-01 -2.788711892471313477e+06
-9.747243147607522751e-01 -2.788710529571533203e+06
-9.771672328428593346e-01 -2.788709216857910156e+06
-9.796101509249668382e-01 -2.788707904144287109e+06
-9.820530690070734536e-01 -2.788706608367919922e+06
-9.844959870891809572e-01 -2.788705312591552734e+06
-9.869389051712880168e-01 -2.788704051010131836e+06
-9.893818232533950763e-01 -2.788702789428710938e+06
-9.918247413355025799e-01 -2.788701550292968750e+06
-9.942676594176096394e-01 -2.788700311157226562e+06
-9.967105774997166989e-01 -2.788699105651855469e+06
-9.991534955818237584e-01 -2.788697900146484375e+06
-1.001596413663930818e+00 -2.788696719558715820e+06
-1.004039331746037877e+00 -2.788695538970947266e+06
-1.006482249828145381e+00 -2.788694343734741211e+06
-1.008925167910252441e+00 -2.788693148498535156e+06
-1.011368085992359500e+00 -2.788692001449584961e+06
-1.013811004074466560e+00 -2.788690854400634766e+06
-1.016253922156573619e+00 -2.788689693664550781e+06
-1.018696840238681123e+00 -2.788688532928466797e+06
-1.021139758320787738e+00 -2.788687434066772461e+06
-1.023582676402895242e+00 -2.788686335205078125e+06
-1.026025594485002745e+00 -2.788685242645263672e+06
-1.028468512567109361e+00 -2.788684150085449219e+06
-1.030911430649216864e+00 -2.788683103836059570e+06
-1.033354348731323924e+00 -2.788682057586669922e+06
-1.035797266813430983e+00 -2.788681023727416992e+06
-1.038240184895538487e+00 -2.788679989868164062e+06
-1.040683102977645103e+00 -2.788678982086181641e+06
-1.043126021059752606e+00 -2.788677974304199219e+06
-1.045568939141859666e+00 -2.788676969299316406e+06
-1.048011857223966725e+00 -2.788675964294433594e+06
-1.050454775306073785e+00 -2.788674991714477539e+06
-1.052897693388180844e+00 -2.788674019134521484e+06
-1.055340611470288348e+00 -2.788673061294555664e+06
-1.057783529552395407e+00 -2.788672103454589844e+06
-1.060226447634502467e+00 -2.788671156723022461e+06
-1.062669365716609526e+00 -2.788670209991455078e+06
-1.065112283798717030e+00 -2.788669310134887695e+06
-1.067555201880823645e+00 -2.788668410278320312e+06
-1.069998119962931149e+00 -2.788667516952514648e+06
-1.072441038045038209e+00 -2.788666623626708984e+06
-1.074883956127145268e+00 -2.788665752136230469e+06
-1.077326874209252772e+00 -2.788664880645751953e+06
-1.079769792291359387e+00 -2.788664015808105469e+06
-1.082212710373466891e+00 -2.788663150970458984e+06
-1.084655628455573950e+00 -2.788662312698364258e+06
-1.087098546537681010e+00 -2.788661474426269531e+06
-1.089541464619788513e+00 -2.788660642700195312e+06
-1.091984382701895129e+00 -2.788659810974121094e+06
-1.094427300784002632e+00 -2.788659005020141602e+06
-1.096870218866109692e+00 -2.788658199066162109e+06
-1.099313136948216751e+00 -2.788657381744384766e+06
-1.101756055030324255e+00 -2.788656564422607422e+06
-1.104198973112431315e+00 -2.788655777053833008e+06
-1.106641891194538374e+00 -2.788654989685058594e+06
-1.109084809276645434e+00 -2.788654198577880859e+06
-1.111527727358752493e+00 -2.788653407470703125e+06
-1.113970645440859997e+00 -2.788652635055541992e+06
-1.116413563522967056e+00 -2.788651862640380859e+06
-1.118856481605074116e+00 -2.788651128005981445e+06
-1.121299399687181175e+00 -2.788650393371582031e+06
-1.123742317769288235e+00 -2.788649590606689453e+06
-1.126185235851395294e+00 -2.788648787841796875e+06
-1.128628153933502798e+00 -2.788648239990234375e+06
-1.131071072015609857e+00 -2.788647692138671875e+06
-1.133513990097716917e+00 -2.788646844512939453e+06
-1.135956908179823976e+00 -2.788645996887207031e+06
-1.138399826261931036e+00 -2.788645678543090820e+06
-1.140842744344038540e+00 -2.788645360198974609e+06
-1.143285662426145599e+00 -2.788644519714355469e+06
-1.145728580508252659e+00 -2.788643679229736328e+06
-1.148171498590360162e+00 -2.788643071762084961e+06
-1.150614416672466778e+00 -2.788642464294433594e+06
-1.153057334754574281e+00 -2.788641817169189453e+06
-1.155500252836681341e+00 -2.788641170043945312e+06
-1.157943170918788400e+00 -2.788640549911499023e+06
-1.160386089000895904e+00 -2.788639929779052734e+06
-1.162829007083002519e+00 -2.788639328720092773e+06
-1.165271925165110023e+00 -2.788638727661132812e+06
-1.167714843247217082e+00 -2.788638127548217773e+06
-1.170157761329324142e+00 -2.788637527435302734e+06
-1.172600679411431202e+00 -2.788636949996948242e+06
-1.175043597493538261e+00 -2.788636372558593750e+06
-1.177486515575645765e+00 -2.788635796813964844e+06
-1.179929433657752824e+00 -2.788635221069335938e+06
-1.182372351739859884e+00 -2.788634663772583008e+06
-1.184815269821966943e+00 -2.788634106475830078e+06
-1.187258187904074447e+00 -2.788633554550170898e+06
-1.189701105986181062e+00 -2.788633002624511719e+06
-1.192144024068288566e+00 -2.788632481582641602e+06
-1.194586942150395625e+00 -2.788631960540771484e+06
-1.197029860232502685e+00 -2.788631461837768555e+06
-1.199472778314610188e+00 -2.788630963134765625e+06
-1.201915696396716804e+00 -2.788630428359985352e+06
-1.204358614478824308e+00 -2.788629893585205078e+06
-1.206801532560931367e+00 -2.788629403732299805e+06
-1.209244450643038427e+00 -2.788628913879394531e+06
-1.211687368725145930e+00 -2.788628421905517578e+06
-1.214130286807252546e+00 -2.788627929931640625e+06
-1.216573204889360049e+00 -2.788627452392578125e+06
-1.219016122971467109e+00 -2.788626974853515625e+06
-1.221459041053574168e+00 -2.788626508666992188e+06
-1.223901959135681672e+00 -2.788626042480468750e+06
-1.226344877217788731e+00 -2.788625610458374023e+06
-1.228787795299895791e+00 -2.788625178436279297e+06
-1.231230713382002850e+00 -2.788624754257202148e+06
-1.233673631464109910e+00 -2.788624330078125000e+06
-1.236116549546217414e+00 -2.788623896286010742e+06
-1.238559467628324473e+00 -2.788623462493896484e+06
-1.241002385710431533e+00 -2.788623048355102539e+06
-1.243445303792538592e+00 -2.788622634216308594e+06
-1.245888221874645652e+00 -2.788622227096557617e+06
-1.248331139956752711e+00 -2.788621819976806641e+06
-1.250774058038860215e+00 -2.788621414077758789e+06
-1.253216976120967274e+00 -2.788621008178710938e+06
-1.255659894203074334e+00 -2.788620619400024414e+06
-1.258102812285181837e+00 -2.788620230621337891e+06
-1.260545730367288453e+00 -2.788619853485107422e+06
-1.262988648449395956e+00 -2.788619476348876953e+06
-1.265431566531503016e+00 -2.788619097915649414e+06
-1.267874484613610075e+00 -2.788618719482421875e+06
-1.270317402695717579e+00 -2.788618346267700195e+06
-1.272760320777824194e+00 -2.788617973052978516e+06
-1.275203238859931698e+00 -2.788617615310668945e+06
-1.277646156942038758e+00 -2.788617257568359375e+06
-1.280089075024145817e+00 -2.788616905609130859e+06
-1.282531993106253321e+00 -2.788616553649902344e+06
-1.284974911188359936e+00 -2.788616215179443359e+06
-1.287417829270467440e+00 -2.788615876708984375e+06
-1.289860747352574499e+00 -2.788615529312133789e+06
-1.292303665434681559e+00 -2.788615181915283203e+06
-1.294746583516788618e+00 -2.788614864395141602e+06
-1.297189501598896122e+00 -2.788614546875000000e+06
-1.299632419681003181e+00 -2.788614232192993164e+06
-1.302075337763110241e+00 -2.788613917510986328e+06
-1.304518255845217301e+00 -2.788613604400634766e+06
-1.306961173927324360e+00 -2.788613291290283203e+06
-1.309404092009431864e+00 -2.788612999908447266e+06
-1.311847010091538479e+00 -2.788612708526611328e+06
-1.314289928173645983e+00 -2.788612405532836914e+06
-1.316732846255753042e+00 -2.788612102539062500e+06
-1.319175764337860102e+00 -2.788611817337036133e+06
-1.321618682419967605e+00 -2.788611532135009766e+06
-1.324061600502074221e+00 -2.788611270004272461e+06
-1.326504518584181724e+00 -2.788611007873535156e+06
-1.328947436666288784e+00 -2.788610741653442383e+06
-1.331390354748395843e+00 -2.788610475433349609e+06
-1.333833272830503347e+00 -2.788610288635253906e+06
-1.336276190912609962e+00 -2.788610101837158203e+06
-1.338719108994717466e+00 -2.788609807052612305e+06
-1.341162027076824526e+00 -2.788609512268066406e+06
-1.343604945158931585e+00 -2.788609310012817383e+06
-1.346047863241039089e+00 -2.788609107757568359e+06
-1.348490781323146148e+00 -2.788608841888427734e+06
-1.350933699405253208e+00 -2.788608576019287109e+06
-1.353376617487360267e+00 -2.788608390655517578e+06
-1.355819535569467327e+00 -2.788608205291748047e+06
-1.358262453651574830e+00 -2.788608011520385742e+06
-1.360705371733681890e+00 -2.788607817749023438e+06
-1.363148289815788949e+00 -2.788607361907958984e+06
-1.365591207897896009e+00 -2.788606906066894531e+06
-1.368034125980003068e+00 -2.788606732910156250e+06
-1.370477044062110128e+00 -2.788606559753417969e+06
-1.372919962144217632e+00 -2.788606443008422852e+06
-1.375362880226324691e+00 -2.788606326263427734e+06
-1.377805798308431751e+00 -2.788606047119140625e+06
-1.380248716390539254e+00 -2.788605767974853516e+06
-1.382691634472645870e+00 -2.788605586807250977e+06
-1.385134552554753373e+00 -2.788605405639648438e+06
-1.387577470636860433e+00 -2.788605221359252930e+06
-1.390020388718967492e+00 -2.788605037078857422e+06
-1.392463306801074996e+00 -2.788604854202270508e+06
-1.394906224883181611e+00 -2.788604671325683594e+06
-1.397349142965289115e+00 -2.788604496459960938e+06
-1.399792061047396174e+00 -2.788604321594238281e+06
-1.402234979129503234e+00 -2.788604157897949219e+06
-1.404677897211610738e+00 -2.788603994201660156e+06
-1.407120815293717353e+00 -2.788603824844360352e+06
-1.409563733375824857e+00 -2.788603655487060547e+06
-1.412006651457931916e+00 -2.788603497146606445e+06
-1.414449569540038976e+00 -2.788603338806152344e+06
-1.416892487622146035e+00 -2.788603182968139648e+06
-1.419335405704253539e+00 -2.788603027130126953e+06
-1.421778323786360598e+00 -2.788602875427246094e+06
-1.424221241868467658e+00 -2.788602723724365234e+06
-1.426664159950574717e+00 -2.788602573333740234e+06
-1.429107078032681777e+00 -2.788602422943115234e+06
-1.431549996114789280e+00 -2.788602315872192383e+06
-1.433992914196895896e+00 -2.788602208801269531e+06
-1.436435832279003399e+00 -2.788601984619140625e+06
-1.438878750361110459e+00 -2.788601760437011719e+06
-1.441321668443217519e+00 -2.788601875610351562e+06
-1.443764586525325022e+00 -2.788601990783691406e+06
-1.446207504607431638e+00 -2.788601440719604492e+06
-1.448650422689539141e+00 -2.788600890655517578e+06
-1.451093340771646645e+00 -2.788600900726318359e+06
-1.453536258853753260e+00 -2.788600910797119141e+06
-1.455979176935860764e+00 -2.788600967941284180e+06
-1.458422095017967823e+00 -2.788601025085449219e+06
-1.460865013100074883e+00 -2.788600977737426758e+06
-1.463307931182181942e+00 -2.788600930389404297e+06
-1.465750849264289002e+00 -2.788600740020751953e+06
-1.468193767346396506e+00 -2.788600549652099609e+06
-1.470636685428503565e+00 -2.788600559677124023e+06
-1.473079603510610625e+00 -2.788600569702148438e+06
-1.475522521592717684e+00 -2.788600501113891602e+06
-1.477965439674824744e+00 -2.788600432525634766e+06
-1.480408357756932247e+00 -2.788600168914794922e+06
-1.482851275839039307e+00 -2.788599905303955078e+06
-1.485294193921146366e+00 -2.788599851348876953e+06
-1.487737112003253426e+00 -2.788599797393798828e+06
-1.490180030085360485e+00 -2.788599756271362305e+06
-1.492622948167467545e+00 -2.788599715148925781e+06
-1.495065866249575048e+00 -2.788599594192504883e+06
-1.497508784331682108e+00 -2.788599473236083984e+06
-1.499951702413789167e+00 -2.788599424468994141e+06
-1.502394620495896671e+00 -2.788599375701904297e+06
-1.504837538578003286e+00 -2.788599342361450195e+06
-1.507280456660110790e+00 -2.788599309020996094e+06
-1.509723374742217850e+00 -2.788599321166992188e+06
-1.512166292824324909e+00 -2.788599333312988281e+06
-1.514609210906432413e+00 -2.788599256896972656e+06
-1.517052128988539028e+00 -2.788599180480957031e+06
-1.519495047070646532e+00 -2.788599156875610352e+06
-1.521937965152753591e+00 -2.788599133270263672e+06
-1.524380883234860651e+00 -2.788599126892089844e+06
-1.526823801316968154e+00 -2.788599120513916016e+06
-1.529266719399074770e+00 -2.788598988006591797e+06
-1.531709637481182273e+00 -2.788598855499267578e+06
-1.534152555563289333e+00 -2.788598856079101562e+06
-1.536595473645396392e+00 -2.788598856658935547e+06
-1.539038391727503452e+00 -2.788598811218261719e+06
-1.541481309809610956e+00 -2.788598765777587891e+06
-1.543924227891718015e+00 -2.788598784988403320e+06
-1.546367145973825075e+00 -2.788598804199218750e+06
-1.548810064055932134e+00 -2.788598738006591797e+06
-1.551252982138039194e+00 -2.788598671813964844e+06
-1.553695900220146697e+00 -2.788598679763793945e+06
-1.556138818302253313e+00 -2.788598687713623047e+06
-1.558581736384360816e+00 -2.788598667816162109e+06
-1.561024654466467876e+00 -2.788598647918701172e+06
-1.563467572548574935e+00 -2.788598640792846680e+06
-1.565910490630682439e+00 -2.788598633666992188e+06
-1.568353408712789054e+00 -2.788598638458251953e+06
-1.570796326794896558e+00 -2.788598643249511719e+06
