1.570796326794896558e+00 4.718873048788585152e+02
1.556115987292140623e+00 4.708437533725304434e+02
1.541435647789384467e+00 4.566306782175125818e+02
1.526755308286628532e+00 4.417802427299737928e+02
1.512074968783872375e+00 4.154969939408895812e+02
1.497394629281116440e+00 3.902359377116699193e+02
1.482714289778360284e+00 3.565559852311878899e+02
1.468033950275604349e+00 3.259689958473028923e+02
1.453353610772848192e+00 2.901360944235765942e+02
1.438673271270092258e+00 2.589138893836992565e+02
1.423992931767336101e+00 2.250484157877195059e+02
1.409312592264580166e+00 1.964326404816229683e+02
1.394632252761824009e+00 1.669536250946736686e+02
1.379951913259068075e+00 1.425744260592863384e+02
1.365271573756311918e+00 1.183670665936190147e+02
1.350591234253555983e+00 9.861632637109049426e+01
1.335910894750799827e+00 7.954556519057436503e+01
1.321230555248043892e+00 6.408673612000700359e+01
1.306550215745287735e+00 4.950025045468220952e+01
1.291869876242531801e+00 3.768026886884796767e+01
1.277189536739775644e+00 2.675991732170606241e+01
1.262509197237019709e+00 1.786366575313518723e+01
1.247828857734263552e+00 9.819623560802364537e+00
1.233148518231507618e+00 3.195914130061987546e+00
1.218468178728751461e+00 -2.649989805704598300e+00
1.203787839225995526e+00 -7.542888370318076241e+00
1.189107499723239592e+00 -1.173691050582669959e+01
1.174427160220483435e+00 -1.532747119109961531e+01
1.159746820717727278e+00 -1.829344596839899140e+01
1.145066481214971343e+00 -2.091074936796124462e+01
1.130386141712215409e+00 -2.297027489189535743e+01
1.115705802209459252e+00 -2.486283843969272667e+01
1.101025462706703095e+00 -2.625678522780931701e+01
1.086345123203947161e+00 -2.761060193836442878e+01
1.071664783701191226e+00 -2.851809505348493090e+01
1.056984444198435069e+00 -2.947181061547888703e+01
1.042304104695678912e+00 -3.002559945872344471e+01
1.027623765192922978e+00 -3.068248358367409523e+01
1.012943425690167043e+00 -3.098082583001973589e+01
9.982630861874108863e-01 -3.141788603333480978e+01
9.835827466846548406e-01 -3.153350039036448038e+01
9.689024071818987949e-01 -3.180828427493124622e+01
9.542220676791427492e-01 -3.179499838766712827e+01
9.395417281763867035e-01 -3.195061814082423624e+01
9.248613886736306577e-01 -3.184826951402747142e+01
9.101810491708746120e-01 -3.191709704154054705e+01
8.955007096681185663e-01 -3.175513702652596493e+01
8.808203701653625206e-01 -3.176152047093560782e+01
8.661400306626065859e-01 -3.156166622399566890e+01
8.514596911598505402e-01 -3.152393176129459107e+01
8.367793516570944945e-01 -3.130212298762215539e+01
8.220990121543384488e-01 -3.123405611728598430e+01
8.074186726515824031e-01 -3.100190471118043689e+01
7.927383331488263574e-01 -3.091385223109874758e+01
7.780579936460703117e-01 -3.067972139833926803e+01
7.633776541433142659e-01 -3.057941609580489839e+01
7.486973146405582202e-01 -3.034922776319298166e+01
7.340169751378021745e-01 -3.024240942226015605e+01
7.193366356350461288e-01 -3.002025139299275835e+01
7.046562961322900831e-01 -2.991113727834776270e+01
6.899759566295340374e-01 -2.969972193212653622e+01
6.752956171267779917e-01 -2.959136527717157961e+01
6.606152776240219460e-01 -2.939237751813849187e+01
6.459349381212659003e-01 -2.928694208462325932e+01
6.312545986185098545e-01 -2.910130413044366193e+01
6.165742591157538088e-01 -2.900027541504181627e+01
6.018939196129977631e-01 -2.882834875096524385e+01
5.872135801102417174e-01 -2.873269703146673493e+01
5.725332406074856717e-01 -2.857443660426353205e+01
5.578529011047297370e-01 -2.848474312914212447e+01
5.431725616019735803e-01 -2.833981504535330487e+01
5.284922220992176456e-01 -2.825636984583028877e+01
5.138118825964614889e-01 -2.812424105260042850e+01
4.991315430937055542e-01 -2.804711878744159748e+01
4.844512035909493974e-01 -2.792712516443442183e+01
4.697708640881934627e-01 -2.785624388166467469e+01
4.550905245854373060e-01 -2.774764165105311520e+01
4.404101850826813713e-01 -2.768280821591209317e+01
4.257298455799252146e-01 -2.758481243976794417e+01
4.110495060771692799e-01 -2.752575752632339601e+01
3.963691665744131232e-01 -2.743757060267440551e+01
3.816888270716571885e-01 -2.738397550213379716e+01
3.670084875689010318e-01 -2.730480791961947062e+01
3.523281480661450971e-01 -2.725632492607176971e+01
3.376478085633889403e-01 -2.718541003764524433e+01
3.229674690606330056e-01 -2.714167779446088602e+01
3.082871295578768489e-01 -2.707828198609141168e+01
2.936067900551209142e-01 -2.703893688264378881e+01
2.789264505523647575e-01 -2.698236621448454642e+01
2.642461110496088228e-01 -2.694705069448109214e+01
2.495657715468526661e-01 -2.689665485904341580e+01
2.348854320440967314e-01 -2.686502332241735402e+01
2.202050925413405746e-01 -2.682019758207955107e+01
2.055247530385846400e-01 -2.679192042074364011e+01
1.908444135358284832e-01 -2.675210604291483207e+01
1.761640740330725485e-01 -2.672687223947963275e+01
1.614837345303166138e-01 -2.669155583485855132e+01
1.468033950275606792e-01 -2.666907446308133345e+01
1.321230555248045224e-01 -2.663778654271339974e+01
1.174427160220485877e-01 -2.661778743891818522e+01
1.027623765192924310e-01 -2.659010043456614270e+01
8.808203701653649631e-02 -2.657233425157789597e+01
7.340169751378033958e-02 -2.654786018824900395e+01
5.872135801102440489e-02 -2.653209799899352817e+01
4.404101850826824815e-02 -2.651048596343883546e+01
2.936067900551231347e-02 -2.649651854438072007e+01
1.468033950275615673e-02 -2.647745205847662220e+01
2.220446049250313081e-16 -2.646508895488177515e+01
-1.468033950275593469e-02 -2.644828333526126940e+01
-2.936067900551209142e-02 -2.643735178640728023e+01
-4.404101850826802611e-02 -2.642255154929078387e+01
-5.872135801102418284e-02 -2.641289533441546666e+01
-7.340169751378011753e-02 -2.639987168814470309e+01
-8.808203701653627427e-02 -2.639134993803402196e+01
-1.027623765192922090e-01 -2.637989839203514464e+01
-1.174427160220483657e-01 -2.637238440062804656e+01
-1.321230555248043004e-01 -2.636232250960544832e+01
-1.468033950275604571e-01 -2.635570257008615158e+01
-1.614837345303163918e-01 -2.634686782422728157e+01
-1.761640740330725485e-01 -2.634104010727750378e+01
-1.908444135358284832e-01 -2.633328797304668001e+01
-2.055247530385846400e-01 -2.632816145949862019e+01
-2.202050925413405746e-01 -2.632136357156103657e+01
-2.348854320440967314e-01 -2.631685704646797674e+01
-2.495657715468526661e-01 -2.631089954800809849e+01
-2.642461110496088228e-01 -2.630694066107141538e+01
-2.789264505523647575e-01 -2.630172268684320969e+01
-2.936067900551209142e-01 -2.629824708055668125e+01
-3.082871295578768489e-01 -2.629367937629453422e+01
-3.229674690606325616e-01 -2.629062988189171435e+01
-3.376478085633889403e-01 -2.628663355201655349e+01
-3.523281480661446530e-01 -2.628395945159776659e+01
-3.670084875689010318e-01 -2.628046482709499543e+01
-3.816888270716567444e-01 -2.627812117965266125e+01
-3.963691665744131232e-01 -2.627506679721877347e+01
-4.110495060771688358e-01 -2.627301382505566707e+01
-4.257298455799252146e-01 -2.627034550914189381e+01
-4.404101850826811493e-01 -2.626854804181434488e+01
-4.550905245854370840e-01 -2.626621808058132501e+01
-4.697708640881930187e-01 -2.626464505205526478e+01
-4.844512035909493974e-01 -2.626261146027432858e+01
-4.991315430937053321e-01 -2.626123545529756242e+01
-5.138118825964612668e-01 -2.625946131478448820e+01
-5.284922220992172015e-01 -2.625825816133398405e+01
-5.431725616019735803e-01 -2.625671103321552380e+01
-5.578529011047295150e-01 -2.625565943645675304e+01
-5.725332406074854497e-01 -2.625431083717220559e+01
-5.872135801102413843e-01 -2.625339205198263670e+01
-6.018939196129977631e-01 -2.625221698767191114e+01
-6.165742591157536978e-01 -2.625141452563471489e+01
-6.312545986185096325e-01 -2.625039107844244413e+01
-6.459349381212655672e-01 -2.624969044667713192e+01
-6.606152776240219460e-01 -2.624879940775911535e+01
-6.752956171267778807e-01 -2.624818787612582582e+01
-6.899759566295338153e-01 -2.624741242066070157e+01
-7.046562961322897500e-01 -2.624687881474585893e+01
-7.193366356350461288e-01 -2.624620421448777208e+01
-7.340169751378020635e-01 -2.624573873168444393e+01
-7.486973146405579982e-01 -2.624515210054724434e+01
-7.633776541433139329e-01 -2.624474614700859121e+01
-7.780579936460703117e-01 -2.624423621668373841e+01
-7.927383331488262463e-01 -2.624388226266814783e+01
-8.074186726515821810e-01 -2.624343918464625602e+01
-8.220990121543381157e-01 -2.624313063678986424e+01
-8.367793516570944945e-01 -2.624274580766147835e+01
-8.514596911598504292e-01 -2.624247689576349174e+01
-8.661400306626063639e-01 -2.624214280376907382e+01
-8.808203701653622986e-01 -2.624190848102762885e+01
-8.955007096681186773e-01 -2.624161857065509551e+01
-9.101810491708746120e-01 -2.624141442558909887e+01
-9.248613886736305467e-01 -2.624116297883391979e+01
-9.395417281763864814e-01 -2.624098515764834616e+01
-9.542220676791428602e-01 -2.624076718951571863e+01
-9.689024071818983508e-01 -2.624061232785085096e+01
-9.835827466846547296e-01 -2.624042349473858593e+01
-9.982630861874106643e-01 -2.624028865740582006e+01
-1.012943425690167043e+00 -2.624012517666189481e+01
-1.027623765192922534e+00 -2.624000780500114516e+01
-1.042304104695678912e+00 -2.623986638445093789e+01
-1.056984444198434847e+00 -2.623976424970048171e+01
-1.071664783701191226e+00 -2.623964202588560113e+01
-1.086345123203946716e+00 -2.623955318850642016e+01
-1.101025462706703095e+00 -2.623944767228709551e+01
-1.115705802209459030e+00 -2.623937044574639543e+01
-1.130386141712215409e+00 -2.623927947474004085e+01
-1.145066481214970899e+00 -2.623921239371722791e+01
-1.159746820717727278e+00 -2.623913408984921958e+01
-1.174427160220483213e+00 -2.623907588136621882e+01
-1.189107499723239592e+00 -2.623900861307338417e+01
-1.203787839225995082e+00 -2.623895816971565509e+01
-1.218468178728751461e+00 -2.623890051693845749e+01
-1.233148518231507396e+00 -2.623885687142096401e+01
-1.247828857734263330e+00 -2.623880759215239422e+01
-1.262509197237019265e+00 -2.623876989018357264e+01
-1.277189536739775200e+00 -2.623872788613956075e+01
-1.291869876242531578e+00 -2.623869535655012442e+01
-1.306550215745287513e+00 -2.623865963574686333e+01
-1.321230555248043448e+00 -2.623863155445902606e+01
-1.335910894750799383e+00 -2.623860118791377616e+01
-1.350591234253555761e+00 -2.623857683513072914e+01
-1.365271573756311696e+00 -2.623855090905693999e+01
-1.379951913259067631e+00 -2.623852952539364836e+01
-1.394632252761823565e+00 -2.623850710043659262e+01
-1.409312592264579944e+00 -2.623848786683616297e+01
-1.423992931767335879e+00 -2.623846798555817017e+01
-1.438673271270091814e+00 -2.623845009393960837e+01
-1.453353610772847748e+00 -2.623843192474630115e+01
-1.468033950275604127e+00 -2.623841487138058426e+01
-1.482714289778360062e+00 -2.623839815507987794e+01
-1.497394629281115996e+00 -2.623838231919271635e+01
-1.512074968783871931e+00 -2.623836800262386504e+01
-1.526755308286628310e+00 -2.623835539544556283e+01
-1.541435647789384245e+00 -2.623834654812649703e+01
-1.556115987292140179e+00 -2.623833939104369151e+01
-1.570796326794896114e+00 -2.623833781183648384e+01
