1.570796326794896558e+00 3.969711630001469871e+02
1.556115987292140623e+00 3.927338914181594873e+02
1.541435647789384467e+00 3.892104577284601419e+02
1.526755308286628532e+00 3.780474980376523604e+02
1.512074968783872375e+00 3.678396223970250958e+02
1.497394629281116440e+00 3.507733618360141463e+02
1.482714289778360284e+00 3.350513808062872272e+02
1.468033950275604349e+00 3.139179101524829889e+02
1.453353610772848192e+00 2.945489681445571932e+02
1.438673271270092258e+00 2.713353738885349458e+02
1.423992931767336101e+00 2.502200663651335901e+02
1.409312592264580166e+00 2.267499760537000384e+02
1.394632252761824009e+00 2.055549764257029040e+02
1.379951913259068075e+00 1.832531138195976439e+02
1.365271573756311918e+00 1.632258632365042956e+02
1.350591234253555983e+00 1.430363698604321030e+02
1.335910894750799827e+00 1.249683509008457349e+02
1.321230555248043892e+00 1.073833337091503637e+02
1.306550215745287735e+00 9.166261168965485240e+01
1.291869876242531801e+00 7.681769501621613472e+01
1.277189536739775644e+00 6.352759354843050943e+01
1.262509197237019709e+00 5.131494558791172977e+01
1.247828857734263552e+00 4.033811297446858646e+01
1.233148518231507618e+00 3.050799198396716250e+01
1.218468178728751461e+00 2.161447369050291911e+01
1.203787839225995526e+00 1.385254147248010348e+01
1.189107499723239592e+00 6.764252834193020369e+00
1.174427160220483435e+00 7.434492486499869601e-01
1.159746820717727278e+00 -4.823843731065699636e+00
1.145066481214971343e+00 -9.412545649620270183e+00
1.130386141712215409e+00 -1.372500653179563912e+01
1.115705802209459252e+00 -1.715708789498347997e+01
1.101025462706703095e+00 -2.045100819548433435e+01
1.086345123203947161e+00 -2.296279342557555481e+01
1.071664783701191226e+00 -2.544067508237018771e+01
1.056984444198435069e+00 -2.722954693537059612e+01
1.042304104695678912e+00 -2.906073442051646438e+01
1.027623765192922978e+00 -3.028838733488307255e+01
1.012943425690167043e+00 -3.161202183107771901e+01
9.982630861874108863e-01 -3.240900162246461491e+01
9.835827466846548406e-01 -3.333792009164235992e+01
9.689024071818987949e-01 -3.380843327423257705e+01
9.542220676791427492e-01 -3.443322372503615725e+01
9.395417281763867035e-01 -3.465967995157272696e+01
9.248613886736306577e-01 -3.505248235059173822e+01
9.101810491708746120e-01 -3.509952676006844285e+01
8.955007096681185663e-01 -3.531739742468120369e+01
8.808203701653625206e-01 -3.523535756765243576e+01
8.661400306626065859e-01 -3.532314450174976628e+01
8.514596911598505402e-01 -3.515090542968790999e+01
8.367793516570944945e-01 -3.514365016423609944e+01
8.220990121543384488e-01 -3.491101306263199433e+01
8.074186726515824031e-01 -3.483592620551533514e+01
7.927383331488263574e-01 -3.456552109183553512e+01
7.780579936460703117e-01 -3.444358991391885638e+01
7.633776541433142659e-01 -3.415241394000647546e+01
7.486973146405582202e-01 -3.399970061704829760e+01
7.340169751378021745e-01 -3.370034775260737803e+01
7.193366356350461288e-01 -3.352903200183957466e+01
7.046562961322900831e-01 -3.323067144216081914e+01
6.899759566295340374e-01 -3.304988439887863194e+01
6.752956171267779917e-01 -3.275903611265113824e+01
6.606152776240219460e-01 -3.257552505804224552e+01
6.459349381212659003e-01 -3.229667252912494746e+01
6.312545986185098545e-01 -3.211532931895299470e+01
6.165742591157538088e-01 -3.185140217807901664e+01
6.018939196129977631e-01 -3.167568226883976479e+01
5.872135801102417174e-01 -3.142843526795556031e+01
5.725332406074856717e-01 -3.126068917628758115e+01
5.578529011047297370e-01 -3.103099877912327997e+01
5.431725616019735803e-01 -3.087273360067782946e+01
5.284922220992176456e-01 -3.066082922890162976e+01
5.138118825964614889e-01 -3.051291439038450193e+01
4.991315430937055542e-01 -3.031855793560903578e+01
4.844512035909493974e-01 -3.018138654801017040e+01
4.697708640881934627e-01 -3.000401100020213008e+01
4.550905245854373060e-01 -2.987762591495486220e+01
4.404101850826813713e-01 -2.971644174560994855e+01
4.257298455799252146e-01 -2.960063359194137433e+01
4.110495060771692799e-01 -2.945470976184067879e+01
3.963691665744131232e-01 -2.934909278012638367e+01
3.816888270716571885e-01 -2.921741782967347589e+01
3.670084875689010318e-01 -2.912148814282103615e+01
3.523281480661450971e-01 -2.900301569727600537e+01
3.376478085633889403e-01 -2.891619572332313837e+01
3.229674690606330056e-01 -2.880987784801764562e+01
3.082871295578768489e-01 -2.873154980582188500e+01
2.936067900551209142e-01 -2.863636093170186925e+01
2.789264505523647575e-01 -2.856589179062527961e+01
2.642461110496088228e-01 -2.848084536135535316e+01
2.495657715468526661e-01 -2.841760510533375950e+01
2.348854320440967314e-01 -2.834176464388866989e+01
2.202050925413405746e-01 -2.828513933584798679e+01
2.055247530385846400e-01 -2.821762526802571003e+01
1.908444135358284832e-01 -2.816702609351003872e+01
1.761640740330725485e-01 -2.810701937886780399e+01
1.614837345303166138e-01 -2.806188860217298853e+01
1.468033950275606792e-01 -2.800863199490268585e+01
1.321230555248045224e-01 -2.796844656491815684e+01
1.174427160220485877e-01 -2.792124414618654171e+01
1.027623765192924310e-01 -2.788551753261871724e+01
8.808203701653649631e-02 -2.784373301225231856e+01
7.340169751378033958e-02 -2.781201572799630384e+01
5.872135801102440489e-02 -2.777506989977310425e+01
4.404101850826824815e-02 -2.774694906578652365e+01
2.936067900551231347e-02 -2.771431671063703917e+01
1.468033950275615673e-02 -2.768941494042097418e+01
2.220446049250313081e-16 -2.766062140110249956e+01
-1.468033950275593469e-02 -2.763859521913877515e+01
-2.936067900551209142e-02 -2.761321281413713180e+01
-4.404101850826802611e-02 -2.759375077268231280e+01
-5.872135801102418284e-02 -2.757139517349425617e+01
-7.340169751378011753e-02 -2.755421579278398880e+01
-8.808203701653627427e-02 -2.753454245469658446e+01
-1.027623765192922090e-01 -2.751939208057360275e+01
-1.174427160220483657e-01 -2.750209279053193967e+01
-1.321230555248043004e-01 -2.748874343899361605e+01
-1.468033950275604571e-01 -2.747354302387177327e+01
-1.614837345303163918e-01 -2.746179026309263094e+01
-1.761640740330725485e-01 -2.744844348595635708e+01
-1.908444135358284832e-01 -2.743810439137905988e+01
-2.055247530385846400e-01 -2.742639305157454999e+01
-2.202050925413405746e-01 -2.741730425825281969e+01
-2.348854320440967314e-01 -2.740703450220574311e+01
-2.495657715468526661e-01 -2.739905036970638008e+01
-2.642461110496088228e-01 -2.739005021287305297e+01
-2.789264505523647575e-01 -2.738304111145281539e+01
-2.936067900551209142e-01 -2.737515816704732430e+01
-3.082871295578768489e-01 -2.736900888871349125e+01
-3.229674690606325616e-01 -2.736210829557354174e+01
-3.376478085633889403e-01 -2.735671658997774713e+01
-3.523281480661446530e-01 -2.735067912971234705e+01
-3.670084875689010318e-01 -2.734595436213651709e+01
-3.816888270716567444e-01 -2.734067475429219130e+01
-3.963691665744131232e-01 -2.733653668112343738e+01
-4.110495060771688358e-01 -2.733192204433897032e+01
-4.257298455799252146e-01 -2.732829970013517951e+01
-4.404101850826811493e-01 -2.732426816702264460e+01
-4.550905245854370840e-01 -2.732109885654919168e+01
-4.697708640881930187e-01 -2.731757832999002034e+01
-4.844512035909493974e-01 -2.731480671808010641e+01
-4.991315430937053321e-01 -2.731173375709465034e+01
-5.138118825964612668e-01 -2.730931104917151941e+01
-5.284922220992172015e-01 -2.730662987280261689e+01
-5.431725616019735803e-01 -2.730451307877896738e+01
-5.578529011047295150e-01 -2.730217467721809399e+01
-5.725332406074854497e-01 -2.730032595181149802e+01
-5.872135801102413843e-01 -2.729828729455460135e+01
-6.018939196129977631e-01 -2.729667334728310735e+01
-6.165742591157536978e-01 -2.729489667880227444e+01
-6.312545986185096325e-01 -2.729348824725201439e+01
-6.459349381212655672e-01 -2.729194046145117269e+01
-6.606152776240219460e-01 -2.729071184185408327e+01
-6.752956171267778807e-01 -2.728936392721505655e+01
-6.899759566295338153e-01 -2.728829255673199228e+01
-7.046562961322897500e-01 -2.728711910480807035e+01
-7.193366356350461288e-01 -2.728618519039759605e+01
-7.340169751378020635e-01 -2.728516396088685880e+01
-7.486973146405579982e-01 -2.728435014995800501e+01
-7.633776541433139329e-01 -2.728346168632547730e+01
-7.780579936460703117e-01 -2.728275277490099526e+01
-7.927383331488262463e-01 -2.728198006496175054e+01
-8.074186726515821810e-01 -2.728136273933074918e+01
-8.220990121543381157e-01 -2.728069091588643857e+01
-8.367793516570944945e-01 -2.728015352420238671e+01
-8.514596911598504292e-01 -2.727956960122793362e+01
-8.661400306626063639e-01 -2.727910195179120478e+01
-8.808203701653622986e-01 -2.727859459217721749e+01
-8.955007096681186773e-01 -2.727818777547481943e+01
-9.101810491708746120e-01 -2.727774708673453929e+01
-9.248613886736305467e-01 -2.727739331861554462e+01
-9.395417281763864814e-01 -2.727701067337527618e+01
-9.542220676791428602e-01 -2.727670315701601211e+01
-9.689024071818983508e-01 -2.727637103543371566e+01
-9.835827466846547296e-01 -2.727610383999680010e+01
-9.982630861874106643e-01 -2.727581569160294350e+01
-1.012943425690167043e+00 -2.727558364573641470e+01
-1.027623765192922534e+00 -2.727533376847508606e+01
-1.042304104695678912e+00 -2.727513236702126420e+01
-1.056984444198434847e+00 -2.727491580153616724e+01
-1.071664783701191226e+00 -2.727474112402095230e+01
-1.086345123203946716e+00 -2.727455356149102172e+01
-1.101025462706703095e+00 -2.727440220115080649e+01
-1.115705802209459030e+00 -2.727423990319431724e+01
-1.130386141712215409e+00 -2.727410890547855971e+01
-1.145066481214970899e+00 -2.727396863482676537e+01
-1.159746820717727278e+00 -2.727385544443267307e+01
-1.174427160220483213e+00 -2.727373440523023618e+01
-1.189107499723239592e+00 -2.727363682082511431e+01
-1.203787839225995082e+00 -2.727353260744047603e+01
-1.218468178728751461e+00 -2.727344874317563850e+01
-1.233148518231507396e+00 -2.727335929633866130e+01
-1.247828857734263330e+00 -2.727328754906242736e+01
-1.262509197237019265e+00 -2.727321111777067486e+01
-1.277189536739775200e+00 -2.727315013828878421e+01
-1.291869876242531578e+00 -2.727308524522725719e+01
-1.306550215745287513e+00 -2.727303391098436336e+01
-1.321230555248043448e+00 -2.727297931801029662e+01
-1.335910894750799383e+00 -2.727293670308587537e+01
-1.350591234253555761e+00 -2.727289137179091227e+01
-1.365271573756311696e+00 -2.727285670839058085e+01
-1.379951913259067631e+00 -2.727281975006074433e+01
-1.394632252761823565e+00 -2.727279237581921478e+01
-1.409312592264579944e+00 -2.727276298556160228e+01
-1.423992931767335879e+00 -2.727274227278666530e+01
-1.438673271270091814e+00 -2.727271965543678789e+01
-1.453353610772847748e+00 -2.727270493840588728e+01
-1.468033950275604127e+00 -2.727268822874335541e+01
-1.482714289778360062e+00 -2.727267872926577397e+01
-1.497394629281115996e+00 -2.727266701738827948e+01
-1.512074968783871931e+00 -2.727266192834089864e+01
-1.526755308286628310e+00 -2.727265410730701944e+01
-1.541435647789384245e+00 -2.727265234354396028e+01
-1.556115987292140179e+00 -2.727264888993337166e+01
-1.570796326794896114e+00 -2.727265177708940413e+01
