1.570796326794896558e+00 -1.498579880313688339e-14
1.563456157043518591e+00 -1.494788319493618318e-14
1.556115987292140623e+00 -1.483422628065001619e-14
1.548775817540762434e+00 -1.464691998755679066e-14
1.541435647789384467e+00 -1.438819821109824910e-14
1.534095478038006499e+00 -1.406212701753658395e-14
1.526755308286628532e+00 -1.367278845412389161e-14
1.519415138535250342e+00 -1.322579456902013285e-14
1.512074968783872375e+00 -1.272660031180087133e-14
1.504734799032494408e+00 -1.218179649727183806e-14
1.497394629281116440e+00 -1.159763386295606925e-14
1.490054459529738251e+00 -1.098107514590770816e-14
1.482714289778360284e+00 -1.033858326826985553e-14
1.475374120026982316e+00 -9.676934795459487783e-15
1.468033950275604349e+00 -9.002295256976493003e-15
1.460693780524226160e+00 -8.320809887207973979e-15
1.453353610772848192e+00 -7.637963231019666005e-15
1.446013441021470225e+00 -6.958969598320893418e-15
1.438673271270092258e+00 -6.288394641656855173e-15
1.431333101518714068e+00 -5.630370117777973677e-15
1.423992931767336101e+00 -4.988442915424107131e-15
1.416652762015958134e+00 -4.365638494174285832e-15
1.409312592264580166e+00 -3.764497599997992322e-15
1.401972422513201977e+00 -3.187011413686288077e-15
1.394632252761824009e+00 -2.634806134601389983e-15
1.387292083010446042e+00 -2.108971383735471133e-15
1.379951913259068075e+00 -1.610356227238242038e-15
1.372611743507690107e+00 -1.139310793142440259e-15
1.365271573756311918e+00 -6.960623844448551901e-16
1.357931404004933951e+00 -2.803887796131175453e-16
1.350591234253555983e+00 1.079514342913917112e-16
1.343251064502177794e+00 4.695969862013180413e-16
1.335910894750799827e+00 8.051200306054261421e-16
1.328570724999421859e+00 1.115440537301448186e-15
1.321230555248043892e+00 1.401344959524638634e-15
1.313890385496665925e+00 1.663923591864841712e-15
1.306550215745287735e+00 1.904084128264851150e-15
1.299210045993909768e+00 2.123000639950844763e-15
1.291869876242531801e+00 2.321631272091585398e-15
1.284529706491153611e+00 2.501169465464843065e-15
1.277189536739775644e+00 2.662572596304542947e-15
1.269849366988397676e+00 2.807007879516140151e-15
1.262509197237019709e+00 2.935396879319761792e-15
1.255169027485641742e+00 3.048850210608335799e-15
1.247828857734263552e+00 3.148231341399190002e-15
1.240488687982885585e+00 3.234575713920444025e-15
1.233148518231507618e+00 3.308676056961566416e-15
1.225808348480129428e+00 3.371482862401956015e-15
1.218468178728751461e+00 3.423712504100174878e-15
1.211128008977373494e+00 3.466227047555708233e-15
1.203787839225995526e+00 3.499665797157714334e-15
1.196447669474617559e+00 3.524803256520512247e-15
1.189107499723239592e+00 3.542204170395728809e-15
1.181767329971861402e+00 3.552559184680829673e-15
1.174427160220483435e+00 3.556363016884095189e-15
1.167086990469105467e+00 3.554227852209000417e-15
1.159746820717727278e+00 3.546584023453140992e-15
1.152406650966349311e+00 3.533971568823469798e-15
1.145066481214971343e+00 3.516762561096527612e-15
1.137726311463593376e+00 3.495431541327693334e-15
1.130386141712215409e+00 3.470298503571945495e-15
1.123045971960837219e+00 3.441779119607177097e-15
1.115705802209459252e+00 3.410147268917337419e-15
1.108365632458081285e+00 3.375766100332228710e-15
1.101025462706703095e+00 3.338868971332889310e-15
1.093685292955325128e+00 3.299772443766504674e-15
1.086345123203947161e+00 3.258674476498812586e-15
1.079004953452569193e+00 3.215850488796656877e-15
1.071664783701191226e+00 3.171467664740787275e-15
1.064324613949813259e+00 3.125765212157948315e-15
1.056984444198435069e+00 3.078883665467095763e-15
1.049644274447057102e+00 3.031030438324498278e-15
1.042304104695678912e+00 2.982323056721067456e-15
1.034963934944300945e+00 2.932941078120660072e-15
1.027623765192922978e+00 2.882982211672235784e-15
1.020283595441545010e+00 2.832601629434500347e-15
1.012943425690167043e+00 2.781880015773733069e-15
1.005603255938789076e+00 2.730951229385512566e-15
9.982630861874108863e-01 2.679881345511559167e-15
9.909229164360329190e-01 2.628785586173534994e-15
9.835827466846548406e-01 2.577717522200064097e-15
9.762425769332768732e-01 2.526776103727626447e-15
9.689024071818987949e-01 2.476004211181378403e-15
9.615622374305208275e-01 2.425486545799710233e-15
9.542220676791427492e-01 2.375256877760655850e-15
9.468818979277647818e-01 2.325387512635748131e-15
9.395417281763867035e-01 2.275904414342212040e-15
9.322015584250087361e-01 2.226869001192875245e-15
9.248613886736306577e-01 2.178300637859545642e-15
9.175212189222526904e-01 2.130251320708458242e-15
9.101810491708746120e-01 2.082734708608450707e-15
9.028408794194966447e-01 2.035794549341479686e-15
8.955007096681185663e-01 1.989439719770896936e-15
8.881605399167405990e-01 1.943706743195655785e-15
8.808203701653625206e-01 1.898600452731661276e-15
8.734802004139845533e-01 1.854151068160995002e-15
8.661400306626065859e-01 1.810360004801306148e-15
8.587998609112286186e-01 1.767251982821804279e-15
8.514596911598505402e-01 1.724825534433139227e-15
8.441195214084725729e-01 1.683100639816519393e-15
8.367793516570944945e-01 1.642073385879407602e-15
8.294391819057165272e-01 1.601759529276020247e-15
8.220990121543384488e-01 1.562153237366355683e-15
8.147588424029604814e-01 1.523266567971671597e-15
8.074186726515824031e-01 1.485092068354226572e-15
8.000785029002044357e-01 1.447638661144357361e-15
7.927383331488263574e-01 1.410897502620655847e-15
7.853981633974483900e-01 1.374874780567649636e-15
7.780579936460703117e-01 1.339560561441212306e-15
7.707178238946922333e-01 1.304958663113710959e-15
7.633776541433142659e-01 1.271058275115913155e-15
7.560374843919361876e-01 1.237861172971992389e-15
7.486973146405582202e-01 1.205355863951690515e-15
7.413571448891801419e-01 1.173542357124687497e-15
7.340169751378021745e-01 1.142408667841241312e-15
7.266768053864240962e-01 1.111953241512138737e-15
7.193366356350461288e-01 1.082163750155486390e-15
7.119964658836680504e-01 1.053037390545846313e-15
7.046562961322900831e-01 1.024561543850406951e-15
6.973161263809120047e-01 9.967323189980213234e-16
6.899759566295340374e-01 9.695369526530714864e-16
6.826357868781559590e-01 9.429706400003769771e-16
6.752956171267779917e-01 9.170205573127421287e-16
6.679554473753999133e-01 8.916811383965697231e-16
6.606152776240219460e-01 8.669395778101962986e-16
6.532751078726438676e-01 8.427896809516951994e-16
6.459349381212659003e-01 8.192187248446385390e-16
6.385947683698878219e-01 7.962200048493071039e-16
6.312545986185098545e-01 7.737809388185373710e-16
6.239144288671319982e-01 7.518944074607095712e-16
6.165742591157538088e-01 7.305480179953303679e-16
6.092340893643759525e-01 7.097343496896428946e-16
6.018939196129977631e-01 6.894412189812982522e-16
5.945537498616199068e-01 6.696609678245867222e-16
5.872135801102417174e-01 6.503816762967964353e-16
5.798734103588638611e-01 6.315955183979054109e-16
5.725332406074856717e-01 6.132908582266863357e-16
5.651930708561077044e-01 5.954597667638798292e-16
5.578529011047297370e-01 5.780909112478766092e-16
5.505127313533517697e-01 5.611763115692826290e-16
5.431725616019735803e-01 5.447049564855180235e-16
5.358323918505956129e-01 5.286688641218795594e-16
5.284922220992176456e-01 5.130573415004676604e-16
5.211520523478396782e-01 4.978624653520455656e-16
5.138118825964614889e-01 4.830738677551761623e-16
5.064717128450835215e-01 4.686836950765852600e-16
4.991315430937055542e-01 4.546819463106286634e-16
4.917913733423275868e-01 4.410608386949933789e-16
4.844512035909493974e-01 4.278107378508628571e-16
4.771110338395714301e-01 4.149240004485232021e-16
4.697708640881934627e-01 4.023913288850200267e-16
4.624306943368154954e-01 3.902052242692399883e-16
4.550905245854373060e-01 3.783567430612316335e-16
4.477503548340593387e-01 3.668385525122696717e-16
4.404101850826813713e-01 3.556420577248657584e-16
4.330700153313034040e-01 3.447601015982359775e-16
4.257298455799252146e-01 3.341844354433431115e-16
4.183896758285472472e-01 3.239080942687379409e-16
4.110495060771692799e-01 3.139231677195327449e-16
4.037093363257913126e-01 3.042228906209988614e-16
3.963691665744131232e-01 2.947996854143506552e-16
3.890289968230351558e-01 2.856469948142413176e-16
3.816888270716571885e-01 2.767575654655848476e-16
3.743486573202792211e-01 2.681250528055681646e-16
3.670084875689010318e-01 2.597425261493456823e-16
3.596683178175230644e-01 2.516038502299027460e-16
3.523281480661450971e-01 2.437024061030500110e-16
3.449879783147671297e-01 2.360322774338571150e-16
3.376478085633889403e-01 2.285871482070324165e-16
3.303076388120109730e-01 2.213613168259346476e-16
3.229674690606330056e-01 2.143487611818719245e-16
3.156272993092550383e-01 2.075439953458908911e-16
3.082871295578768489e-01 2.009412836801794328e-16
3.009469598064991036e-01 1.945353542582751854e-16
2.936067900551209142e-01 1.883207453692198487e-16
2.862666203037429469e-01 1.822923968032323066e-16
2.789264505523647575e-01 1.764451167205035681e-16
2.715862808009870122e-01 1.707740486116749638e-16
2.642461110496088228e-01 1.652742584751391856e-16
2.569059412982308555e-01 1.599410941776262539e-16
2.495657715468526661e-01 1.547698694946191918e-16
2.422256017954749208e-01 1.497561363444345856e-16
2.348854320440967314e-01 1.448954415061474304e-16
2.275452622927187640e-01 1.401835316065547726e-16
2.202050925413405746e-01 1.356161850143482157e-16
2.128649227899628293e-01 1.311893374543025586e-16
2.055247530385846400e-01 1.268989859963148671e-16
1.981845832872066726e-01 1.227412522470680406e-16
1.908444135358284832e-01 1.187123438082621428e-16
1.835042437844507379e-01 1.148085597779055787e-16
1.761640740330725485e-01 1.110263107160037092e-16
1.688239042816945812e-01 1.073620686644324602e-16
1.614837345303166138e-01 1.038124378915733065e-16
1.541435647789386465e-01 1.003740583814703786e-16
1.468033950275606792e-01 9.704371651057635334e-17
1.394632252761824898e-01 9.381821448782550230e-17
1.321230555248045224e-01 9.069451670162762691e-17
1.247828857734265551e-01 8.766957832461382418e-17
1.174427160220485877e-01 8.474053247939309212e-17
1.101025462706703983e-01 8.190448854659930552e-17
1.027623765192924310e-01 7.915873635023251299e-17
9.542220676791446365e-02 7.650052778283624325e-17
8.808203701653649631e-02 7.392730627890805894e-17
8.074186726515830692e-02 7.143646272728225703e-17
7.340169751378033958e-02 6.902558334170016805e-17
6.606152776240237223e-02 6.669220061036941900e-17
5.872135801102440489e-02 6.443403185112087972e-17
5.138118825964621550e-02 6.224873187010534719e-17
4.404101850826824815e-02 6.013415403749405289e-17
3.670084875689028081e-02 5.808808120046263990e-17
2.936067900551231347e-02 5.610848621910106038e-17
2.202050925413412408e-02 5.419325977238522124e-17
1.468033950275615673e-02 5.234050275250945081e-17
7.340169751378189389e-03 5.054821923734398465e-17
2.220446049250313081e-16 4.881461880048355918e-17
-7.340169751377745300e-03 4.713780813784876355e-17
-1.468033950275593469e-02 4.551610643460643997e-17
-2.202050925413390203e-02 4.394772118827403310e-17
-2.936067900551209142e-02 4.243107405618040826e-17
-3.670084875688983672e-02 4.096446493242207154e-17
-4.404101850826802611e-02 3.954641437637046849e-17
-5.138118825964599345e-02 3.817531323822443354e-17
-5.872135801102418284e-02 3.684977068358112673e-17
-6.606152776240192814e-02 3.556826969165297187e-17
-7.340169751378011753e-02 3.432950240524046124e-17
-8.074186726515808488e-02 3.313203012001043237e-17
-8.808203701653627427e-02 3.197463327737113653e-17
-9.542220676791401957e-02 3.085594626455475505e-17
-1.027623765192922090e-01 2.977482645087885154e-17
-1.101025462706701763e-01 2.872998961442419897e-17
-1.174427160220483657e-01 2.772036263498007575e-17
-1.247828857734261110e-01 2.674472479640774311e-17
-1.321230555248043004e-01 2.580207606470396012e-17
-1.394632252761822677e-01 2.489126985539701536e-17
-1.468033950275604571e-01 2.401136073556588410e-17
-1.541435647789382024e-01 2.316127083818120949e-17
-1.614837345303163918e-01 2.234011770994607023e-17
-1.688239042816943591e-01 2.154687536374883128e-17
-1.761640740330725485e-01 2.078072355439561944e-17
-1.835042437844502938e-01 2.004069813004971006e-17
-1.908444135358284832e-01 1.932602989577019775e-17
-1.981845832872064506e-01 1.863580339127810351e-17
-2.055247530385846400e-01 1.796930532411599010e-17
-2.128649227899623853e-01 1.732567467150830892e-17
-2.202050925413405746e-01 1.670423867042642030e-17
-2.275452622927185420e-01 1.610418779268085281e-17
-2.348854320440967314e-01 1.552490091612573629e-17
-2.422256017954744767e-01 1.496560288868311968e-17
-2.495657715468526661e-01 1.442571885486610731e-17
-2.569059412982306334e-01 1.390452386793386775e-17
-2.642461110496088228e-01 1.340147663371532600e-17
-2.715862808009865681e-01 1.291589178688268756e-17
-2.789264505523647575e-01 1.244726964601874084e-17
-2.862666203037427248e-01 1.199496501091767456e-17
-2.936067900551209142e-01 1.155850919239316073e-17
-3.009469598064986595e-01 1.113729148874964052e-17
-3.082871295578768489e-01 1.073087961411418921e-17
-3.156272993092548163e-01 1.033870013138197684e-17
-3.229674690606325616e-01 9.960348545564810310e-18
-3.303076388120107509e-01 9.595282017267308192e-18
-3.376478085633889403e-01 9.243128393879383920e-18
-3.449879783147669077e-01 8.903374772315748281e-18
-3.523281480661446530e-01 8.575678153353451886e-18
-3.596683178175228424e-01 8.259549018300250079e-18
-3.670084875689010318e-01 7.954672635401241402e-18
-3.743486573202789991e-01 7.660591888060349381e-18
-3.816888270716567444e-01 7.377009817812408932e-18
-3.890289968230349338e-01 7.103495814760644831e-18
-3.963691665744131232e-01 6.839778842367712964e-18
-4.037093363257910905e-01 6.585446562419401875e-18
-4.110495060771688358e-01 6.340253454322615173e-18
-4.183896758285470252e-01 6.103811495897352827e-18
-4.257298455799252146e-01 5.875891359619004850e-18
-4.330700153313031819e-01 5.656127597029090106e-18
-4.404101850826811493e-01 5.444310380123797689e-18
-4.477503548340591166e-01 5.240090690105987527e-18
-4.550905245854370840e-01 5.043276139980618300e-18
-4.624306943368154954e-01 4.853544663381673355e-18
-4.697708640881930187e-01 4.670714113473338132e-18
-4.771110338395709860e-01 4.494479084981382705e-18
-4.844512035909493974e-01 4.324674214326431477e-18
-4.917913733423273648e-01 4.161011645472604065e-18
-4.991315430937053321e-01 4.003341361215938096e-18
-5.064717128450832995e-01 3.851385753114252408e-18
-5.138118825964612668e-01 3.705010359272918539e-18
-5.211520523478396782e-01 3.563954430124298318e-18
-5.284922220992172015e-01 3.428097629246608972e-18
-5.358323918505951688e-01 3.297189925445426397e-18
-5.431725616019735803e-01 3.171122011658578465e-18
-5.505127313533515476e-01 3.049657420282056021e-18
-5.578529011047295150e-01 2.932699985022629271e-18
-5.651930708561074823e-01 2.820021576852182851e-18
-5.725332406074854497e-01 2.711539245154704885e-18
-5.798734103588638611e-01 2.607036302362118710e-18
-5.872135801102413843e-01 2.506436114424402719e-18
-5.945537498616193517e-01 2.409535486898518515e-18
-6.018939196129977631e-01 2.316267288505373099e-18
-6.092340893643757305e-01 2.226436464932806480e-18
-6.165742591157536978e-01 2.139981699465894572e-18
-6.239144288671316652e-01 2.056723942487231960e-18
-6.312545986185096325e-01 1.976607838074290535e-18
-6.385947683698880439e-01 1.899457405150806518e-18
-6.459349381212655672e-01 1.825229361264261695e-18
-6.532751078726435345e-01 1.753756732144931311e-18
-6.606152776240219460e-01 1.684999616656702653e-18
-6.679554473753999133e-01 1.618801401242372742e-18
-6.752956171267778807e-01 1.555127030434285331e-18
-6.826357868781558480e-01 1.493826847619610067e-18
-6.899759566295338153e-01 1.434871537388066277e-18
-6.973161263809122268e-01 1.378122242258143852e-18
-7.046562961322897500e-01 1.323539916182905828e-18
-7.119964658836677174e-01 1.271028009028821615e-18
-7.193366356350461288e-01 1.220529197623097894e-18
-7.266768053864240962e-01 1.171922210104130880e-18
-7.340169751378020635e-01 1.125221755399932358e-18
-7.413571448891800308e-01 1.080234625239023588e-18
-7.486973146405579982e-01 1.037013852929707691e-18
-7.560374843919364096e-01 9.954203160622764056e-19
-7.633776541433139329e-01 9.554553157201423439e-19
-7.707178238946919002e-01 9.169953690332540577e-19
-7.780579936460703117e-01 8.800477317750017132e-19
-7.853981633974478349e-01 8.444889024253319191e-19
-7.927383331488262463e-01 8.103366918770088258e-19
-8.000785029002042137e-01 7.774750343112048951e-19
-8.074186726515821810e-01 7.459037575607824699e-19
-8.147588424029601484e-01 7.155500659126421148e-19
-8.220990121543381157e-01 6.863996983123708327e-19
-8.294391819057160831e-01 6.583425670308699068e-19
-8.367793516570944945e-01 6.314122381268958814e-19
-8.441195214084720178e-01 6.055059834451408153e-19
-8.514596911598504292e-01 5.806258675725534266e-19
-8.587998609112283965e-01 5.567224509864776595e-19
-8.661400306626063639e-01 5.337719213829800887e-19
-8.734802004139843312e-01 5.116926187743286865e-19
-8.808203701653622986e-01 4.905122194099996917e-19
-8.881605399167402659e-01 4.701376867307921507e-19
-8.955007096681186773e-01 4.506086562463911883e-19
-9.028408794194962006e-01 4.317932754350928670e-19
-9.101810491708746120e-01 4.137669724493228294e-19
-9.175212189222525794e-01 3.964293274690069527e-19
-9.248613886736305467e-01 3.798057999135605017e-19
-9.322015584250085141e-01 3.638171778711078217e-19
-9.395417281763864814e-01 3.484952056437620647e-19
-9.468818979277644488e-01 3.337575350731388689e-19
-9.542220676791428602e-01 3.196380430286758160e-19
-9.615622374305203834e-01 3.060557549461090879e-19
-9.689024071818983508e-01 2.930553173295776860e-19
-9.762425769332767622e-01 2.805324246631955107e-19
-9.835827466846547296e-01 2.685505833879234122e-19
-9.909229164360326969e-01 2.570247234075059748e-19
-9.982630861874106643e-01 2.459943377057722499e-19
-1.005603255938788632e+00 2.353821204449140220e-19
-1.012943425690167043e+00 2.252296046372875710e-19
-1.020283595441544566e+00 2.154604135360231301e-19
-1.027623765192922534e+00 2.061197511337838770e-19
-1.034963934944300945e+00 1.971311671640315534e-19
-1.042304104695678912e+00 1.885370458002498572e-19
-1.049644274447056880e+00 1.802699403159598594e-19
-1.056984444198434847e+00 1.723678544567062019e-19
-1.064324613949812814e+00 1.647640188933665261e-19
-1.071664783701191226e+00 1.575013596156079837e-19
-1.079004953452568749e+00 1.505120530383871343e-19
-1.086345123203946716e+00 1.438394220922897689e-19
-1.093685292955325128e+00 1.374162494392743305e-19
-1.101025462706703095e+00 1.312886942752134106e-19
-1.108365632458081063e+00 1.253885794846365222e-19
-1.115705802209459030e+00 1.197624144916879966e-19
-1.123045971960836997e+00 1.143444188185747402e-19
-1.130386141712215409e+00 1.091819750671971716e-19
-1.137726311463592932e+00 1.042090240421437851e-19
-1.145066481214970899e+00 9.947417603405454930e-20
-1.152406650966349311e+00 9.491126876027899987e-20
-1.159746820717727278e+00 9.057034698548390492e-20
-1.167086990469105245e+00 8.638726971891746591e-20
-1.174427160220483213e+00 8.240858656916017206e-20
-1.181767329971861180e+00 7.857541481249078695e-20
-1.189107499723239592e+00 7.493415965134386796e-20
-1.196447669474617115e+00 7.142223930999416446e-20
-1.203787839225995082e+00 6.809120988121150771e-20
-1.211128008977373494e+00 6.486964643975836278e-20
-1.218468178728751461e+00 6.182101478053178095e-20
-1.225808348480129428e+00 5.887676689038287907e-20
-1.233148518231507396e+00 5.609322333938950980e-20
-1.240488687982885363e+00 5.340139673010687386e-20
-1.247828857734263330e+00 5.085658230025444304e-20
-1.255169027485641298e+00 4.839719278054956342e-20
-1.262509197237019265e+00 4.607651417187064937e-20
-1.269849366988397676e+00 4.383216815588018628e-20
-1.277189536739775200e+00 4.171590702989021114e-20
-1.284529706491153611e+00 3.967044713061154897e-20
-1.291869876242531578e+00 3.774238754526132963e-20
-1.299210045993909546e+00 3.588133921280910075e-20
-1.306550215745287513e+00 3.412715179569231451e-20
-1.313890385496665481e+00 3.244100641577433157e-20
-1.321230555248043448e+00 3.085115506771718172e-20
-1.328570724999421859e+00 2.931105645844448118e-20
-1.335910894750799383e+00 2.787275278307251866e-20
-1.343251064502177794e+00 2.647554973676928672e-20
-1.350591234253555761e+00 2.517777084473587845e-20
-1.357931404004933729e+00 2.391515438693343780e-20
-1.365271573756311696e+00 2.274428135448665490e-20
-1.372611743507689663e+00 2.160652423672645878e-20
-1.379951913259067631e+00 2.055158900961123345e-20
-1.387292083010446042e+00 1.952988545078302456e-20
-1.394632252761823565e+00 1.858644970089421914e-20
-1.401972422513201977e+00 1.767289242653891458e-20
-1.409312592264579944e+00 1.683638366025185862e-20
-1.416652762015957912e+00 1.601651729727792360e-20
-1.423992931767335879e+00 1.527476554380742942e-20
-1.431333101518713846e+00 1.455266924059470394e-20
-1.438673271270091814e+00 1.390234786206567256e-20
-1.446013441021470225e+00 1.326665523672465815e-20
-1.453353610772847748e+00 1.270107147943766968e-20
-1.460693780524226160e+00 1.214781572673732366e-20
-1.468033950275604127e+00 1.166326749485118858e-20
-1.475374120026982094e+00 1.118851969806162809e-20
-1.482714289778360062e+00 1.078033834591562700e-20
-1.490054459529738029e+00 1.038056018816688971e-20
-1.497394629281115996e+00 1.004555266375213852e-20
-1.504734799032494408e+00 9.715364252031625611e-21
-1.512074968783871931e+00 9.450161175785921129e-21
-1.519415138535250342e+00 9.190497292080930627e-21
-1.526755308286628310e+00 8.993166691468733862e-21
-1.534095478038006277e+00 8.801066868169977805e-21
-1.541435647789384245e+00 8.669507068977386600e-21
-1.548775817540762212e+00 8.542776798483366950e-21
-1.556115987292140179e+00 8.476823165976113033e-21
-1.563456157043518591e+00 8.414684246698814652e-21
-1.570796326794896114e+00 8.413184147649043625e-21
