1.570796326794896558e+00 4.711760569559148166e+02
1.556115987292140623e+00 4.684527380644904611e+02
1.541435647789384467e+00 4.567606304228179965e+02
1.526755308286628532e+00 4.386137945770687452e+02
1.512074968783872375e+00 4.164224712839535414e+02
1.497394629281116440e+00 3.878720839140432304e+02
1.482714289778360284e+00 3.573150702281953386e+02
1.468033950275604349e+00 3.241660403592572379e+02
1.453353610772848192e+00 2.908793290450926179e+02
1.438673271270092258e+00 2.576506306457686719e+02
1.423992931767336101e+00 2.256755640475324753e+02
1.409312592264580166e+00 1.955859303885497411e+02
1.394632252761824009e+00 1.674449689987256988e+02
1.379951913259068075e+00 1.420382688539705498e+02
1.365271573756311918e+00 1.187196045471742991e+02
1.350591234253555983e+00 9.830086124108358092e+01
1.335910894750799827e+00 7.977792129962639933e+01
1.321230555248043892e+00 6.392473401900090124e+01
1.306550215745287735e+00 4.963720588276322587e+01
1.291869876242531801e+00 3.762289926528926998e+01
1.277189536739775644e+00 2.682626947182416188e+01
1.262509197237019709e+00 1.787645143700815353e+01
1.247828857734263552e+00 9.836618786266894787e+00
1.233148518231507618e+00 3.254811616996815982e+00
1.218468178728751461e+00 -2.665511184871560690e+00
1.203787839225995526e+00 -7.454489357745701206e+00
1.189107499723239592e+00 -1.177228182800652512e+01
1.174427160220483435e+00 -1.522097511620784438e+01
1.159746820717727278e+00 -1.833948004322752467e+01
1.145066481214971343e+00 -2.079393984040034482e+01
1.130386141712215409e+00 -2.302050452599214481e+01
1.115705802209459252e+00 -2.474099049099161363e+01
1.101025462706703095e+00 -2.630678593433150070e+01
1.086345123203947161e+00 -2.748725434821351499e+01
1.071664783701191226e+00 -2.856493765212813685e+01
1.056984444198435069e+00 -2.934930029684323571e+01
1.042304104695678912e+00 -3.006742962532588237e+01
1.027623765192922978e+00 -3.056231504278527566e+01
1.012943425690167043e+00 -3.101655090597749975e+01
9.982630861874108863e-01 -3.130098726604233406e+01
9.835827466846548406e-01 -3.156256036877861249e+01
9.689024071818987949e-01 -3.169518457289952096e+01
9.542220676791427492e-01 -3.181720040123287063e+01
9.395417281763867035e-01 -3.184157214636830702e+01
9.248613886736306577e-01 -3.186366911770002730e+01
9.101810491708746120e-01 -3.181217168324596756e+01
8.955007096681185663e-01 -3.176395350447259958e+01
8.808203701653625206e-01 -3.166065614116163829e+01
8.661400306626065859e-01 -3.156422244445893455e+01
8.514596911598505402e-01 -3.142698551799783502e+01
8.367793516570944945e-01 -3.129880290541001031e+01
8.220990121543384488e-01 -3.114083225886636441e+01
8.074186726515824031e-01 -3.099312353836550926e+01
7.927383331488263574e-01 -3.082412394194020422e+01
7.780579936460703117e-01 -3.066590486823378114e+01
7.633776541433142659e-01 -3.049294073054234033e+01
7.486973146405582202e-01 -3.033079792821865084e+01
7.340169751378021745e-01 -3.015893923324611237e+01
7.193366356350461288e-01 -2.999761711537174591e+01
7.046562961322900831e-01 -2.983042685745948219e+01
6.899759566295340374e-01 -2.967327274699067985e+01
6.752956171267779917e-01 -2.951317661899320655e+01
6.606152776240219460e-01 -2.936247991382604638e+01
6.459349381212659003e-01 -2.921104792083679769e+01
6.312545986185098545e-01 -2.906829955705439517e+01
6.165742591157538088e-01 -2.892646129281411405e+01
6.018939196129977631e-01 -2.879255285002858855e+01
5.872135801102417174e-01 -2.866076247904258167e+01
5.725332406074856717e-01 -2.853613929753431222e+01
5.578529011047297370e-01 -2.841450216351755742e+01
5.431725616019735803e-01 -2.829928121062847524e+01
5.284922220992176456e-01 -2.818765100783961230e+01
5.138118825964614889e-01 -2.808171159089081215e+01
4.991315430937055542e-01 -2.797976484391133312e+01
4.844512035909493974e-01 -2.788281831662511934e+01
4.697708640881934627e-01 -2.779011129997375562e+01
4.550905245854373060e-01 -2.770175445569928740e+01
4.404101850826813713e-01 -2.761776648795525446e+01
4.257298455799252146e-01 -2.753752225834999479e+01
4.110495060771692799e-01 -2.746168839750159663e+01
3.963691665744131232e-01 -2.738903665629703710e+01
3.816888270716571885e-01 -2.732077215229967848e+01
3.670084875689010318e-01 -2.725517280021144018e+01
3.523281480661450971e-01 -2.719389113031414951e+01
3.376478085633889403e-01 -2.713480116430351785e+01
3.229674690606330056e-01 -2.707992708884028232e+01
3.082871295578768489e-01 -2.702681299176494178e+01
2.936067900551209142e-01 -2.697779175157477738e+01
2.789264505523647575e-01 -2.693013825018283924e+01
2.642461110496088228e-01 -2.688644178908476334e+01
2.495657715468526661e-01 -2.684375781048751719e+01
2.348854320440967314e-01 -2.680488871987086341e+01
2.202050925413405746e-01 -2.676671119586472614e+01
2.055247530385846400e-01 -2.673220492790984792e+01
1.908444135358284832e-01 -2.669810096316509274e+01
1.761640740330725485e-01 -2.666752674419231184e+01
1.614837345303166138e-01 -2.663709455182066677e+01
1.468033950275606792e-01 -2.661005533199261919e+01
1.321230555248045224e-01 -2.658292425746294185e+01
1.174427160220485877e-01 -2.655905596489760967e+01
1.027623765192924310e-01 -2.653488584438646214e+01
8.808203701653649631e-02 -2.651385614557138481e+01
7.340169751378033958e-02 -2.649233619504372328e+01
5.872135801102440489e-02 -2.647384292737577027e+01
4.404101850826824815e-02 -2.645469031533030702e+01
2.936067900551231347e-02 -2.643845970884520824e+01
1.468033950275615673e-02 -2.642141792398503242e+01
2.220446049250313081e-16 -2.640720271022722443e+01
-1.468033950275593469e-02 -2.639203981960285361e+01
-2.936067900551209142e-02 -2.637961729737418537e+01
-4.404101850826802611e-02 -2.636612415636343698e+01
-5.872135801102418284e-02 -2.635529426566125366e+01
-7.340169751378011753e-02 -2.634328273218876504e+01
-8.808203701653627427e-02 -2.633386617546988617e+01
-1.027623765192922090e-01 -2.632316736364246879e+01
-1.174427160220483657e-01 -2.631500380312265008e+01
-1.321230555248043004e-01 -2.630546640235738565e+01
-1.468033950275604571e-01 -2.629841274600186551e+01
-1.614837345303163918e-01 -2.628990142324692769e+01
-1.761640740330725485e-01 -2.628383021630488514e+01
-1.908444135358284832e-01 -2.627622411098038313e+01
-2.055247530385846400e-01 -2.627102203575336148e+01
-2.202050925413405746e-01 -2.626421335413320435e+01
-2.348854320440967314e-01 -2.625977984252292075e+01
-2.495657715468526661e-01 -2.625367255243055808e+01
-2.642461110496088228e-01 -2.624991850848556751e+01
-2.789264505523647575e-01 -2.624442713601405330e+01
-2.936067900551209142e-01 -2.624127376799208022e+01
-3.082871295578768489e-01 -2.623632229194215881e+01
-3.229674690606325616e-01 -2.623370004708743153e+01
-3.376478085633889403e-01 -2.622922088703659682e+01
-3.523281480661446530e-01 -2.622706848721972861e+01
-3.670084875689010318e-01 -2.622300158082081367e+01
-3.816888270716567444e-01 -2.622126515074322839e+01
-3.963691665744131232e-01 -2.621755711392900068e+01
-4.110495060771688358e-01 -2.621618939756826805e+01
-4.257298455799252146e-01 -2.621279276392125013e+01
-4.404101850826811493e-01 -2.621175242139031525e+01
-4.550905245854370840e-01 -2.620862494948724830e+01
-4.697708640881930187e-01 -2.620787593134762616e+01
-4.844512035909493974e-01 -2.620497997855272132e+01
-4.991315430937053321e-01 -2.620449097032554775e+01
-5.138118825964612668e-01 -2.620179292594668752e+01
-5.284922220992172015e-01 -2.620153685574863545e+01
-5.431725616019735803e-01 -2.619900662356885235e+01
-5.578529011047295150e-01 -2.619896023216985625e+01
-5.725332406074854497e-01 -2.619657076198898338e+01
-5.872135801102413843e-01 -2.619671422916236025e+01
-6.018939196129977631e-01 -2.619444108571843088e+01
-6.165742591157536978e-01 -2.619475770761999200e+01
-6.312545986185096325e-01 -2.619257867659382555e+01
-6.459349381212655672e-01 -2.619305459427004834e+01
-6.606152776240219460e-01 -2.619094931347564881e+01
-6.752956171267778807e-01 -2.619157328822059583e+01
-6.899759566295338153e-01 -2.618952290223068857e+01
-7.046562961322897500e-01 -2.619028613758838020e+01
-7.193366356350461288e-01 -2.618827296749959999e+01
-7.340169751378020635e-01 -2.618916897816085054e+01
-7.486973146405579982e-01 -2.618717619715780387e+01
-7.633776541433139329e-01 -2.618820072524359333e+01
-7.780579936460703117e-01 -2.618621203765572858e+01
-7.927383331488262463e-01 -2.618736301851871318e+01
-8.074186726515821810e-01 -2.618536232736212099e+01
-8.220990121543381157e-01 -2.618663991017290016e+01
-8.367793516570944945e-01 -2.618461096341627226e+01
-8.514596911598504292e-01 -2.618601759715030042e+01
-8.661400306626063639e-01 -2.618394360146363908e+01
-8.808203701653622986e-01 -2.618548419109406566e+01
-8.955007096681186773e-01 -2.618334736991867828e+01
-9.101810491708746120e-01 -2.618502952429969355e+01
-9.248613886736305467e-01 -2.618281060254745540e+01
-9.395417281763864814e-01 -2.618464499521424926e+01
-9.542220676791428602e-01 -2.618232257241975347e+01
-9.689024071818983508e-01 -2.618432344837875902e+01
-9.835827466846547296e-01 -2.618187321869440254e+01
-9.982630861874106643e-01 -2.618405909031844203e+01
-1.012943425690167043e+00 -2.618145285098037789e+01
-1.027623765192922534e+00 -2.618384746215253500e+01
-1.042304104695678912e+00 -2.618105180831348378e+01
-1.056984444198434847e+00 -2.618368545487239984e+01
-1.071664783701191226e+00 -2.618066004194555418e+01
-1.086345123203946716e+00 -2.618357140755308521e+01
-1.101025462706703095e+00 -2.618026656802571139e+01
-1.115705802209459030e+00 -2.618350530840186607e+01
-1.130386141712215409e+00 -2.617985872813782322e+01
-1.145066481214970899e+00 -2.618348913936144839e+01
-1.159746820717727278e+00 -2.617942107055571199e+01
-1.174427160220483213e+00 -2.618352750309911059e+01
-1.189107499723239592e+00 -2.617893383758266879e+01
-1.203787839225995082e+00 -2.618362849168747886e+01
-1.218468178728751461e+00 -2.617836989859416263e+01
-1.233148518231507396e+00 -2.618380579532497521e+01
-1.247828857734263330e+00 -2.617769230698930727e+01
-1.262509197237019265e+00 -2.618407980793160306e+01
-1.277189536739775200e+00 -2.617684001957685069e+01
-1.291869876242531578e+00 -2.618448938712797869e+01
-1.306550215745287513e+00 -2.617574115780320199e+01
-1.321230555248043448e+00 -2.618507536588964868e+01
-1.335910894750799383e+00 -2.617418474719144683e+01
-1.350591234253555761e+00 -2.618600043936580946e+01
-1.365271573756311696e+00 -2.617216404736485558e+01
-1.379951913259067631e+00 -2.618719173310813630e+01
-1.394632252761823565e+00 -2.616819539217345891e+01
-1.409312592264579944e+00 -2.619002248710314618e+01
-1.423992931767335879e+00 -2.616511431520995856e+01
-1.438673271270091814e+00 -2.619116782075091265e+01
-1.453353610772847748e+00 -2.614435018788812570e+01
-1.468033950275604127e+00 -2.621007913211540696e+01
-1.482714289778360062e+00 -2.616284737830820362e+01
-1.497394629281115996e+00 -2.617658368487080622e+01
-1.512074968783871931e+00 -2.591070837684963379e+01
-1.526755308286628310e+00 -2.649894776925248863e+01
-1.541435647789384245e+00 -2.680013441360032900e+01
-1.556115987292140179e+00 -2.516606527338172228e+01
-1.570796326794896114e+00 -2.785623493158449548e+01
